##NAMES=Anorpiment
##RRUFFID=R110016
##IDEAL CHEMISTRY=As_2_S_3_
##LOCALITY=Palomo mine, Huancavelica Department, Peru
##OWNER=RRUFF
##SOURCE=Bob Jenkins
##DESCRIPTION=Platy transparent olive green crystals coating botryoidal yellow orpiment. Co-type specimen.
##STATUS=The identification of this mineral is confirmed by single-crystal X-ray diffraction and chemical analysis
##URL=https://www.rruff.net/odr/rruff_sample/R110016
##MEASURED CHEMISTRY=As_1.96_S_3.04_
##DIFFRACTION SAMPLE DESCRIPTION=Single crystal, powder profile is calculated
##CELL PARAMETERS=a: 5.7577 b: 8.7169 c: 10.2682 alpha: 78.152 beta: 75.817 gamma: 89.861 volume: 488.38 crystal system: triclinic
##FILETYPE=Raman RAW
##RAMAN WAVELENGTH=780

89.69043, 6665.076
91.61890, 7810.255
93.54736, 8569.335
95.47583, 8589.435
97.40430, 8462.495
99.33276, 8221.328
101.2612, 7933.497
103.1897, 7750.992
105.1182, 7624.639
107.0466, 7710.356
108.9751, 8107.243
110.9036, 8625.837
112.8320, 9382.034
114.7605, 10176.30
116.6890, 10388.40
118.6174, 9962.546
120.5459, 9529.798
122.4744, 9070.685
124.4028, 8815.536
126.3313, 9023.527
128.2598, 9492.698
130.1882, 9772.994
132.1167, 9875.106
134.0452, 9736.688
135.9736, 9177.437
137.9021, 8559.978
139.8306, 8002.103
141.7590, 7488.756
143.6875, 6957.175
145.6160, 6393.879
147.5444, 6001.542
149.4729, 5876.818
151.4014, 5854.926
153.3298, 5951.123
155.2583, 6091.233
157.1868, 6168.132
159.1152, 6182.928
161.0437, 6234.905
162.9722, 6319.677
164.9006, 6467.441
166.8291, 6737.676
168.7576, 7036.336
170.6860, 7335.065
172.6145, 7610.746
174.5430, 7654.927
176.4714, 7208.615
178.3999, 6864.123
180.3284, 6767.441
182.2568, 6696.792
184.1853, 6485.123
186.1138, 6179.334
188.0422, 5913.624
189.9707, 5721.192
191.8992, 5513.030
193.8276, 5297.437
195.7561, 5055.063
197.6846, 4765.730
199.6130, 4447.790
201.5415, 4117.096
203.4700, 3757.958
205.3984, 3456.820
207.3269, 3210.005
209.2554, 3018.478
211.1838, 2899.559
213.1123, 2825.003
215.0408, 2777.231
216.9692, 2755.021
218.8977, 2734.634
220.8262, 2712.111
222.7546, 2701.901
224.6831, 2710.756
226.6116, 2727.491
228.5400, 2748.831
230.4685, 2772.078
232.3970, 2790.998
234.3254, 2804.729
236.2539, 2819.000
238.1824, 2835.063
240.1108, 2849.123
242.0393, 2851.896
243.9678, 2858.322
245.8962, 2885.514
247.8247, 2930.172
249.7532, 2964.450
251.6816, 2987.076
253.6101, 3008.714
255.5386, 3031.305
257.4670, 3053.994
259.3955, 3076.692
261.3240, 3099.025
263.2524, 3116.069
265.1809, 3129.281
267.1094, 3161.052
269.0378, 3216.472
270.9663, 3280.455
272.8948, 3326.827
274.8232, 3401.978
276.7517, 3516.682
278.6802, 3688.269
280.6086, 3928.993
282.5371, 4233.827
284.4656, 4722.896
286.3940, 5419.856
288.3225, 6317.195
290.2510, 7362.792
292.1794, 8633.963
294.1079, 10141.76
296.0364, 11953.70
297.9648, 14289.88
299.8933, 17240.16
301.8218, 20127.21
303.7502, 22847.13
305.6787, 25471.11
307.6072, 27667.01
309.5356, 30039.44
311.4641, 33030.50
313.3926, 36706.04
315.3210, 41574.00
317.2495, 48021.55
319.1780, 54319.92
321.1064, 58732.76
323.0349, 64961.52
324.9634, 76540.52
326.8918, 88721.39
328.8203, 99093.45
330.7488, 106392.7
332.6772, 104393.9
334.6057, 88570.27
336.5342, 74128.83
338.4626, 61888.31
340.3911, 50938.46
342.3196, 40885.20
344.2480, 32204.34
346.1765, 25122.66
348.1050, 19601.51
350.0334, 15528.01
351.9619, 13306.94
353.8904, 11689.08
355.8188, 10797.93
357.7473, 10273.74
359.6758, 9986.485
361.6042, 10068.71
363.5327, 10494.51
365.4612, 11343.61
367.3896, 13075.33
369.3181, 16186.59
371.2466, 17991.14
373.1750, 18213.18
375.1035, 17810.65
377.0320, 16612.49
378.9604, 15416.15
380.8889, 14908.25
382.8174, 14625.33
384.7458, 13707.98
386.6743, 12120.22
388.6028, 10487.93
390.5313, 8740.116
392.4597, 7234.677
394.3882, 6094.239
396.3167, 5143.466
398.2451, 4291.128
400.1736, 3575.025
402.1021, 3054.166
404.0305, 2712.660
405.9590, 2467.197
407.8875, 2317.652
409.8159, 2206.544
411.7444, 2135.250
413.6729, 2080.905
415.6013, 2039.587
417.5298, 2007.448
419.4583, 1987.877
421.3867, 1973.595
423.3152, 1950.242
425.2437, 1919.306
427.1721, 1890.808
429.1006, 1865.688
431.0291, 1840.471
432.9575, 1813.084
434.8860, 1787.606
436.8145, 1762.978
438.7429, 1743.062
440.6714, 1734.056
442.5999, 1731.531
444.5283, 1725.595
446.4568, 1716.461
448.3853, 1706.145
450.3137, 1694.463
452.2422, 1682.535
454.1707, 1669.563
456.0991, 1657.539
458.0276, 1649.026
459.9561, 1640.187
461.8845, 1625.860
463.8130, 1608.894
465.7415, 1594.327
467.6699, 1582.316
469.5984, 1574.344
471.5269, 1573.688
473.4553, 1571.138
475.3838, 1563.181
477.3123, 1556.700
479.2407, 1555.176
481.1692, 1555.500
483.0977, 1556.112
485.0261, 1556.076
486.9546, 1553.278
488.8831, 1547.545
490.8115, 1541.184
492.7400, 1532.652
494.6685, 1526.239
496.5969, 1523.325
498.5254, 1520.611
500.4539, 1517.282
502.3823, 1513.503
504.3108, 1510.200
506.2393, 1506.113
508.1677, 1498.290
510.0962, 1487.046
512.0247, 1479.132
513.9531, 1477.340
515.8816, 1469.824
517.8101, 1453.163
519.7385, 1438.606
521.6670, 1430.692
523.5955, 1423.492
525.5239, 1413.913
527.4524, 1403.293
529.3809, 1392.034
531.3093, 1380.887
533.2378, 1372.671
535.1663, 1363.781
537.0947, 1355.763
539.0232, 1350.416
540.9517, 1342.797
542.8801, 1339.526
544.8086, 1336.730
546.7371, 1333.280
548.6655, 1329.386
550.5940, 1326.634
552.5225, 1322.444
554.4509, 1310.772
556.3794, 1307.934
558.3079, 1289.256
560.2363, 1292.841
562.1648, 1288.820
564.0933, 1274.442
566.0217, 1262.043
567.9502, 1255.363
569.8787, 1248.946
571.8071, 1241.971
573.7356, 1233.863
575.6641, 1223.517
577.5925, 1212.532
579.5210, 1201.467
581.4495, 1191.608
583.3779, 1186.330
585.3064, 1185.188
587.2349, 1185.815
589.1633, 1188.384
591.0918, 1190.112
593.0203, 1188.736
594.9487, 1189.976
596.8772, 1195.625
598.8057, 1203.127
600.7341, 1208.455
602.6626, 1218.091
604.5911, 1239.429
606.5195, 1267.883
608.4480, 1295.762
610.3765, 1324.339
612.3049, 1358.446
614.2334, 1398.544
616.1619, 1440.565
618.0903, 1482.518
620.0188, 1530.472
621.9473, 1582.302
623.8757, 1643.614
625.8042, 1711.400
627.7327, 1794.359
629.6611, 1901.438
631.5896, 2021.586
633.5181, 2155.851
635.4465, 2290.250
637.3750, 2405.822
639.3035, 2501.542
641.2319, 2573.269
643.1604, 2603.054
645.0889, 2631.421
647.0173, 2584.866
648.9458, 2523.756
650.8743, 2444.600
652.8027, 2361.550
654.7312, 2271.839
656.6597, 2189.362
658.5881, 2118.339
660.5166, 2060.412
662.4451, 2020.166
664.3735, 1989.915
666.3020, 1958.324
668.2305, 1929.610
670.1589, 1919.274
672.0874, 1925.960
674.0159, 1920.329
675.9443, 1900.862
677.8728, 1888.828
679.8013, 1886.631
681.7297, 1884.500
683.6582, 1880.475
685.5867, 1876.414
687.5151, 1872.165
689.4436, 1869.081
691.3721, 1867.012
693.3005, 1867.079
695.2290, 1870.328
697.1575, 1876.051
699.0859, 1885.281
701.0144, 1895.666
702.9429, 1905.035
704.8713, 1910.871
706.7998, 1900.309
708.7283, 1874.403
710.6567, 1848.025
712.5852, 1822.553
714.5137, 1792.013
716.4421, 1753.492
718.3706, 1716.260
720.2991, 1683.630
722.2275, 1650.579
724.1560, 1614.312
726.0845, 1579.721
728.0129, 1547.910
729.9414, 1519.944
731.8699, 1496.488
733.7983, 1477.276
735.7268, 1461.373
737.6553, 1449.973
739.5837, 1446.393
741.5122, 1448.309
743.4407, 1450.889
745.3691, 1453.253
747.2976, 1448.102
749.2261, 1434.899
751.1545, 1415.248
753.0830, 1386.974
755.0115, 1357.707
756.9399, 1326.959
758.8684, 1296.778
760.7969, 1263.991
762.7253, 1237.138
764.6538, 1220.514
766.5823, 1207.990
768.5107, 1200.042
770.4392, 1191.317
772.3677, 1176.159
774.2961, 1160.364
776.2246, 1151.988
778.1531, 1144.138
780.0815, 1125.831
782.0100, 1100.416
783.9385, 1075.044
785.8669, 1050.458
787.7954, 1032.350
789.7239, 1021.012
791.6523, 1009.086
793.5808, 996.0015
795.5093, 985.2464
797.4377, 976.7455
799.3662, 971.0597
801.2947, 969.0433
803.2231, 966.9014
805.1516, 964.3973
807.0801, 959.9518
809.0085, 950.8947
810.9370, 944.6542
812.8655, 946.2347
814.7939, 948.5594
816.7224, 948.1410
818.6509, 947.4415
820.5793, 948.7322
822.5078, 949.6405
824.4363, 947.2819
826.3647, 943.8343
828.2932, 942.1338
830.2217, 941.3444
832.1501, 940.6706
834.0786, 939.4518
836.0071, 934.8802
837.9355, 928.0788
839.8640, 924.0601
841.7925, 922.5215
843.7209, 922.1599
845.6494, 922.6765
847.5779, 919.5980
849.5063, 912.3353
851.4348, 908.6725
853.3633, 910.0202
855.2917, 911.5841
857.2202, 913.4149
859.1487, 913.0480
861.0771, 908.6102
863.0056, 904.8757
864.9341, 903.9430
866.8625, 901.6174
868.7910, 895.2587
870.7195, 890.0587
872.6479, 888.5563
874.5764, 887.4529
876.5049, 885.4535
878.4333, 883.1238
880.3618, 880.6105
882.2903, 878.1115
884.2188, 874.7811
886.1472, 872.6079
888.0757, 875.0048
890.0042, 877.9245
891.9326, 877.8765
893.8611, 875.0969
895.7896, 867.3141
897.7180, 858.6831
899.6465, 857.2355
901.5750, 860.0328
903.5034, 860.8711
905.4319, 859.9233
907.3604, 857.3699
909.2888, 853.5269
911.2173, 849.4704
913.1458, 845.4463
915.0742, 845.3480
917.0027, 849.1637
918.9312, 848.7134
920.8596, 843.4780
922.7881, 840.5355
924.7166, 840.5791
926.6450, 837.7568
928.5735, 831.3948
930.5020, 827.0968
932.4304, 825.3000
934.3589, 824.3264
936.2874, 824.2529
938.2158, 823.2245
940.1443, 820.4410
942.0728, 820.4757
944.0012, 825.0115
945.9297, 827.4131
947.8582, 825.9920
949.7866, 824.2743
951.7151, 823.3763
953.6436, 820.8298
955.5720, 820.0505
957.5005, 820.5428
959.4290, 817.0552
961.3574, 820.3201
963.2859, 817.4907
965.2144, 812.3765
967.1428, 801.2179
969.0713, 795.9882
970.9998, 805.4962
972.9282, 813.1745
974.8567, 813.1941
976.7852, 811.0487
978.7136, 807.2742
980.6421, 804.0268
982.5706, 801.6967
984.4990, 800.8588
986.4275, 804.4698
988.3560, 805.8171
990.2844, 798.0984
992.2129, 791.8547
994.1414, 795.1041
996.0698, 798.7811
997.9983, 797.1235
999.9268, 794.5140
1001.855, 792.9705
1003.784, 792.3134
1005.712, 793.6694
1007.641, 794.1442
1009.569, 790.4209
1011.498, 786.7833
1013.426, 787.3723
1015.354, 787.8917
1017.283, 783.8723
1019.211, 780.4050
1021.140, 782.5040
1023.068, 785.0101
1024.997, 783.6476
1026.925, 781.7629
1028.854, 782.5229
1030.782, 782.8535
1032.711, 780.6202
1034.639, 776.7504
1036.568, 769.5240
1038.496, 764.0677
1040.425, 765.2784
1042.353, 768.3138
1044.281, 771.5651
1046.210, 773.0082
1048.138, 769.7911
1050.067, 766.0730
1051.995, 764.6526
1053.924, 763.7593
1055.852, 762.1104
1057.781, 760.6369
1059.709, 760.4693
1061.638, 760.0223
1063.566, 758.6810
1065.495, 756.3081
1067.423, 751.3802
1069.352, 747.4884
1071.280, 747.5258
1073.208, 748.1193
1075.137, 746.8701
1077.065, 746.3015
1078.994, 749.8585
1080.922, 751.2450
1082.851, 745.1760
1084.779, 739.4672
1086.708, 737.1296
1088.636, 736.8141
1090.565, 739.7087
1092.493, 741.8382
1094.422, 742.1508
1096.350, 740.6810
1098.279, 734.9350
1100.207, 731.4379
1102.135, 734.4792
1104.064, 735.9855
1105.992, 733.3358
1107.921, 729.9167
1109.849, 724.7008
1111.778, 721.9507
1113.706, 725.0797
1115.635, 725.8421
1117.563, 720.6144
1119.492, 717.7988
1121.420, 719.4922
1123.349, 720.9069
1125.277, 722.3148
1127.206, 721.9489
1129.134, 718.3835
1131.063, 716.8506
1132.991, 714.8311
1134.919, 711.6476
1136.848, 711.0319
1138.776, 706.8709
1140.705, 705.8220
1142.633, 705.7579
1144.562, 706.7710
1146.490, 708.2418
1148.419, 710.2411
1150.347, 711.5047
1152.276, 712.0054
1154.204, 709.8552
1156.133, 705.9175
1158.061, 706.7360
1159.990, 704.1475
1161.918, 702.4752
1163.846, 702.1509
1165.775, 699.9720
1167.703, 699.9879
1169.632, 700.6383
1171.560, 700.6431
1173.489, 696.5089
1175.417, 692.1022
1177.346, 692.5109
1179.274, 694.8769
1181.203, 697.2928
1183.131, 699.1403
1185.060, 700.0724
1186.988, 699.9526
1188.917, 698.4008
1190.845, 696.1245
1192.773, 693.7410
1194.702, 690.1005
1196.630, 681.9789
1198.559, 678.5749
1200.487, 684.9442
1202.416, 689.9799
1204.344, 691.7628
1206.273, 689.4227
1208.201, 690.5906
1210.130, 690.0761
1212.058, 686.6552
1213.987, 689.3788
1215.915, 685.8500
1217.844, 685.2781
1219.772, 687.8265
1221.700, 686.5117
1223.629, 681.7251
1225.557, 677.1991
1227.486, 673.4512
1229.414, 671.6572
1231.343, 671.8177
1233.271, 675.3158
1235.200, 679.5797
1237.128, 680.8326
1239.057, 680.1967
1240.985, 677.8795
1242.914, 675.6832
1244.842, 674.0680
1246.771, 674.7868
1248.699, 683.6015
1250.627, 687.7582
1252.556, 677.4227
1254.484, 667.3348
1256.413, 660.6437
1258.341, 659.0903
1260.270, 656.4147
1262.198, 656.0495
1264.127, 660.7620
1266.055, 658.3859
1267.984, 665.8845
1269.912, 667.9593
1271.841, 664.2797
1273.769, 663.3759
1275.698, 664.8493
1277.626, 665.4463
1279.554, 665.6101
1281.483, 667.5298
1283.411, 669.5364
1285.340, 668.2424
1287.268, 665.3928
1289.197, 661.3391
1291.125, 659.1392
1293.054, 663.2875
1294.982, 667.1859
1296.911, 668.2886
1298.839, 666.7290
1300.768, 660.8079
1302.696, 657.6693
1304.625, 660.0093
1306.553, 659.6549
1308.481, 654.8970
1310.410, 653.5447
1312.338, 656.1903
1314.267, 656.4768
1316.195, 654.7686
1318.124, 656.0731
1320.052, 659.1365
1321.981, 659.8932
1323.909, 659.3654
1325.838, 659.2801
1327.766, 659.0179
1329.695, 657.2830
1331.623, 655.9033
1333.552, 657.8042
1335.480, 657.9467
1337.408, 651.4754
1339.337, 647.4042
1341.265, 650.8575
1343.194, 650.6263
1345.122, 643.7416
1347.051, 642.3531
1348.979, 647.4264
1350.908, 648.9973
1352.836, 647.5215
1354.765, 649.3007
1356.693, 647.5835
1358.622, 649.5280
1360.550, 644.9861
1362.479, 643.8580
1364.407, 643.7074
1366.335, 642.9102
1368.264, 641.7151
1370.192, 639.9551
1372.121, 638.4818
1374.049, 637.9465
1375.978, 636.4962
1377.906, 635.9705
1379.835, 635.9589
1381.763, 634.9882
1383.692, 636.2090
1385.620, 636.1199
1387.549, 635.8642
1389.477, 635.6459
1391.406, 636.0422
1393.334, 636.6340
1395.262, 635.8812
1397.191, 636.6412
1399.119, 644.0511
1401.048, 646.5114
1402.976, 637.6334
1404.905, 630.3099
1406.833, 627.3095
1408.762, 628.4164
1410.690, 633.5547
1412.619, 632.9254
1414.547, 627.3169
1416.476, 624.8826
1418.404, 624.8189
1420.333, 626.0179
1422.261, 627.4613
1424.189, 627.3679
1426.118, 627.6693
1428.046, 631.4678
1429.975, 632.7156
1431.903, 629.0687
1433.832, 623.6718
1435.760, 616.4353
1437.689, 611.9805
1439.617, 610.6845
1441.546, 612.6472
1443.474, 616.8369
1445.403, 621.0072
1447.331, 624.0255
1449.260, 623.9968
1451.188, 622.3337
1453.116, 618.4699
1455.045, 616.2251
1456.973, 619.0104
1458.902, 620.2205
1460.830, 617.4501
1462.759, 616.7474
1464.687, 618.4257
1466.616, 620.2653
1468.544, 621.6520
1470.473, 619.0271
1472.401, 614.7363
1474.330, 611.8834
1476.258, 609.8340
1478.187, 607.5309
1480.115, 607.2820
1482.043, 611.7283
1483.972, 612.8880
1485.900, 607.9744
1487.829, 605.2723
1489.757, 604.9899
1491.686, 606.1714
1493.614, 607.6373
1495.543, 605.5909
1497.471, 602.0228
1499.400, 597.2682
1501.328, 595.6453
1503.257, 601.8683
1505.185, 603.8611
1507.114, 597.3346
1509.042, 592.9862
1510.970, 592.1921
1512.899, 590.5029
1514.827, 588.5599
1516.756, 589.8246
1518.684, 592.6469
1520.613, 594.6432
1522.541, 596.7505
1524.470, 595.0742
1526.398, 602.3504
1528.327, 591.1494
1530.255, 584.3479
1532.184, 583.7806
1534.112, 583.8763
1536.041, 584.6204
1537.969, 589.3063
1539.897, 593.3056
1541.826, 587.0319
1543.754, 580.9912
1545.683, 584.8622
1547.611, 586.9521
1549.540, 582.7438
1551.468, 580.1694
1553.397, 579.7506
1555.325, 578.0078
1557.254, 575.3549
1559.182, 573.5317
1561.111, 572.1221
1563.039, 569.3300
1564.968, 568.9185
1566.896, 576.2729
1568.824, 580.2090
1570.753, 576.2869
1572.681, 572.7289
1574.610, 569.5284
1576.538, 569.1812
1578.467, 570.0433
1580.395, 568.5220
1582.324, 565.7277
1584.252, 561.8989
1586.181, 558.6644
1588.109, 556.4180
1590.038, 556.0397
1591.966, 558.0599
1593.895, 558.4391
1595.823, 557.6376
1597.751, 557.1373
1599.680, 557.2382
1601.608, 560.7587
1603.537, 560.2823
1605.465, 549.8429
1607.394, 545.5287
1609.322, 551.2484
1611.251, 553.5211
1613.179, 552.3242
1615.108, 554.2012
1617.036, 555.4105
1618.965, 546.2069
1620.893, 540.1150
1622.822, 549.2706
1624.750, 551.9022
1626.678, 543.0092
1628.607, 540.2257
1630.535, 543.4035
1632.464, 542.1841
1634.392, 539.5277
1636.321, 540.7596
1638.249, 542.4136
1640.178, 543.6328
1642.106, 541.0883
1644.035, 533.2150
1645.963, 531.1563
1647.892, 534.3240
1649.820, 536.9367
1651.749, 538.0604
1653.677, 535.2626
1655.605, 532.6771
1657.534, 534.4572
1659.462, 533.0232
1661.391, 531.3331
1663.319, 530.2386
1665.248, 527.2437
1667.176, 525.8761
1669.105, 523.0970
1671.033, 521.0239
1672.962, 520.7780
1674.890, 524.6545
1676.819, 525.4370
1678.747, 521.8053
1680.676, 519.8325
1682.604, 518.9293
1684.532, 517.4495
1686.461, 516.0367
1688.389, 515.4974
1690.318, 514.5317
1692.246, 512.8234
1694.175, 509.7769
1696.103, 505.7021
1698.032, 504.4327
1699.960, 504.8909
1701.889, 506.7450
1703.817, 506.6678
1705.746, 501.9748
1707.674, 499.6236
1709.603, 500.9613
1711.531, 502.3888
1713.459, 503.1815
1715.388, 501.0883
1717.316, 498.4018
1719.245, 497.2476
1721.173, 496.4562
1723.102, 495.8668
1725.030, 494.7639
1726.959, 493.1187
1728.887, 490.3554
1730.816, 488.2921
1732.744, 490.6822
1734.673, 492.4651
1736.601, 491.8875
1738.530, 487.3571
1740.458, 479.6823
1742.386, 483.4672
1744.315, 478.5969
1746.243, 484.4468
1748.172, 477.3604
1750.100, 477.0359
1752.029, 479.5184
1753.957, 484.7404
1755.886, 481.0762
1757.814, 472.8188
1759.743, 470.2125
1761.671, 470.9525
1763.600, 475.9394
1765.528, 478.2210
1767.457, 475.7089
1769.385, 472.5871
1771.313, 469.7491
1773.242, 472.0556
1775.170, 473.9612
1777.099, 471.2330
1779.027, 466.3575
1780.956, 467.2501
1782.884, 458.9144
1784.813, 464.9264
1786.741, 465.7161
1788.670, 463.9602
1790.598, 461.1283
1792.527, 459.1839
1794.455, 458.8241
1796.384, 457.7735
1798.312, 455.9943
1800.240, 452.7260
1802.169, 450.3761
1804.097, 451.5749
1806.026, 452.4932
1807.954, 452.3079
1809.883, 451.5579
1811.811, 449.8849
1813.740, 444.5036
1815.668, 440.1641
1817.597, 441.8484
1819.525, 442.2372
1821.454, 440.2737
1823.382, 442.8352
1825.311, 446.9150
1827.239, 444.1600
1829.167, 440.8818
1831.096, 443.1777
1833.024, 440.4688
1834.953, 432.3591
1836.881, 429.7680
1838.810, 430.5450
1840.738, 432.1628
1842.667, 432.1523
1844.595, 427.8918
1846.524, 424.8117
1848.452, 423.3036
1850.381, 426.2087
1852.309, 429.2345
1854.238, 426.5515
1856.166, 424.3392
1858.094, 426.0869
1860.023, 423.2608
1861.951, 421.8076
1863.880, 417.2111
1865.808, 417.3277
1867.737, 414.2773
1869.665, 411.9286
1871.594, 411.0112
1873.522, 413.2859
1875.451, 415.2822
1877.379, 407.3718
1879.308, 401.8086
1881.236, 404.7520
1883.165, 404.6219
1885.093, 401.1976
1887.021, 401.2162
1888.950, 401.7352
1890.878, 399.2943
1892.807, 398.1128
1894.735, 399.2065
1896.664, 398.2812
1898.592, 396.3314
1900.521, 396.2472
1902.449, 395.9985
1904.378, 394.9155
1906.306, 391.2507
1908.235, 386.2411
1910.163, 389.3042
1912.092, 393.4240
1914.020, 390.0314
1915.948, 387.5752
1917.877, 387.5667
1919.805, 383.9473
1921.734, 379.0870
1923.662, 377.9110
1925.591, 377.9423
1927.519, 378.1008
1929.448, 379.9825
1931.376, 382.0243
1933.305, 375.1532
1935.233, 368.8279
1937.162, 372.4610
1939.090, 375.1802
1941.019, 375.5940
1942.947, 375.1537
1944.875, 374.2595
1946.804, 374.2133
1948.732, 372.0914
1950.661, 365.6166
1952.589, 362.7509
1954.518, 362.4139
1956.446, 363.2007
1958.375, 362.3231
1960.303, 362.6069
1962.232, 361.5446
1964.160, 360.9803
1966.089, 358.3065
1968.017, 353.8764
1969.946, 350.2372
1971.874, 350.0609
1973.802, 353.2523
1975.731, 351.9997
1977.659, 349.3364
1979.588, 348.6713
1981.516, 347.1822
1983.445, 344.2843
1985.373, 342.2066
1987.302, 340.7225
1989.230, 338.3518
1991.159, 339.3800
1993.087, 345.1201
1995.016, 345.6583
1996.944, 342.2500
1998.873, 336.1735
2000.801, 332.9531
2002.729, 334.8917
2004.658, 334.6006
2006.586, 333.1255
2008.515, 336.0919
2010.443, 337.5330
2012.372, 333.6406
2014.300, 329.6528
2016.229, 326.6364
2018.157, 327.8560
2020.086, 328.6705
2022.014, 325.2747
2023.943, 322.0167
2025.871, 319.3576
2027.800, 317.9434
2029.728, 317.9396
2031.656, 316.0601
2033.585, 320.2956
2035.513, 314.7012
2037.442, 312.8464
2039.370, 313.4743
2041.299, 308.2604
2043.227, 315.0779
2045.156, 304.0673
2047.084, 304.8668
2049.013, 309.0291
2050.941, 311.7089
2052.870, 308.4787
2054.798, 300.3293
2056.727, 299.0955
2058.655, 300.9095
2060.583, 303.7380
2062.512, 303.3166
2064.440, 299.7861
2066.369, 299.0661
2068.297, 298.1822
2070.226, 294.4252
2072.154, 293.9874
2074.083, 296.5956
2076.011, 295.4330
2077.940, 293.5721
2079.868, 293.1834
2081.797, 291.5726
2083.725, 289.2563
2085.654, 291.0753
2087.582, 291.2298
2089.510, 285.0977
2091.439, 283.8841
2093.367, 286.5800
2095.296, 286.6638
2097.224, 286.2537
2099.153, 286.8894
2101.081, 283.3426
2103.010, 278.0152
2104.938, 277.4368
2106.867, 277.5290
2108.795, 276.4608
2110.724, 277.2664
2112.652, 278.6119
2114.581, 278.1153
2116.509, 276.8292
2118.438, 274.8150
2120.366, 276.3839
2122.294, 277.2523
2124.223, 270.4128
2126.151, 266.2952
2128.080, 266.9590
2130.008, 266.8210
2131.937, 264.8257
2133.865, 267.2565
2135.794, 259.6277
2137.722, 268.6585
2139.651, 264.9669
2141.579, 260.4913
2143.508, 263.1616
2145.436, 259.3129
2147.365, 251.8264
2149.293, 252.0126
2151.221, 256.0548
2153.150, 262.8900
2155.078, 263.3300
2157.007, 259.7437
2158.935, 255.2493
2160.864, 251.9269
2162.792, 250.1102
2164.721, 247.9061
2166.649, 245.9436
2168.578, 244.9230
2170.506, 244.2847
2172.435, 244.3123
2174.363, 246.4895
2176.292, 249.4030
2178.220, 253.1044
2180.148, 248.7468
2182.077, 241.1085
2184.005, 243.0474
2185.934, 240.0213
2187.862, 239.5708
2189.791, 240.3032
2191.719, 239.3033
2193.648, 239.4098
2195.576, 236.0820
2197.505, 236.5403
2199.433, 232.9508
2201.362, 234.6447
2203.290, 232.0308
2205.219, 228.5463
2207.147, 225.8536
2209.075, 226.6720
2211.004, 230.2991
2212.932, 236.5779
2214.861, 236.6982
2216.789, 233.4915
2218.718, 228.6897
2220.646, 224.8275
2222.575, 222.5126
2224.503, 219.1010
2226.432, 224.6624
2228.360, 216.6285
2230.289, 218.5896
2232.217, 223.0051
2234.146, 219.6290
2236.074, 217.5298
2238.002, 217.6498
2239.931, 216.6115
2241.859, 215.1641
2243.788, 213.5981
2245.716, 213.9489
2247.645, 214.3003
2249.573, 210.3803
2251.502, 208.0779
2253.430, 208.1674
2255.359, 206.6398
2257.287, 210.1628
2259.216, 207.6459
2261.144, 209.2539
2263.073, 212.0697
2265.001, 210.5524
2266.929, 207.0535
2268.858, 202.5777
2270.786, 200.3451
2272.715, 199.0099
2274.643, 197.9598
2276.572, 196.2904
2278.500, 194.8782
2280.429, 195.7153
2282.357, 195.2885
2284.286, 193.3366
2286.214, 193.8076
2288.143, 195.6637
2290.071, 200.0241
2292.000, 194.4555
2293.928, 195.9484
2295.856, 190.4819
2297.785, 192.4156
2299.713, 191.1095
2301.642, 189.1332
2303.570, 187.5537
2305.499, 186.8609
2307.427, 185.7194
2309.356, 186.1103
2311.284, 184.4156
2313.213, 184.6894
2315.141, 182.5395
2317.070, 183.9452
2318.998, 184.9921
2320.927, 183.1232
2322.855, 181.1601
2324.783, 180.0772
2326.712, 180.9296
2328.640, 178.1665
2330.569, 178.9660
2332.497, 176.7047
2334.426, 178.1218
2336.354, 177.4753
2338.283, 174.7537
2340.211, 171.0433
2342.140, 166.6321
2344.068, 168.7037
2345.997, 173.2627
2347.925, 177.5085
2349.854, 175.9327
2351.782, 171.3785
2353.710, 171.8741
2355.639, 171.1171
2357.567, 168.0701
2359.496, 167.9829
2361.424, 167.7186
2363.353, 164.6905
2365.281, 164.7683
2367.210, 165.8887
2369.138, 166.0186
2371.067, 165.2528
2372.995, 164.0418
2374.924, 163.2875
2376.852, 162.6403
2378.781, 162.1083
2380.709, 162.7066
2382.637, 163.6904
2384.566, 164.7504
2386.494, 162.5398
2388.423, 159.2681
2390.351, 156.6049
2392.280, 157.6034
2394.208, 160.0169
2396.137, 158.4861
2398.065, 159.5345
2399.994, 161.9626
2401.922, 153.7194
2403.851, 149.4303
2405.779, 152.9877
2407.708, 156.5910
2409.636, 156.3714
2411.564, 149.8474
2413.493, 145.9963
2415.421, 144.5370
2417.350, 145.1150
2419.278, 146.4191
2421.207, 147.8638
2423.135, 149.1349
2425.064, 147.7652
2426.992, 144.5634
2428.921, 144.6870
2430.849, 144.0761
2432.778, 141.5089
2434.706, 140.8498
2436.635, 140.1876
2438.563, 137.5310
2440.491, 140.2298
2442.420, 143.0635
2444.348, 140.6188
2446.277, 139.7477
2448.205, 139.2773
2450.134, 136.0395
2452.062, 136.5759
2453.991, 135.3558
2455.919, 136.2059
2457.848, 134.5095
2459.776, 135.0950
2461.705, 135.0506
2463.633, 134.9768
2465.562, 134.9207
2467.490, 132.3963
2469.418, 130.5012
2471.347, 130.6753
2473.275, 129.9902
2475.204, 128.2102
2477.132, 128.2535
2479.061, 127.0939
2480.989, 127.4425
2482.918, 125.5193
2484.846, 125.6427
2486.775, 124.8619
2488.703, 123.7413
2490.632, 123.0187
2492.560, 122.2236
2494.489, 121.1358
2496.417, 121.7207
2498.345, 122.6970
2500.274, 122.4136
2502.202, 123.9891
2504.131, 122.0403
2506.059, 124.0120
2507.988, 121.8421
2509.916, 121.1068
2511.845, 117.1325
2513.773, 118.3357
2515.702, 115.7277
2517.630, 113.8817
2519.559, 112.2041
2521.487, 109.8889
2523.416, 112.8515
2525.344, 115.6042
2527.272, 113.5606
2529.201, 111.9417
2531.129, 110.5263
2533.058, 108.6700
2534.986, 107.3333
2536.915, 106.5724
2538.843, 105.9484
2540.772, 110.4056
2542.700, 115.1339
2544.629, 110.7887
2546.557, 110.4419
2548.486, 112.7160
2550.414, 111.5050
2552.343, 110.2732
2554.271, 109.6310
2556.199, 111.2678
2558.128, 107.2959
2560.056, 109.0194
2561.985, 107.3363
2563.913, 109.6390
2565.842, 107.2075
2567.770, 106.8102
2569.699, 104.2233
2571.627, 99.82594
2573.556, 96.56316
2575.484, 97.35585
2577.413, 94.89350
2579.341, 97.66290
2581.270, 96.06493
2583.198, 97.46728
2585.126, 97.81052
2587.055, 96.98529
2588.983, 97.95511
2590.912, 96.01683
2592.840, 95.17207
2594.769, 94.72159
2596.697, 94.87083
2598.626, 92.77188
2600.554, 88.57547
2602.483, 87.65810
2604.411, 89.67934
2606.340, 93.40385
2608.268, 91.47911
2610.197, 90.81093
2612.125, 92.39219
2614.053, 91.17848
2615.982, 88.61227
2617.910, 86.40829
2619.839, 85.93935
2621.767, 86.01299
2623.696, 85.33060
2625.624, 87.17311
2627.553, 87.99257
2629.481, 86.21422
2631.410, 84.51604
2633.338, 83.44247
2635.267, 83.18202
2637.195, 84.01204
2639.124, 85.82411
2641.052, 86.63139
2642.980, 85.95110
2644.909, 86.27211
2646.837, 83.80903
2648.766, 84.79910
2650.694, 83.76711
2652.623, 82.52275
2654.551, 84.61981
2656.480, 83.12344
2658.408, 80.82640
2660.337, 84.20305
2662.265, 81.84538
2664.194, 76.86613
2666.122, 74.08929
2668.051, 75.27846
2669.979, 76.24966
2671.907, 72.68253
2673.836, 71.78596
2675.764, 72.60485
2677.693, 73.86998
2679.621, 76.11667
2681.550, 77.18976
2683.478, 75.89461
2685.407, 76.98872
2687.335, 76.66315
2689.264, 75.47318
2691.192, 75.10469
2693.121, 71.81637
2695.049, 67.89460
2696.978, 68.19756
2698.906, 70.47360
2700.834, 72.73534
2702.763, 70.12714
2704.691, 67.83580
2706.620, 67.71548
2708.548, 66.53952
2710.477, 65.99615
2712.405, 67.24937
2714.334, 66.30661
2716.262, 68.65121
2718.191, 70.82121
2720.119, 67.93781
2722.048, 65.36919
2723.976, 64.37264
2725.905, 66.51701
2727.833, 66.29648
2729.761, 64.79771
2731.690, 62.65887
2733.618, 63.50261
2735.547, 64.83721
2737.475, 65.48424
2739.404, 63.74281
2741.332, 62.54484
2743.261, 62.95088
2745.189, 67.54244
2747.118, 66.77078
2749.046, 61.71365
2750.975, 56.42271
2752.903, 56.10992
2754.832, 58.11385
2756.760, 59.20233
2758.688, 58.90386
2760.617, 58.81633
2762.545, 59.86350
2764.474, 60.03669
2766.402, 60.23982
2768.331, 60.12667
2770.259, 60.35440
2772.188, 59.05036
2774.116, 59.90112
2776.045, 56.89307
2777.973, 54.90131
2779.902, 55.29760
2781.830, 53.42990
2783.759, 55.80657
2785.687, 52.61041
2787.615, 57.11746
2789.544, 58.08238
2791.472, 56.65955
2793.401, 53.72787
2795.329, 56.74440
2797.258, 54.22073
2799.186, 47.55739
2801.115, 54.40874
2803.043, 52.19111
2804.972, 46.52963
2806.900, 50.98641
2808.829, 50.29858
2810.757, 49.22284
2812.686, 52.11857
2814.614, 52.38894
2816.542, 49.20845
2818.471, 51.47645
2820.399, 47.55798
2822.328, 51.85207
2824.256, 53.15650
2826.185, 52.64838
2828.113, 52.72842
2830.042, 48.69047
2831.970, 49.54125
2833.899, 47.66402
2835.827, 46.69555
2837.756, 47.73642
2839.684, 46.53579
2841.613, 44.68352
2843.541, 42.78324
2845.469, 40.40342
2847.398, 40.87238
2849.326, 43.18419
2851.255, 46.75551
2853.183, 44.76065
2855.112, 43.45998
2857.040, 45.68824
2858.969, 42.21359
2860.897, 41.45687
2862.826, 42.82168
2864.754, 40.47982
2866.683, 41.52843
2868.611, 41.10127
2870.540, 42.24093
2872.468, 42.16552
2874.396, 42.53822
2876.325, 46.10443
2878.253, 39.54221
2880.182, 36.36588
2882.110, 37.21918
2884.039, 39.11628
2885.967, 41.89832
2887.896, 41.12840
2889.824, 41.27051
2891.753, 38.79465
2893.681, 39.38160
2895.610, 36.17391
2897.538, 36.20435
2899.467, 35.42495
2901.395, 34.79954
2903.323, 35.81739
2905.252, 35.77505
2907.180, 36.09952
2909.109, 36.05333
2911.037, 36.15821
2912.966, 33.88493
2914.894, 32.13552
2916.823, 34.25233
2918.751, 37.08188
2920.680, 35.34951
2922.608, 37.14159
2924.537, 35.63096
2926.465, 36.74924
2928.394, 32.81714
2930.322, 30.53094
2932.250, 31.53643
2934.179, 32.30996
2936.107, 31.02085
2938.036, 29.70118
2939.964, 32.21944
2941.893, 36.29887
2943.821, 37.28619
2945.750, 31.47530
2947.678, 26.45565
2949.607, 26.67780
2951.535, 34.88233
2953.464, 37.75714
2955.392, 34.77351
2957.321, 29.41886
2959.249, 27.66219
2961.177, 27.94011
2963.106, 28.71326
2965.034, 27.13845
2966.963, 27.42054
2968.891, 28.97472
2970.820, 29.89153
2972.748, 29.59066
2974.677, 29.98079
2976.605, 31.27197
2978.534, 31.08357
2980.462, 26.39503
2982.391, 21.54032
2984.319, 21.92563
2986.248, 23.26366
2988.176, 24.40423
2990.104, 25.15875
2992.033, 26.39665
2993.961, 25.64629
2995.890, 24.49825
2997.818, 24.42144
2999.747, 26.16735
3001.675, 27.02267
3003.604, 26.23876
3005.532, 23.69253
3007.461, 24.55288
3009.389, 25.20893
3011.318, 24.24659
3013.246, 24.88860
3015.175, 23.12681
3017.103, 21.54686
3019.031, 19.74795
3020.960, 17.70077
3022.888, 16.50217
3024.817, 15.91925
3026.745, 21.07757
3028.674, 23.47371
3030.602, 22.33454
3032.531, 19.37219
3034.459, 27.28643
3036.388, 23.47079
3038.316, 16.13519
3040.245, 20.78915
3042.173, 17.11693
3044.102, 16.90388
3046.030, 20.58319
3047.958, 21.37638
3049.887, 21.53008
3051.815, 14.95041
3053.744, 21.08210
3055.672, 17.87322
3057.601, 16.69461
3059.529, 18.00312
3061.458, 20.34799
3063.386, 21.87109
3065.315, 21.07663
3067.243, 21.72208
3069.172, 18.62586
3071.100, 19.70823
3073.029, 18.49793
3074.957, 15.68440
3076.885, 18.44509
3078.814, 17.16739
3080.742, 17.40085
3082.671, 21.20555
3084.599, 21.56852
3086.528, 19.17990
3088.456, 17.63536
3090.385, 19.51876
3092.313, 18.00431
3094.242, 18.17714
3096.170, 18.57849
3098.099, 14.22010
3100.027, 20.75516
3101.956, 22.78193
3103.884, 19.65779
3105.813, 20.15097
3107.741, 14.95466
3109.669, 12.90300
3111.598, 16.24627
3113.526, 19.31141
3115.455, 18.53148
3117.383, 15.86922
3119.312, 13.75206
3121.240, 17.72680
3123.169, 17.13852
3125.097, 15.89117
3127.026, 16.92350
3128.954, 14.93816
3130.883, 16.65734
3132.811, 16.30743
3134.740, 14.82456
3136.668, 10.55786
3138.596, 11.71527
3140.525, 11.16630
3142.453, 9.104046
3144.382, 12.07670
3146.310, 12.65260
3148.239, 11.22959
3150.167, 10.74377
3152.096, 10.42642
3154.024, 12.35448
3155.953, 14.44722
3157.881, 12.44126
3159.810, 12.78981
3161.738, 10.51377
3163.667, 8.309784
3165.595, 12.91683
3167.523, 15.04124
3169.452, 14.59903
3171.380, 12.39797
3173.309, 9.471522
3175.237, 9.307293
3177.166, 9.733269
3179.094, 10.32571
3181.023, 10.70934
3182.951, 11.26717
3184.880, 11.82512
3186.808, 12.31583
3188.737, 12.52430
3190.665, 12.98989
3192.594, 12.93753
3194.522, 11.80873
3196.450, 7.236844
3198.379, 10.94042
3200.307, 15.39121
3202.236, 16.13124
3204.164, 10.48945
3206.093, 7.468739
3208.021, 10.16450
3209.950, 13.34349
3211.878, 9.056309
3213.807, 9.504524
3215.735, 9.960594
3217.664, 10.22769
3219.592, 11.58245
3221.521, 9.257401
3223.449, 8.946552
3225.377, 8.188025
3227.306, 4.302573
3229.234, 11.19026
3231.163, 11.01548
3233.091, 8.867224
3235.020, 10.18056
3236.948, 10.01447
3238.877, 6.180617
3240.805, 4.979854
3242.734, 8.261514
3244.662, 8.441583
3246.591, 7.113334
3248.519, 8.947839
3250.448, 11.71631
3252.376, 10.39164
3254.304, 11.50960
3256.233, 9.063663
3258.161, 10.10445
3260.090, 8.102424
3262.018, 5.507141
3263.947, 6.139513
3265.875, 7.883134
3267.804, 7.217559
3269.732, 6.580608
3271.661, 9.990892
3273.589, 14.22093
3275.518, 15.37378
3277.446, 8.405467
3279.375, 4.533933
3281.303, 5.047461
3283.231, 7.375045
3285.160, 4.887846
3287.088, 8.856240
3289.017, 10.30874
3290.945, 9.098106
3292.874, 11.12019
3294.802, 10.44143
3296.731, 6.966592
3298.659, 5.189328
3300.588, 8.498479
3302.516, 4.839083
3304.445, 9.234916
3306.373, 3.911609
3308.302, 3.785530
3310.230, 7.655362
3312.158, 5.692991
3314.087, 5.526592
3316.015, 6.810649
3317.944, 4.357980
3319.872, 6.301049
3321.801, 7.517120
3323.729, 6.525702
3325.658, 3.882735
3327.586, 3.713085
3329.515, 5.535568
3331.443, 7.913869
3333.372, 9.288122
3335.300, 7.902918
3337.229, 6.728137
3339.157, 4.101000
3341.085, 3.308132
3343.014, 7.077702
3344.942, 5.174170
3346.871, 8.349740
3348.799, 9.030870
3350.728, 6.475057
3352.656, 10.25324
3354.585, 4.164443
3356.513, -1.419592
3358.442, -0.2569954
3360.370, 7.614561
3362.299, 7.889717
3364.227, 6.135147
3366.156, 6.961347
3368.084, 6.215006
3370.012, 6.626189
3371.941, 5.621939
3373.869, 5.857633
3375.798, 5.797113
3377.726, 4.708292
3379.655, 5.855799
3381.583, 6.643455
3383.512, 8.180718
3385.440, 8.203066
3387.369, 8.071824
3389.297, 5.980355
3391.226, 6.316663
3393.154, 2.738771
3395.083, 0.6531845
3397.011, 2.274065
3398.939, 7.698282
3400.868, 5.279644
3402.796, 6.047696
3404.725, 7.385440
3406.653, 5.896747
3408.582, 7.637220
3410.510, 6.416190
3412.439, 4.977414
3414.367, 5.327106
3416.296, 6.034427
3418.224, 4.771472
3420.153, 6.916419
3422.081, 7.897378
3424.010, 1.838743
3425.938, 8.787562
3427.866, 6.960094
3429.795, 2.188001
3431.723, 3.509020
3433.652, 4.879453
3435.580, 6.673180
3437.509, 5.000387
3439.437, 3.459592
3441.366, 6.433745
3443.294, 7.839677
3445.223, 7.751264
3447.151, 3.690231
3449.080, -0.1992329
3451.008, 2.171174
3452.937, 3.201128
3454.865, 4.879478
3456.793, 4.945455
3458.722, 3.082795
##END=



