##NAMES=Apachite
##RRUFFID=R060694
##IDEAL CHEMISTRY=Cu^2+^_9_Si_10_O_29_·11H_2_O
##LOCALITY=Christmas mine, Gila County, Arizona, USA
##OWNER=RRUFF
##SOURCE=Bob Jenkins
##DESCRIPTION=Spherical aggregates of pale blue fibers, associated with yellowish-orange andradite and colorless calcite
##STATUS=The identification of this mineral is not yet confirmed
##URL=https://www.rruff.net/odr/rruff_sample/R060694
##FILETYPE=Raman Processed
##RAMAN WAVELENGTH=785

165.8500, 21346.54
167.7780, 21720.79
169.7070, 21943.69
171.6350, 22118.60
173.5640, 22239.02
175.4920, 22337.17
177.4210, 22386.06
179.3490, 22441.59
181.2780, 22565.53
183.2060, 22742.29
185.1350, 22906.98
187.0630, 23047.72
188.9920, 23189.51
190.9200, 23338.50
192.8480, 23484.44
194.7770, 23623.03
196.7050, 23753.94
198.6340, 23881.93
200.5620, 24011.32
202.4910, 24104.12
204.4190, 24135.05
206.3480, 24162.14
208.2760, 24199.24
210.2050, 24236.42
212.1330, 24252.97
214.0610, 24262.01
215.9900, 24315.48
217.9180, 24448.97
219.8470, 24548.84
221.7750, 24590.03
223.7040, 24620.13
225.6320, 24649.51
227.5610, 24683.52
229.4890, 24724.21
231.4180, 24771.19
233.3460, 24838.02
235.2750, 24962.73
237.2030, 25050.77
239.1320, 25070.82
241.0600, 25078.73
242.9880, 25108.83
244.9170, 25149.17
246.8450, 25183.56
248.7740, 25213.63
250.7020, 25228.12
252.6310, 25195.90
254.5590, 25192.93
256.4880, 25255.62
258.4160, 25327.60
260.3450, 25370.22
262.2730, 25392.44
264.2020, 25413.32
266.1300, 25436.23
268.0590, 25445.87
269.9870, 25425.22
271.9150, 25418.13
273.8440, 25436.84
275.7720, 25471.54
277.7010, 25524.76
279.6290, 25586.11
281.5580, 25626.47
283.4860, 25639.97
285.4150, 25648.87
287.3430, 25658.73
289.2720, 25657.11
291.2000, 25627.40
293.1290, 25598.68
295.0570, 25591.39
296.9860, 25600.82
298.9140, 25613.71
300.8420, 25625.06
302.7710, 25657.15
304.6990, 25725.55
306.6280, 25787.64
308.5560, 25845.93
310.4850, 25882.89
312.4130, 25876.48
314.3420, 25846.05
316.2700, 25823.67
318.1990, 25803.04
320.1270, 25829.38
322.0560, 25931.62
323.9840, 26020.82
325.9130, 26074.36
327.8410, 26118.08
329.7700, 26173.60
331.6980, 26222.91
333.6260, 26238.86
335.5550, 26220.53
337.4830, 26198.28
339.4120, 26166.48
341.3400, 26148.24
343.2690, 26156.03
345.1970, 26166.60
347.1260, 26155.23
349.0540, 26156.88
350.9830, 26227.81
352.9110, 26343.00
354.8400, 26372.53
356.7680, 26271.69
358.6970, 26209.28
360.6250, 26181.36
362.5530, 26194.25
364.4820, 26291.70
366.4100, 26378.98
368.3390, 26377.77
370.2670, 26338.36
372.1960, 26354.02
374.1240, 26429.40
376.0530, 26461.90
377.9810, 26437.64
379.9100, 26415.21
381.8380, 26398.65
383.7670, 26389.01
385.6950, 26389.40
387.6240, 26395.89
389.5520, 26402.62
391.4800, 26414.48
393.4090, 26451.56
395.3370, 26523.93
397.2660, 26553.72
399.1940, 26520.15
401.1230, 26499.60
403.0510, 26508.83
404.9800, 26529.10
406.9080, 26555.62
408.8370, 26582.21
410.7650, 26607.76
412.6940, 26629.88
414.6220, 26635.05
416.5510, 26621.02
418.4790, 26606.00
420.4070, 26583.47
422.3360, 26584.47
424.2640, 26641.93
426.1930, 26684.71
428.1210, 26657.42
430.0500, 26612.11
431.9780, 26606.82
433.9070, 26627.59
435.8350, 26618.36
437.7640, 26573.33
439.6920, 26541.98
441.6210, 26526.30
443.5490, 26522.74
445.4780, 26535.34
447.4060, 26552.70
449.3340, 26579.10
451.2630, 26596.86
453.1910, 26583.74
455.1200, 26550.12
457.0480, 26519.98
458.9770, 26491.95
460.9050, 26486.05
462.8340, 26509.85
464.7620, 26514.08
466.6910, 26479.98
468.6190, 26453.35
470.5480, 26485.54
472.4760, 26499.90
474.4050, 26411.68
476.3330, 26302.82
478.2610, 26310.65
480.1900, 26415.02
482.1180, 26476.72
484.0470, 26492.22
485.9750, 26508.59
487.9040, 26538.13
489.8320, 26529.97
491.7610, 26435.81
493.6890, 26359.74
495.6180, 26365.22
497.5460, 26390.53
499.4750, 26390.08
501.4030, 26373.06
503.3320, 26349.88
505.2600, 26322.90
507.1880, 26318.62
509.1170, 26338.12
511.0450, 26345.73
512.9740, 26329.36
514.9020, 26319.21
516.8310, 26344.92
518.7590, 26346.41
520.6880, 26262.05
522.6160, 26181.48
524.5450, 26206.66
526.4730, 26281.94
528.4020, 26292.01
530.3300, 26245.98
532.2580, 26216.58
534.1870, 26204.16
536.1150, 26194.10
538.0440, 26182.24
539.9720, 26177.66
541.9010, 26198.63
543.8290, 26198.17
545.7580, 26129.67
547.6860, 26067.35
549.6150, 26076.94
551.5430, 26115.97
553.4720, 26122.74
555.4000, 26107.23
557.3290, 26109.98
559.2570, 26128.33
561.1850, 26122.26
563.1140, 26086.92
565.0420, 26041.16
566.9710, 25978.21
568.8990, 25929.01
570.8280, 25902.19
572.7560, 25891.33
574.6850, 25908.30
576.6130, 25926.19
578.5420, 25930.59
580.4700, 25915.82
582.3990, 25857.28
584.3270, 25771.18
586.2560, 25711.19
588.1840, 25677.53
590.1120, 25680.59
592.0410, 25726.55
593.9690, 25769.19
595.8980, 25810.44
597.8260, 25822.86
599.7550, 25785.35
601.6830, 25741.27
603.6120, 25705.49
605.5400, 25675.29
607.4690, 25644.05
609.3970, 25622.45
611.3260, 25633.29
613.2540, 25662.53
615.1830, 25675.83
617.1110, 25672.99
619.0390, 25650.84
620.9680, 25605.91
622.8960, 25586.37
624.8250, 25603.06
626.7530, 25628.43
628.6820, 25675.53
630.6100, 25702.73
632.5390, 25686.79
634.4670, 25666.91
636.3960, 25658.57
638.3240, 25656.56
640.2530, 25661.93
642.1810, 25667.75
644.1100, 25656.49
646.0380, 25643.01
647.9660, 25668.05
649.8950, 25723.03
651.8230, 25750.28
653.7520, 25745.70
655.6800, 25747.17
657.6090, 25753.04
659.5370, 25776.45
661.4660, 25856.25
663.3940, 25888.50
665.3230, 25820.92
667.2510, 25756.52
669.1800, 25760.75
671.1080, 25746.14
673.0370, 25640.54
674.9650, 25510.16
676.8930, 25408.56
678.8220, 25331.35
680.7500, 25268.97
682.6790, 25223.88
684.6070, 25214.68
686.5360, 25232.16
688.4640, 25216.05
690.3930, 25161.96
692.3210, 25101.27
694.2500, 25034.07
696.1780, 24969.08
698.1070, 24887.25
700.0350, 24844.22
701.9640, 24874.35
703.8920, 24898.26
705.8200, 24887.68
707.7490, 24874.65
709.6770, 24882.28
711.6060, 24880.69
713.5340, 24830.56
715.4630, 24777.03
717.3910, 24781.70
719.3200, 24799.93
721.2480, 24755.97
723.1770, 24683.76
725.1050, 24678.90
727.0340, 24729.35
728.9620, 24735.21
730.8910, 24691.89
732.8190, 24669.05
734.7470, 24679.11
736.6760, 24669.79
738.6040, 24608.87
740.5330, 24583.44
742.4610, 24628.88
744.3900, 24646.57
746.3180, 24613.25
748.2470, 24567.64
750.1750, 24490.83
752.1040, 24450.79
754.0320, 24522.94
755.9610, 24582.48
757.8890, 24518.99
759.8180, 24446.61
761.7460, 24475.57
763.6740, 24527.28
765.6030, 24512.01
767.5310, 24468.52
769.4600, 24467.78
771.3880, 24490.18
773.3170, 24481.64
775.2450, 24447.57
777.1740, 24408.57
779.1020, 24366.19
781.0310, 24346.91
782.9590, 24356.85
784.8880, 24351.93
786.8160, 24322.72
788.7450, 24303.58
790.6730, 24297.89
792.6020, 24285.92
794.5300, 24257.52
796.4580, 24247.86
798.3870, 24281.28
800.3150, 24289.14
802.2440, 24244.26
804.1720, 24188.21
806.1010, 24126.21
808.0290, 24071.29
809.9580, 24026.99
811.8860, 23993.01
813.8150, 23971.23
815.7430, 23959.11
817.6720, 23976.88
819.6000, 23984.38
821.5290, 23946.39
823.4570, 23883.47
825.3850, 23797.56
827.3140, 23717.97
829.2420, 23694.95
831.1710, 23706.81
833.0990, 23715.23
835.0280, 23717.38
836.9560, 23701.90
838.8850, 23673.98
840.8130, 23665.23
842.7420, 23673.17
844.6700, 23664.65
846.5990, 23639.13
848.5270, 23633.78
850.4560, 23649.22
852.3840, 23651.34
854.3120, 23637.24
856.2410, 23630.93
858.1690, 23637.11
860.0980, 23626.44
862.0260, 23597.19
863.9550, 23551.10
865.8830, 23483.13
867.8120, 23436.88
869.7400, 23424.41
871.6690, 23422.04
873.5970, 23429.75
875.5260, 23426.63
877.4540, 23396.36
879.3830, 23381.72
881.3110, 23400.59
883.2390, 23421.90
885.1680, 23445.06
887.0960, 23444.81
889.0250, 23391.14
890.9530, 23344.09
892.8820, 23345.97
894.8100, 23337.27
896.7390, 23262.36
898.6670, 23216.51
900.5960, 23290.05
902.5240, 23356.87
904.4530, 23328.28
906.3810, 23279.14
908.3100, 23227.95
910.2380, 23214.06
912.1660, 23321.50
914.0950, 23416.33
916.0230, 23352.06
917.9520, 23245.24
919.8800, 23199.92
921.8090, 23186.83
923.7370, 23191.04
925.6660, 23194.34
927.5940, 23173.61
929.5230, 23141.96
931.4510, 23109.26
933.3800, 23083.94
935.3080, 23092.02
937.2370, 23104.41
939.1650, 23055.69
941.0930, 22994.40
943.0220, 23009.25
944.9500, 23060.39
946.8790, 23082.43
948.8070, 23084.34
950.7360, 23076.60
952.6640, 23065.97
954.5930, 23072.09
956.5210, 23084.18
958.4500, 23090.24
960.3780, 23081.75
962.3070, 23018.88
964.2350, 22939.21
966.1640, 22944.89
968.0920, 22989.25
970.0200, 22958.28
971.9490, 22885.26
973.8770, 22838.70
975.8060, 22812.87
977.7340, 22798.57
979.6630, 22791.13
981.5910, 22788.16
983.5200, 22780.19
985.4480, 22729.60
987.3770, 22664.71
989.3050, 22667.08
991.2340, 22701.83
993.1620, 22675.30
995.0910, 22620.24
997.0190, 22622.66
998.9470, 22652.21
1000.876, 22635.19
1002.804, 22592.45
1004.733, 22568.16
1006.661, 22558.23
1008.590, 22558.13
1010.518, 22563.58
1012.447, 22576.01
1014.375, 22581.70
1016.304, 22525.22
1018.232, 22460.18
1020.161, 22514.27
1022.089, 22606.88
1024.018, 22585.74
1025.946, 22514.36
1027.875, 22492.82
1029.803, 22495.86
1031.731, 22481.41
1033.660, 22472.09
1035.588, 22523.52
1037.517, 22577.30
1039.445, 22535.91
1041.374, 22473.03
1043.302, 22481.74
1045.231, 22505.30
1047.159, 22484.78
1049.088, 22445.56
1051.016, 22397.38
1052.945, 22363.80
1054.873, 22392.02
1056.802, 22416.30
1058.730, 22385.42
1060.658, 22324.92
1062.587, 22213.79
1064.515, 22137.26
1066.444, 22187.43
1068.372, 22238.54
1070.301, 22195.60
1072.229, 22156.80
1074.158, 22185.90
1076.086, 22216.56
1078.015, 22218.60
1079.943, 22209.48
1081.871, 22193.16
1083.800, 22174.06
1085.728, 22151.70
1087.657, 22130.65
1089.585, 22110.32
1091.514, 22097.30
1093.442, 22099.37
1095.371, 22092.67
1097.299, 22072.03
1099.228, 22045.63
1101.156, 22014.63
1103.085, 21981.83
1105.013, 21942.82
1106.942, 21926.24
1108.870, 21936.99
1110.798, 21957.67
1112.727, 21992.85
1114.655, 21976.68
1116.584, 21899.44
1118.512, 21825.92
1120.441, 21756.03
1122.369, 21735.90
1124.298, 21760.46
1126.226, 21754.41
1128.155, 21726.78
1130.083, 21718.23
1132.012, 21721.89
1133.940, 21707.00
1135.869, 21685.46
1137.797, 21701.03
1139.725, 21714.77
1141.654, 21626.86
1143.582, 21525.42
1145.511, 21540.57
1147.439, 21591.71
1149.368, 21612.52
1151.296, 21611.27
1153.225, 21583.03
1155.153, 21552.71
1157.082, 21535.68
1159.010, 21522.63
1160.939, 21513.87
1162.867, 21502.06
1164.796, 21482.39
1166.724, 21467.78
1168.652, 21465.66
1170.581, 21452.94
1172.509, 21423.24
1174.438, 21379.82
1176.366, 21318.18
1178.295, 21295.50
1180.223, 21318.54
1182.152, 21315.71
1184.080, 21282.20
1186.009, 21217.16
1187.937, 21132.81
1189.866, 21114.45
1191.794, 21140.36
1193.723, 21121.99
1195.651, 21084.34
1197.579, 21100.78
1199.508, 21123.16
1201.436, 21058.03
1203.365, 20974.17
1205.293, 20945.26
1207.222, 20940.52
1209.150, 20949.80
1211.079, 20948.70
1213.007, 20906.81
1214.936, 20873.78
1216.864, 20877.69
1218.793, 20877.72
1220.721, 20874.83
1222.650, 20838.99
1224.578, 20749.79
1226.506, 20700.41
1228.435, 20704.71
1230.363, 20697.84
1232.292, 20676.25
1234.220, 20647.17
1236.149, 20615.12
1238.077, 20598.67
1240.006, 20595.23
1241.934, 20603.96
1243.863, 20610.43
1245.791, 20585.51
1247.720, 20548.48
1249.648, 20501.93
1251.577, 20479.60
1253.505, 20538.17
1255.433, 20585.58
1257.362, 20564.57
1259.290, 20533.01
1261.219, 20506.22
1263.147, 20482.10
1265.076, 20452.12
1267.004, 20445.73
1268.933, 20477.98
1270.861, 20464.42
1272.790, 20400.92
1274.718, 20338.20
1276.647, 20280.51
1278.575, 20243.72
1280.504, 20229.19
1282.432, 20251.67
1284.360, 20284.64
1286.289, 20295.46
1288.217, 20291.47
1290.146, 20281.18
1292.074, 20250.64
1294.003, 20156.57
1295.931, 20104.66
1297.860, 20164.94
1299.788, 20200.53
1301.717, 20178.01
1303.645, 20144.59
1305.574, 20094.92
1307.502, 20082.56
1309.431, 20105.81
1311.359, 20099.90
1313.287, 20065.00
1315.216, 19979.03
1317.144, 19885.75
1319.073, 19879.93
1321.001, 19889.06
1322.930, 19848.35
1324.858, 19792.91
1326.787, 19726.54
1328.715, 19688.45
1330.644, 19703.21
1332.572, 19706.71
1334.501, 19676.08
1336.429, 19676.02
1338.358, 19716.65
1340.286, 19750.52
1342.214, 19770.56
1344.143, 19692.01
1346.071, 19574.68
1348.000, 19573.65
1349.928, 19620.35
1351.857, 19657.43
1353.785, 19656.95
1355.714, 19576.89
1357.642, 19504.55
1359.571, 19473.52
1361.499, 19447.88
1363.428, 19421.98
1365.356, 19382.03
1367.285, 19327.37
1369.213, 19328.91
1371.141, 19369.37
1373.070, 19320.82
1374.998, 19236.38
1376.927, 19230.74
1378.855, 19254.05
1380.784, 19261.55
1382.712, 19256.11
1384.641, 19236.95
1386.569, 19210.42
1388.498, 19181.72
1390.426, 19127.17
1392.355, 19041.72
1394.283, 19001.59
1396.212, 19006.49
1398.140, 19001.76
1400.068, 18985.37
1401.997, 18944.47
1403.925, 18901.30
1405.854, 18896.60
1407.782, 18885.26
1409.711, 18808.53
1411.639, 18771.97
1413.568, 18827.50
1415.496, 18839.46
1417.425, 18785.26
1419.353, 18772.26
1421.282, 18799.14
1423.210, 18809.55
1425.139, 18803.80
1427.067, 18781.21
1428.995, 18755.95
1430.924, 18746.91
1432.852, 18738.52
1434.781, 18724.39
1436.709, 18705.96
1438.638, 18690.60
1440.566, 18641.28
1442.495, 18554.82
1444.423, 18498.60
1446.352, 18476.94
1448.280, 18521.00
1450.209, 18572.54
1452.137, 18539.77
1454.066, 18478.14
1455.994, 18416.68
1457.922, 18367.49
1459.851, 18317.10
1461.779, 18323.12
1463.708, 18404.18
1465.636, 18440.25
1467.565, 18426.48
1469.493, 18333.63
1471.422, 18217.88
1473.350, 18194.25
1475.279, 18190.91
1477.207, 18132.07
1479.136, 18101.81
1481.064, 18162.33
1482.993, 18205.13
1484.921, 18217.98
1486.849, 18208.38
1488.778, 18176.52
1490.706, 18117.96
1492.635, 18055.59
1494.563, 18035.42
1496.492, 18036.97
1498.420, 18062.44
1500.349, 18071.77
1502.277, 18049.22
1504.206, 18011.74
1506.134, 17958.56
1508.063, 17917.22
1509.991, 17885.46
1511.920, 17859.65
1513.848, 17827.57
1515.776, 17754.46
1517.705, 17694.80
1519.633, 17689.35
1521.562, 17676.56
1523.490, 17633.11
1525.419, 17617.07
1527.347, 17631.89
1529.276, 17605.85
1531.204, 17561.56
1533.133, 17574.78
1535.061, 17580.98
1536.990, 17505.78
1538.918, 17442.21
1540.847, 17432.46
1542.775, 17399.59
1544.703, 17328.63
1546.632, 17290.05
1548.560, 17273.22
1550.489, 17216.52
1552.417, 17162.98
1554.346, 17196.03
1556.274, 17203.56
1558.203, 17117.86
1560.131, 17072.18
1562.060, 17095.54
1563.988, 17086.23
1565.917, 17043.77
1567.845, 16996.72
1569.774, 16949.99
1571.702, 16915.14
1573.630, 16876.30
1575.559, 16821.31
1577.487, 16766.90
1579.416, 16712.89
1581.344, 16704.28
1583.273, 16726.30
1585.201, 16694.71
1587.130, 16631.14
1589.058, 16561.63
1590.987, 16488.29
1592.915, 16399.83
1594.844, 16355.97
1596.772, 16370.07
1598.701, 16340.00
1600.629, 16272.83
1602.557, 16226.47
1604.486, 16186.20
1606.414, 16136.11
1608.343, 16077.10
1610.271, 15993.58
1612.200, 15946.96
1614.128, 15943.91
1616.057, 15918.08
1617.985, 15881.30
1619.914, 15893.75
1621.842, 15892.70
1623.771, 15799.34
1625.699, 15701.65
1627.628, 15625.11
1629.556, 15575.16
1631.484, 15548.55
1633.413, 15484.11
1635.341, 15408.05
1637.270, 15377.28
1639.198, 15344.16
1641.127, 15253.84
1643.055, 15200.24
1644.984, 15212.22
1646.912, 15174.77
1648.841, 15105.73
1650.769, 15099.75
1652.698, 15115.70
1654.626, 15124.92
1656.555, 15110.70
1658.483, 15053.47
1660.411, 14995.86
1662.340, 14938.87
1664.268, 14928.54
1666.197, 14925.94
1668.125, 14848.34
1670.054, 14769.41
1671.982, 14729.89
1673.911, 14711.25
1675.839, 14719.94
1677.768, 14686.04
1679.696, 14622.98
1681.625, 14560.13
1683.553, 14508.92
1685.482, 14476.61
1687.410, 14458.19
1689.339, 14454.42
1691.267, 14455.52
1693.195, 14451.42
1695.124, 14376.56
1697.052, 14289.00
1698.981, 14242.25
1700.909, 14230.50
1702.838, 14266.66
1704.766, 14237.45
1706.695, 14147.26
1708.623, 14106.46
1710.552, 14088.43
1712.480, 14060.40
1714.409, 14035.36
1716.337, 14023.40
1718.266, 13976.17
1720.194, 13897.12
1722.122, 13887.26
1724.051, 13902.85
1725.979, 13886.90
1727.908, 13841.75
1729.836, 13754.56
1731.765, 13730.01
1733.693, 13767.07
1735.622, 13710.62
1737.550, 13631.98
1739.479, 13653.34
1741.407, 13682.67
1743.336, 13695.67
1745.264, 13640.28
1747.193, 13527.99
1749.121, 13478.06
1751.049, 13464.50
1752.978, 13456.80
1754.906, 13455.04
1756.835, 13461.43
1758.763, 13457.42
1760.692, 13437.05
1762.620, 13376.66
1764.549, 13300.81
1766.477, 13214.83
1768.406, 13181.93
1770.334, 13230.88
1772.263, 13226.90
1774.191, 13176.86
1776.120, 13130.02
1778.048, 13100.44
1779.976, 13120.38
1781.905, 13116.99
1783.833, 13076.08
1785.762, 13001.71
1787.690, 12925.50
1789.619, 12939.92
1791.547, 12957.33
1793.476, 12892.54
1795.404, 12881.30
1797.333, 12935.66
1799.261, 12903.25
1801.190, 12823.53
1803.118, 12751.48
1805.047, 12688.91
1806.975, 12636.68
1808.903, 12607.40
1810.832, 12598.27
1812.760, 12584.43
1814.689, 12560.10
1816.617, 12499.44
1818.546, 12474.21
1820.474, 12523.46
1822.403, 12495.38
1824.331, 12427.40
1826.260, 12442.28
1828.188, 12447.74
1830.117, 12380.63
1832.045, 12342.10
1833.974, 12341.35
1835.902, 12332.94
1837.830, 12310.09
1839.759, 12251.62
1841.687, 12205.74
1843.616, 12190.35
1845.544, 12173.06
1847.473, 12149.47
1849.401, 12100.53
1851.330, 12062.05
1853.258, 12065.50
1855.187, 12031.35
1857.115, 11952.96
1859.044, 11897.50
1860.972, 11869.37
1862.901, 11884.36
1864.829, 11900.87
1866.757, 11908.60
1868.686, 11864.46
1870.614, 11798.46
1872.543, 11796.26
1874.471, 11779.96
1876.400, 11712.85
1878.328, 11651.50
1880.257, 11607.71
1882.185, 11600.99
1884.114, 11602.78
1886.042, 11584.78
1887.971, 11574.03
1889.899, 11572.58
1891.828, 11568.04
1893.756, 11550.49
1895.684, 11497.58
1897.613, 11444.53
1899.541, 11398.33
1901.470, 11394.14
1903.398, 11400.36
1905.327, 11311.25
1907.255, 11235.40
1909.184, 11233.56
1911.112, 11236.59
1913.041, 11228.72
1914.969, 11164.54
1916.898, 11110.19
1918.826, 11138.79
1920.755, 11129.07
1922.683, 11078.18
1924.611, 11031.91
1926.540, 11001.13
1928.468, 11019.25
1930.397, 11001.16
1932.325, 10936.79
1934.254, 10921.61
1936.182, 10924.25
1938.111, 10922.98
1940.039, 10883.45
1941.968, 10784.32
1943.896, 10708.72
1945.825, 10670.79
1947.753, 10698.24
1949.682, 10709.05
1951.610, 10666.57
1953.538, 10626.64
1955.467, 10588.49
1957.395, 10548.33
1959.324, 10524.46
1961.252, 10548.42
1963.181, 10503.54
1965.109, 10415.46
1967.038, 10379.53
1968.966, 10370.54
1970.895, 10375.70
1972.823, 10350.75
1974.752, 10311.07
1976.680, 10260.33
1978.609, 10224.82
1980.537, 10228.93
1982.465, 10203.61
1984.394, 10161.89
1986.322, 10149.63
1988.251, 10130.82
1990.179, 10091.46
1992.108, 10048.42
1994.036, 10013.07
1995.965, 9998.481
1997.893, 9977.243
1999.822, 9959.340
2001.750, 9918.515
2003.679, 9851.035
2005.607, 9840.216
2007.536, 9833.093
2009.464, 9771.732
2011.392, 9749.490
2013.321, 9756.197
2015.249, 9716.226
2017.178, 9664.779
2019.106, 9612.466
2021.035, 9591.374
2022.963, 9581.585
2024.892, 9533.763
2026.820, 9489.624
2028.749, 9470.561
2030.677, 9433.322
2032.606, 9384.272
2034.534, 9374.066
2036.463, 9358.138
2038.391, 9313.154
2040.319, 9297.745
2042.248, 9300.588
2044.176, 9280.725
2046.105, 9250.544
2048.033, 9211.268
2049.962, 9175.585
2051.890, 9146.334
2053.819, 9135.566
2055.747, 9118.950
2057.676, 9090.481
2059.604, 9037.155
2061.532, 8990.669
2063.461, 8961.410
2065.389, 8932.011
2067.318, 8913.855
2069.246, 8914.573
2071.175, 8910.892
2073.103, 8847.812
2075.032, 8797.879
2076.960, 8775.574
2078.889, 8790.418
2080.817, 8807.006
2082.746, 8819.180
2084.674, 8771.961
2086.603, 8699.427
2088.531, 8645.109
2090.459, 8606.878
2092.388, 8583.022
2094.316, 8585.511
2096.245, 8589.007
2098.173, 8557.938
2100.102, 8510.755
2102.030, 8452.845
2103.959, 8456.802
2105.887, 8477.676
2107.816, 8456.022
2109.744, 8399.076
2111.673, 8342.339
2113.601, 8299.527
2115.530, 8280.702
2117.458, 8299.464
2119.386, 8279.222
2121.315, 8232.576
2123.243, 8157.785
2125.172, 8097.955
2127.100, 8082.772
2129.029, 8083.949
2130.957, 8060.531
2132.886, 8020.558
2134.814, 7995.981
2136.743, 7972.598
2138.671, 7962.488
2140.600, 7946.054
2142.528, 7907.937
2144.457, 7878.252
2146.385, 7855.516
2148.313, 7826.868
2150.242, 7813.474
2152.170, 7814.527
2154.099, 7830.954
2156.027, 7817.166
2157.956, 7762.493
2159.884, 7713.561
2161.813, 7667.803
2163.741, 7641.657
2165.670, 7652.565
2167.598, 7695.090
2169.527, 7641.563
2171.455, 7557.370
2173.384, 7514.852
2175.312, 7468.947
2177.240, 7439.016
2179.169, 7449.548
2181.097, 7421.040
2183.026, 7370.772
2184.954, 7317.252
2186.883, 7276.787
2188.811, 7299.316
2190.740, 7295.149
2192.668, 7273.244
2194.597, 7254.335
2196.525, 7236.392
2198.454, 7211.825
2200.382, 7176.085
2202.311, 7141.698
2204.239, 7130.829
2206.167, 7098.771
2208.096, 7048.316
2210.024, 7054.178
2211.953, 7042.774
2213.881, 6975.077
2215.810, 6927.576
2217.738, 6905.573
2219.667, 6914.521
2221.595, 6905.089
2223.524, 6864.117
2225.452, 6809.708
2227.381, 6761.531
2229.309, 6727.963
2231.238, 6735.604
2233.166, 6728.730
2235.094, 6659.983
2237.023, 6617.976
2238.951, 6613.564
2240.880, 6591.135
2242.808, 6577.303
2244.737, 6591.245
2246.665, 6563.203
2248.594, 6518.950
2250.522, 6494.560
2252.451, 6480.183
2254.379, 6451.348
2256.308, 6380.466
2258.236, 6340.683
2260.165, 6332.412
2262.093, 6298.516
2264.021, 6276.874
2265.950, 6277.426
2267.878, 6240.566
2269.807, 6209.863
2271.735, 6227.920
2273.664, 6216.261
2275.592, 6182.704
2277.521, 6183.719
2279.449, 6154.518
2281.378, 6078.467
2283.306, 6082.030
2285.235, 6107.275
2287.163, 6087.744
2289.092, 6074.177
2291.020, 6053.638
2292.948, 6004.332
2294.877, 5963.387
2296.805, 5935.941
2298.734, 5938.875
2300.662, 5944.744
2302.591, 5934.080
2304.519, 5898.075
2306.448, 5856.674
2308.376, 5828.629
2310.305, 5827.769
2312.233, 5824.206
2314.162, 5764.466
2316.090, 5744.106
2318.019, 5762.659
2319.947, 5745.366
2321.875, 5721.927
2323.804, 5692.656
2325.732, 5638.028
2327.661, 5602.702
2329.589, 5610.017
2331.518, 5602.066
2333.446, 5587.211
2335.375, 5592.043
2337.303, 5572.955
2339.232, 5529.935
2341.160, 5465.434
2343.089, 5424.268
2345.017, 5412.222
2346.946, 5409.310
2348.874, 5396.938
2350.802, 5367.239
2352.731, 5361.471
2354.659, 5350.383
2356.588, 5306.151
2358.516, 5312.176
2360.445, 5331.038
2362.373, 5298.061
2364.302, 5256.290
2366.230, 5217.440
2368.159, 5193.245
2370.087, 5193.989
2372.016, 5211.465
2373.944, 5194.314
2375.873, 5151.881
2377.801, 5093.496
2379.729, 5097.468
2381.658, 5102.878
2383.586, 5072.328
2385.515, 5045.097
2387.443, 5026.281
2389.372, 5031.337
2391.300, 5016.336
2393.229, 4989.279
2395.157, 4960.196
2397.086, 4948.067
2399.014, 4945.544
2400.943, 4891.888
2402.871, 4858.175
2404.800, 4858.558
2406.728, 4834.162
2408.656, 4808.777
2410.585, 4785.361
2412.513, 4768.598
2414.442, 4759.856
2416.370, 4727.602
2418.299, 4741.086
2420.227, 4747.790
2422.156, 4687.460
2424.084, 4669.286
2426.013, 4662.346
2427.941, 4628.175
2429.870, 4618.046
2431.798, 4608.988
2433.727, 4552.562
2435.655, 4524.990
2437.583, 4514.352
2439.512, 4502.229
2441.440, 4507.531
2443.369, 4508.723
2445.297, 4481.699
2447.226, 4442.791
2449.154, 4404.762
2451.083, 4399.295
2453.011, 4391.419
2454.940, 4369.728
2456.868, 4341.518
2458.797, 4323.308
2460.725, 4315.604
2462.654, 4322.613
2464.582, 4324.842
2466.510, 4324.143
2468.439, 4270.959
2470.367, 4213.680
2472.296, 4198.801
2474.224, 4177.494
2476.153, 4157.438
2478.081, 4153.587
2480.010, 4135.530
2481.938, 4115.927
2483.867, 4124.929
2485.795, 4104.054
2487.724, 4068.906
2489.652, 4045.401
2491.581, 4026.060
2493.509, 4017.216
2495.438, 3986.559
2497.366, 3973.648
2499.294, 3968.653
2501.223, 3938.739
2503.151, 3928.458
2505.080, 3923.855
2507.008, 3874.049
2508.937, 3853.018
2510.865, 3837.459
2512.794, 3814.348
2514.722, 3796.773
2516.651, 3774.549
2518.579, 3755.966
2520.508, 3739.096
2522.436, 3726.026
2524.365, 3723.888
2526.293, 3719.676
2528.221, 3704.358
2530.150, 3675.893
2532.078, 3674.362
2534.007, 3677.097
2535.935, 3635.844
2537.864, 3597.874
2539.792, 3576.645
2541.721, 3574.943
2543.649, 3559.263
2545.578, 3526.224
2547.506, 3536.035
2549.435, 3526.760
2551.363, 3490.822
2553.292, 3476.527
2555.220, 3461.964
2557.148, 3451.362
2559.077, 3442.257
2561.005, 3428.937
2562.934, 3418.837
2564.862, 3385.457
2566.791, 3384.234
2568.719, 3396.532
2570.648, 3365.639
2572.576, 3335.356
2574.505, 3334.603
2576.433, 3314.693
2578.362, 3292.877
2580.290, 3266.571
2582.219, 3246.201
2584.147, 3244.067
2586.075, 3224.696
2588.004, 3199.218
2589.932, 3173.672
2591.861, 3166.192
2593.789, 3154.872
2595.718, 3133.016
2597.646, 3103.393
2599.575, 3097.011
2601.503, 3085.381
2603.432, 3067.129
2605.360, 3058.155
2607.289, 3049.017
2609.217, 3028.006
2611.146, 3007.173
2613.074, 2995.098
2615.002, 2965.611
2616.931, 2948.488
2618.859, 2958.921
2620.788, 2944.953
2622.716, 2926.115
2624.645, 2891.307
2626.573, 2860.065
2628.502, 2848.901
2630.430, 2832.082
2632.359, 2826.543
2634.287, 2841.379
2636.216, 2835.417
2638.144, 2800.115
2640.073, 2760.549
2642.001, 2742.191
2643.929, 2756.106
2645.858, 2755.063
2647.786, 2747.199
2649.715, 2737.197
2651.643, 2714.335
2653.572, 2706.094
2655.500, 2699.148
2657.429, 2703.550
2659.357, 2708.805
2661.286, 2682.490
2663.214, 2653.060
2665.143, 2645.188
2667.071, 2629.194
2669.000, 2607.219
2670.928, 2591.584
2672.856, 2569.295
2674.785, 2573.236
2676.713, 2571.439
2678.642, 2545.285
2680.570, 2512.781
2682.499, 2496.371
2684.427, 2492.683
2686.356, 2479.548
2688.284, 2468.455
2690.213, 2463.071
2692.141, 2443.161
2694.070, 2426.324
2695.998, 2416.487
2697.927, 2392.008
2699.855, 2393.760
2701.783, 2401.628
2703.712, 2388.961
2705.640, 2364.922
2707.569, 2356.546
2709.497, 2343.140
2711.426, 2300.118
2713.354, 2290.433
2715.283, 2294.489
2717.211, 2285.512
2719.140, 2279.923
2721.068, 2270.040
2722.997, 2271.268
2724.925, 2252.365
2726.854, 2216.253
2728.782, 2200.600
2730.710, 2197.680
2732.639, 2185.889
2734.567, 2144.657
2736.496, 2142.866
2738.424, 2134.102
2740.353, 2117.725
2742.281, 2108.112
2744.210, 2093.180
2746.138, 2080.512
2748.067, 2085.978
2749.995, 2093.706
2751.924, 2080.320
2753.852, 2030.426
2755.781, 2017.946
2757.709, 2018.758
2759.637, 2009.248
2761.566, 2000.950
2763.494, 1984.092
2765.423, 1957.877
2767.351, 1951.267
2769.280, 1954.540
2771.208, 1950.154
2773.137, 1929.305
2775.065, 1903.822
2776.994, 1885.743
2778.922, 1870.856
2780.851, 1870.057
2782.779, 1864.602
2784.708, 1842.709
2786.636, 1824.648
2788.564, 1801.072
2790.493, 1781.587
2792.421, 1800.340
2794.350, 1777.834
2796.278, 1757.976
2798.207, 1771.123
2800.135, 1753.942
2802.064, 1735.884
2803.992, 1726.998
2805.921, 1712.409
2807.849, 1704.249
2809.778, 1699.329
2811.706, 1699.004
2813.635, 1687.602
2815.563, 1672.161
2817.491, 1661.335
2819.420, 1660.934
2821.348, 1648.805
2823.277, 1622.907
2825.205, 1601.147
2827.134, 1603.312
2829.062, 1606.585
2830.991, 1571.696
2832.919, 1568.123
2834.848, 1565.946
2836.776, 1549.581
2838.705, 1547.917
2840.633, 1546.854
2842.562, 1544.332
2844.490, 1547.505
2846.418, 1516.280
2848.347, 1481.393
2850.275, 1472.637
2852.204, 1468.456
2854.132, 1456.973
2856.061, 1442.032
2857.989, 1449.275
2859.918, 1452.771
2861.846, 1436.293
2863.775, 1392.848
2865.703, 1382.339
2867.632, 1372.614
2869.560, 1355.569
2871.489, 1342.660
2873.417, 1343.317
2875.345, 1345.415
2877.274, 1336.162
2879.202, 1327.135
2881.131, 1321.404
2883.059, 1312.484
2884.988, 1308.182
2886.916, 1293.457
2888.845, 1273.561
2890.773, 1269.288
2892.702, 1267.556
2894.630, 1258.677
2896.559, 1239.814
2898.487, 1235.896
2900.416, 1234.061
2902.344, 1225.843
2904.272, 1213.905
2906.201, 1201.166
2908.129, 1184.721
2910.058, 1173.063
2911.986, 1170.189
2913.915, 1162.851
2915.843, 1151.459
2917.772, 1141.352
2919.700, 1125.454
2921.629, 1108.984
2923.557, 1095.833
2925.486, 1096.914
2927.414, 1093.837
2929.343, 1083.772
2931.271, 1085.575
2933.199, 1076.103
2935.128, 1059.799
2937.056, 1036.589
2938.985, 1028.367
2940.913, 1024.386
2942.842, 1023.272
2944.770, 1023.718
2946.699, 1014.407
2948.627, 1010.442
2950.556, 1012.366
2952.484, 988.4630
2954.413, 980.5630
2956.341, 988.6470
2958.270, 983.1820
2960.198, 951.1890
2962.126, 952.3090
2964.055, 973.7460
2965.983, 949.6960
2967.912, 946.1650
2969.840, 939.4170
2971.769, 924.0580
2973.697, 913.0310
2975.626, 905.7330
2977.554, 905.1470
2979.483, 891.8660
2981.411, 873.2020
2983.340, 877.1530
2985.268, 883.6410
2987.197, 846.8860
2989.125, 851.8040
2991.053, 867.8160
2992.982, 862.4050
2994.910, 818.9980
2996.839, 818.3360
2998.767, 825.7950
3000.696, 813.4020
3002.624, 816.5930
3004.553, 815.0070
3006.481, 806.1380
3008.410, 766.6370
3010.338, 768.3720
3012.267, 777.0280
3014.195, 758.4120
3016.124, 747.7170
3018.052, 751.8890
3019.980, 750.8160
3021.909, 729.5970
3023.837, 722.9280
3025.766, 714.3900
3027.694, 702.3230
3029.623, 712.1150
3031.551, 716.3540
3033.480, 705.5310
3035.408, 692.6360
3037.337, 676.1880
3039.265, 680.8220
3041.194, 689.4160
3043.122, 681.8750
3045.051, 648.5230
3046.979, 642.2120
3048.907, 641.3230
3050.836, 638.8460
3052.764, 640.5090
3054.693, 631.9180
3056.621, 628.9280
3058.550, 622.3250
3060.478, 622.6690
3062.407, 610.5790
3064.335, 590.7610
3066.264, 590.6880
3068.192, 586.4350
3070.121, 578.0300
3072.049, 578.5860
3073.978, 586.2160
3075.906, 570.6590
3077.834, 562.5830
3079.763, 569.6210
3081.691, 550.4690
3083.620, 541.0970
3085.548, 553.6200
3087.477, 563.1930
3089.405, 531.6860
3091.334, 530.8750
3093.262, 535.2860
3095.191, 519.4750
3097.119, 530.6670
3099.048, 530.2770
3100.976, 519.7380
3102.905, 498.9670
3104.833, 493.7580
3106.761, 495.8290
3108.690, 487.5660
3110.618, 499.0770
3112.547, 474.9510
3114.475, 466.0210
3116.404, 463.1490
3118.332, 444.5140
3120.261, 430.0690
3122.189, 434.9680
3124.118, 452.5330
3126.046, 453.7600
3127.975, 447.5460
3129.903, 434.3550
3131.832, 423.4440
3133.760, 411.6950
3135.688, 418.3230
3137.617, 411.0000
3139.545, 406.5950
3141.474, 429.9560
3143.402, 401.4020
3145.331, 392.3150
3147.259, 403.4920
3149.188, 395.1520
3151.116, 387.4670
3153.045, 375.3220
3154.973, 369.7870
3156.902, 377.1560
3158.830, 352.7960
3160.759, 349.4220
3162.687, 355.4260
3164.615, 358.4940
3166.544, 364.3980
3168.472, 365.0630
3170.401, 356.6130
3172.329, 343.0050
3174.258, 337.9850
3176.186, 338.2200
3178.115, 331.0070
3180.043, 315.6400
3181.972, 328.3580
3183.900, 318.6660
3185.829, 314.4530
3187.757, 332.4250
3189.686, 308.2010
3191.614, 297.2170
3193.542, 295.8800
3195.471, 295.3360
3197.399, 294.9740
3199.328, 286.6640
3201.256, 277.3430
3203.185, 273.1300
3205.113, 286.9820
3207.042, 285.7440
3208.970, 277.1400
3210.899, 271.6420
3212.827, 280.1860
3214.756, 264.8220
3216.684, 258.0490
3218.613, 258.6580
3220.541, 270.1350
3222.469, 264.5600
3224.398, 271.4010
3226.326, 278.0920
3228.255, 271.5370
3230.183, 277.7940
3232.112, 274.3950
3234.040, 265.1510
3235.969, 254.6150
3237.897, 246.9690
3239.826, 243.3160
3241.754, 242.4590
3243.683, 243.7640
3245.611, 245.0200
3247.540, 228.5940
3249.468, 220.9560
3251.396, 226.6170
3253.325, 235.2570
3255.253, 224.7320
3257.182, 216.8140
3259.110, 217.4630
3261.039, 224.7010
3262.967, 236.9710
3264.896, 223.8890
3266.824, 221.2990
3268.753, 226.9720
3270.681, 220.2120
3272.610, 229.0010
3274.538, 226.9350
3276.467, 218.6020
3278.395, 212.4860
3280.323, 210.8290
3282.252, 212.8820
3284.180, 199.7020
3286.109, 182.0080
3288.037, 198.5050
3289.966, 200.8140
3291.894, 204.2840
3293.823, 201.0180
3295.751, 183.7540
3297.680, 178.4430
3299.608, 178.7290
3301.537, 173.6820
3303.465, 168.0310
3305.394, 180.7670
3307.322, 207.1150
3309.250, 208.9550
3311.179, 190.1170
3313.107, 170.3920
3315.036, 195.1240
3316.964, 185.3350
3318.893, 179.1810
3320.821, 187.6050
3322.750, 185.1990
3324.678, 170.5770
3326.607, 163.5980
3328.535, 171.5590
3330.464, 188.7190
3332.392, 181.7600
3334.321, 171.5390
3336.249, 174.9100
3338.177, 181.4490
3340.106, 170.7290
3342.034, 180.9120
3343.963, 184.7800
3345.891, 173.9860
3347.820, 159.1540
3349.748, 169.3310
3351.677, 176.5450
3353.605, 158.9890
3355.534, 158.0760
3357.462, 191.3750
3359.391, 153.6540
3361.319, 154.2200
3363.248, 155.3130
3365.176, 154.8160
3367.104, 173.1270
3369.033, 149.4780
3370.961, 139.6290
3372.890, 154.3520
3374.818, 176.0170
3376.747, 162.8760
3378.675, 155.5140
3380.604, 152.2760
3382.532, 145.5020
3384.461, 133.9110
3386.389, 133.9530
3388.318, 133.2460
3390.246, 144.5440
3392.175, 151.6400
3394.103, 138.2040
3396.031, 114.6860
3397.960, 135.6310
3399.888, 149.0960
3401.817, 144.7670
3403.745, 137.7410
3405.674, 127.4630
3407.602, 117.5950
3409.531, 111.3990
3411.459, 118.3410
3413.388, 145.7130
3415.316, 143.3040
3417.245, 123.1160
3419.173, 117.9760
3421.102, 137.8890
3423.030, 167.3160
3424.958, 141.1040
3426.887, 128.6690
3428.815, 128.4190
##END=



