##NAMES=Atencioite
##RRUFFID=R060893
##IDEAL CHEMISTRY=Ca_2_Fe^2+^_3_Mg_2_Be_4_(PO_4_)_6_(OH)_4_·6H_2_O
##LOCALITY=Linópolis, Minas Gerais, Brazil
##OWNER=RRUFF
##SOURCE=Michael Scott
##DESCRIPTION=Elongated, spherically radiating gray to pale yellow-green crystals, associated with prismatic orange ushkovite and dark green rockbridgeite.
##STATUS=The identification of this mineral is confirmed by single-crystal X-ray diffraction and chemical analysis
##URL=https://www.rruff.net/odr/rruff_sample/R060893
##MEASURED CHEMISTRY=Ca_1.94_(Fe^2+^_2.35_Mg_0.40_Mn_0.20_Al_0.04_)Mg_2_Be_4_(PO_4_)_6_(OH)_4_·6H_2_O ; Light phase. The dark phase is Ca_1.95_(Fe^2+^_1.69_Mg_0.97_Mn_0.12_Al_0.09_)Mg_2_Be_4_(PO_4_)_6_(OH)_4_·6H_2_O.   The Be content is assumed.
##DIFFRACTION SAMPLE DESCRIPTION=Single crystal, powder profile is calculated
##CELL PARAMETERS=a: 6.6656 b: 9.865 c: 9.907 alpha: 73.605 beta: 85.209 gamma: 86.912 volume: 622.5 crystal system: triclinic
##FILETYPE=Raman Processed
##RAMAN WAVELENGTH=780

132.8035, 358.9207
134.7319, 359.8279
136.6604, 363.4000
138.5889, 367.7346
140.5173, 371.4706
142.4458, 374.5668
144.3743, 375.5224
146.3027, 372.6014
148.2312, 369.7308
150.1597, 367.2995
152.0881, 365.2835
154.0166, 363.7196
155.9451, 362.5610
157.8735, 361.4099
159.8020, 359.9129
161.7305, 358.9737
163.6589, 358.5732
165.5874, 358.8812
167.5159, 360.2184
169.4443, 362.3227
171.3728, 364.2718
173.3013, 365.8510
175.2297, 367.6499
177.1582, 369.6102
179.0867, 371.8329
181.0151, 375.1636
182.9436, 378.4801
184.8721, 379.6504
186.8005, 378.0057
188.7290, 376.3463
190.6575, 374.0507
192.5859, 372.8239
194.5144, 373.5411
196.4429, 375.6173
198.3713, 378.9410
200.2998, 383.5458
202.2283, 387.6937
204.1567, 391.2158
206.0852, 394.7839
208.0137, 399.0600
209.9421, 402.8753
211.8706, 405.9089
213.7991, 407.9315
215.7275, 407.8305
217.6560, 405.4981
219.5845, 402.3031
221.5129, 397.6275
223.4414, 393.5043
225.3699, 391.0117
227.2983, 389.3638
229.2268, 387.6703
231.1553, 385.9007
233.0837, 383.5970
235.0122, 380.5493
236.9407, 377.5533
238.8691, 374.9063
240.7976, 372.3602
242.7261, 369.5025
244.6545, 366.6593
246.5830, 365.0205
248.5115, 364.6404
250.4399, 363.9818
252.3684, 362.2315
254.2969, 361.0370
256.2253, 361.6070
258.1538, 362.5674
260.0823, 362.2135
262.0107, 360.7772
263.9392, 359.2998
265.8677, 357.6934
267.7961, 356.5563
269.7246, 356.6405
271.6531, 356.5023
273.5815, 355.2627
275.5100, 353.4364
277.4385, 352.0167
279.3669, 350.9449
281.2954, 349.2863
283.2239, 346.1229
285.1523, 343.9460
287.0808, 344.0751
289.0093, 344.4834
290.9377, 343.3386
292.8662, 341.5864
294.7947, 341.0419
296.7231, 341.8076
298.6516, 342.9845
300.5801, 344.8810
302.5085, 346.6050
304.4370, 347.8276
306.3655, 348.9487
308.2939, 350.3883
310.2224, 351.9594
312.1509, 353.3277
314.0793, 354.6198
316.0078, 355.0517
317.9363, 354.4639
319.8647, 353.2410
321.7932, 351.1128
323.7217, 348.7071
325.6501, 346.1834
327.5786, 343.8334
329.5071, 342.6793
331.4355, 343.2248
333.3640, 343.7477
335.2925, 344.2298
337.2209, 344.6895
339.1494, 345.3375
341.0779, 345.7314
343.0063, 345.4020
344.9348, 344.5713
346.8633, 344.0524
348.7917, 344.0465
350.7202, 343.6678
352.6487, 342.7079
354.5771, 341.8141
356.5056, 341.1253
358.4341, 340.6733
360.3625, 340.4213
362.2910, 340.4265
364.2195, 340.6347
366.1479, 340.8608
368.0764, 342.7538
370.0049, 346.6568
371.9333, 351.1436
373.8618, 355.4908
375.7903, 360.8183
377.7188, 368.7515
379.6472, 377.3729
381.5757, 384.2104
383.5042, 389.1447
385.4326, 390.4605
387.3611, 387.9748
389.2896, 383.1142
391.2180, 374.5970
393.1465, 366.5039
395.0750, 359.8412
397.0034, 355.0456
398.9319, 352.6058
400.8604, 352.4537
402.7888, 354.7754
404.7173, 359.6107
406.6458, 363.7165
408.5742, 366.7154
410.5027, 368.7759
412.4312, 370.0168
414.3596, 370.2731
416.2881, 369.6304
418.2166, 367.8424
420.1450, 363.9428
422.0735, 358.3330
424.0020, 352.8920
425.9304, 347.2997
427.8589, 344.4002
429.7874, 345.3617
431.7158, 348.5653
433.6443, 354.8526
435.5728, 361.9054
437.5012, 369.1749
439.4297, 375.1783
441.3582, 376.9342
443.2866, 374.6111
445.2151, 369.5426
447.1436, 360.6396
449.0720, 352.4685
451.0005, 345.5874
452.9290, 339.8791
454.8574, 335.4633
456.7859, 332.0773
458.7144, 329.7220
460.6428, 328.1375
462.5713, 326.9380
464.4998, 326.1239
466.4282, 325.1830
468.3567, 324.0563
470.2852, 322.8366
472.2136, 321.2803
474.1421, 319.9637
476.0706, 319.2036
477.9990, 318.7076
479.9275, 318.1401
481.8560, 317.6360
483.7844, 317.5207
485.7129, 317.8068
487.6414, 318.2213
489.5698, 319.1578
491.4983, 319.5349
493.4268, 318.6869
495.3552, 318.1753
497.2837, 318.8943
499.2122, 319.8316
501.1406, 320.4266
503.0691, 320.6504
504.9976, 320.4017
506.9260, 319.6795
508.8545, 318.5771
510.7830, 316.7218
512.7114, 315.3478
514.6399, 314.4572
516.5684, 314.0287
518.4968, 314.1945
520.4253, 314.6294
522.3538, 315.3857
524.2822, 316.1210
526.2107, 316.6523
528.1392, 316.8559
530.0676, 316.1268
531.9961, 314.3528
533.9246, 312.3698
535.8530, 310.0399
537.7815, 308.0699
539.7100, 306.5822
541.6384, 305.4843
543.5669, 304.8500
545.4954, 304.4667
547.4238, 303.9749
549.3523, 303.8005
551.2808, 304.6827
553.2092, 306.4817
555.1377, 308.5916
557.0662, 311.0220
558.9946, 312.8850
560.9231, 314.0711
562.8516, 314.8795
564.7800, 315.3389
566.7085, 315.4948
568.6370, 315.3872
570.5654, 314.9826
572.4939, 313.9482
574.4224, 312.8040
576.3508, 312.5020
578.2793, 312.7205
580.2078, 312.1532
582.1362, 310.8768
584.0647, 310.1190
585.9932, 310.1982
587.9216, 309.7084
589.8501, 307.5777
591.7786, 306.2328
593.7070, 306.5763
595.6355, 307.4836
597.5640, 308.4964
599.4924, 309.6615
601.4209, 311.3076
603.3494, 313.0148
605.2778, 314.1535
607.2063, 314.6444
609.1348, 313.9680
611.0632, 311.9785
612.9917, 309.7430
614.9202, 306.5301
616.8486, 304.8341
618.7771, 304.9854
620.7056, 306.5728
622.6340, 309.2209
624.5625, 313.5564
626.4910, 320.4619
628.4194, 328.9095
630.3479, 339.2929
632.2764, 349.6696
634.2048, 356.7631
636.1333, 360.3581
638.0618, 358.0954
639.9902, 348.5503
641.9187, 338.1787
643.8472, 325.4467
645.7756, 314.8387
647.7041, 306.6101
649.6326, 300.5626
651.5610, 297.7696
653.4895, 295.6604
655.4180, 292.6187
657.3464, 289.7525
659.2749, 288.0931
661.2034, 287.1811
663.1318, 286.2970
665.0603, 285.4723
666.9888, 284.8622
668.9172, 284.4878
670.8457, 284.1303
672.7742, 283.7596
674.7026, 283.4659
676.6311, 283.2397
678.5596, 283.1002
680.4880, 283.1545
682.4165, 283.0581
684.3450, 282.4054
686.2734, 281.9456
688.2019, 282.2431
690.1304, 282.7816
692.0588, 283.2189
693.9873, 283.5035
695.9158, 283.4325
697.8442, 283.1259
699.7727, 283.0370
701.7012, 283.1676
703.6296, 283.6234
705.5581, 284.4391
707.4866, 284.7336
709.4150, 284.1995
711.3435, 284.4718
713.2720, 286.4932
715.2004, 287.8111
717.1289, 287.1442
719.0574, 286.3434
720.9858, 286.2739
722.9143, 286.0846
724.8428, 285.3328
726.7712, 284.1105
728.6997, 282.0228
730.6282, 279.8276
732.5566, 278.9602
734.4851, 279.0514
736.4136, 279.1098
738.3420, 279.0822
740.2705, 278.6802
742.1990, 277.8790
744.1274, 277.0692
746.0559, 276.2809
747.9844, 275.4621
749.9128, 274.4433
751.8413, 273.7901
753.7698, 273.7978
755.6982, 273.8905
757.6267, 274.1478
759.5552, 274.1977
761.4836, 273.6688
763.4121, 273.1302
765.3406, 272.8362
767.2690, 272.8553
769.1975, 273.5448
771.1260, 274.3608
773.0544, 274.5888
774.9829, 274.3591
776.9114, 273.8990
778.8398, 273.2397
780.7683, 272.5143
782.6968, 271.7014
784.6252, 271.3860
786.5537, 271.8202
788.4822, 271.8568
790.4106, 271.3051
792.3391, 270.7517
794.2676, 269.9051
796.1960, 269.7223
798.1245, 270.5905
800.0530, 271.6695
801.9814, 273.1137
803.9099, 274.0470
805.8384, 273.8224
807.7668, 273.4028
809.6953, 273.3036
811.6238, 273.2550
813.5522, 273.0721
815.4807, 272.8173
817.4092, 272.5812
819.3376, 272.2757
821.2661, 271.7831
823.1946, 271.1236
825.1230, 270.2166
827.0515, 269.2048
828.9800, 268.7061
830.9084, 268.6734
832.8369, 268.5665
834.7654, 268.3993
836.6938, 267.9077
838.6223, 267.0717
840.5508, 266.4042
842.4792, 265.9625
844.4077, 265.3210
846.3362, 264.3734
848.2646, 263.4686
850.1931, 262.7103
852.1216, 261.7852
854.0500, 260.3828
855.9785, 259.4157
857.9070, 259.5862
859.8354, 259.5302
861.7639, 258.6457
863.6924, 257.6922
865.6208, 256.7410
867.5493, 256.1203
869.4778, 256.3224
871.4063, 256.5288
873.3347, 256.0384
875.2632, 255.3489
877.1917, 254.7876
879.1201, 254.4299
881.0486, 254.6997
882.9771, 254.9858
884.9055, 254.0920
886.8340, 252.7388
888.7625, 252.3331
890.6909, 252.4566
892.6194, 252.0243
894.5479, 251.4063
896.4763, 252.1336
898.4048, 253.7073
900.3333, 253.5112
902.2617, 251.7578
904.1902, 250.9997
906.1187, 251.3250
908.0471, 251.4976
909.9756, 251.4467
911.9041, 251.3793
913.8325, 251.1249
915.7610, 251.6390
917.6895, 253.5465
919.6179, 254.5186
921.5464, 253.9363
923.4749, 253.5373
925.4033, 253.1548
927.3318, 253.3519
929.2603, 254.2584
931.1887, 255.5952
933.1172, 257.6218
935.0457, 259.3889
936.9741, 260.2773
938.9026, 261.8473
940.8311, 264.3191
942.7595, 267.9482
944.6880, 273.1906
946.6165, 278.8068
948.5449, 284.5978
950.4734, 290.1731
952.4019, 295.6808
954.3303, 300.3391
956.2588, 303.8096
958.1873, 306.2660
960.1157, 306.9425
962.0442, 307.9183
963.9727, 308.9249
965.9011, 312.4901
967.8296, 318.7051
969.7581, 329.5845
971.6865, 346.2310
973.6150, 368.1451
975.5435, 397.5751
977.4719, 428.9161
979.4004, 464.9340
981.3289, 492.6413
983.2573, 503.0233
985.1858, 497.8881
987.1143, 472.4478
989.0427, 439.4189
990.9712, 407.4477
992.8997, 378.4115
994.8281, 354.1700
996.7566, 334.1869
998.6851, 318.3233
1000.614, 305.9790
1002.542, 297.0908
1004.470, 290.7276
1006.399, 286.2109
1008.327, 283.1352
1010.256, 281.0109
1012.184, 280.0014
1014.113, 280.8740
1016.041, 282.4907
1017.970, 284.1242
1019.898, 284.8846
1021.827, 283.1059
1023.755, 280.1385
1025.684, 277.6643
1027.612, 275.2528
1029.541, 272.0585
1031.469, 268.7673
1033.397, 266.1089
1035.326, 264.0656
1037.254, 262.7605
1039.183, 261.9294
1041.111, 261.2749
1043.040, 260.8680
1044.968, 260.8177
1046.897, 261.0715
1048.825, 261.9081
1050.754, 262.6955
1052.682, 262.8108
1054.611, 262.2651
1056.539, 260.7267
1058.468, 258.8590
1060.396, 257.6282
1062.324, 256.3061
1064.253, 253.7649
1066.181, 250.9933
1068.110, 249.2176
1070.038, 247.6224
1071.967, 245.1621
1073.895, 242.6872
1075.824, 240.7197
1077.752, 239.4952
1079.681, 239.6389
1081.609, 240.1440
1083.538, 240.3304
1085.466, 240.2654
1087.395, 239.8494
1089.323, 239.3921
1091.251, 238.9118
1093.180, 238.7491
1095.108, 239.5728
1097.037, 240.2009
1098.965, 239.5999
1100.894, 239.0228
1102.822, 239.3122
1104.751, 239.6187
1106.679, 239.3047
1108.608, 239.2374
1110.536, 239.6210
1112.465, 240.5890
1114.393, 242.9118
1116.322, 244.6251
1118.250, 244.7617
1120.178, 244.7999
1122.107, 245.6859
1124.035, 245.4791
1125.964, 243.6020
1127.892, 240.7602
1129.821, 236.1753
1131.749, 232.9835
1133.678, 232.1709
1135.606, 231.5982
1137.535, 231.1243
1139.463, 230.1853
1141.392, 228.4515
1143.320, 227.4022
1145.249, 227.3418
1147.177, 227.0481
1149.105, 226.3698
1151.034, 226.0607
1152.962, 226.1891
1154.891, 226.4086
1156.819, 226.6947
1158.748, 226.4439
1160.676, 225.6716
1162.605, 224.9421
1164.533, 224.2812
1166.462, 223.7258
1168.390, 223.3734
1170.319, 223.9621
1172.247, 224.9779
1174.176, 224.6394
1176.104, 223.6109
1178.032, 223.2351
1179.961, 223.2566
1181.889, 223.4434
1183.818, 223.5907
1185.746, 223.4374
1187.675, 223.1221
1189.603, 222.6708
1191.532, 222.2614
1193.460, 221.8977
1195.389, 221.8278
1197.317, 222.5824
1199.246, 222.9450
1201.174, 222.0864
1203.103, 221.1923
1205.031, 220.6379
1206.959, 220.3982
1208.888, 220.5250
1210.816, 220.8506
1212.745, 221.4605
1214.673, 221.6373
1216.602, 221.1617
1218.530, 220.9793
1220.459, 221.2314
1222.387, 221.2703
1224.316, 221.0408
1226.244, 221.1305
1228.173, 221.5186
1230.101, 221.7587
1232.030, 221.7900
1233.958, 221.1397
1235.886, 220.1879
1237.815, 220.1274
1239.743, 220.5639
1241.672, 220.9505
1243.600, 221.1121
1245.529, 220.6219
1247.457, 220.0114
1249.386, 219.7506
1251.314, 219.7126
1253.243, 219.8586
1255.171, 220.1104
1257.100, 220.4998
1259.028, 220.8444
1260.957, 221.2907
1262.885, 221.2501
1264.813, 220.0901
1266.742, 219.5385
1268.670, 219.9621
1270.599, 220.3656
1272.527, 220.7770
1274.456, 220.3878
1276.384, 219.1847
1278.313, 218.9298
1280.241, 219.5011
1282.170, 219.8550
1284.098, 220.0416
1286.027, 220.1712
1287.955, 220.3393
1289.884, 220.8711
1291.812, 221.3577
1293.740, 221.2581
1295.669, 221.0763
1297.597, 221.2112
1299.526, 221.3532
1301.454, 221.3453
1303.383, 221.2937
1305.311, 221.2501
1307.240, 221.1037
1309.168, 220.7298
1311.097, 220.6810
1313.025, 221.1736
1314.954, 221.1568
1316.882, 220.5538
1318.811, 220.2890
1320.739, 220.3312
1322.667, 220.3358
1324.596, 220.3913
1326.524, 220.9294
1328.453, 221.5080
1330.381, 221.2176
1332.310, 220.7922
1334.238, 221.0493
1336.167, 221.3273
1338.095, 221.1146
1340.024, 221.0147
1341.952, 221.3809
1343.881, 221.4269
1345.809, 220.9453
1347.738, 220.2430
1349.666, 219.3403
1351.594, 219.2587
1353.523, 219.9630
1355.451, 220.1246
1357.380, 219.8992
1359.308, 220.2742
1361.237, 220.7193
1363.165, 219.8775
1365.094, 218.8457
1367.022, 219.0345
1368.951, 219.3960
1370.879, 219.0705
1372.808, 218.8226
1374.736, 219.1500
1376.665, 219.2776
1378.593, 219.0418
1380.521, 218.6784
1382.450, 218.1831
1384.378, 217.7629
1386.307, 217.4817
1388.235, 218.1669
1390.164, 219.3359
1392.092, 219.4637
1394.021, 218.9414
1395.949, 217.9555
1397.878, 217.1991
1399.806, 217.5426
1401.735, 217.8300
1403.663, 217.1082
1405.592, 217.0146
1407.520, 218.6225
1409.448, 219.2593
1411.377, 218.2419
1413.305, 217.7416
1415.234, 217.7506
1417.162, 217.9534
1419.091, 218.2279
1421.019, 217.9201
1422.948, 217.6534
1424.876, 219.0189
1426.805, 219.9678
1428.733, 218.5452
1430.662, 217.2403
1432.590, 217.1392
1434.519, 217.0403
1436.447, 216.6290
1438.375, 216.3872
1440.304, 216.3712
1442.232, 216.0749
1444.161, 215.6142
1446.089, 215.7697
1448.018, 216.1479
1449.946, 215.9543
1451.875, 215.5793
1453.803, 214.9194
1455.732, 215.0383
1457.660, 217.3363
1459.589, 218.3564
1461.517, 217.0981
1463.446, 216.2837
1465.374, 216.1959
1467.302, 215.2847
1469.231, 213.8345
1471.159, 213.4938
1473.088, 213.7173
1475.016, 213.7140
1476.945, 213.5371
1478.873, 213.3298
1480.802, 212.8021
1482.730, 211.3562
1484.659, 210.5498
1486.587, 210.7628
1488.516, 211.0394
1490.444, 211.3124
1492.373, 211.1137
1494.301, 210.5996
1496.229, 210.1413
1498.158, 209.8662
1500.086, 210.0226
1502.015, 210.2612
1503.943, 210.3748
1505.872, 210.5069
1507.800, 210.8447
1509.729, 210.8974
1511.657, 210.6599
1513.586, 209.6892
1515.514, 208.3514
1517.443, 209.3112
1519.371, 210.9068
1521.300, 210.1940
1523.228, 209.1009
1525.156, 208.8677
1527.085, 208.6325
1529.013, 207.9851
1530.942, 207.8696
1532.870, 208.5387
1534.799, 208.5449
1536.727, 208.0313
1538.656, 207.8510
1540.584, 207.7736
1542.513, 207.3324
1544.441, 206.9425
1546.370, 206.9671
1548.298, 206.8616
1550.227, 206.3607
1552.155, 206.4165
1554.083, 207.1167
1556.012, 207.2046
1557.940, 206.9183
1559.869, 207.4414
1561.797, 208.0673
1563.726, 207.9900
1565.654, 207.4468
1567.583, 206.0919
1569.511, 205.4340
1571.440, 205.8509
1573.368, 205.9706
1575.297, 205.7163
1577.225, 205.3071
1579.154, 204.9393
1581.082, 205.1026
1583.010, 205.3192
1584.939, 205.0275
1586.867, 204.9006
1588.796, 205.7305
1590.724, 205.2912
1592.653, 203.3640
1594.581, 202.5548
1596.510, 202.6153
1598.438, 202.7149
1600.367, 202.6506
1602.295, 202.0031
1604.224, 201.4922
1606.152, 201.6982
1608.081, 201.6449
1610.009, 201.0523
1611.938, 200.8327
1613.866, 200.9273
1615.794, 201.1052
1617.723, 201.2262
1619.651, 201.1140
1621.580, 200.8377
1623.508, 200.4045
1625.437, 199.8593
1627.365, 199.1363
1629.294, 198.8599
1631.222, 198.9387
1633.151, 198.7739
1635.079, 198.4016
1637.008, 197.8456
1638.936, 197.1266
1640.865, 196.0712
1642.793, 195.6300
1644.721, 196.0676
1646.650, 196.0340
1648.578, 195.6110
1650.507, 195.5858
1652.435, 195.6919
1654.364, 195.6425
1656.292, 195.3790
1658.221, 194.6496
1660.149, 194.5904
1662.078, 195.3533
1664.006, 195.8966
1665.935, 196.0224
1667.863, 195.0657
1669.792, 193.9956
1671.720, 193.9118
1673.648, 194.0336
1675.577, 194.2505
1677.505, 193.9317
1679.434, 193.1037
1681.362, 192.8780
1683.291, 192.9854
1685.219, 192.8506
1687.148, 192.6439
1689.076, 192.4984
1691.005, 192.2732
1692.933, 191.8257
1694.862, 192.0418
1696.790, 192.6667
1698.719, 191.9519
1700.647, 190.8790
1702.575, 190.5874
1704.504, 190.5014
1706.432, 190.4009
1708.361, 190.4575
1710.289, 190.7398
1712.218, 190.0081
1714.146, 188.9319
1716.075, 189.4054
1718.003, 189.7244
1719.932, 188.5745
1721.860, 187.6935
1723.789, 187.5683
1725.717, 187.3539
1727.646, 187.0635
1729.574, 186.7567
1731.502, 186.6102
1733.431, 186.9492
1735.359, 187.1324
1737.288, 186.9447
1739.216, 186.7718
1741.145, 186.5657
1743.073, 185.5193
1745.002, 184.2881
1746.930, 183.7520
1748.859, 183.5583
1750.787, 183.6075
1752.716, 183.9594
1754.644, 184.4960
1756.573, 183.5780
1758.501, 182.2616
1760.429, 182.4974
1762.358, 182.9136
1764.286, 182.7860
1766.215, 182.6689
1768.143, 182.5797
1770.072, 181.7010
1772.000, 180.6407
1773.929, 180.7573
1775.857, 180.9514
1777.786, 180.5360
1779.714, 179.9651
1781.643, 179.3036
1783.571, 179.2887
1785.500, 179.5336
1787.428, 179.2109
1789.356, 178.8115
1791.285, 178.5456
1793.213, 178.4917
1795.142, 178.6407
1797.070, 179.1892
1798.999, 179.5741
1800.927, 178.1228
1802.856, 177.0963
1804.784, 178.2509
1806.713, 178.7763
1808.641, 178.3538
1810.570, 177.3495
1812.498, 176.1524
1814.427, 175.3679
1816.355, 174.9178
1818.283, 174.9237
1820.212, 174.5090
1822.140, 173.6531
1824.069, 173.7156
1825.997, 174.1577
1827.926, 174.4349
1829.854, 174.1467
1831.783, 172.9754
1833.711, 172.6787
1835.640, 173.1297
1837.568, 172.6335
1839.497, 171.8606
1841.425, 171.5696
1843.354, 171.2047
1845.282, 170.6421
1847.210, 170.4844
1849.139, 170.5396
1851.067, 170.0473
1852.996, 169.5690
1854.924, 169.6137
1856.853, 169.5722
1858.781, 169.3690
1860.710, 169.0838
1862.638, 168.7118
1864.567, 168.3296
1866.495, 167.6384
1868.424, 166.1522
1870.352, 165.8460
1872.281, 166.5140
1874.209, 166.4185
1876.137, 166.0043
1878.066, 165.6196
1879.994, 165.2859
1881.923, 165.0154
1883.851, 164.7122
1885.780, 164.3610
1887.708, 163.9474
1889.637, 163.4714
1891.565, 162.8655
1893.494, 162.3476
1895.422, 161.9679
1897.351, 162.5581
1899.279, 163.0801
1901.208, 162.4102
1903.136, 161.4837
1905.064, 160.4425
1906.993, 160.2849
1908.921, 160.6205
1910.850, 160.5057
1912.778, 160.2584
1914.707, 160.0274
1916.635, 159.8079
1918.564, 159.5704
1920.492, 159.0610
1922.421, 158.3522
1924.349, 157.2651
1926.278, 156.8670
1928.206, 157.3527
1930.135, 156.9100
1932.063, 156.1490
1933.991, 156.5093
1935.920, 156.5279
1937.848, 155.6167
1939.777, 155.4709
1941.705, 155.8042
1943.634, 155.0621
1945.562, 154.2282
1947.491, 154.0737
1949.419, 153.7613
1951.348, 153.2458
1953.276, 152.7679
1955.205, 152.3148
1957.133, 151.7559
1959.062, 151.5457
1960.990, 151.7461
1962.918, 151.0517
1964.847, 150.0308
1966.775, 149.6928
1968.704, 149.2589
1970.632, 148.3445
1972.561, 147.9663
1974.489, 147.9628
1976.418, 147.9843
1978.346, 147.8452
1980.275, 147.2281
1982.203, 147.1153
1984.132, 147.3661
1986.060, 147.2422
1987.989, 147.0579
1989.917, 147.1892
1991.845, 146.4341
1993.774, 144.9235
1995.702, 144.6457
1997.631, 144.7117
1999.559, 144.4244
2001.488, 144.2742
2003.416, 144.2935
2005.345, 143.1732
2007.273, 142.0348
2009.202, 142.1111
2011.130, 142.5695
2013.059, 143.2030
2014.987, 143.4304
2016.916, 143.1235
2018.844, 141.7515
2020.772, 140.5206
2022.701, 139.6927
2024.629, 139.8222
2026.558, 140.2007
2028.486, 139.7166
2030.415, 139.2516
2032.343, 139.0081
2034.272, 139.0226
2036.200, 139.0682
2038.129, 138.8037
2040.057, 138.4270
2041.986, 138.0007
2043.914, 137.3060
2045.843, 136.5764
2047.771, 136.3863
2049.699, 135.8087
2051.628, 134.4777
2053.556, 134.1023
2055.485, 134.4050
2057.413, 135.2825
2059.342, 135.4321
2061.270, 134.2077
2063.199, 134.0363
2065.127, 134.1599
2067.056, 133.4220
2068.984, 132.6215
2070.913, 131.9797
2072.841, 131.7843
2074.770, 131.5665
2076.698, 130.4407
2078.626, 129.9325
2080.555, 130.5035
2082.483, 130.2985
2084.412, 129.7057
2086.340, 129.0447
2088.269, 128.7792
2090.197, 128.9704
2092.126, 128.1962
2094.054, 127.5403
2095.983, 128.3908
2097.911, 128.2132
2099.840, 126.8131
2101.768, 126.2130
2103.697, 126.0017
2105.625, 125.9006
2107.553, 125.9180
2109.482, 125.9186
2111.410, 125.1771
2113.339, 124.6378
2115.267, 125.0401
2117.196, 124.4550
2119.124, 123.3127
2121.053, 123.1735
2122.981, 123.3245
2124.910, 123.5298
2126.838, 123.1299
2128.767, 122.3791
2130.695, 121.7019
2132.624, 121.1611
2134.552, 120.7772
2136.480, 120.3539
2138.409, 120.1653
2140.337, 120.8874
2142.266, 120.8877
2144.194, 120.0223
2146.123, 119.7329
2148.051, 119.5702
2149.980, 119.1680
2151.908, 118.9538
2153.837, 118.8061
2155.765, 117.9502
2157.694, 117.1083
2159.622, 116.5719
2161.551, 116.7457
2163.479, 117.1294
2165.407, 116.7478
2167.336, 116.0674
2169.264, 115.2150
2171.193, 115.7390
2173.121, 116.2978
2175.050, 115.4476
2176.978, 114.7512
2178.907, 114.3446
2180.835, 113.4817
2182.764, 112.8926
2184.692, 112.9537
2186.621, 113.0437
2188.549, 113.0236
2190.478, 112.6625
2192.406, 112.2948
2194.334, 111.9836
2196.263, 111.3935
2198.191, 110.8182
2200.120, 110.6748
2202.048, 110.3209
2203.977, 109.8191
2205.905, 109.4549
2207.834, 109.5838
2209.762, 110.6159
2211.691, 110.2060
2213.619, 108.9907
2215.548, 107.7631
2217.476, 107.1034
2219.405, 107.0223
2221.333, 106.8770
2223.261, 106.7448
2225.190, 106.7943
2227.118, 106.4822
2229.047, 105.8631
2230.975, 104.8281
2232.904, 104.4911
2234.832, 105.2435
2236.761, 104.4752
2238.689, 103.4510
2240.618, 103.2370
2242.546, 102.9460
2244.475, 102.5264
2246.403, 102.1011
2248.332, 101.8067
2250.260, 101.6912
2252.188, 101.2838
2254.117, 100.9382
2256.045, 101.0475
2257.974, 101.1552
2259.902, 101.1690
2261.831, 101.0338
2263.759, 100.7192
2265.688, 100.2207
2267.616, 99.68798
2269.545, 99.18047
2271.473, 98.77959
2273.402, 98.33657
2275.330, 97.94661
2277.259, 97.99252
2279.187, 97.95468
2281.115, 97.66920
2283.044, 97.06458
2284.972, 96.48814
2286.901, 96.26850
2288.829, 96.30077
2290.758, 96.38737
2292.686, 96.08308
2294.615, 95.66741
2296.543, 95.22621
2298.472, 94.60557
2300.400, 94.18272
2302.329, 94.45438
2304.257, 94.11834
2306.186, 93.53528
2308.114, 93.61446
2310.042, 93.27757
2311.971, 92.38752
2313.899, 91.64925
2315.828, 91.37715
2317.756, 91.80302
2319.685, 91.67166
2321.613, 91.48854
2323.542, 92.16611
2325.470, 91.39336
2327.399, 89.67463
2329.327, 90.15923
2331.256, 90.11154
2333.184, 88.80697
2335.113, 88.12601
2337.041, 87.89857
2338.969, 88.03139
2340.898, 87.54114
2342.826, 86.93825
2344.755, 87.31632
2346.683, 87.76683
2348.612, 87.98994
2350.540, 87.42301
2352.469, 86.60742
2354.397, 85.77569
2356.326, 85.99525
2358.254, 86.21354
2360.183, 85.29610
2362.111, 84.91516
2364.040, 84.86800
2365.968, 84.74142
2367.896, 84.49161
2369.825, 84.07991
2371.753, 83.16120
2373.682, 82.52442
2375.610, 82.50926
2377.539, 81.95600
2379.467, 81.60315
2381.396, 82.10134
2383.324, 82.50240
2385.253, 82.44592
2387.181, 81.39380
2389.110, 80.51884
2391.038, 80.04455
2392.967, 80.28371
2394.895, 80.74348
2396.823, 81.22535
2398.752, 80.94717
2400.680, 80.30392
2402.609, 79.49201
2404.537, 79.32497
2406.466, 79.37056
2408.394, 79.26893
2410.323, 78.89100
2412.251, 78.43181
2414.180, 78.28383
2416.108, 78.04565
2418.037, 77.64943
2419.965, 76.91507
2421.894, 76.52729
2423.822, 76.52908
2425.750, 76.02543
2427.679, 75.69120
2429.607, 75.82980
2431.536, 76.81824
2433.464, 77.34790
2435.393, 76.01613
2437.321, 74.94318
2439.250, 74.20087
2441.178, 73.89983
2443.107, 73.39322
2445.035, 72.73117
2446.964, 72.03299
2448.892, 71.80629
2450.821, 71.95338
2452.749, 71.72057
2454.677, 71.42958
2456.606, 71.18316
2458.534, 71.14631
2460.463, 71.18358
2462.391, 71.24637
2464.320, 70.26352
2466.248, 70.07497
2468.177, 71.99809
2470.105, 71.64700
2472.034, 70.18693
2473.962, 68.87316
2475.891, 68.52048
2477.819, 68.58968
2479.748, 68.29375
2481.676, 67.55414
2483.604, 66.76633
2485.533, 66.99694
2487.461, 67.11840
2489.390, 66.99908
2491.318, 66.99905
2493.247, 66.75237
2495.175, 66.21719
2497.104, 65.41679
2499.032, 65.07755
2500.961, 65.31210
2502.889, 65.05370
2504.818, 64.87856
2506.746, 65.06979
2508.675, 64.25966
2510.603, 63.52926
2512.531, 63.71747
2514.460, 63.51601
2516.388, 63.23863
2518.317, 63.27180
2520.245, 62.57883
2522.174, 61.96657
2524.102, 62.37830
2526.031, 62.22794
2527.959, 61.91122
2529.888, 62.09037
2531.816, 62.04520
2533.745, 61.70805
2535.673, 60.94955
2537.602, 60.95717
2539.530, 61.21164
2541.458, 60.29908
2543.387, 60.02428
2545.315, 60.23608
2547.244, 59.79836
2549.172, 59.80745
2551.101, 60.13036
2553.029, 59.89055
2554.958, 59.44469
2556.886, 58.93467
2558.815, 58.46244
2560.743, 58.50594
2562.672, 58.80009
2564.600, 58.01033
2566.529, 57.36797
2568.457, 57.11133
2570.385, 57.02513
2572.314, 56.84910
2574.242, 56.50054
2576.171, 55.66814
2578.099, 55.32793
2580.028, 55.55389
2581.956, 55.34597
2583.885, 55.19522
2585.813, 55.19779
2587.742, 54.87843
2589.670, 54.82595
2591.599, 55.10385
2593.527, 54.66651
2595.456, 54.28346
2597.384, 54.11708
2599.313, 53.41785
2601.241, 53.25605
2603.169, 53.76134
2605.098, 53.56301
2607.026, 52.97081
2608.955, 52.23394
2610.883, 52.42380
2612.812, 52.29748
2614.740, 51.66919
2616.669, 51.54557
2618.597, 51.35864
2620.526, 51.03179
2622.454, 50.95922
2624.383, 50.80432
2626.311, 50.51183
2628.240, 50.16362
2630.168, 49.85938
2632.096, 49.67515
2634.025, 49.95121
2635.953, 49.66471
2637.882, 48.97876
2639.810, 48.72651
2641.739, 48.88447
2643.667, 49.16610
2645.596, 49.16577
2647.524, 48.08506
2649.453, 46.85235
2651.381, 47.59267
2653.310, 47.74325
2655.238, 47.37939
2657.167, 47.11589
2659.095, 46.53630
2661.023, 46.00760
2662.952, 46.05523
2664.880, 45.69013
2666.809, 45.25887
2668.737, 45.16706
2670.666, 45.08031
2672.594, 44.97248
2674.523, 44.84441
2676.451, 45.17128
2678.380, 45.11958
2680.308, 44.28717
2682.237, 43.88036
2684.165, 43.68581
2686.094, 43.56736
2688.022, 43.63256
2689.950, 43.57232
2691.879, 43.32420
2693.807, 43.11277
2695.736, 43.08696
2697.664, 43.10144
2699.593, 42.55579
2701.521, 41.81223
2703.450, 41.20728
2705.378, 41.38733
2707.307, 41.36268
2709.235, 41.25217
2711.164, 41.64954
2713.092, 41.24064
2715.021, 40.61607
2716.949, 40.64110
2718.877, 40.45996
2720.806, 40.10712
2722.734, 39.60741
2724.663, 39.39473
2726.591, 39.16929
2728.520, 38.77908
2730.448, 38.58921
2732.377, 38.61759
2734.305, 38.76016
2736.234, 38.24463
2738.162, 38.24465
2740.091, 38.48484
2742.019, 37.14455
2743.948, 36.75232
2745.876, 36.99102
2747.804, 36.82593
2749.733, 36.82141
2751.661, 36.75035
2753.590, 36.34767
2755.518, 36.21858
2757.447, 36.28988
2759.375, 36.46072
2761.304, 36.27449
2763.232, 35.78246
2765.161, 35.47321
2767.089, 37.90375
2769.018, 38.67445
2770.946, 37.57436
2772.875, 35.88239
2774.803, 35.09665
2776.731, 34.94846
2778.660, 35.00420
2780.588, 34.68439
2782.517, 34.15039
2784.445, 33.50718
2786.374, 33.32107
2788.302, 33.14349
2790.231, 32.85163
2792.159, 32.96697
2794.088, 33.11782
2796.016, 33.10835
2797.945, 32.60554
2799.873, 32.49594
2801.802, 32.55213
2803.730, 32.42530
2805.658, 32.13054
2807.587, 31.85556
2809.515, 31.68514
2811.444, 31.40466
2813.372, 31.41760
2815.301, 31.72456
2817.229, 32.02260
2819.158, 31.58534
2821.086, 30.84001
2823.015, 30.73907
2824.943, 30.13446
2826.872, 29.72097
2828.800, 30.05908
2830.729, 30.20041
2832.657, 29.96842
2834.585, 29.45604
2836.514, 29.33289
2838.442, 28.98102
2840.371, 28.56362
2842.299, 28.57202
2844.228, 28.38524
2846.156, 28.18603
2848.085, 28.16696
2850.013, 28.11303
2851.942, 28.02135
2853.870, 27.88793
2855.799, 27.71957
2857.727, 27.27472
2859.656, 26.93776
2861.584, 27.31721
2863.512, 27.22027
2865.441, 26.97896
2867.369, 26.83686
2869.298, 26.42051
2871.226, 26.32438
2873.155, 26.41432
2875.083, 25.64855
2877.012, 25.36712
2878.940, 25.33207
2880.869, 25.12937
2882.797, 25.33126
2884.726, 25.40961
2886.654, 25.18626
2888.583, 24.88985
2890.511, 24.65461
2892.439, 24.41389
2894.368, 23.95130
2896.296, 23.85445
2898.225, 23.75585
2900.153, 23.41630
2902.082, 23.47682
2904.010, 23.52032
2905.939, 23.51399
2907.867, 23.68370
2909.796, 23.21641
2911.724, 22.87063
2913.653, 23.25509
2915.581, 22.89944
2917.510, 22.48295
2919.438, 22.24956
2921.366, 22.24248
2923.295, 22.15798
2925.223, 22.12726
2927.152, 22.24074
2929.080, 21.55634
2931.009, 21.04819
2932.937, 21.00335
2934.866, 21.21660
2936.794, 21.39437
2938.723, 21.43999
2940.651, 21.30417
2942.580, 21.13358
2944.508, 20.61331
2946.437, 20.01907
2948.365, 20.51164
2950.293, 20.36443
2952.222, 19.98801
2954.150, 19.93679
2956.079, 20.17325
2958.007, 20.11969
2959.936, 19.76261
2961.864, 19.46829
2963.793, 19.45984
2965.721, 19.41310
2967.650, 19.07288
2969.578, 18.82974
2971.507, 18.71851
2973.435, 18.69772
2975.364, 18.68583
2977.292, 18.51952
2979.220, 18.26096
2981.149, 17.99570
2983.077, 17.97562
2985.006, 18.14007
2986.934, 18.30432
2988.863, 18.25857
2990.791, 17.83226
2992.720, 17.47062
2994.648, 17.34471
2996.577, 17.37008
2998.505, 17.68484
3000.434, 17.76328
3002.362, 17.18539
3004.291, 16.73399
3006.219, 16.66965
3008.147, 16.84810
3010.076, 16.96462
3012.004, 16.79728
3013.933, 16.45794
3015.861, 16.05386
3017.790, 15.79427
3019.718, 15.43888
3021.647, 15.28711
3023.575, 15.68896
3025.504, 15.41521
3027.432, 15.31589
3029.361, 15.39573
3031.289, 15.07531
3033.218, 15.22637
3035.146, 15.41247
3037.074, 15.36915
3039.003, 15.27815
3040.931, 14.88361
3042.860, 14.52569
3044.788, 14.50907
3046.717, 14.56070
3048.645, 14.33015
3050.574, 13.99340
3052.502, 14.00594
3054.431, 13.85198
3056.359, 13.81248
3058.288, 13.93597
3060.216, 13.89188
3062.145, 14.75421
3064.073, 14.91783
3066.001, 13.55975
3067.930, 13.90448
3069.858, 13.58388
3071.787, 13.00843
3073.715, 13.15603
3075.644, 12.94044
3077.572, 12.84950
3079.501, 12.86414
3081.429, 12.72284
3083.358, 13.01316
3085.286, 12.96196
3087.215, 12.57229
3089.143, 12.76626
3091.072, 12.70134
3093.000, 12.98209
3094.928, 13.60635
3096.857, 12.59632
3098.785, 11.91292
3100.714, 12.80159
3102.642, 15.03421
3104.571, 12.71117
3106.499, 11.56887
3108.428, 11.63660
3110.356, 11.70146
3112.285, 11.59438
3114.213, 11.70256
3116.142, 11.84869
3118.070, 11.64822
3119.999, 11.57242
3121.927, 11.51287
3123.855, 11.34332
3125.784, 10.83378
3127.712, 10.81818
3129.641, 11.19278
3131.569, 11.54284
3133.498, 11.11678
3135.426, 10.54982
3137.355, 11.79167
3139.283, 13.66427
3141.212, 10.96068
3143.140, 10.10981
3145.069, 10.05990
3146.997, 9.940477
3148.926, 9.848059
3150.854, 9.853271
3152.782, 9.794826
3154.711, 9.692249
3156.639, 10.02074
3158.568, 9.732639
3160.496, 9.647403
3162.425, 9.919389
3164.353, 9.150210
3166.282, 9.507580
3168.210, 9.695934
3170.139, 9.190680
3172.067, 9.510882
3173.996, 9.605549
3175.924, 9.612646
3177.853, 9.650024
3179.781, 9.496815
3181.709, 9.234668
3183.638, 9.167956
3185.566, 9.280390
3187.495, 8.826921
3189.423, 8.744159
3191.352, 8.567350
3193.280, 8.202798
3195.209, 8.426708
3197.137, 8.487466
3199.066, 8.461595
3200.994, 8.387304
3202.923, 8.114946
3204.851, 8.025613
3206.780, 7.956498
3208.708, 7.896813
3210.636, 8.050024
3212.565, 7.991103
3214.493, 8.039328
3216.422, 8.121665
3218.350, 7.817911
3220.279, 7.803816
3222.207, 7.877015
3224.136, 7.870068
3226.064, 7.661400
3227.993, 7.171178
3229.921, 7.006325
3231.850, 7.068576
3233.778, 7.068731
3235.707, 7.258445
3237.635, 7.375354
3239.563, 7.257828
3241.492, 6.901035
3243.420, 7.173989
3245.349, 7.031062
3247.277, 6.920156
3249.206, 7.133739
3251.134, 7.222350
3253.063, 7.314935
3254.991, 7.129780
3256.920, 6.738097
3258.848, 6.648825
3260.777, 6.858584
3262.705, 6.737169
3264.634, 6.559336
3266.562, 7.072775
3268.490, 6.982181
3270.419, 6.888773
3272.347, 6.917276
3274.276, 6.993852
3276.204, 7.000403
3278.133, 6.693343
3280.061, 6.540817
3281.990, 6.752378
3283.918, 6.682271
3285.847, 6.827005
3287.775, 7.038562
3289.704, 7.096919
3291.632, 6.774281
3293.561, 6.634428
3295.489, 6.483792
3297.417, 6.359672
3299.346, 6.389977
3301.274, 6.719548
3303.203, 6.771477
3305.131, 6.597653
3307.060, 6.335742
3308.988, 6.023435
3310.917, 6.248716
3312.845, 6.122653
3314.774, 5.775093
3316.702, 6.026350
3318.631, 5.661328
3320.559, 5.662664
3322.488, 5.782498
3324.416, 5.659121
3326.344, 6.021346
3328.273, 5.452780
3330.201, 5.338303
3332.130, 5.762438
3334.058, 5.078691
3335.987, 5.580646
3337.915, 5.774825
3339.844, 5.609078
3341.772, 5.459503
3343.701, 5.052947
3345.629, 5.095369
3347.558, 5.163841
3349.486, 4.994059
3351.415, 4.653663
3353.343, 4.928048
3355.271, 5.088593
3357.200, 5.096550
3359.128, 5.150679
3361.057, 5.433608
3362.985, 4.803739
3364.914, 4.361149
3366.842, 4.479987
3368.771, 4.796840
3370.699, 4.736231
3372.628, 4.762262
3374.556, 4.806200
3376.485, 4.733282
3378.413, 4.607152
3380.342, 4.481767
3382.270, 4.303075
3384.198, 4.285949
3386.127, 4.711191
3388.055, 4.448146
3389.984, 4.484285
3391.912, 4.405936
3393.841, 4.134166
3395.769, 4.229061
3397.698, 4.199502
3399.626, 4.571279
3401.555, 4.718318
3403.483, 4.267438
3405.412, 4.248259
3407.340, 3.833284
3409.269, 3.848140
3411.197, 4.128644
3413.125, 4.126092
3415.054, 3.996673
3416.982, 4.266189
3418.911, 4.159239
3420.839, 3.802054
3422.768, 4.060077
3424.696, 4.099333
3426.625, 4.158503
3428.553, 4.037586
3430.482, 3.802064
3432.410, 3.984098
3434.339, 3.561254
3436.267, 3.510354
3438.196, 3.668166
3440.124, 3.722167
3442.052, 3.635329
3443.981, 3.740684
3445.909, 3.748913
3447.838, 3.455047
3449.766, 3.900544
3451.695, 9.583247
3453.623, 11.15983
3455.552, 11.48427
##END=



