##NAMES=Baryte
##RRUFFID=R050375
##IDEAL CHEMISTRY=Ba(SO_4_)
##LOCALITY=unknown
##OWNER=RRUFF
##SOURCE=Eugene Schlepp
##DESCRIPTION=Pale green tabular crystals
##STATUS=The identification of this mineral has been confirmed by X-ray diffraction and chemical analysis
##URL=https://www.rruff.net/odr/rruff_sample/R050375
##MEASURED CHEMISTRY=Ba_1.00_SO_4_
##DIFFRACTION SAMPLE DESCRIPTION=Powder
##CELL PARAMETERS=a: 8.8823 b: 5.451 c: 7.151 alpha: 90 beta: 90 gamma: 90 volume: 346.23 crystal system: orthorhombic
##FILETYPE=Raman Processed
##RAMAN WAVELENGTH=532

149.0303, 357.0730
150.9587, 364.5332
152.8872, 357.6948
154.8157, 343.5531
156.7441, 327.7850
158.6726, 306.5166
160.6011, 287.4754
162.5295, 271.6168
164.4580, 258.7028
166.3865, 248.4993
168.3149, 239.6919
170.2434, 233.6903
172.1719, 233.5437
174.1003, 242.0781
176.0288, 252.3436
177.9573, 260.9963
179.8857, 266.7862
181.8142, 279.1169
183.7427, 302.7526
185.6711, 332.4768
187.5996, 358.9204
189.5281, 388.3179
191.4565, 406.2015
193.3850, 408.6066
195.3135, 389.1168
197.2419, 363.0120
199.1704, 323.6419
201.0989, 278.2977
203.0273, 241.8128
204.9558, 219.9087
206.8843, 203.1167
208.8127, 187.0376
210.7412, 170.1762
212.6697, 157.0115
214.5981, 149.8699
216.5266, 147.0623
218.4551, 144.9275
220.3835, 143.1992
222.3120, 142.1038
224.2405, 142.3284
226.1689, 144.4851
228.0974, 145.5103
230.0259, 143.1445
231.9543, 138.1717
233.8828, 136.6080
235.8113, 141.9197
237.7397, 147.7610
239.6682, 149.6926
241.5967, 146.4070
243.5251, 144.4134
245.4536, 145.9523
247.3821, 150.5794
249.3105, 153.8263
251.2390, 155.7019
253.1675, 156.2041
255.0959, 155.1765
257.0244, 151.3619
258.9529, 148.7506
260.8813, 148.4904
262.8098, 150.2752
264.7383, 151.6650
266.6667, 152.5676
268.5952, 153.1431
270.5237, 153.5461
272.4521, 154.0454
274.3806, 153.9329
276.3091, 152.1638
278.2375, 149.6363
280.1660, 148.7917
282.0945, 151.0512
284.0229, 154.1078
285.9514, 156.8564
287.8799, 159.4789
289.8083, 161.3873
291.7368, 162.5204
293.6653, 162.8444
295.5938, 162.2825
297.5222, 160.6615
299.4507, 158.1800
301.3792, 154.0048
303.3076, 147.0674
305.2361, 142.8782
307.1646, 144.5188
309.0930, 149.5393
311.0215, 153.2833
312.9500, 155.7262
314.8784, 157.0050
316.8069, 156.1968
318.7354, 153.1885
320.6638, 151.6972
322.5923, 154.3683
324.5208, 158.5567
326.4492, 160.3399
328.3777, 157.6823
330.3062, 154.7566
332.2346, 152.0494
334.1631, 149.5156
336.0915, 148.8668
338.0200, 152.1572
339.9485, 156.6576
341.8769, 159.3556
343.8054, 158.5874
345.7339, 158.8702
347.6623, 163.0056
349.5908, 170.2363
351.5193, 174.0785
353.4477, 170.2519
355.3762, 165.4563
357.3047, 165.2572
359.2331, 170.9204
361.1616, 175.5379
363.0901, 176.5379
365.0185, 174.9084
366.9470, 174.3376
368.8755, 175.9356
370.8039, 177.6071
372.7324, 177.6639
374.6609, 175.8301
376.5893, 176.1128
378.5178, 181.0375
380.4463, 188.1941
382.3747, 193.8456
384.3032, 195.1120
386.2317, 197.8101
388.1601, 202.2963
390.0886, 208.4484
392.0171, 220.7912
393.9455, 236.8719
395.8740, 260.7828
397.8025, 297.4706
399.7309, 346.5023
401.6594, 406.7664
403.5879, 484.3032
405.5163, 574.2726
407.4448, 663.6868
409.3733, 758.6179
411.3017, 847.8359
413.2302, 924.8236
415.1587, 989.1525
417.0871, 1047.769
419.0156, 1095.084
420.9441, 1138.718
422.8725, 1189.050
424.8010, 1232.049
426.7295, 1296.552
428.6579, 1380.051
430.5864, 1487.303
432.5149, 1643.319
434.4433, 1855.113
436.3718, 2119.960
438.3003, 2435.321
440.2287, 2799.987
442.1572, 3229.080
444.0857, 3723.761
446.0141, 4291.208
447.9426, 4936.599
449.8711, 5766.855
451.7995, 6544.523
453.7280, 7226.372
455.6565, 7817.517
457.5849, 8178.136
459.5134, 8288.699
461.4419, 8161.330
463.3703, 7849.769
465.2988, 7348.722
467.2273, 6643.543
469.1557, 5598.318
471.0842, 4334.979
473.0127, 3289.353
474.9411, 2482.051
476.8696, 1845.349
478.7981, 1354.450
480.7265, 1014.221
482.6550, 756.6559
484.5835, 596.1264
486.5119, 493.9722
488.4404, 422.8967
490.3689, 387.0548
492.2973, 359.0991
494.2258, 332.7396
496.1543, 308.5314
498.0827, 289.1813
500.0112, 276.7671
501.9397, 266.9993
503.8681, 258.9466
505.7966, 252.5252
507.7251, 247.6910
509.6535, 245.3206
511.5820, 244.0793
513.5105, 243.1179
515.4390, 243.0936
517.3674, 242.5152
519.2959, 240.8081
521.2244, 238.6228
523.1528, 237.2756
525.0813, 238.2107
527.0098, 237.7868
528.9382, 233.7927
530.8667, 225.8542
532.7952, 221.0557
534.7236, 221.3860
536.6521, 223.1897
538.5806, 224.7499
540.5090, 226.3411
542.4375, 226.4204
544.3660, 223.5822
546.2944, 219.5773
548.2229, 216.9198
550.1514, 215.7977
552.0798, 215.3829
554.0083, 215.1735
555.9368, 215.4209
557.8652, 217.2168
559.7937, 219.2122
561.7222, 224.2320
563.6506, 233.8510
565.5791, 248.7130
567.5076, 264.8383
569.4360, 282.8212
571.3645, 301.6394
573.2930, 321.2902
575.2214, 344.1871
577.1499, 361.7407
579.0784, 371.3911
581.0068, 375.7626
582.9352, 378.8119
584.8637, 377.5422
586.7922, 380.9117
588.7206, 391.2274
590.6491, 408.0725
592.5776, 432.2586
594.5060, 460.4058
596.4345, 498.7328
598.3630, 550.2391
600.2914, 615.0356
602.2199, 691.2890
604.1484, 779.9302
606.0768, 880.2315
608.0053, 991.0505
609.9338, 1110.841
611.8622, 1245.729
613.7907, 1427.176
615.7192, 1611.630
617.6476, 1747.531
619.5761, 1847.069
621.5046, 1874.724
623.4330, 1795.151
625.3615, 1634.984
627.2900, 1478.451
629.2184, 1300.790
631.1469, 1150.904
633.0754, 1048.171
635.0038, 988.9930
636.9323, 951.2880
638.8608, 937.5919
640.7892, 943.1887
642.7177, 970.5823
644.6462, 1034.357
646.5746, 1074.563
648.5031, 1106.473
650.4316, 1106.307
652.3600, 1045.650
654.2885, 917.3625
656.2170, 787.9760
658.1454, 664.7735
660.0739, 551.7354
662.0024, 455.2140
663.9308, 374.8262
665.8593, 311.5644
667.7878, 271.3685
669.7162, 248.8122
671.6447, 231.5313
673.5732, 220.0487
675.5016, 213.0931
677.4301, 211.5217
679.3586, 214.7588
681.2870, 216.1635
683.2155, 213.1953
685.1440, 211.1171
687.0724, 213.9400
689.0009, 220.4307
690.9294, 222.7481
692.8578, 215.3499
694.7863, 207.5820
696.7148, 204.5081
698.6432, 208.4178
700.5717, 209.5340
702.5002, 205.2244
704.4286, 200.0383
706.3571, 197.3860
708.2856, 197.3865
710.2141, 198.0465
712.1425, 200.9949
714.0710, 203.3506
715.9995, 202.0398
717.9279, 190.9295
719.8564, 185.3728
721.7849, 190.6792
723.7133, 200.2498
725.6418, 205.1789
727.5703, 203.6241
729.4987, 201.9995
731.4272, 202.1956
733.3557, 203.4658
735.2841, 204.1563
737.2126, 203.0520
739.1411, 202.7789
741.0695, 204.7329
742.9980, 207.7969
744.9265, 209.4700
746.8549, 209.2674
748.7834, 208.2558
750.7119, 206.1448
752.6403, 203.2322
754.5688, 202.1612
756.4973, 204.2631
758.4257, 206.5564
760.3542, 208.2898
762.2827, 209.4535
764.2111, 209.8621
766.1396, 208.2055
768.0681, 207.4243
769.9965, 209.3064
771.9250, 214.2046
773.8535, 217.2606
775.7819, 217.5016
777.7104, 217.1142
779.6389, 216.6352
781.5673, 216.1788
783.4958, 216.9863
785.4243, 220.0201
787.3527, 223.5804
789.2812, 227.3194
791.2097, 231.8392
793.1381, 233.4722
795.0666, 230.0833
796.9951, 225.9016
798.9235, 223.7341
800.8520, 223.4543
802.7805, 222.4442
804.7089, 218.0577
806.6374, 215.0654
808.5659, 217.2098
810.4943, 227.8172
812.4228, 232.8328
814.3513, 229.1778
816.2797, 222.8605
818.2082, 216.8829
820.1367, 211.0942
822.0651, 208.2299
823.9936, 210.9713
825.9221, 214.8837
827.8505, 217.2038
829.7790, 217.5476
831.7075, 217.6920
833.6359, 218.2648
835.5644, 218.3269
837.4929, 216.7191
839.4213, 213.2742
841.3498, 210.9540
843.2783, 210.2068
845.2067, 210.7109
847.1352, 212.6378
849.0637, 216.5043
850.9921, 218.8133
852.9206, 218.1889
854.8491, 216.9205
856.7775, 216.3559
858.7060, 216.5720
860.6345, 216.8423
862.5629, 217.1702
864.4914, 217.4754
866.4199, 217.3650
868.3483, 216.7580
870.2768, 217.5381
872.2053, 220.6356
874.1337, 224.5711
876.0622, 229.0571
877.9907, 234.2918
879.9191, 238.4084
881.8476, 240.3136
883.7761, 242.1286
885.7045, 244.6948
887.6330, 247.9676
889.5615, 252.0651
891.4899, 256.5438
893.4184, 262.4827
895.3469, 272.1785
897.2753, 285.6910
899.2038, 293.0675
901.1323, 289.5062
903.0607, 285.5974
904.9892, 285.1460
906.9177, 287.4471
908.8461, 290.2911
910.7746, 293.7120
912.7031, 297.2787
914.6315, 301.0034
916.5600, 304.7523
918.4885, 307.8911
920.4169, 305.1769
922.3454, 308.1005
924.2739, 322.1390
926.2023, 343.2587
928.1308, 358.4401
930.0593, 357.0261
931.9877, 376.4648
933.9162, 402.8117
935.8447, 465.4136
937.7731, 617.3458
939.7016, 889.6371
941.6301, 1205.472
943.5585, 1610.944
945.4870, 2030.080
947.4155, 2376.677
949.3439, 2670.386
951.2724, 2841.783
953.2009, 2792.975
955.1293, 2671.841
957.0578, 2559.833
958.9863, 2433.840
960.9147, 2474.033
962.8432, 2713.477
964.7717, 3114.783
966.7001, 3656.699
968.6286, 4342.061
970.5571, 5218.944
972.4855, 6265.991
974.4140, 7514.313
976.3425, 9029.512
978.2709, 10770.22
980.1994, 12591.74
982.1279, 14332.37
984.0563, 16410.19
985.9848, 19642.48
987.9133, 23471.16
989.8417, 25457.19
991.7702, 25361.35
993.6987, 23742.50
995.6271, 19544.93
997.5556, 14158.86
999.4841, 10003.80
1001.413, 7201.035
1003.341, 5015.566
1005.269, 3417.050
1007.198, 2261.174
1009.126, 1453.276
1011.055, 1070.192
1012.983, 799.7092
1014.912, 655.1341
1016.840, 568.4874
1018.769, 504.2469
1020.697, 465.4422
1022.626, 431.3090
1024.554, 400.5460
1026.483, 376.0517
1028.411, 362.0794
1030.340, 355.8902
1032.268, 349.1357
1034.197, 339.2470
1036.125, 332.3178
1038.053, 331.4015
1039.982, 334.2950
1041.910, 335.9780
1043.839, 333.9779
1045.767, 334.1001
1047.696, 338.9756
1049.624, 344.8763
1051.553, 346.0131
1053.481, 341.5914
1055.410, 342.9999
1057.338, 352.9081
1059.267, 369.1141
1061.195, 392.2657
1063.124, 422.8518
1065.052, 448.3047
1066.980, 460.6932
1068.909, 475.8349
1070.837, 499.0136
1072.766, 528.9259
1074.694, 560.0599
1076.623, 589.4269
1078.551, 625.1838
1080.480, 678.4861
1082.408, 734.6810
1084.337, 779.1160
1086.265, 812.5644
1088.193, 830.0444
1090.122, 815.3378
1092.050, 796.4569
1093.979, 787.6583
1095.907, 788.9244
1097.836, 800.8803
1099.764, 834.5914
1101.693, 865.4506
1103.621, 891.3881
1105.550, 907.2538
1107.478, 899.3113
1109.407, 862.7156
1111.335, 816.0384
1113.264, 749.8168
1115.192, 684.9409
1117.120, 641.5867
1119.049, 619.7868
1120.977, 619.9724
1122.906, 647.3422
1124.834, 691.5215
1126.763, 747.4682
1128.691, 815.2635
1130.620, 900.5519
1132.548, 1023.040
1134.477, 1137.249
1136.405, 1241.581
1138.334, 1325.213
1140.262, 1375.431
1142.191, 1392.925
1144.119, 1374.002
1146.047, 1293.754
1147.976, 1195.433
1149.904, 1105.053
1151.833, 1021.918
1153.761, 956.8826
1155.690, 910.2936
1157.618, 882.2043
1159.547, 878.2271
1161.475, 893.3826
1163.404, 913.3741
1165.332, 950.0729
1167.261, 967.0792
1169.189, 957.9670
1171.118, 925.4612
1173.046, 867.3455
1174.974, 784.3439
1176.903, 701.9512
1178.831, 618.4094
1180.760, 543.6005
1182.688, 479.7946
1184.617, 427.3751
1186.545, 387.3397
1188.474, 365.9203
1190.402, 347.9178
1192.331, 329.8615
1194.259, 315.2485
1196.188, 309.0263
1198.116, 312.8895
1200.045, 315.4000
1201.973, 314.8329
1203.901, 314.2816
1205.830, 316.1477
1207.758, 318.9253
1209.687, 318.8557
1211.615, 314.7966
1213.544, 311.0696
1215.472, 308.5117
1217.401, 307.1317
1219.329, 307.1062
1221.258, 308.6019
1223.186, 310.6720
1225.115, 316.1977
1227.043, 318.9976
1228.972, 314.1581
1230.900, 305.3021
1232.828, 302.5494
1234.757, 308.2056
1236.685, 312.9962
1238.614, 316.7744
1240.542, 318.1826
1242.471, 314.3051
1244.399, 306.4169
1246.328, 302.6203
1248.256, 306.9825
1250.185, 309.1118
1252.113, 301.6378
1254.042, 291.3459
1255.970, 288.9515
1257.899, 298.6408
1259.827, 302.3710
1261.755, 293.0028
1263.684, 283.5304
1265.612, 281.4090
1267.541, 284.9788
1269.469, 285.1963
1271.398, 281.1106
1273.326, 275.7625
1275.255, 266.7004
1277.183, 258.6682
1279.112, 258.1723
1281.040, 264.1602
1282.969, 265.0033
1284.897, 255.6692
1286.826, 248.0437
1288.754, 249.1566
1290.682, 254.2286
1292.611, 256.2786
1294.539, 254.9337
1296.468, 252.1266
1298.396, 246.6881
1300.325, 241.2652
1302.253, 237.0150
1304.182, 233.7677
1306.110, 230.7208
1308.039, 226.4271
1309.967, 224.4007
1311.896, 226.3980
1313.824, 229.5333
1315.753, 232.3333
1317.681, 234.5911
1319.609, 233.6831
1321.538, 227.3216
1323.466, 222.0338
1325.395, 220.2524
1327.323, 220.5871
1329.252, 222.2989
1331.180, 225.4456
1333.109, 226.0382
1335.037, 221.6281
1336.966, 217.5231
1338.894, 215.1226
1340.823, 214.5837
1342.751, 217.0771
1344.680, 225.7152
1346.608, 228.2255
1348.536, 217.2014
1350.465, 207.1854
1352.393, 206.4098
1354.322, 212.2067
1356.250, 214.9118
1358.179, 211.7737
1360.107, 211.1380
1362.036, 217.4420
1363.964, 223.0502
1365.893, 221.7033
1367.821, 215.0245
1369.750, 210.3652
1371.678, 207.7900
1373.607, 207.4131
1375.535, 212.2773
1377.464, 216.7366
1379.392, 215.2498
1381.320, 209.0842
1383.249, 206.6394
1385.177, 210.4898
1387.106, 213.5849
1389.034, 212.7904
1390.963, 211.1651
1392.891, 211.8214
1394.820, 215.1865
1396.748, 216.0332
1398.677, 210.8962
1400.605, 207.7921
1402.534, 209.6977
1404.462, 213.3567
1406.391, 215.1151
1408.319, 214.5979
1410.247, 215.0838
1412.176, 217.9099
1414.104, 219.9470
1416.033, 220.0523
1417.961, 219.2308
1419.890, 218.4177
1421.818, 217.6124
1423.747, 217.6665
1425.675, 218.2260
1427.604, 220.3838
1429.532, 226.2153
1431.461, 232.8428
1433.389, 237.3361
1435.318, 239.6908
1437.246, 240.3327
1439.174, 238.4362
1441.103, 236.3884
1443.031, 234.6644
1444.960, 233.5145
1446.888, 234.0329
1448.817, 236.4313
1450.745, 235.4713
1452.674, 226.4740
1454.602, 221.0214
1456.531, 224.8422
1458.459, 231.8322
1460.388, 235.6145
1462.316, 235.9398
1464.245, 235.2385
1466.173, 232.4905
1468.101, 230.0325
1470.030, 229.3836
1471.958, 228.3677
1473.887, 223.5414
1475.815, 214.7179
1477.744, 210.7973
1479.672, 214.3276
1481.601, 218.6693
1483.529, 224.2806
1485.458, 229.0465
1487.386, 230.8449
1489.315, 229.9635
1491.243, 228.8070
1493.172, 227.4262
1495.100, 225.6032
1497.028, 222.4458
1498.957, 219.5215
1500.885, 218.4241
1502.814, 218.4186
1504.742, 217.1422
1506.671, 213.9297
1508.599, 212.3944
1510.528, 214.8320
1512.456, 217.4081
1514.385, 217.2573
1516.313, 215.8609
1518.242, 217.1049
1520.170, 221.8665
1522.099, 223.7484
1524.027, 219.4363
1525.955, 215.2167
1527.884, 213.1145
1529.812, 212.9005
1531.741, 215.0220
1533.669, 220.1972
1535.598, 222.3202
1537.526, 216.8673
1539.455, 214.4123
1541.383, 221.2787
1543.312, 229.6254
1545.240, 230.3582
1547.169, 223.1837
1549.097, 220.5184
1551.026, 227.4775
1552.954, 231.4336
1554.882, 228.6769
1556.811, 224.8790
1558.739, 225.2030
1560.668, 227.9375
1562.596, 225.4652
1564.525, 210.6898
1566.453, 204.5416
1568.382, 214.7263
1570.310, 224.8882
1572.239, 227.9903
1574.167, 226.4871
1576.096, 223.5445
1578.024, 218.4583
1579.953, 216.8604
1581.881, 221.7525
1583.809, 225.9455
1585.738, 227.5693
1587.666, 227.7215
1589.595, 226.7462
1591.523, 224.9657
1593.452, 224.8030
1595.380, 227.1674
1597.309, 228.4354
1599.237, 226.3477
1601.166, 224.6610
1603.094, 226.2088
1605.023, 229.2973
1606.951, 230.7440
1608.880, 230.4989
1610.808, 229.7325
1612.736, 227.6264
1614.665, 226.7987
1616.593, 230.8841
1618.522, 234.6335
1620.450, 231.3605
1622.379, 223.2658
1624.307, 219.8969
1626.236, 222.7371
1628.164, 226.0034
1630.093, 229.2697
1632.021, 231.4324
1633.950, 231.6313
1635.878, 230.4285
1637.807, 227.9822
1639.735, 224.3495
1641.663, 222.9122
1643.592, 225.2413
1645.520, 226.9606
1647.449, 226.1858
1649.377, 224.5619
1651.306, 222.1727
1653.234, 219.9993
1655.163, 221.9938
1657.091, 229.2631
1659.020, 233.5948
1660.948, 231.8286
1662.877, 229.7085
1664.805, 228.9230
1666.734, 229.7404
1668.662, 233.5110
1670.590, 239.6415
1672.519, 243.5533
1674.447, 244.7223
1676.376, 244.5539
1678.304, 241.5979
1680.233, 239.6367
1682.161, 241.0379
1684.090, 244.3786
1686.018, 248.1707
1687.947, 252.3909
1689.875, 252.9579
1691.804, 247.5585
1693.732, 243.5470
1695.661, 244.0539
1697.589, 245.5336
1699.517, 245.5699
1701.446, 245.0586
1703.374, 246.5122
1705.303, 250.1479
1707.231, 252.2358
1709.160, 251.2519
1711.088, 251.0985
1713.017, 255.4312
1714.945, 258.7172
1716.874, 255.7305
1718.802, 248.9218
1720.731, 245.2403
1722.659, 244.9108
1724.588, 246.6264
1726.516, 252.7245
1728.444, 255.8573
1730.373, 249.0493
1732.301, 242.2818
1734.230, 244.5486
1736.158, 252.6944
1738.087, 257.4875
1740.015, 258.7149
1741.944, 256.7190
1743.872, 248.6628
1745.801, 243.2075
1747.729, 245.4618
1749.658, 249.8011
1751.586, 252.4521
1753.515, 253.6841
1755.443, 254.3931
1757.371, 254.6818
1759.300, 252.9765
1761.228, 247.4758
1763.157, 243.4876
1765.085, 244.6442
1767.014, 246.3530
1768.942, 244.1626
1770.871, 240.3154
1772.799, 240.3412
1774.728, 244.4625
1776.656, 247.2867
1778.585, 248.1277
1780.513, 247.7652
1782.442, 245.3581
1784.370, 243.0594
1786.298, 241.6157
1788.227, 241.6044
1790.155, 245.9435
1792.084, 254.1887
1794.012, 254.7391
1795.941, 242.6182
1797.869, 234.5086
1799.798, 237.6995
1801.726, 242.7440
1803.655, 244.8285
1805.583, 245.4522
1807.512, 247.1438
1809.440, 249.5804
1811.369, 249.6518
1813.297, 246.4409
1815.225, 243.7868
1817.154, 242.8320
1819.082, 241.9010
1821.011, 239.6742
1822.939, 237.6563
1824.868, 237.2036
1826.796, 238.2760
1828.725, 241.0390
1830.653, 246.1802
1832.582, 250.1248
1834.510, 253.9398
1836.439, 254.8057
1838.367, 249.7495
1840.296, 243.9992
1842.224, 240.5497
1844.152, 239.1129
1846.081, 239.5395
1848.009, 242.0475
1849.938, 243.7762
1851.866, 244.8629
1853.795, 244.9149
1855.723, 242.0394
1857.652, 240.4747
1859.580, 243.3672
1861.509, 247.1925
1863.437, 248.0897
1865.366, 246.6517
1867.294, 245.9649
1869.223, 246.5809
1871.151, 245.4254
1873.079, 239.9163
1875.008, 237.1605
1876.936, 240.9758
1878.865, 245.5310
1880.793, 248.5280
1882.722, 249.8560
1884.650, 248.3839
1886.579, 244.6647
1888.507, 243.4087
1890.436, 245.1979
1892.364, 247.2613
1894.293, 250.7496
1896.221, 251.0990
1898.150, 242.3319
1900.078, 234.2638
1902.006, 235.5075
1903.935, 241.7354
1905.863, 245.9360
1907.792, 248.2795
1909.720, 251.2304
1911.649, 256.1445
1913.577, 256.4315
1915.506, 244.2483
1917.434, 237.1123
1919.363, 247.7243
1921.291, 260.1917
1923.220, 260.7444
1925.148, 253.6586
1927.077, 247.3810
1929.005, 241.7171
1930.933, 240.4392
1932.862, 245.4884
1934.790, 251.3183
1936.719, 261.3781
1938.647, 267.1929
1940.576, 263.3817
1942.504, 256.7719
1944.433, 251.3743
1946.361, 247.7957
1948.290, 248.2885
1950.218, 253.2299
1952.147, 255.4245
1954.075, 254.2458
1956.004, 252.1147
1957.932, 246.8601
1959.860, 245.0540
1961.789, 253.2643
1963.717, 261.0115
1965.646, 258.9385
1967.574, 253.3808
1969.503, 255.8782
1971.431, 264.3999
1973.360, 266.5668
1975.288, 260.6744
1977.217, 258.3366
1979.145, 263.6374
1981.074, 267.4163
1983.002, 265.2340
1984.931, 262.5486
1986.859, 262.6250
1988.787, 263.7587
1990.716, 264.6224
1992.644, 264.8029
1994.573, 261.8580
1996.501, 254.3970
1998.430, 250.6183
2000.358, 253.2010
2002.287, 255.1495
2004.215, 256.0563
2006.144, 256.1268
2008.072, 254.1466
2010.001, 252.5646
2011.929, 254.5103
2013.858, 257.6954
2015.786, 257.7256
2017.714, 254.7949
2019.643, 249.7284
2021.571, 241.7405
2023.500, 239.0772
2025.428, 245.2864
2027.357, 250.3005
2029.285, 248.6453
2031.214, 248.3408
2033.142, 257.8842
2035.071, 267.3106
2036.999, 264.2466
2038.928, 253.8316
2040.856, 249.1627
2042.785, 250.4356
2044.713, 250.3256
2046.641, 247.8781
2048.570, 246.2331
2050.499, 245.2051
2052.427, 245.4328
2054.355, 247.3230
2056.284, 250.1815
2058.212, 255.4753
2060.141, 259.9866
2062.069, 259.7846
2063.998, 256.0667
2065.926, 251.0216
2067.854, 245.0110
2069.783, 244.5867
2071.711, 251.0809
2073.640, 256.6422
2075.568, 260.9977
2077.497, 261.9034
2079.425, 255.0907
2081.354, 249.2952
2083.282, 249.9321
2085.211, 252.7614
2087.139, 253.8513
2089.068, 253.9664
2090.996, 255.2129
2092.925, 257.4382
2094.853, 257.0441
2096.781, 252.4694
2098.710, 249.7000
2100.638, 248.4765
2102.567, 249.8035
2104.495, 258.0566
2106.424, 262.7388
2108.352, 256.5629
2110.281, 249.1320
2112.209, 246.6385
2114.138, 246.8750
2116.066, 247.5069
2117.995, 248.3662
2119.923, 249.0052
2121.852, 249.4206
2123.780, 249.6965
2125.708, 250.1362
2127.637, 249.5400
2129.565, 245.3522
2131.494, 243.9252
2133.422, 249.8041
2135.351, 254.5065
2137.279, 251.4311
2139.208, 248.0996
2141.136, 252.9178
2143.065, 260.7711
2144.993, 263.3119
2146.922, 261.0525
2148.850, 254.4868
2150.779, 243.8376
2152.707, 241.6055
2154.635, 251.0753
2156.564, 256.3754
2158.492, 251.4685
2160.421, 248.9457
2162.349, 256.3157
2164.278, 261.9301
2166.206, 258.0474
2168.135, 252.5300
2170.063, 253.0922
2171.992, 255.5311
2173.920, 251.2803
2175.849, 243.0551
2177.777, 243.8064
2179.706, 253.4830
2181.634, 261.1983
2183.563, 266.8384
2185.491, 267.7851
2187.419, 262.0254
2189.348, 256.8071
2191.276, 253.3829
2193.205, 251.9688
2195.133, 255.9905
2197.062, 258.1308
2198.990, 250.0343
2200.919, 240.9265
2202.847, 241.6865
2204.776, 248.6954
2206.704, 255.6234
2208.633, 261.9660
2210.561, 262.1628
2212.490, 255.7464
2214.418, 253.0486
2216.346, 255.4864
2218.275, 256.2802
2220.203, 253.2864
2222.132, 251.8230
2224.060, 255.5220
2225.989, 257.8835
2227.917, 255.9339
2229.846, 252.2077
2231.774, 245.5281
2233.703, 240.4345
2235.631, 243.4403
2237.560, 250.7903
2239.488, 255.3847
2241.417, 257.5532
2243.345, 259.3247
2245.273, 260.6666
2247.202, 259.1228
2249.130, 253.9944
2251.059, 252.0574
2252.987, 255.3992
2254.916, 258.1070
2256.844, 258.0896
2258.773, 258.2695
2260.701, 259.4495
2262.630, 260.9750
2264.558, 266.2954
2266.487, 267.7496
2268.415, 253.5140
2270.344, 236.6966
2272.272, 235.6843
2274.200, 244.0191
2276.129, 247.6973
2278.057, 247.4662
2279.986, 245.3556
2281.914, 241.5507
2283.843, 243.8419
2285.771, 255.5331
2287.700, 261.4508
2289.628, 257.3991
2291.557, 252.9991
2293.485, 245.6473
2295.414, 243.2210
2297.342, 253.3322
2299.271, 260.3215
2301.199, 254.1093
2303.127, 247.6947
2305.056, 251.7118
2306.984, 257.4802
2308.913, 255.5440
2310.841, 250.3358
2312.770, 248.3660
2314.698, 249.1865
2316.627, 252.1614
2318.555, 257.0583
2320.484, 259.4022
2322.412, 259.0440
2324.341, 256.7663
2326.269, 251.8134
2328.198, 249.9439
2330.126, 252.7481
2332.054, 254.9507
2333.983, 255.7838
2335.911, 255.0176
2337.840, 250.5779
2339.768, 247.4670
2341.697, 249.5287
2343.625, 251.2373
2345.554, 246.5823
2347.482, 243.0264
2349.411, 250.5858
2351.339, 260.1167
2353.268, 257.4566
2355.196, 249.6762
2357.125, 251.3192
2359.053, 259.1318
2360.981, 260.9543
2362.910, 257.2410
2364.838, 257.5352
2366.767, 263.2704
2368.695, 263.8193
2370.624, 257.2359
2372.552, 252.8641
2374.481, 251.3405
2376.409, 251.9029
2378.338, 255.2995
2380.266, 258.3210
2382.195, 260.5635
2384.123, 261.3062
2386.052, 257.7826
2387.980, 256.0454
2389.908, 262.0914
2391.837, 267.1382
2393.765, 262.0556
2395.694, 256.6288
2397.622, 262.2617
2399.551, 270.8439
2401.479, 273.1651
2403.408, 270.6588
2405.336, 263.0658
2407.265, 253.4824
2409.193, 251.4165
2411.122, 256.0870
2413.050, 262.4591
2414.979, 271.0099
2416.907, 272.0523
2418.835, 264.6063
2420.764, 259.6022
2422.692, 257.7212
2424.621, 258.1281
2426.549, 261.5728
2428.478, 263.7617
2430.406, 262.5214
2432.335, 262.5647
2434.263, 269.4471
2436.192, 270.3997
2438.120, 252.6885
2440.049, 242.5669
2441.977, 256.4071
2443.906, 268.7567
2445.834, 263.4989
2447.762, 256.1257
2449.691, 258.0235
2451.619, 261.9878
2453.548, 261.9058
2455.476, 259.7690
2457.405, 256.9294
2459.333, 254.4158
2461.262, 254.6668
2463.190, 256.2245
2465.119, 255.4408
2467.047, 253.1379
2468.976, 251.8527
2470.904, 251.3713
2472.833, 249.1988
2474.761, 245.3819
2476.689, 247.7326
2478.618, 257.9069
2480.546, 263.8134
2482.475, 265.5160
2484.403, 260.3603
2486.332, 246.1219
2488.260, 242.0414
2490.189, 254.7681
2492.117, 262.8456
2494.046, 260.1099
2495.974, 256.7866
2497.903, 252.5461
2499.831, 250.3683
2501.760, 251.8416
2503.688, 253.2555
2505.616, 254.0822
2507.545, 253.6517
2509.473, 250.3488
2511.402, 247.6133
2513.330, 246.2232
2515.259, 247.0197
2517.187, 254.2252
2519.116, 259.2779
2521.044, 251.3677
2522.973, 244.0258
2524.901, 251.4789
2526.830, 261.3872
2528.758, 260.4831
2530.687, 256.2762
2532.615, 259.2397
2534.543, 264.2807
2536.472, 262.7017
2538.400, 257.5751
2540.329, 255.3714
2542.257, 254.4747
2544.186, 249.1730
2546.114, 242.3522
2548.043, 243.6606
2549.971, 251.0916
2551.900, 255.9196
2553.828, 258.1137
2555.757, 256.4929
2557.685, 251.2764
2559.614, 249.4689
2561.542, 250.8466
2563.470, 250.1342
2565.399, 246.9644
2567.327, 248.1320
2569.256, 256.1719
2571.184, 256.9073
2573.113, 246.4151
2575.041, 244.5043
2576.970, 253.4734
2578.898, 259.8526
2580.827, 262.3106
2582.755, 261.8593
2584.684, 256.8360
2586.612, 254.6759
2588.541, 260.2791
2590.469, 261.2434
2592.397, 253.4828
2594.326, 249.6921
2596.254, 253.5651
2598.183, 255.8786
2600.111, 252.8993
2602.040, 251.5597
2603.968, 255.7903
2605.897, 258.7406
2607.825, 259.1910
2609.754, 257.2737
2611.682, 251.2357
2613.611, 246.2147
2615.539, 242.3031
2617.468, 242.8541
2619.396, 253.8829
2621.324, 262.8041
2623.253, 263.0912
2625.181, 262.0813
2627.110, 263.7335
2629.038, 263.7837
2630.967, 259.0041
2632.895, 254.2874
2634.824, 252.2417
2636.752, 251.1731
2638.681, 249.9996
2640.609, 249.6063
2642.538, 252.4297
2644.466, 253.8036
2646.395, 247.6910
2648.323, 243.4836
2650.251, 251.2862
2652.180, 258.6066
2654.108, 253.2184
2656.037, 247.1251
2657.965, 252.1685
2659.894, 257.9877
2661.822, 255.3626
2663.751, 250.7068
2665.679, 248.4101
2667.608, 246.9861
2669.536, 244.4637
2671.465, 242.9160
2673.393, 245.0555
2675.322, 248.2795
2677.250, 250.6827
2679.178, 252.2590
2681.107, 253.1867
2683.035, 253.1128
2684.964, 250.2175
2686.892, 247.7639
2688.821, 249.2838
2690.749, 252.8977
2692.678, 258.7535
2694.606, 263.4745
2696.535, 262.7967
2698.463, 260.5919
2700.392, 261.6623
2702.320, 262.3608
2704.249, 256.4992
2706.177, 250.4517
2708.105, 252.0869
2710.034, 256.0582
2711.962, 258.6317
2713.891, 259.2921
2715.819, 255.8192
2717.748, 252.0302
2719.676, 252.0164
2721.605, 253.6446
2723.533, 255.4510
2725.462, 257.0527
2727.390, 258.9286
2729.319, 259.5222
2731.247, 255.4546
2733.176, 251.6118
2735.104, 254.1813
2737.032, 257.4036
2738.961, 255.6106
2740.889, 252.6955
2742.818, 250.9686
2744.746, 250.3199
2746.675, 251.9497
2748.603, 253.0179
2750.532, 250.5013
2752.460, 247.4317
2754.389, 244.7198
2756.317, 243.9886
2758.246, 247.3776
2760.174, 251.8218
2762.103, 256.9345
2764.031, 260.0880
2765.959, 259.8214
2767.888, 256.5320
2769.816, 246.5197
2771.745, 239.7618
2773.673, 245.7302
2775.602, 250.9032
2777.530, 245.0274
2779.459, 241.8209
2781.387, 249.5719
2783.316, 256.5864
2785.244, 258.8997
2787.173, 257.8982
2789.101, 251.2090
2791.030, 245.9370
2792.958, 243.8844
2794.886, 244.9243
2796.815, 251.0915
2798.743, 255.1915
2800.672, 253.8625
2802.600, 252.4408
2804.529, 252.7900
2806.457, 252.2813
2808.386, 250.1379
2810.314, 248.2137
2812.243, 246.3562
2814.171, 246.5272
2816.100, 250.0714
2818.028, 253.7636
2819.957, 259.7330
2821.885, 257.1411
2823.813, 243.1195
2825.742, 236.8452
2827.670, 241.6252
2829.599, 247.7119
2831.527, 256.2787
2833.456, 256.1843
2835.384, 246.4662
2837.313, 243.8036
2839.241, 248.5740
2841.170, 252.5513
2843.098, 255.3119
2845.027, 255.9779
2846.955, 254.8001
2848.884, 257.5090
2850.812, 262.6305
2852.740, 262.8579
2854.669, 258.8668
2856.597, 251.8714
2858.526, 244.0703
2860.454, 242.2778
2862.383, 245.0585
2864.311, 251.2628
2866.240, 257.8154
2868.168, 259.9728
2870.097, 258.9024
2872.025, 253.7791
2873.954, 249.0315
2875.882, 251.1745
2877.811, 255.4313
2879.739, 259.1780
2881.667, 260.8542
2883.596, 257.0121
2885.524, 253.4804
2887.453, 254.6558
2889.381, 256.9130
2891.310, 260.7702
2893.238, 261.3222
2895.167, 251.3453
2897.095, 245.7183
2899.024, 253.8959
2900.952, 258.4323
2902.881, 253.1091
2904.809, 251.3722
2906.738, 261.8426
2908.666, 264.0456
2910.594, 248.7501
2912.523, 245.9305
2914.451, 259.7882
2916.380, 268.1837
2918.308, 268.3275
2920.237, 264.5457
2922.165, 256.3185
2924.094, 251.4933
2926.022, 249.9794
2927.951, 251.9803
2929.879, 256.1660
2931.808, 253.6515
2933.736, 247.3373
2935.665, 249.4673
2937.593, 256.4083
2939.521, 259.4986
2941.450, 260.4137
2943.378, 262.0843
2945.307, 262.9693
2947.235, 260.8553
2949.164, 257.1082
2951.092, 250.3718
2953.021, 246.3088
2954.949, 251.9179
2956.878, 257.2640
2958.806, 255.8558
2960.735, 253.7436
2962.663, 252.0305
2964.592, 252.6767
2966.520, 259.6450
2968.448, 261.9318
2970.377, 252.5826
2972.305, 248.1177
2974.234, 250.5466
2976.162, 252.6238
2978.091, 253.3282
2980.019, 255.3955
2981.948, 259.4660
2983.876, 259.4594
2985.805, 255.8308
2987.733, 252.0781
2989.662, 248.6766
2991.590, 247.0925
2993.519, 246.8905
2995.447, 246.6094
2997.375, 247.1030
2999.304, 251.4036
3001.232, 255.5716
3003.161, 254.4536
3005.089, 251.9474
3007.018, 251.3438
3008.946, 250.8314
3010.875, 249.4808
3012.803, 247.8205
3014.732, 245.6780
3016.660, 243.9564
3018.589, 242.3850
3020.517, 242.6822
3022.446, 245.5984
3024.374, 248.3752
3026.302, 251.0793
3028.231, 251.0876
3030.159, 248.0748
3032.088, 252.2485
3034.016, 262.3413
3035.945, 265.4662
3037.873, 262.4547
3039.802, 254.7728
3041.730, 245.9580
3043.659, 245.9028
3045.587, 248.8444
3047.516, 247.2640
3049.444, 244.9051
3051.373, 245.0815
3053.301, 246.6176
3055.229, 250.0454
3057.158, 252.2577
3059.086, 250.6811
3061.015, 249.3509
3062.943, 248.5098
3064.872, 250.8091
3066.800, 258.6095
3068.729, 257.5723
3070.657, 242.0376
3072.586, 236.2100
3074.514, 239.6863
3076.443, 243.1575
3078.371, 246.0568
3080.300, 246.2520
3082.228, 245.6211
3084.156, 251.3118
3086.085, 256.8021
3088.013, 249.9904
3089.942, 242.3397
3091.870, 245.3771
3093.799, 249.9513
3095.727, 251.1952
3097.656, 251.3172
3099.584, 250.2000
3101.513, 250.1521
3103.441, 254.1692
3105.370, 253.4269
3107.298, 246.7650
3109.227, 242.1331
3111.155, 240.2874
3113.083, 243.7658
3115.012, 251.4936
3116.940, 256.5044
3118.869, 258.3220
3120.797, 253.7893
3122.726, 247.9105
3124.654, 248.1141
3126.583, 250.0155
3128.511, 249.5711
3130.440, 249.7851
3132.368, 254.7309
3134.297, 256.2268
3136.225, 248.3879
3138.154, 245.7936
3140.082, 251.9001
3142.010, 255.0067
3143.939, 252.8844
3145.867, 253.3477
3147.796, 255.8655
3149.724, 254.4001
3151.653, 250.5521
3153.581, 248.2062
3155.510, 247.8000
3157.438, 252.4243
3159.367, 256.3654
3161.295, 252.6149
3163.224, 249.7047
3165.152, 255.9596
3167.081, 257.6852
3169.009, 248.9653
3170.938, 244.6784
3172.866, 250.5737
3174.794, 250.3443
3176.723, 242.5723
3178.651, 242.5602
3180.580, 248.5467
3182.508, 249.9102
3184.437, 248.5725
3186.365, 249.5957
3188.294, 250.6007
3190.222, 246.7808
3192.151, 244.5686
3194.079, 250.4556
3196.008, 256.2535
3197.936, 259.3895
3199.865, 260.9859
3201.793, 261.3557
3203.721, 259.6936
3205.650, 255.6789
3207.578, 251.7129
3209.507, 248.4081
3211.435, 250.8754
3213.364, 255.5059
3215.292, 251.9830
3217.221, 246.1616
3219.149, 245.3693
3221.078, 245.5039
3223.006, 240.9734
3224.935, 241.8508
3226.863, 255.0264
3228.792, 261.9767
3230.720, 256.5944
3232.648, 253.2573
3234.577, 253.1084
3236.505, 251.9191
3238.434, 250.4540
3240.362, 253.2091
3242.291, 257.2746
3244.219, 256.5555
3246.148, 254.2899
3248.076, 254.8696
3250.005, 253.1457
3251.933, 242.8898
3253.862, 236.0465
3255.790, 235.5770
3257.719, 236.4886
3259.647, 237.8902
3261.575, 243.6949
3263.504, 252.8022
3265.432, 245.4363
3267.361, 231.1030
3269.289, 232.6131
3271.218, 239.6084
3273.146, 241.5950
3275.075, 240.2980
3277.003, 234.0178
3278.932, 229.6486
3280.860, 228.2433
3282.789, 233.2051
3284.717, 245.5396
3286.646, 252.9078
3288.574, 254.7173
3290.502, 251.7453
3292.431, 246.2239
3294.359, 242.7971
3296.288, 241.5966
3298.216, 244.9225
3300.145, 247.3906
3302.073, 246.2083
3304.002, 243.6335
3305.930, 237.3512
3307.859, 237.5158
3309.787, 244.8184
3311.716, 254.4432
3313.644, 263.3787
3315.573, 254.2903
3317.501, 238.0584
3319.429, 235.5781
3321.358, 238.8479
3323.286, 244.8698
3325.215, 248.0178
3327.143, 244.0070
3329.072, 242.0128
3331.000, 244.2595
3332.929, 245.0453
3334.857, 244.0245
3336.786, 241.3685
3338.714, 238.0970
3340.643, 236.3103
3342.571, 236.1810
3344.500, 238.2679
3346.428, 241.7702
3348.356, 248.4867
3350.285, 251.5274
3352.213, 247.7552
3354.142, 243.0710
3356.070, 237.9210
3357.999, 238.5541
3359.927, 242.6735
3361.856, 239.2584
3363.784, 234.4608
3365.713, 238.7453
3367.641, 242.0429
3369.570, 234.7699
3371.498, 229.4612
3373.427, 229.3984
3375.355, 230.5873
3377.283, 232.8814
3379.212, 230.9490
3381.140, 227.1346
3383.069, 232.8242
3384.997, 240.3908
3386.926, 236.8706
3388.854, 233.1430
3390.783, 236.1730
3392.711, 239.9070
3394.640, 242.8492
3396.568, 245.3740
3398.497, 247.4607
3400.425, 245.9627
3402.354, 241.9008
3404.282, 237.3322
3406.210, 234.1325
3408.139, 234.2031
3410.067, 236.6815
3411.996, 243.5927
3413.924, 247.5537
3415.853, 246.8759
3417.781, 246.3835
3419.710, 246.4974
3421.638, 242.1506
3423.567, 237.0262
3425.495, 241.9005
3427.424, 247.3049
3429.352, 243.1109
3431.281, 236.6414
3433.209, 227.7861
3435.137, 227.0431
3437.066, 238.4326
3438.994, 240.8501
3440.923, 236.5421
3442.851, 238.1013
3444.780, 241.9836
3446.708, 244.2449
3448.637, 243.1543
3450.565, 234.7792
3452.494, 228.2745
3454.422, 225.1040
3456.351, 227.6613
3458.279, 235.6098
3460.208, 239.7338
3462.136, 240.4952
3464.064, 236.7406
3465.993, 233.7436
3467.921, 238.4545
3469.850, 240.5675
3471.778, 236.1659
3473.707, 233.1605
3475.635, 233.1524
3477.564, 227.7216
3479.492, 220.4019
3481.421, 225.7902
3483.349, 234.5587
3485.278, 236.8914
3487.206, 238.5072
3489.135, 242.6951
3491.063, 242.9421
3492.991, 236.3481
3494.920, 235.9993
3496.848, 239.1640
3498.777, 233.8854
3500.705, 227.0405
3502.634, 228.8793
3504.562, 231.4516
3506.491, 230.2428
3508.419, 230.6795
3510.348, 233.6864
3512.276, 236.5364
3514.205, 238.0287
3516.133, 230.1284
3518.062, 222.6825
3519.990, 231.6730
3521.918, 241.6139
3523.847, 245.6321
3525.775, 244.5198
3527.704, 237.9819
3529.632, 239.0813
3531.561, 244.9969
3533.489, 236.9389
3535.418, 227.5682
3537.346, 233.5421
3539.275, 240.1468
3541.203, 241.3069
3543.132, 238.5061
3545.060, 231.5202
3546.989, 225.7095
3548.917, 221.4895
3550.845, 219.1104
3552.774, 220.2316
3554.702, 230.5643
3556.631, 238.0927
3558.559, 239.2917
3560.488, 233.9711
3562.416, 221.4445
3564.345, 221.1496
3566.273, 228.3535
3568.202, 233.0217
3570.130, 236.9727
3572.059, 244.3105
3573.987, 245.0790
3575.916, 233.6117
3577.844, 225.0425
3579.772, 220.2559
3581.701, 223.2047
3583.629, 228.7455
3585.558, 229.1868
3587.486, 228.4779
3589.415, 228.8897
3591.343, 227.9908
3593.272, 224.7870
3595.200, 224.1141
3597.129, 225.7853
3599.057, 229.7430
3600.986, 233.1858
3602.914, 232.3611
3604.843, 231.8937
3606.771, 234.7305
3608.699, 235.0862
3610.628, 233.0663
3612.556, 231.9850
3614.485, 231.1384
3616.413, 228.6147
3618.342, 226.3649
3620.270, 225.8831
3622.199, 224.9778
3624.127, 223.2173
3626.056, 222.9915
3627.984, 224.5652
3629.913, 231.1576
3631.841, 235.8407
3633.770, 230.5878
3635.698, 226.0922
3637.626, 225.8824
3639.555, 225.2483
3641.483, 224.1375
3643.412, 224.9039
3645.340, 225.6197
3647.269, 222.6589
3649.197, 220.1371
3651.126, 221.0233
3653.054, 219.4666
3654.983, 215.6090
3656.911, 222.0358
3658.840, 232.7912
3660.768, 235.6276
3662.697, 234.2620
3664.625, 227.1572
3666.553, 225.3255
3668.482, 230.3410
3670.410, 230.5431
3672.339, 227.7285
3674.267, 229.5962
3676.196, 230.9358
3678.124, 224.9480
3680.053, 223.4905
3681.981, 229.3139
3683.910, 233.6362
3685.838, 235.0075
3687.767, 224.6869
3689.695, 216.7734
3691.624, 230.2202
3693.552, 238.0135
3695.480, 232.0981
3697.409, 229.0139
3699.337, 228.7004
3701.266, 221.9096
3703.194, 214.2302
3705.123, 210.1053
3707.051, 210.6660
3708.980, 217.3917
3710.908, 220.9514
3712.837, 221.5016
3714.765, 228.1639
3716.694, 233.1880
3718.622, 225.3139
3720.551, 217.5770
3722.479, 213.4909
3724.407, 217.7827
3726.336, 228.2853
3728.264, 223.7719
3730.193, 217.1395
3732.121, 226.9867
3734.050, 233.9606
3735.978, 231.2748
3737.907, 222.2067
3739.835, 209.4745
3741.764, 209.1099
3743.692, 214.8163
3745.621, 222.2428
3747.549, 225.9158
3749.478, 223.2233
3751.406, 220.9876
3753.334, 219.1523
3755.263, 214.4744
3757.191, 209.7602
3759.120, 207.1202
3761.048, 206.6995
3762.977, 208.1585
3764.905, 216.6352
3766.834, 228.1469
3768.762, 227.2347
3770.691, 219.6530
3772.619, 205.3052
3774.548, 200.3263
3776.476, 209.0925
3778.405, 214.5598
3780.333, 217.3338
3782.261, 220.7759
3784.190, 224.0346
3786.118, 227.7504
3788.047, 227.2040
3789.975, 221.8072
3791.904, 222.1320
3793.832, 223.3248
3795.761, 210.4225
3797.689, 203.9293
3799.618, 219.6089
3801.546, 221.9635
3803.475, 210.0811
3805.403, 210.6950
3807.332, 215.8719
3809.260, 215.2793
3811.188, 214.4792
3813.117, 214.4043
3815.045, 221.9812
3816.974, 232.9106
3818.902, 223.7423
3820.831, 212.7121
3822.759, 217.8992
3824.688, 222.2455
3826.616, 222.1835
3828.545, 215.6831
3830.473, 207.5453
3832.402, 208.5089
3834.330, 211.8311
3836.259, 214.1671
3838.187, 217.2897
3840.115, 221.0882
3842.044, 218.6850
3843.972, 214.0712
3845.901, 211.2639
3847.829, 210.4669
3849.758, 211.9558
3851.686, 210.3269
3853.615, 207.3667
3855.543, 212.3960
3857.472, 217.4092
3859.400, 216.2156
3861.329, 213.5966
3863.257, 210.4949
3865.186, 215.7046
3867.114, 223.2460
3869.042, 225.0597
3870.971, 221.7279
3872.899, 209.3482
3874.828, 210.3307
3876.756, 221.6539
3878.685, 225.4187
3880.613, 225.4077
3882.542, 225.6281
3884.470, 222.3879
3886.399, 215.6652
3888.327, 212.8985
3890.256, 212.4061
3892.184, 216.2348
3894.113, 218.8254
3896.041, 216.3820
3897.969, 214.2644
3899.898, 213.3977
3901.826, 209.3457
3903.755, 208.2310
3905.683, 215.7130
3907.612, 217.9945
3909.540, 215.9700
3911.469, 217.6772
3913.397, 217.4808
3915.326, 211.3931
3917.254, 213.0264
3919.183, 226.0306
3921.111, 227.2630
3923.040, 219.9978
3924.968, 221.9536
3926.896, 226.0366
3928.825, 226.5223
3930.753, 228.4021
3932.682, 230.3354
3934.610, 231.8049
3936.539, 231.9036
3938.467, 231.9269
3940.396, 227.2632
3942.324, 220.3933
3944.253, 227.0883
3946.181, 235.0173
3948.110, 236.1564
3950.038, 236.5719
3951.967, 231.4952
3953.895, 234.6342
3955.823, 244.6430
3957.752, 244.4223
3959.680, 246.5832
3961.609, 254.1973
3963.537, 246.5069
3965.466, 238.5112
3967.394, 243.8829
3969.323, 251.5921
3971.251, 258.4247
3973.180, 264.0790
3975.108, 268.7794
3977.037, 266.3722
3978.965, 259.4045
3980.894, 260.6916
3982.822, 266.2931
3984.750, 267.4987
3986.679, 265.3513
3988.607, 266.0962
3990.536, 262.8619
3992.464, 253.2881
3994.393, 248.6538
3996.321, 252.2991
3998.250, 257.1309
4000.178, 255.2776
4002.107, 244.9378
4004.035, 235.8353
4005.964, 239.4898
4007.892, 252.1884
4009.821, 258.2634
4011.749, 255.3161
4013.677, 256.7040
4015.606, 254.0950
4017.534, 249.6594
4019.463, 246.3128
4021.391, 244.8216
4023.320, 252.2263
4025.248, 249.6143
4027.177, 237.6089
4029.105, 234.1426
4031.034, 242.5262
4032.962, 252.3179
4034.891, 252.3619
4036.819, 251.5450
4038.748, 260.5498
4040.676, 267.4392
4042.604, 262.4905
4044.533, 260.2848
4046.461, 259.8813
4048.390, 255.5123
4050.318, 257.6999
4052.247, 263.5564
4054.175, 269.3459
4056.104, 275.5591
4058.032, 273.2560
4059.961, 271.6671
4061.889, 269.9109
4063.818, 274.3593
4065.746, 282.0339
4067.675, 289.6185
4069.603, 292.9759
4071.531, 283.5688
4073.460, 273.8849
4075.388, 269.1882
4077.317, 274.6772
4079.245, 280.1866
4081.174, 279.6323
4083.102, 267.4697
4085.031, 253.7607
4086.959, 254.0909
4088.888, 255.4251
4090.816, 251.1485
4092.745, 257.1434
4094.673, 269.1705
4096.602, 273.6866
4098.530, 272.7849
4100.458, 268.2188
4102.387, 269.3087
4104.315, 273.1375
4106.244, 279.7660
4108.172, 292.3235
4110.101, 310.8708
4112.029, 326.8061
4113.958, 341.2135
4115.886, 346.3832
4117.814, 360.3294
4119.743, 396.1773
4121.671, 450.9495
4123.600, 527.2751
4125.528, 642.2974
4127.457, 753.8572
4129.385, 849.4508
4131.314, 867.5515
4133.242, 814.3424
4135.171, 747.6448
4137.099, 678.7969
4139.028, 613.9660
4140.956, 555.2325
4142.885, 503.8777
4144.813, 465.3212
4146.742, 427.6564
4148.670, 382.3433
4150.599, 341.1339
4152.527, 306.8364
4154.456, 282.3472
4156.384, 265.7053
4158.313, 255.4097
4160.241, 248.5989
4162.169, 245.6340
4164.098, 237.3951
4166.026, 233.4809
4167.955, 246.7247
4169.883, 256.0550
4171.812, 259.1099
4173.740, 258.4781
4175.668, 256.8579
4177.597, 257.3433
4179.525, 256.9490
4181.454, 257.8045
4183.382, 274.0677
4185.311, 287.1681
4187.239, 282.3248
4189.168, 279.6006
4191.096, 281.9120
4193.025, 292.3351
4194.953, 300.0428
4196.882, 297.2698
4198.810, 306.2708
4200.739, 319.9189
4202.667, 312.5735
4204.596, 305.5068
4206.524, 309.4941
4208.453, 304.7005
4210.381, 294.6926
4212.310, 293.1790
4214.238, 296.8658
4216.167, 303.2824
4218.095, 298.9521
4220.023, 290.1703
4221.952, 289.1846
4223.880, 285.1174
4225.809, 275.0320
4227.737, 283.4991
4229.666, 295.5753
4231.594, 288.3654
4233.522, 281.6715
4235.451, 279.3250
4237.379, 273.8421
4239.308, 269.5102
4241.236, 270.9947
4243.165, 272.8754
4245.093, 274.7442
4247.022, 283.7991
4248.950, 290.3519
4250.879, 286.7646
4252.807, 285.4747
4254.736, 286.1642
4256.664, 278.9333
4258.593, 277.3569
4260.521, 289.0096
4262.450, 298.3836
4264.378, 302.0291
4266.307, 287.2629
4268.235, 282.4310
4270.164, 296.6476
4272.092, 304.6319
4274.021, 310.1717
4275.949, 320.8576
4277.877, 325.9489
4279.806, 323.8449
4281.734, 319.9044
4283.663, 322.0823
4285.591, 339.7587
4287.520, 353.0941
4289.448, 359.6046
4291.376, 354.6175
4293.305, 352.4791
4295.233, 361.9059
4297.162, 356.5673
4299.090, 345.3315
4301.019, 351.7226
4302.947, 357.6409
4304.876, 358.1607
4306.804, 353.3016
4308.733, 353.4437
4310.661, 378.4095
4312.590, 376.9115
4314.518, 350.4701
4316.447, 363.8115
4318.375, 382.5549
4320.304, 386.0378
4322.232, 381.8822
4324.161, 376.8267
4326.089, 389.3228
4328.018, 396.5722
4329.946, 391.8721
4331.875, 398.4728
4333.803, 407.8019
4335.731, 404.6178
4337.660, 412.2976
4339.588, 429.2774
4341.517, 422.4722
4343.445, 418.0774
4345.374, 435.8630
4347.302, 441.9641
4349.230, 439.0741
4351.159, 434.9250
4353.087, 440.2047
4355.016, 458.3952
4356.944, 453.9115
4358.873, 444.5383
4360.801, 452.3285
4362.730, 457.3475
4364.658, 456.4307
4366.587, 442.3490
4368.515, 433.7259
4370.444, 446.5356
4372.372, 445.9441
4374.301, 437.3102
4376.229, 429.6368
4378.158, 417.8284
4380.086, 401.4914
4382.015, 401.2585
4383.943, 401.1144
4385.872, 386.4826
4387.800, 392.9474
4389.729, 409.9866
4391.657, 403.5833
4393.585, 398.4175
4395.514, 401.2862
4397.442, 413.9481
4399.371, 425.1611
4401.299, 423.2808
4403.228, 427.0680
4405.156, 436.1768
4407.084, 443.6601
4409.013, 448.9956
4410.941, 452.0518
4412.870, 460.1397
4414.798, 468.7709
4416.727, 477.3822
4418.655, 466.9077
4420.584, 443.6183
4422.512, 442.0851
4424.441, 443.1591
4426.369, 437.6679
4428.298, 435.5724
4430.226, 431.3460
4432.155, 414.6486
4434.083, 406.5652
4436.012, 404.6922
4437.940, 376.8286
4439.869, 355.1582
4441.797, 352.8816
4443.726, 353.7511
4445.654, 355.1334
4447.583, 356.7607
4449.511, 350.7595
4451.439, 339.6527
4453.368, 335.3220
4455.296, 333.7985
4457.225, 333.4573
4459.153, 334.6810
4461.082, 333.4485
4463.010, 322.5276
4464.938, 315.7354
4466.867, 314.3180
4468.795, 319.0309
4470.724, 324.3970
4472.652, 329.2671
4474.581, 319.4601
4476.509, 308.2234
4478.438, 306.6674
4480.366, 309.5810
4482.295, 314.4378
4484.223, 319.2982
4486.152, 317.2990
4488.080, 308.6845
4490.009, 310.5725
4491.937, 316.6187
4493.866, 324.9928
4495.794, 319.7680
4497.723, 309.7008
4499.651, 312.7462
4501.580, 312.7178
4503.508, 308.6047
4505.437, 318.4773
4507.365, 324.8608
4509.293, 319.6555
4511.222, 314.9150
4513.150, 312.3729
4515.079, 314.1986
4517.007, 313.7289
4518.936, 311.5150
4520.864, 312.4998
4522.792, 309.7631
4524.721, 301.7112
4526.649, 306.9471
4528.578, 312.0474
4530.506, 306.1234
4532.435, 301.6841
4534.363, 298.1122
4536.292, 294.6411
4538.220, 286.0244
4540.149, 274.1583
4542.077, 271.2891
4544.006, 269.4111
4545.934, 265.8278
4547.863, 269.0000
4549.791, 271.8751
4551.720, 266.0184
4553.648, 266.0250
4555.577, 268.1300
4557.505, 262.7879
4559.434, 260.3854
4561.362, 260.8823
4563.291, 250.4485
4565.219, 243.5189
4567.147, 244.9520
4569.076, 240.7109
4571.004, 238.4463
4572.933, 249.8792
4574.861, 243.5424
4576.790, 232.4468
4578.718, 249.1583
4580.646, 253.3052
4582.575, 242.7200
4584.503, 236.7883
4586.432, 233.0849
4588.360, 230.8587
4590.289, 232.9596
4592.217, 235.9311
4594.146, 238.6474
4596.074, 229.3149
4598.003, 219.6344
4599.931, 232.4431
4601.860, 236.0249
4603.788, 228.6129
4605.717, 207.7999
4607.645, 206.0773
4609.574, 225.2530
4611.502, 220.2542
4613.431, 212.3587
4615.359, 212.9218
4617.288, 214.5095
4619.216, 215.2026
4621.145, 212.0743
4623.073, 215.4629
4625.001, 218.9634
4626.930, 208.3717
4628.858, 199.6143
4630.787, 196.1540
4632.715, 202.4948
4634.644, 208.6568
4636.572, 211.3146
4638.500, 208.0231
4640.429, 205.3160
4642.357, 207.2088
4644.286, 204.2032
4646.214, 200.8165
4648.143, 201.1870
4650.071, 203.0834
4652.000, 203.8698
4653.928, 198.1106
4655.857, 196.5712
4657.785, 199.5116
4659.714, 206.2648
4661.642, 203.2423
4663.571, 191.0600
4665.499, 203.1031
4667.428, 212.3617
4669.356, 208.1809
4671.285, 198.4636
4673.213, 192.8995
4675.142, 201.3526
4677.070, 197.9006
4678.999, 193.0949
4680.927, 199.8569
4682.855, 203.4891
4684.784, 201.6877
4686.712, 188.4487
4688.641, 188.5153
4690.569, 199.4881
4692.498, 201.3729
4694.426, 204.3926
4696.354, 209.3290
4698.283, 201.8229
4700.211, 192.5097
4702.140, 186.2889
4704.068, 200.8246
4705.997, 212.4050
4707.925, 204.5729
4709.854, 200.4900
4711.782, 195.6895
4713.711, 184.6909
4715.639, 192.9237
4717.568, 206.6646
4719.496, 204.9569
4721.425, 208.4037
4723.353, 213.1270
4725.282, 205.2774
4727.210, 206.7102
4729.139, 215.1381
4731.067, 213.7397
4732.996, 213.4309
4734.924, 215.3412
4736.853, 211.5340
4738.781, 206.6343
4740.709, 202.9691
4742.638, 220.8505
4744.566, 227.5711
4746.495, 211.7795
4748.423, 207.4872
4750.352, 209.6000
4752.280, 214.4792
4754.208, 225.1023
4756.137, 231.8911
4758.065, 226.9290
4759.994, 229.5090
4761.922, 232.2599
4763.851, 225.0022
4765.779, 214.0382
4767.708, 206.2738
4769.636, 210.8092
4771.565, 224.7286
4773.493, 236.7573
4775.422, 225.6158
4777.350, 215.4150
4779.279, 210.4780
4781.207, 213.4704
4783.136, 220.7505
4785.064, 226.7699
4786.993, 211.6679
4788.921, 202.6180
4790.850, 204.6691
4792.778, 212.3530
4794.707, 218.6942
4796.635, 221.2712
4798.563, 214.9989
4800.492, 210.2882
4802.420, 210.7699
4804.349, 216.2352
4806.277, 217.4940
4808.206, 211.4528
4810.134, 210.4414
4812.063, 216.8848
4813.991, 231.3265
4815.919, 235.6176
4817.848, 235.2416
4819.776, 233.4636
4821.705, 229.3318
4823.633, 224.5966
4825.562, 220.0507
4827.490, 222.8748
4829.419, 228.2453
4831.347, 232.8271
4833.276, 233.0864
4835.204, 232.8359
4837.133, 234.8912
4839.061, 239.8552
4840.990, 244.9442
4842.918, 247.4915
4844.847, 253.2421
4846.775, 254.1353
4848.704, 238.7985
4850.632, 250.3956
4852.561, 264.8712
4854.489, 251.4523
4856.417, 256.6172
4858.346, 265.7633
4860.274, 259.3179
4862.203, 256.5189
4864.131, 258.0785
4866.060, 263.6833
4867.988, 269.5366
4869.917, 276.1870
4871.845, 283.4576
4873.773, 300.6272
4875.702, 316.3777
4877.630, 314.3528
4879.559, 327.8563
4881.487, 345.7992
4883.416, 347.6395
4885.344, 369.9232
4887.273, 397.0894
4889.201, 406.3471
4891.130, 443.3597
4893.058, 484.4573
4894.987, 498.7020
4896.915, 501.9129
4898.844, 510.8272
4900.772, 543.9850
4902.701, 561.3688
4904.629, 577.9620
4906.558, 615.9947
4908.486, 653.4645
4910.415, 681.7935
4912.343, 692.8032
4914.271, 710.2705
4916.200, 728.2419
4918.128, 747.0787
4920.057, 708.4987
4921.985, 652.9433
4923.914, 611.6072
4925.842, 561.2717
4927.771, 517.4847
4929.699, 492.9839
4931.627, 472.5635
4933.556, 457.2308
4935.484, 447.8152
4937.413, 450.9380
4939.341, 447.7854
4941.270, 429.4717
4943.198, 440.0994
4945.127, 459.0787
4947.055, 475.3161
4948.984, 454.0533
4950.912, 447.5989
4952.841, 470.6963
4954.769, 475.7207
4956.698, 479.2821
4958.626, 487.7816
4960.555, 496.2096
4962.483, 517.6172
4964.412, 546.9514
4966.340, 544.5898
4968.269, 544.3580
4970.197, 555.5283
4972.125, 587.6632
4974.054, 602.6917
4975.982, 605.0557
4977.911, 627.6447
4979.839, 642.3891
4981.768, 648.3083
4983.696, 651.3209
4985.625, 650.5557
4987.553, 644.3444
4989.481, 629.3455
4991.410, 616.0840
4993.338, 606.5821
4995.267, 605.0313
4997.195, 583.4951
4999.124, 564.1964
5001.052, 567.3682
5002.981, 550.0411
5004.909, 528.3933
5006.838, 513.7043
5008.766, 499.5911
5010.695, 495.1805
5012.623, 504.2549
5014.552, 498.3334
5016.480, 509.1688
5018.409, 535.4807
5020.337, 508.8235
5022.266, 511.8209
5024.194, 547.1309
5026.123, 540.3323
5028.051, 548.1848
5029.979, 567.7352
5031.908, 570.7820
5033.836, 565.7459
5035.765, 551.5950
5037.693, 521.3722
5039.622, 495.0004
5041.550, 480.6831
5043.479, 486.7729
5045.407, 455.3856
5047.335, 425.7853
5049.264, 426.3068
5051.192, 417.8179
5053.121, 403.8272
5055.049, 386.9059
5056.978, 368.2604
5058.906, 359.8488
5060.835, 360.2550
5062.763, 351.8377
5064.692, 341.9958
5066.620, 334.4819
5068.549, 339.6286
5070.477, 324.0290
5072.406, 298.6870
5074.334, 282.7958
5076.263, 284.6535
5078.191, 289.4574
5080.120, 283.4562
5082.048, 272.4737
5083.977, 265.8032
5085.905, 267.1941
5087.833, 259.7476
5089.762, 262.6319
5091.690, 274.9720
5093.619, 256.6222
5095.547, 244.9623
5097.476, 244.2454
5099.404, 245.5010
5101.333, 239.1211
5103.261, 233.2065
5105.189, 242.0274
5107.118, 236.0728
5109.046, 228.3153
5110.975, 232.0134
5112.903, 227.0604
5114.832, 217.2846
5116.760, 207.0091
5118.689, 214.3115
5120.617, 223.8563
5122.546, 229.7825
5124.474, 226.8949
5126.403, 224.5901
5128.331, 221.7656
5130.260, 213.2465
5132.188, 216.1299
5134.117, 219.4229
5136.045, 212.2683
5137.974, 210.3025
5139.902, 210.1127
5141.831, 209.8801
5143.759, 212.4322
5145.688, 213.1215
5147.616, 210.7401
5149.544, 202.6154
5151.473, 204.9890
5153.401, 209.9774
5155.330, 202.8751
5157.258, 196.1679
5159.187, 193.7118
5161.115, 197.1700
5163.043, 195.6483
5164.972, 192.2809
5166.900, 188.6825
5168.829, 183.0388
5170.757, 188.4512
5172.686, 198.9792
5174.614, 197.6557
5176.543, 194.4202
5178.471, 193.0134
5180.400, 195.8435
5182.328, 182.6324
5184.257, 176.6220
5186.185, 187.0196
5188.114, 180.6693
5190.042, 186.2401
5191.971, 201.0504
5193.899, 202.7398
5195.828, 197.4933
5197.756, 192.3911
5199.685, 194.4753
5201.613, 193.9351
5203.542, 192.6128
5205.470, 191.9057
5207.398, 196.7576
5209.327, 196.2323
5211.255, 191.8824
5213.184, 194.8134
5215.112, 191.7570
5217.041, 187.7619
5218.969, 190.8793
5220.897, 184.0634
5222.826, 181.1467
5224.754, 186.3792
5226.683, 185.6843
5228.611, 181.8668
5230.540, 181.0290
5232.468, 196.9900
5234.397, 206.8171
5236.325, 207.3745
5238.254, 197.5345
5240.182, 191.6409
5242.111, 184.9562
5244.039, 177.9531
5245.968, 179.6248
5247.896, 188.4552
5249.825, 196.7879
5251.753, 192.4066
5253.682, 191.3147
5255.610, 193.8053
5257.539, 198.0361
5259.467, 185.7243
5261.396, 182.1222
5263.324, 186.1691
5265.252, 176.2818
5267.181, 180.6617
5269.109, 183.3326
5271.038, 166.0053
5272.966, 170.5921
5274.895, 178.9216
5276.823, 182.7542
5278.751, 176.5357
5280.680, 181.8203
5282.608, 186.9220
5284.537, 167.5525
5286.465, 169.9805
5288.394, 172.3356
5290.322, 165.1136
5292.251, 164.4387
5294.179, 161.4227
5296.108, 156.4612
5298.036, 152.6948
5299.965, 152.9282
5301.893, 156.9361
5303.822, 164.2184
5305.750, 169.4424
5307.679, 171.7488
5309.607, 170.4745
5311.536, 164.3060
5313.464, 156.8888
5315.393, 155.4660
5317.321, 163.7148
5319.250, 151.6824
5321.178, 155.9403
5323.106, 171.0155
5325.035, 153.5785
5326.963, 148.8058
5328.892, 152.2154
5330.820, 156.2526
5332.749, 164.4237
5334.677, 164.0329
5336.605, 155.0578
5338.534, 142.8993
5340.462, 150.4806
5342.391, 161.9447
5344.319, 163.6265
5346.248, 159.9191
5348.176, 154.8689
5350.105, 152.2432
5352.033, 159.9062
5353.962, 155.2933
5355.890, 150.1527
5357.819, 154.4064
5359.747, 152.6939
5361.676, 156.8080
5363.604, 161.6146
5365.533, 149.3844
5367.461, 153.6688
5369.390, 159.8432
5371.318, 157.3170
5373.247, 150.3426
5375.175, 154.8121
5377.104, 164.7044
5379.032, 165.9449
5380.960, 155.3261
5382.889, 146.5121
5384.817, 144.6068
5386.746, 135.4595
5388.674, 149.4111
5390.603, 164.2730
5392.531, 148.3624
5394.459, 144.2918
5396.388, 151.0512
5398.316, 161.7402
5400.245, 155.4897
5402.173, 157.8698
5404.102, 160.6659
5406.030, 154.7325
5407.959, 140.2276
5409.887, 134.5909
5411.816, 139.4360
5413.744, 150.6066
5415.673, 159.5746
5417.601, 161.3386
5419.530, 154.6316
5421.458, 143.8570
5423.387, 150.4977
5425.315, 156.5859
5427.244, 138.9715
5429.172, 143.2250
5431.101, 158.0563
5433.029, 167.8389
5434.958, 136.5179
5436.886, 140.5765
5438.814, 150.5774
5440.743, 143.7685
5442.671, 133.5303
5444.600, 144.6848
5446.528, 160.8189
5448.457, 154.6533
5450.385, 144.3257
5452.313, 139.8743
5454.242, 142.8386
5456.170, 152.5830
5458.099, 133.9821
5460.027, 127.9981
5461.956, 159.1154
5463.884, 158.3919
5465.813, 152.7738
5467.741, 148.8977
5469.670, 147.2526
5471.598, 148.0827
5473.527, 144.6173
5475.455, 138.1690
5477.384, 136.1285
5479.312, 148.6644
5481.241, 155.0310
5483.169, 147.1316
5485.098, 162.0276
5487.026, 153.3187
5488.955, 141.1697
5490.883, 151.2005
5492.812, 146.2873
5494.740, 148.8256
5496.668, 154.8012
5498.597, 145.1203
5500.525, 152.3308
5502.454, 155.3796
5504.382, 147.0059
5506.311, 132.1034
5508.239, 146.4699
5510.167, 156.8085
5512.096, 143.9960
5514.024, 148.9407
5515.953, 154.4689
5517.881, 154.2344
5519.810, 146.1728
5521.738, 143.6703
5523.667, 146.6813
5525.595, 152.6626
5527.524, 160.8028
5529.452, 148.9846
5531.381, 145.4808
5533.309, 151.8853
5535.238, 144.1581
5537.166, 136.4687
5539.095, 138.3283
5541.023, 148.6623
5542.952, 146.5103
5544.880, 147.5354
5546.809, 145.5287
5548.737, 136.1932
5550.666, 136.2083
5552.594, 148.0380
5554.522, 159.0956
5556.451, 156.5322
5558.379, 144.5585
5560.308, 137.2984
5562.236, 135.2518
5564.165, 134.4244
5566.093, 148.1644
5568.021, 153.1440
5569.950, 150.8834
5571.878, 159.5760
5573.807, 152.8779
5575.735, 149.0788
5577.664, 149.9331
5579.592, 134.1539
5581.521, 140.4370
5583.449, 149.0926
5585.378, 149.3134
5587.306, 141.3230
5589.235, 138.6207
5591.163, 143.1264
5593.092, 151.6507
5595.020, 150.3854
5596.949, 154.2017
5598.877, 152.7889
5600.806, 141.2216
5602.734, 145.0195
5604.663, 158.5187
5606.591, 167.0729
5608.520, 161.7833
5610.448, 157.9777
5612.376, 171.1480
5614.305, 180.0067
5616.233, 166.5462
5618.162, 154.5928
5620.090, 173.9142
5622.019, 187.0609
5623.947, 158.9773
5625.875, 161.3673
5627.804, 150.7222
5629.732, 138.8778
5631.661, 149.2945
5633.589, 152.6295
5635.518, 163.2995
5637.446, 167.6272
5639.375, 147.9088
5641.303, 153.4740
5643.232, 166.3139
5645.160, 173.4157
5647.089, 167.5246
5649.017, 173.5957
5650.946, 165.7672
5652.874, 158.1448
5654.803, 171.4718
5656.731, 181.4016
5658.660, 181.5563
5660.588, 176.6959
5662.517, 173.2842
5664.445, 173.2467
5666.374, 173.2648
5668.302, 174.1031
5670.230, 176.8724
5672.159, 169.3477
5674.087, 170.3446
5676.016, 173.1390
5677.944, 168.9062
5679.873, 172.4945
5681.801, 174.9796
5683.729, 173.8465
5685.658, 168.7952
5687.586, 158.0725
5689.515, 160.8562
5691.443, 170.0120
5693.372, 176.3103
5695.300, 169.1068
5697.229, 156.6530
5699.157, 151.7761
5701.086, 158.1381
5703.014, 156.5501
5704.943, 153.1506
5706.871, 153.8519
5708.800, 155.5752
5710.728, 137.1367
5712.657, 136.5372
5714.585, 138.8407
5716.514, 135.7252
5718.442, 131.1096
5720.371, 125.3730
5722.299, 125.6261
5724.228, 130.6101
5726.156, 132.3387
5728.084, 127.5698
5730.013, 135.9247
5731.941, 145.1150
5733.870, 126.8657
5735.798, 121.0428
5737.727, 127.3553
5739.655, 132.1037
5741.583, 123.9494
5743.512, 136.3694
5745.440, 133.4216
5747.369, 121.6727
5749.297, 113.9872
5751.226, 120.4191
5753.154, 122.3543
5755.083, 124.5743
5757.011, 128.6747
5758.940, 124.3143
5760.868, 111.7460
5762.797, 108.4972
5764.725, 116.4025
5766.654, 124.3968
5768.582, 120.7455
5770.511, 119.0385
5772.439, 120.4378
5774.368, 120.2679
5776.296, 116.9047
5778.225, 113.3501
5780.153, 113.2359
5782.082, 117.1505
5784.010, 112.3940
5785.938, 111.7029
5787.867, 116.1196
5789.795, 120.3263
5791.724, 108.0036
5793.652, 116.2124
5795.581, 113.7062
5797.509, 100.4182
5799.438, 101.9288
5801.366, 104.2507
5803.294, 118.1264
5805.223, 126.1269
5807.151, 109.1851
5809.080, 101.2858
5811.008, 118.1525
5812.937, 123.3058
5814.865, 105.8561
5816.794, 115.7649
5818.722, 114.1561
5820.651, 110.0265
5822.579, 109.9216
5824.508, 115.2048
5826.436, 122.8920
5828.365, 117.2656
5830.293, 108.6868
5832.222, 108.9885
5834.150, 111.4812
5836.079, 106.5313
5838.007, 109.1708
5839.936, 119.0446
5841.864, 110.1537
5843.792, 101.6728
5845.721, 109.0624
5847.649, 120.7766
5849.578, 116.9409
5851.506, 114.7895
5853.435, 111.1269
5855.363, 108.1110
5857.292, 107.6887
5859.220, 111.0685
5861.148, 113.7407
5863.077, 111.7658
5865.005, 107.0782
5866.934, 104.4715
5868.862, 106.8270
5870.791, 108.1550
5872.719, 109.6276
5874.648, 111.7217
5876.576, 109.0218
5878.505, 113.2246
5880.433, 118.3922
5882.362, 115.3197
5884.290, 98.10336
5886.219, 104.1385
5888.147, 107.5843
5890.076, 109.8987
5892.004, 113.6712
5893.933, 108.2963
5895.861, 105.5582
5897.790, 101.4002
5899.718, 98.28357
5901.646, 101.6258
5903.575, 104.6796
5905.503, 107.9752
5907.432, 105.4485
5909.360, 99.41747
5911.289, 110.9624
5913.217, 105.1056
5915.146, 109.4749
5917.074, 114.4448
5919.002, 102.5329
5920.931, 107.4650
5922.859, 119.6579
5924.788, 116.6903
5926.716, 105.4798
5928.645, 116.0901
5930.573, 104.8178
5932.502, 106.9851
5934.430, 115.3100
5936.359, 116.6800
5938.287, 110.6059
5940.216, 100.0219
5942.144, 106.5453
5944.073, 112.7115
5946.001, 97.03642
5947.930, 110.7886
5949.858, 109.9442
5951.787, 110.0673
5953.715, 110.3891
5955.644, 91.16482
5957.572, 109.9437
5959.500, 116.8406
5961.429, 109.8758
5963.357, 101.3578
5965.286, 109.7996
5967.214, 103.0724
5969.143, 102.9120
5971.071, 102.9336
5973.000, 93.61935
5974.928, 100.1927
5976.856, 108.9056
5978.785, 115.8316
5980.713, 120.2900
5982.642, 122.7057
5984.570, 113.2726
5986.499, 110.9715
5988.427, 114.4340
5990.356, 117.6026
5992.284, 113.1820
5994.213, 107.9047
5996.141, 98.26623
5998.070, 98.97751
5999.998, 109.3473
6001.927, 105.1151
6003.855, 108.2519
6005.784, 106.2268
6007.712, 105.2962
6009.641, 109.0203
6011.569, 105.9775
6013.498, 103.0371
6015.426, 97.90653
6017.354, 99.02144
6019.283, 109.9771
6021.211, 113.8518
6023.140, 103.4380
6025.068, 107.8161
6026.997, 114.6682
6028.925, 107.3152
6030.854, 106.9600
6032.782, 105.0637
6034.710, 100.3319
6036.639, 97.14022
6038.567, 100.1587
6040.496, 110.1771
6042.424, 111.0648
6044.353, 112.8971
6046.281, 115.4084
6048.210, 113.5461
6050.138, 105.0594
6052.067, 120.7504
6053.995, 131.7113
6055.924, 127.4915
6057.852, 112.8298
6059.781, 98.49909
6061.709, 118.3109
6063.638, 121.7730
6065.566, 111.4928
6067.495, 107.6541
6069.423, 96.87083
6071.352, 99.33350
6073.280, 105.0792
6075.208, 104.0382
6077.137, 97.08095
6079.065, 109.7905
6080.994, 102.2821
6082.922, 112.9352
6084.851, 118.9985
6086.779, 101.5451
6088.708, 98.38353
6090.636, 98.26413
6092.564, 106.3687
6094.493, 110.9693
6096.421, 108.5098
6098.350, 115.8023
6100.278, 110.9437
6102.207, 108.5965
6104.135, 103.1420
6106.064, 98.04203
6107.992, 110.7513
6109.921, 110.9388
6111.849, 117.9731
6113.778, 121.9028
6115.706, 116.8305
6117.635, 108.1808
6119.563, 125.6958
6121.492, 116.3062
6123.420, 117.4109
6125.349, 126.7805
6127.277, 122.7414
6129.206, 124.6202
6131.134, 118.5547
6133.063, 111.5892
6134.991, 109.1575
6136.919, 115.0318
6138.848, 135.9359
6140.776, 121.4120
6142.705, 117.8401
6144.633, 109.3163
6146.562, 98.75814
6148.490, 121.6359
6150.418, 128.2386
6152.347, 128.0907
6154.275, 122.6516
6156.204, 119.4028
6158.132, 125.3808
6160.061, 130.5515
6161.989, 125.1242
6163.918, 123.5799
6165.846, 126.8415
6167.775, 126.9974
6169.703, 113.3327
6171.632, 135.4084
6173.560, 129.6877
6175.489, 126.0688
6177.417, 134.2211
6179.346, 132.1696
6181.274, 129.5645
6183.203, 121.6053
6185.131, 127.0855
6187.060, 133.0140
6188.988, 127.6713
6190.917, 130.1856
6192.845, 133.5094
6194.773, 138.1646
6196.702, 145.2642
6198.630, 149.9033
6200.559, 145.8603
6202.487, 143.8966
6204.416, 140.6745
6206.344, 141.7709
6208.272, 147.5662
6210.201, 152.8152
6212.129, 148.4225
6214.058, 146.0501
6215.986, 130.1672
6217.915, 132.7134
6219.843, 145.7493
6221.772, 140.2462
6223.700, 131.8642
6225.629, 137.8582
6227.557, 148.8092
6229.486, 149.2195
6231.414, 143.5619
6233.343, 153.3122
6235.271, 139.7540
6237.200, 157.0917
6239.128, 159.0549
6241.057, 152.8004
6242.985, 158.2675
6244.914, 159.7630
6246.842, 160.8428
6248.771, 167.4237
6250.699, 172.3766
6252.627, 172.8862
6254.556, 170.3498
6256.484, 164.2526
6258.413, 164.1643
6260.341, 161.2109
6262.270, 164.2753
6264.198, 173.4074
6266.126, 179.3895
6268.055, 177.8181
6269.983, 166.5145
6271.912, 170.1792
6273.840, 173.0972
6275.769, 169.3309
6277.697, 172.3884
6279.626, 175.9078
6281.554, 182.2588
6283.483, 187.4690
6285.411, 186.2205
6287.340, 181.7105
6289.268, 183.4238
6291.197, 183.3628
6293.125, 191.2433
6295.054, 191.9932
6296.982, 182.8121
6298.911, 172.8213
6300.839, 173.6315
6302.768, 175.0350
6304.696, 185.7489
6306.625, 192.5643
6308.553, 190.2254
6310.481, 182.1292
6312.410, 175.6510
6314.338, 173.4911
6316.267, 180.7823
6318.195, 182.7571
6320.124, 192.5668
6322.052, 198.3672
6323.980, 168.5142
6325.909, 187.9556
6327.837, 180.2309
6329.766, 173.6903
6331.694, 166.4613
6333.623, 163.3891
6335.551, 177.6455
6337.480, 178.7679
6339.408, 170.7963
6341.337, 173.9522
6343.265, 165.0828
6345.194, 157.6426
6347.122, 172.1480
6349.051, 161.0851
6350.979, 159.4290
6352.908, 175.9519
6354.836, 183.3777
6356.765, 173.6207
6358.693, 160.1098
6360.622, 162.8055
6362.550, 177.4106
6364.479, 167.4825
6366.407, 159.1442
6368.335, 170.0478
6370.264, 183.6632
6372.192, 172.4160
6374.121, 183.1848
6376.049, 172.9205
6377.978, 174.8842
6379.906, 171.7057
6381.834, 168.5983
6383.763, 181.9944
6385.691, 189.7969
6387.620, 183.2199
6389.548, 184.5614
6391.477, 182.7047
6393.405, 181.2397
6395.334, 180.7329
6397.262, 169.6821
6399.191, 163.1102
6401.119, 173.4808
6403.048, 169.1609
6404.976, 163.8128
6406.905, 160.8300
6408.833, 157.2622
6410.762, 168.9017
6412.690, 171.7483
6414.619, 167.3555
6416.547, 162.0022
6418.476, 160.2087
6420.404, 161.9693
6422.333, 163.1023
6424.261, 156.7979
6426.189, 153.5531
6428.118, 148.4778
6430.046, 161.8908
6431.975, 153.5289
6433.903, 124.4384
6435.832, 158.7306
6437.760, 156.8241
6439.688, 148.7932
6441.617, 148.7123
6443.545, 141.1951
6445.474, 141.2033
6447.402, 157.5230
6449.331, 158.0444
6451.259, 160.2706
6453.188, 160.2204
6455.116, 154.2473
6457.045, 161.6808
6458.973, 167.2690
6460.902, 157.2838
6462.830, 167.3465
6464.759, 172.5351
6466.687, 161.3089
6468.616, 162.7305
6470.544, 166.8291
6472.473, 161.6767
6474.401, 155.7514
6476.330, 183.0173
6478.258, 179.9135
6480.187, 177.2327
6482.115, 175.4342
6484.043, 170.7339
6485.972, 163.7001
6487.900, 159.8634
6489.829, 163.8342
6491.757, 150.4274
6493.686, 156.3594
6495.614, 144.7403
6497.542, 156.0475
6499.471, 160.6724
6501.399, 138.3286
6503.328, 142.7171
6505.256, 150.6969
6507.185, 161.8151
6509.113, 147.0234
6511.042, 142.8563
6512.970, 144.6331
6514.899, 143.1914
6516.827, 146.8454
6518.756, 139.5259
6520.684, 136.3758
6522.613, 131.5937
6524.541, 131.4272
6526.470, 143.3738
6528.398, 144.9180
6530.327, 123.1096
6532.255, 119.5483
6534.184, 135.1836
6536.112, 122.2518
6538.041, 126.7489
6539.969, 141.2076
6541.897, 137.8330
6543.826, 119.3918
6545.754, 114.1339
6547.683, 133.3918
6549.611, 121.0104
6551.540, 135.8109
6553.468, 130.8649
6555.396, 123.6730
6557.325, 123.5226
6559.253, 120.7756
6561.182, 120.1716
6563.110, 143.5625
6565.039, 123.2777
6566.967, 110.4725
6568.896, 116.6790
6570.824, 112.8758
6572.753, 102.3968
6574.681, 111.0118
6576.610, 137.3504
6578.538, 110.0713
6580.467, 104.2053
6582.395, 98.20985
6584.324, 103.9811
6586.252, 110.7660
6588.181, 107.2865
6590.109, 101.6398
6592.038, 110.8796
6593.966, 118.3719
6595.895, 109.7013
6597.823, 99.34447
6599.751, 108.2682
6601.680, 109.7489
6603.608, 104.4797
6605.537, 110.9610
6607.465, 106.6687
6609.394, 92.11169
6611.322, 99.71786
6613.250, 100.0865
6615.179, 92.08788
6617.107, 86.01202
6619.036, 87.40598
6620.964, 90.41215
6622.893, 83.43711
6624.821, 89.51840
6626.750, 97.43793
##END=



