##NAMES=Beryl
##RRUFFID=R050347
##IDEAL CHEMISTRY=Be_3_Al_2_Si_6_O_18_
##LOCALITY=North Keystone, South Dakota, USA
##OWNER=RRUFF
##SOURCE=California Institute of Technology
##DESCRIPTION=Colorless fragment
##STATUS=The identification of this mineral has been confirmed by X-ray diffraction and chemical analysis
##URL=https://www.rruff.net/odr/rruff_sample/R050347
##MEASURED CHEMISTRY=(Be_0.96_Li_0.04_)_3_Al_2.00_(Si_0.99_Al_0.01_)_6_O_18_ ·0.17Na
##DIFFRACTION SAMPLE DESCRIPTION=Powder
##CELL PARAMETERS=a: 9.2154 b: 9.2154 c: 9.2047 alpha: 90 beta: 90 gamma: 120 volume: 676.97 crystal system: hexagonal
##FILETYPE=Raman RAW
##RAMAN WAVELENGTH=532

125.8887, 1687.668
127.8171, 1707.403
129.7456, 1725.909
131.6741, 1750.568
133.6025, 1780.006
135.5310, 1811.158
137.4595, 1853.515
139.3879, 1890.028
141.3164, 1913.434
143.2449, 1921.806
145.1733, 1924.896
147.1018, 1922.753
149.0303, 1915.638
150.9587, 1910.842
152.8872, 1912.271
154.8157, 1913.038
156.7441, 1908.205
158.6726, 1887.746
160.6011, 1871.884
162.5295, 1864.126
164.4580, 1863.725
166.3865, 1867.080
168.3149, 1876.754
170.2434, 1888.809
172.1719, 1898.408
174.1003, 1902.331
176.0288, 1907.029
177.9573, 1914.764
179.8857, 1925.703
181.8142, 1935.229
183.7427, 1941.299
185.6711, 1945.612
187.5996, 1952.016
189.5281, 1962.861
191.4565, 1972.610
193.3850, 1979.183
195.3135, 1980.509
197.2419, 1982.167
199.1704, 1983.100
201.0989, 1984.680
203.0273, 1989.233
204.9558, 1999.870
206.8843, 2011.031
208.8127, 2019.921
210.7412, 2024.867
212.6697, 2030.572
214.5981, 2038.217
216.5266, 2046.991
218.4551, 2054.751
220.3835, 2060.379
222.3120, 2065.513
224.2405, 2070.241
226.1689, 2073.512
228.0974, 2079.594
230.0259, 2091.463
231.9543, 2108.006
233.8828, 2121.906
235.8113, 2132.846
237.7397, 2142.021
239.6682, 2149.854
241.5967, 2155.967
243.5251, 2162.634
245.4536, 2170.176
247.3821, 2178.579
249.3105, 2187.904
251.2390, 2200.454
253.1675, 2211.772
255.0959, 2219.493
257.0244, 2222.135
258.9529, 2223.690
260.8813, 2223.192
262.8098, 2221.756
264.7383, 2224.339
266.6667, 2232.714
268.5952, 2244.258
270.5237, 2257.278
272.4521, 2272.931
274.3806, 2288.838
276.3091, 2304.510
278.2375, 2320.315
280.1660, 2337.173
282.0945, 2356.503
284.0229, 2375.524
285.9514, 2392.603
287.8799, 2406.132
289.8083, 2419.596
291.7368, 2432.075
293.6653, 2444.345
295.5938, 2458.156
297.5222, 2478.259
299.4507, 2496.105
301.3792, 2506.714
303.3076, 2508.024
305.2361, 2511.514
307.1646, 2519.681
309.0930, 2531.742
311.0215, 2546.708
312.9500, 2563.438
314.8784, 2584.834
316.8069, 2614.875
318.7354, 2653.784
320.6638, 2691.439
322.5923, 2737.199
324.5208, 2778.326
326.4492, 2792.531
328.3777, 2766.758
330.3062, 2728.608
332.2346, 2675.897
334.1631, 2610.247
336.0915, 2556.198
338.0200, 2517.608
339.9485, 2491.848
341.8769, 2479.638
343.8054, 2485.541
345.7339, 2495.401
347.6623, 2506.646
349.5908, 2519.003
351.5193, 2531.961
353.4477, 2547.414
355.3762, 2562.115
357.3047, 2573.496
359.2331, 2581.757
361.1616, 2587.914
363.0901, 2590.095
365.0185, 2589.983
366.9470, 2594.618
368.8755, 2601.736
370.8039, 2615.060
372.7324, 2639.440
374.6609, 2674.645
376.5893, 2710.081
378.5178, 2741.932
380.4463, 2772.470
382.3747, 2805.995
384.3032, 2838.710
386.2317, 2877.115
388.1601, 2923.506
390.0886, 2976.779
392.0171, 3037.844
393.9455, 3124.366
395.8740, 3209.563
397.8025, 3272.137
399.7309, 3320.108
401.6594, 3335.346
403.5879, 3297.364
405.5163, 3220.648
407.4448, 3140.159
409.3733, 3041.704
411.3017, 2952.443
413.2302, 2886.652
415.1587, 2845.074
417.0871, 2815.514
419.0156, 2801.659
420.9441, 2797.715
422.8725, 2797.226
424.8010, 2805.973
426.7295, 2811.671
428.6579, 2809.053
430.5864, 2799.411
432.5149, 2792.516
434.4433, 2789.226
436.3718, 2789.372
438.3003, 2793.042
440.2287, 2803.296
442.1572, 2814.077
444.0857, 2829.063
446.0141, 2844.318
447.9426, 2853.153
449.8711, 2853.237
451.7995, 2848.799
453.7280, 2840.086
455.6565, 2825.740
457.5849, 2813.579
459.5134, 2804.759
461.4419, 2797.379
463.3703, 2789.694
465.2988, 2780.915
467.2273, 2773.945
469.1557, 2768.326
471.0842, 2764.885
473.0127, 2765.792
474.9411, 2772.257
476.8696, 2781.031
478.7981, 2791.743
480.7265, 2805.221
482.6550, 2814.531
484.5835, 2816.418
486.5119, 2816.068
488.4404, 2818.388
490.3689, 2823.537
492.2973, 2830.231
494.2258, 2839.308
496.1543, 2849.935
498.0827, 2859.453
500.0112, 2866.223
501.9397, 2873.305
503.8681, 2881.081
505.7966, 2889.500
507.7251, 2900.095
509.6535, 2913.966
511.5820, 2929.604
513.5105, 2945.995
515.4390, 2962.994
517.3674, 2981.059
519.2959, 3001.988
521.2244, 3023.637
523.1528, 3042.561
525.0813, 3058.401
527.0098, 3071.486
528.9382, 3083.934
530.8667, 3095.954
532.7952, 3098.262
534.7236, 3085.904
536.6521, 3068.610
538.5806, 3051.149
540.5090, 3033.043
542.4375, 3018.555
544.3660, 3010.198
546.2944, 3005.041
548.2229, 2998.503
550.1514, 2986.918
552.0798, 2979.426
554.0083, 2980.191
555.9368, 2986.586
557.8652, 2992.719
559.7937, 2996.385
561.7222, 3000.879
563.6506, 3007.886
565.5791, 3018.015
567.5076, 3027.410
569.4360, 3037.393
571.3645, 3046.012
573.2930, 3051.941
575.2214, 3054.114
577.1499, 3056.469
579.0784, 3059.717
581.0068, 3063.202
582.9352, 3065.746
584.8637, 3066.969
586.7922, 3067.434
588.7206, 3066.321
590.6491, 3064.003
592.5776, 3063.837
594.5060, 3069.077
596.4345, 3073.618
598.3630, 3074.097
600.2914, 3070.727
602.2199, 3069.590
604.1484, 3072.190
606.0768, 3076.827
608.0053, 3082.194
609.9338, 3087.651
611.8622, 3095.184
613.7907, 3105.200
615.7192, 3117.246
617.6476, 3131.008
619.5761, 3147.660
621.5046, 3163.196
623.4330, 3175.256
625.3615, 3185.185
627.2900, 3197.432
629.2184, 3208.617
631.1469, 3225.242
633.0754, 3249.532
635.0038, 3281.012
636.9323, 3318.284
638.8608, 3366.443
640.7892, 3414.804
642.7177, 3459.805
644.6462, 3503.604
646.5746, 3535.316
648.5031, 3549.050
650.4316, 3555.358
652.3600, 3560.822
654.2885, 3564.144
656.2170, 3574.286
658.1454, 3587.619
660.0739, 3611.041
662.0024, 3654.637
663.9308, 3726.930
665.8593, 3810.456
667.7878, 3902.934
669.7162, 4007.260
671.6447, 4124.546
673.5732, 4250.360
675.5016, 4398.234
677.4301, 4565.358
679.3586, 4752.536
681.2870, 4974.443
683.2155, 5310.020
685.1440, 5599.123
687.0724, 5805.605
689.0009, 5927.929
690.9294, 5893.267
692.8578, 5582.958
694.7863, 5204.191
696.7148, 4840.744
698.6432, 4479.811
700.5717, 4185.952
702.5002, 3974.154
704.4286, 3817.515
706.3571, 3701.914
708.2856, 3628.569
710.2141, 3570.845
712.1425, 3528.125
714.0710, 3495.903
715.9995, 3470.806
717.9279, 3454.653
719.8564, 3444.532
721.7849, 3444.277
723.7133, 3449.050
725.6418, 3451.604
727.5703, 3449.930
729.4987, 3450.111
731.4272, 3453.540
733.3557, 3459.094
735.2841, 3464.837
737.2126, 3470.873
739.1411, 3476.369
741.0695, 3480.845
742.9980, 3484.755
744.9265, 3489.331
746.8549, 3496.134
748.7834, 3502.014
750.7119, 3505.102
752.6403, 3506.202
754.5688, 3510.894
756.4973, 3522.186
758.4257, 3533.558
760.3542, 3542.392
762.2827, 3549.204
764.2111, 3556.522
766.1396, 3565.432
768.0681, 3573.146
769.9965, 3578.472
771.9250, 3581.292
773.8535, 3583.311
775.7819, 3586.172
777.7104, 3587.428
779.6389, 3585.099
781.5673, 3579.829
783.4958, 3575.082
785.4243, 3569.541
787.3527, 3566.406
789.2812, 3568.028
791.2097, 3576.035
793.1381, 3580.167
795.0666, 3575.025
796.9951, 3570.637
798.9235, 3575.693
800.8520, 3589.749
802.7805, 3599.498
804.7089, 3600.627
806.6374, 3599.502
808.5659, 3599.145
810.4943, 3598.580
812.4228, 3602.148
814.3513, 3612.284
816.2797, 3623.545
818.2082, 3632.033
820.1367, 3637.497
822.0651, 3641.722
823.9936, 3644.722
825.9221, 3646.534
827.8505, 3647.083
829.7790, 3645.964
831.7075, 3646.539
833.6359, 3649.941
835.5644, 3654.754
837.4929, 3660.332
839.4213, 3666.816
841.3498, 3673.405
843.2783, 3679.439
845.2067, 3685.915
847.1352, 3693.214
849.0637, 3701.220
850.9921, 3710.039
852.9206, 3720.334
854.8491, 3730.505
856.7775, 3739.611
858.7060, 3747.413
860.6345, 3753.245
862.5629, 3755.091
864.4914, 3756.174
866.4199, 3758.404
868.3483, 3761.880
870.2768, 3765.558
872.2053, 3770.920
874.1337, 3775.852
876.0622, 3779.652
877.9907, 3782.528
879.9191, 3784.405
881.8476, 3783.013
883.7761, 3782.718
885.7045, 3786.523
887.6330, 3793.622
889.5615, 3799.208
891.4899, 3800.843
893.4184, 3803.068
895.3469, 3808.086
897.2753, 3816.180
899.2038, 3824.705
901.1323, 3833.029
903.0607, 3842.778
904.9892, 3855.170
906.9177, 3869.153
908.8461, 3881.870
910.7746, 3891.510
912.7031, 3900.686
914.6315, 3910.338
916.5600, 3919.858
918.4885, 3927.325
920.4169, 3933.010
922.3454, 3936.632
924.2739, 3939.034
926.2023, 3939.811
928.1308, 3937.652
930.0593, 3931.748
931.9877, 3926.417
933.9162, 3922.222
935.8447, 3919.875
937.7731, 3920.627
939.7016, 3925.072
941.6301, 3931.623
943.5585, 3942.415
945.4870, 3953.938
947.4155, 3960.956
949.3439, 3962.175
951.2724, 3965.384
953.2009, 3970.586
955.1293, 3979.641
957.0578, 3995.517
958.9863, 4020.062
960.9147, 4038.757
962.8432, 4041.496
964.7717, 4044.159
966.7001, 4056.685
968.6286, 4080.904
970.5571, 4102.707
972.4855, 4121.981
974.4140, 4138.697
976.3425, 4151.735
978.2709, 4162.012
980.1994, 4172.361
982.1279, 4181.436
984.0563, 4193.804
985.9848, 4210.784
987.9133, 4232.329
989.8417, 4257.997
991.7702, 4289.987
993.6987, 4323.981
995.6271, 4358.542
997.5556, 4395.442
999.4841, 4437.403
1001.413, 4484.774
1003.341, 4536.136
1005.269, 4595.780
1007.198, 4656.492
1009.126, 4712.868
1011.055, 4766.411
1012.983, 4806.809
1014.912, 4830.407
1016.840, 4843.011
1018.769, 4846.089
1020.697, 4838.031
1022.626, 4830.719
1024.554, 4825.220
1026.483, 4820.394
1028.411, 4815.332
1030.340, 4811.050
1032.268, 4809.637
1034.197, 4806.712
1036.125, 4814.935
1038.053, 4838.080
1039.982, 4873.759
1041.910, 4916.795
1043.839, 4964.128
1045.767, 5023.374
1047.696, 5096.187
1049.624, 5181.126
1051.553, 5276.016
1053.481, 5380.597
1055.410, 5498.566
1057.338, 5638.187
1059.267, 5784.860
1061.195, 5934.433
1063.124, 6087.470
1065.052, 6220.495
1066.980, 6356.106
1068.909, 6443.156
1070.837, 6462.246
1072.766, 6417.537
1074.694, 6324.665
1076.623, 6170.013
1078.551, 6001.621
1080.480, 5816.808
1082.408, 5631.578
1084.337, 5461.798
1086.265, 5306.481
1088.193, 5171.816
1090.122, 5065.995
1092.050, 4976.620
1093.979, 4897.938
1095.907, 4829.822
1097.836, 4773.636
1099.764, 4732.253
1101.693, 4697.829
1103.621, 4667.533
1105.550, 4642.385
1107.478, 4625.107
1109.407, 4618.431
1111.335, 4612.280
1113.264, 4604.045
1115.192, 4595.035
1117.120, 4585.903
1119.049, 4576.043
1120.977, 4570.361
1122.906, 4571.847
1124.834, 4575.540
1126.763, 4578.348
1128.691, 4580.147
1130.620, 4585.389
1132.548, 4597.430
1134.477, 4607.663
1136.405, 4612.018
1138.334, 4613.263
1140.262, 4617.152
1142.191, 4624.870
1144.119, 4630.161
1146.047, 4632.283
1147.976, 4630.847
1149.904, 4624.864
1151.833, 4613.959
1153.761, 4603.720
1155.690, 4594.713
1157.618, 4586.403
1159.547, 4578.109
1161.475, 4570.277
1163.404, 4564.500
1165.332, 4560.087
1167.261, 4557.745
1169.189, 4557.968
1171.118, 4559.464
1173.046, 4561.971
1174.974, 4565.442
1176.903, 4565.800
1178.831, 4559.732
1180.760, 4555.381
1182.688, 4557.505
1184.617, 4565.243
1186.545, 4573.212
1188.474, 4581.531
1190.402, 4590.528
1192.331, 4600.087
1194.259, 4609.646
1196.188, 4618.306
1198.116, 4625.262
1200.045, 4631.359
1201.973, 4635.377
1203.901, 4638.921
1205.830, 4643.028
1207.758, 4647.282
1209.687, 4650.677
1211.615, 4653.313
1213.544, 4655.813
1215.472, 4656.516
1217.401, 4659.127
1219.329, 4667.653
1221.258, 4683.840
1223.186, 4698.038
1225.115, 4709.850
1227.043, 4720.464
1228.972, 4729.708
1230.900, 4738.007
1232.828, 4745.914
1234.757, 4751.471
1236.685, 4760.361
1238.614, 4778.318
1240.542, 4795.085
1242.471, 4802.265
1244.399, 4801.208
1246.328, 4798.646
1248.256, 4794.441
1250.185, 4791.110
1252.113, 4790.374
1254.042, 4791.360
1255.970, 4792.561
1257.899, 4793.618
1259.827, 4795.806
1261.755, 4798.247
1263.684, 4801.581
1265.612, 4805.209
1267.541, 4809.165
1269.469, 4815.836
1271.398, 4829.926
1273.326, 4838.065
1275.255, 4835.021
1277.183, 4828.251
1279.112, 4823.906
1281.040, 4822.330
1282.969, 4824.629
1284.897, 4833.570
1286.826, 4842.515
1288.754, 4849.030
1290.682, 4853.800
1292.611, 4856.646
1294.539, 4855.877
1296.468, 4859.780
1298.396, 4871.038
1300.325, 4885.124
1302.253, 4902.457
1304.182, 4921.167
1306.110, 4933.441
1308.039, 4933.767
1309.967, 4934.600
1311.896, 4936.125
1313.824, 4938.810
1315.753, 4944.336
1317.681, 4952.454
1319.609, 4956.948
1321.538, 4954.396
1323.466, 4954.558
1325.395, 4963.712
1327.323, 4975.377
1329.252, 4982.208
1331.180, 4984.259
1333.109, 4987.965
1335.037, 4995.630
1336.966, 5003.888
1338.894, 5012.714
1340.823, 5021.195
1342.751, 5026.938
1344.680, 5027.906
1346.608, 5031.000
1348.536, 5036.643
1350.465, 5043.290
1352.393, 5050.494
1354.322, 5057.962
1356.250, 5064.893
1358.179, 5070.947
1360.107, 5077.913
1362.036, 5087.755
1363.964, 5097.544
1365.893, 5104.500
1367.821, 5109.667
1369.750, 5117.300
1371.678, 5127.834
1373.607, 5138.896
1375.535, 5150.532
1377.464, 5161.172
1379.392, 5169.771
1381.320, 5176.354
1383.249, 5181.233
1385.177, 5183.757
1387.106, 5186.634
1389.034, 5192.449
1390.963, 5198.217
1392.891, 5200.390
1394.820, 5198.375
1396.748, 5200.391
1398.677, 5209.375
1400.605, 5218.152
1402.534, 5225.540
1404.462, 5231.501
1406.391, 5235.882
1408.319, 5238.448
1410.247, 5240.618
1412.176, 5239.516
1414.104, 5242.094
1416.033, 5255.386
1417.961, 5270.580
1419.890, 5274.886
1421.818, 5268.621
1423.747, 5268.800
1425.675, 5280.196
1427.604, 5292.405
1429.532, 5301.819
1431.461, 5309.932
1433.389, 5316.918
1435.318, 5322.635
1437.246, 5332.976
1439.174, 5351.191
1441.103, 5367.186
1443.031, 5375.868
1444.960, 5380.168
1446.888, 5382.840
1448.817, 5383.864
1450.745, 5384.824
1452.674, 5387.919
1454.602, 5389.513
1456.531, 5386.810
1458.459, 5384.970
1460.388, 5390.595
1462.316, 5405.364
1464.245, 5416.884
1466.173, 5420.806
1468.101, 5426.298
1470.030, 5433.454
1471.958, 5442.469
1473.887, 5454.812
1475.815, 5470.263
1477.744, 5481.311
1479.672, 5488.373
1481.601, 5491.863
1483.529, 5489.111
1485.458, 5486.525
1487.386, 5489.431
1489.315, 5497.690
1491.243, 5508.491
1493.172, 5522.217
1495.100, 5535.403
1497.028, 5547.125
1498.957, 5556.521
1500.885, 5562.596
1502.814, 5565.731
1504.742, 5566.440
1506.671, 5564.262
1508.599, 5565.286
1510.528, 5576.190
1512.456, 5585.594
1514.385, 5583.596
1516.313, 5576.756
1518.242, 5580.181
1520.170, 5595.804
1522.099, 5608.966
1524.027, 5614.154
1525.955, 5619.833
1527.884, 5630.199
1529.812, 5642.447
1531.741, 5652.621
1533.669, 5660.762
1535.598, 5666.853
1537.526, 5668.454
1539.455, 5672.171
1541.383, 5680.151
1543.312, 5690.748
1545.240, 5702.417
1547.169, 5714.865
1549.097, 5727.573
1551.026, 5741.375
1552.954, 5753.122
1554.882, 5764.321
1556.811, 5771.320
1558.739, 5769.544
1560.668, 5761.398
1562.596, 5756.723
1564.525, 5758.751
1566.453, 5759.689
1568.382, 5758.223
1570.310, 5758.275
1572.239, 5762.454
1574.167, 5769.243
1576.096, 5776.547
1578.024, 5784.742
1579.953, 5789.528
1581.881, 5783.519
1583.809, 5783.055
1585.738, 5794.669
1587.666, 5810.739
1589.595, 5825.843
1591.523, 5839.388
1593.452, 5848.377
1595.380, 5852.189
1597.309, 5854.303
1599.237, 5852.604
1601.166, 5853.356
1603.094, 5864.985
1605.023, 5880.073
1606.951, 5881.674
1608.880, 5868.856
1610.808, 5866.240
1612.736, 5881.496
1614.665, 5897.777
1616.593, 5908.422
1618.522, 5916.772
1620.450, 5924.667
1622.379, 5932.486
1624.307, 5943.688
1626.236, 5960.112
1628.164, 5972.212
1630.093, 5976.635
1632.021, 5977.892
1633.950, 5976.292
1635.878, 5974.567
1637.807, 5978.510
1639.735, 5988.231
1641.663, 5991.822
1643.592, 5983.092
1645.520, 5980.070
1647.449, 5994.683
1649.377, 6011.737
1651.306, 6019.420
1653.234, 6020.156
1655.163, 6021.199
1657.091, 6022.214
1659.020, 6025.105
1660.948, 6032.776
1662.877, 6038.263
1664.805, 6035.759
1666.734, 6031.996
1668.662, 6035.251
1670.590, 6044.781
1672.519, 6051.845
1674.447, 6054.780
1676.376, 6060.282
1678.304, 6071.577
1680.233, 6082.653
1682.161, 6090.355
1684.090, 6095.168
1686.018, 6097.035
1687.947, 6095.840
1689.875, 6097.872
1691.804, 6105.887
1693.732, 6112.435
1695.661, 6114.761
1697.589, 6116.703
1699.517, 6119.556
1701.446, 6123.902
1703.374, 6131.911
1705.303, 6143.792
1707.231, 6153.132
1709.160, 6158.546
1711.088, 6162.370
1713.017, 6164.671
1714.945, 6166.451
1716.874, 6167.772
1718.802, 6169.629
1720.731, 6175.222
1722.659, 6185.256
1724.588, 6192.286
1726.516, 6191.474
1728.444, 6194.636
1730.373, 6210.087
1732.301, 6226.834
1734.230, 6237.020
1736.158, 6241.890
1738.087, 6244.703
1740.015, 6245.319
1741.944, 6247.810
1743.872, 6253.716
1745.801, 6259.986
1747.729, 6264.660
1749.658, 6269.793
1751.586, 6276.962
1753.515, 6285.458
1755.443, 6294.602
1757.371, 6304.714
1759.300, 6310.282
1761.228, 6309.209
1763.157, 6306.678
1765.085, 6302.345
1767.014, 6299.587
1768.942, 6300.090
1770.871, 6304.140
1772.799, 6315.534
1774.728, 6334.781
1776.656, 6341.923
1778.585, 6328.326
1780.513, 6319.628
1782.442, 6328.200
1784.370, 6341.187
1786.298, 6352.266
1788.227, 6360.586
1790.155, 6361.940
1792.084, 6356.522
1794.012, 6359.010
1795.941, 6373.485
1797.869, 6385.177
1799.798, 6389.728
1801.726, 6390.473
1803.655, 6385.856
1805.583, 6381.401
1807.512, 6387.455
1809.440, 6402.619
1811.369, 6412.252
1813.297, 6415.171
1815.225, 6415.675
1817.154, 6408.337
1819.082, 6405.341
1821.011, 6414.575
1822.939, 6426.649
1824.868, 6432.640
1826.796, 6433.443
1828.725, 6432.361
1830.653, 6428.562
1832.582, 6429.015
1834.510, 6439.126
1836.439, 6447.188
1838.367, 6449.553
1840.296, 6450.168
1842.224, 6450.299
1844.152, 6450.808
1846.081, 6453.289
1848.009, 6457.604
1849.938, 6465.213
1851.866, 6482.985
1853.795, 6492.963
1855.723, 6487.101
1857.652, 6481.960
1859.580, 6483.940
1861.509, 6489.331
1863.437, 6496.772
1865.366, 6504.767
1867.294, 6505.330
1869.223, 6496.995
1871.151, 6490.109
1873.079, 6483.821
1875.008, 6483.166
1876.936, 6493.470
1878.865, 6505.407
1880.793, 6514.030
1882.722, 6520.522
1884.650, 6525.918
1886.579, 6530.177
1888.507, 6536.229
1890.436, 6544.854
1892.364, 6549.226
1894.293, 6547.346
1896.221, 6542.825
1898.150, 6532.485
1900.078, 6525.411
1902.006, 6531.724
1903.935, 6544.665
1905.863, 6553.901
1907.792, 6559.569
1909.720, 6560.155
1911.649, 6553.366
1913.577, 6550.365
1915.506, 6553.785
1917.434, 6559.783
1919.363, 6570.280
1921.291, 6579.181
1923.220, 6578.761
1925.148, 6574.092
1927.077, 6577.439
1929.005, 6589.813
1930.933, 6599.542
1932.862, 6605.494
1934.790, 6610.884
1936.719, 6614.236
1938.647, 6618.052
1940.576, 6623.928
1942.504, 6629.061
1944.433, 6629.277
1946.361, 6627.973
1948.290, 6634.483
1950.218, 6650.081
1952.147, 6657.087
1954.075, 6652.315
1956.004, 6650.183
1957.932, 6652.144
1959.860, 6657.126
1961.789, 6670.522
1963.717, 6679.858
1965.646, 6670.445
1967.574, 6655.414
1969.503, 6659.602
1971.431, 6678.331
1973.360, 6681.712
1975.288, 6665.254
1977.217, 6661.565
1979.145, 6682.991
1981.074, 6700.380
1983.002, 6703.006
1984.931, 6700.479
1986.859, 6695.981
1988.787, 6691.146
1990.716, 6688.987
1992.644, 6688.854
1994.573, 6686.208
1996.501, 6680.211
1998.430, 6678.930
2000.358, 6682.930
2002.287, 6691.012
2004.215, 6707.213
2006.144, 6720.853
2008.072, 6723.653
2010.001, 6725.249
2011.929, 6735.116
2013.858, 6747.755
2015.786, 6752.817
2017.714, 6750.998
2019.643, 6747.842
2021.571, 6743.512
2023.500, 6741.917
2025.428, 6744.681
2027.357, 6749.323
2029.285, 6757.951
2031.214, 6764.667
2033.142, 6764.008
2035.071, 6761.216
2036.999, 6761.521
2038.928, 6763.479
2040.856, 6763.673
2042.785, 6761.960
2044.713, 6761.832
2046.641, 6764.991
2048.570, 6767.765
2050.499, 6768.555
2052.427, 6772.965
2054.355, 6787.181
2056.284, 6799.386
2058.212, 6798.554
2060.141, 6795.483
2062.069, 6802.273
2063.998, 6814.914
2065.926, 6823.677
2067.854, 6828.266
2069.783, 6832.280
2071.711, 6837.326
2073.640, 6833.080
2075.568, 6813.353
2077.497, 6798.468
2079.425, 6795.447
2081.354, 6799.848
2083.282, 6814.618
2085.211, 6831.030
2087.139, 6841.021
2089.068, 6845.449
2090.996, 6844.627
2092.925, 6838.618
2094.853, 6837.757
2096.781, 6844.778
2098.710, 6849.767
2100.638, 6854.741
2102.567, 6854.674
2104.495, 6841.061
2106.424, 6834.487
2108.352, 6851.273
2110.281, 6867.983
2112.209, 6865.427
2114.138, 6854.913
2116.066, 6849.974
2117.995, 6849.419
2119.923, 6851.706
2121.852, 6856.801
2123.780, 6856.929
2125.708, 6850.057
2127.637, 6845.741
2129.565, 6847.416
2131.494, 6849.595
2133.422, 6851.544
2135.351, 6853.560
2137.279, 6853.100
2139.208, 6854.759
2141.136, 6865.890
2143.065, 6879.201
2144.993, 6879.762
2146.922, 6870.965
2148.850, 6872.109
2150.779, 6883.137
2152.707, 6884.323
2154.635, 6871.479
2156.564, 6865.526
2158.492, 6876.916
2160.421, 6883.142
2162.349, 6870.684
2164.278, 6861.640
2166.206, 6868.593
2168.135, 6880.601
2170.063, 6889.894
2171.992, 6896.659
2173.920, 6899.690
2175.849, 6900.335
2177.777, 6906.549
2179.706, 6918.276
2181.634, 6925.553
2183.563, 6927.800
2185.491, 6926.946
2187.419, 6921.431
2189.348, 6917.813
2191.276, 6918.609
2193.205, 6919.894
2195.133, 6919.489
2197.062, 6920.687
2198.990, 6929.060
2200.919, 6938.434
2202.847, 6941.224
2204.776, 6940.408
2206.704, 6940.634
2208.633, 6941.679
2210.561, 6946.456
2212.490, 6954.292
2214.418, 6959.835
2216.346, 6962.560
2218.275, 6961.260
2220.203, 6953.401
2222.132, 6950.920
2224.060, 6963.778
2225.989, 6974.940
2227.917, 6976.754
2229.846, 6975.782
2231.774, 6974.323
2233.703, 6972.810
2235.631, 6971.285
2237.560, 6969.712
2239.488, 6969.396
2241.417, 6970.006
2243.345, 6968.216
2245.273, 6964.876
2247.202, 6964.862
2249.130, 6969.556
2251.059, 6969.837
2252.987, 6958.587
2254.916, 6960.111
2256.844, 6992.039
2258.773, 7016.217
2260.701, 7019.573
2262.630, 7013.837
2264.558, 6999.108
2266.487, 6984.561
2268.415, 6977.288
2270.344, 6976.188
2272.272, 6982.036
2274.200, 6992.264
2276.129, 7000.061
2278.057, 7005.712
2279.986, 7012.093
2281.914, 7018.347
2283.843, 7017.292
2285.771, 7005.017
2287.700, 6998.102
2289.628, 7003.732
2291.557, 7006.724
2293.485, 7003.717
2295.414, 7004.203
2297.342, 7012.458
2299.271, 7021.736
2301.199, 7032.013
2303.127, 7037.031
2305.056, 7025.212
2306.984, 7011.538
2308.913, 7015.029
2310.841, 7024.322
2312.770, 7019.145
2314.698, 7006.380
2316.627, 7007.507
2318.555, 7022.199
2320.484, 7032.030
2322.412, 7036.358
2324.341, 7039.259
2326.269, 7039.564
2328.198, 7040.048
2330.126, 7040.267
2332.054, 7040.233
2333.983, 7039.417
2335.911, 7039.642
2337.840, 7042.419
2339.768, 7046.682
2341.697, 7057.160
2343.625, 7064.338
2345.554, 7062.901
2347.482, 7056.255
2349.411, 7040.819
2351.339, 7026.802
2353.268, 7027.729
2355.196, 7037.863
2357.125, 7048.058
2359.053, 7057.285
2360.981, 7066.146
2362.910, 7073.586
2364.838, 7069.637
2366.767, 7051.505
2368.695, 7042.910
2370.624, 7049.289
2372.552, 7050.342
2374.481, 7043.993
2376.409, 7041.509
2378.338, 7047.398
2380.266, 7050.481
2382.195, 7042.813
2384.123, 7038.978
2386.052, 7045.252
2387.980, 7053.192
2389.908, 7061.489
2391.837, 7065.735
2393.765, 7059.960
2395.694, 7052.715
2397.622, 7050.983
2399.551, 7054.475
2401.479, 7067.897
2403.408, 7083.358
2405.336, 7082.819
2407.265, 7073.078
2409.193, 7074.012
2411.122, 7084.273
2413.050, 7100.138
2414.979, 7122.510
2416.907, 7127.268
2418.835, 7112.220
2420.764, 7103.860
2422.692, 7104.793
2424.621, 7105.595
2426.549, 7104.252
2428.478, 7106.937
2430.406, 7119.194
2432.335, 7127.366
2434.263, 7126.491
2436.192, 7125.081
2438.120, 7123.155
2440.049, 7123.899
2441.977, 7132.986
2443.906, 7137.646
2445.834, 7123.680
2447.762, 7112.682
2449.691, 7126.885
2451.619, 7143.542
2453.548, 7139.492
2455.476, 7128.530
2457.405, 7128.457
2459.333, 7131.802
2461.262, 7123.592
2463.190, 7110.155
2465.119, 7107.203
2467.047, 7111.849
2468.976, 7117.118
2470.904, 7122.679
2472.833, 7125.458
2474.761, 7125.755
2476.689, 7127.310
2478.618, 7130.712
2480.546, 7130.797
2482.475, 7126.132
2484.403, 7131.761
2486.332, 7150.630
2488.260, 7161.714
2490.189, 7159.078
2492.117, 7157.742
2494.046, 7162.472
2495.974, 7163.694
2497.903, 7156.724
2499.831, 7152.458
2501.760, 7156.128
2503.688, 7156.995
2505.616, 7150.984
2507.545, 7145.048
2509.473, 7139.773
2511.402, 7139.084
2513.330, 7148.481
2515.259, 7157.728
2517.187, 7159.132
2519.116, 7159.599
2521.044, 7168.025
2522.973, 7173.175
2524.901, 7162.216
2526.830, 7148.193
2528.758, 7142.839
2530.687, 7142.642
2532.615, 7144.659
2534.543, 7147.417
2536.472, 7146.112
2538.400, 7144.909
2540.329, 7156.767
2542.257, 7173.628
2544.186, 7172.853
2546.114, 7161.896
2548.043, 7164.776
2549.971, 7177.662
2551.900, 7179.475
2553.828, 7172.074
2555.757, 7174.208
2557.685, 7185.427
2559.614, 7190.453
2561.542, 7189.588
2563.470, 7193.339
2565.399, 7202.073
2567.327, 7213.914
2569.256, 7231.563
2571.184, 7234.254
2573.113, 7215.146
2575.041, 7206.621
2576.970, 7212.017
2578.898, 7212.605
2580.827, 7206.251
2582.755, 7200.543
2584.684, 7195.659
2586.612, 7197.423
2588.541, 7211.813
2590.469, 7223.553
2592.397, 7231.905
2594.326, 7233.517
2596.254, 7222.298
2598.183, 7220.463
2600.111, 7242.129
2602.040, 7254.563
2603.968, 7238.659
2605.897, 7230.401
2607.825, 7244.478
2609.754, 7257.153
2611.682, 7259.965
2613.611, 7263.399
2615.539, 7273.466
2617.468, 7277.913
2619.396, 7268.186
2621.324, 7258.174
2623.253, 7254.676
2625.181, 7253.791
2627.110, 7257.018
2629.038, 7258.694
2630.967, 7252.010
2632.895, 7248.077
2634.824, 7255.001
2636.752, 7261.783
2638.681, 7263.474
2640.609, 7261.214
2642.538, 7253.220
2644.466, 7246.915
2646.395, 7251.185
2648.323, 7254.269
2650.251, 7245.370
2652.180, 7235.755
2654.108, 7230.368
2656.037, 7231.237
2657.965, 7246.560
2659.894, 7260.806
2661.822, 7258.290
2663.751, 7252.499
2665.679, 7251.029
2667.608, 7254.071
2669.536, 7265.357
2671.465, 7276.618
2673.393, 7279.254
2675.322, 7279.038
2677.250, 7281.571
2679.178, 7283.906
2681.107, 7283.308
2683.035, 7281.410
2684.964, 7281.737
2686.892, 7280.237
2688.821, 7270.833
2690.749, 7260.283
2692.678, 7253.452
2694.606, 7252.331
2696.535, 7260.520
2698.463, 7272.550
2700.392, 7283.690
2702.320, 7293.077
2704.249, 7298.147
2706.177, 7301.380
2708.105, 7304.672
2710.034, 7308.443
2711.962, 7315.252
2713.891, 7321.439
2715.819, 7325.700
2717.748, 7325.490
2719.676, 7310.885
2721.605, 7298.125
2723.533, 7309.669
2725.462, 7324.387
2727.390, 7321.575
2729.319, 7315.310
2731.247, 7320.193
2733.176, 7327.225
2735.104, 7325.909
2737.032, 7324.702
2738.961, 7333.669
2740.889, 7342.194
2742.818, 7339.149
2744.746, 7334.362
2746.675, 7334.206
2748.603, 7337.827
2750.532, 7349.716
2752.460, 7359.409
2754.389, 7358.775
2756.317, 7355.299
2758.246, 7350.794
2760.174, 7349.926
2762.103, 7359.564
2764.031, 7368.407
2765.959, 7368.120
2767.888, 7365.241
2769.816, 7361.752
2771.745, 7358.921
2773.673, 7358.815
2775.602, 7358.580
2777.530, 7356.069
2779.459, 7355.745
2781.387, 7361.219
2783.316, 7366.982
2785.244, 7369.671
2787.173, 7372.994
2789.101, 7375.477
2791.030, 7381.293
2792.958, 7394.358
2794.886, 7405.038
2796.815, 7413.872
2798.743, 7413.272
2800.672, 7395.530
2802.600, 7381.776
2804.529, 7380.067
2806.457, 7380.768
2808.386, 7383.806
2810.314, 7384.537
2812.243, 7379.901
2814.171, 7378.212
2816.100, 7381.642
2818.028, 7386.846
2819.957, 7397.329
2821.885, 7398.257
2823.813, 7387.059
2825.742, 7383.087
2827.670, 7390.353
2829.599, 7392.427
2831.527, 7384.231
2833.456, 7384.964
2835.384, 7395.251
2837.313, 7395.573
2839.241, 7385.555
2841.170, 7379.710
2843.098, 7378.963
2845.027, 7384.209
2846.955, 7394.682
2848.884, 7384.320
2850.812, 7360.292
2852.740, 7359.557
2854.669, 7375.740
2856.597, 7382.948
2858.526, 7383.515
2860.454, 7383.660
2862.383, 7383.168
2864.311, 7380.363
2866.240, 7377.745
2868.168, 7380.621
2870.097, 7385.521
2872.025, 7387.876
2873.954, 7389.397
2875.882, 7394.527
2877.811, 7397.787
2879.739, 7390.642
2881.667, 7383.991
2883.596, 7387.292
2885.524, 7393.653
2887.453, 7400.517
2889.381, 7404.621
2891.310, 7400.034
2893.238, 7398.881
2895.167, 7416.405
2897.095, 7423.146
2899.024, 7397.917
2900.952, 7384.051
2902.881, 7398.128
2904.809, 7404.487
2906.738, 7383.290
2908.666, 7378.566
2910.594, 7404.854
2912.523, 7419.006
2914.451, 7416.108
2916.380, 7414.325
2918.308, 7415.662
2920.237, 7414.775
2922.165, 7409.494
2924.094, 7425.168
2926.022, 7459.052
2927.951, 7472.962
2929.879, 7468.796
2931.808, 7464.659
2933.736, 7460.505
2935.665, 7455.614
2937.593, 7451.137
2939.521, 7453.941
2941.450, 7456.564
2943.378, 7445.362
2945.307, 7429.579
2947.235, 7418.291
2949.164, 7412.409
2951.092, 7417.015
2953.021, 7421.334
2954.949, 7416.688
2956.878, 7410.310
2958.806, 7403.207
2960.735, 7400.448
2962.663, 7407.398
2964.592, 7409.659
2966.520, 7398.255
2968.448, 7390.087
2970.377, 7392.199
2972.305, 7389.449
2974.234, 7378.624
2976.162, 7375.504
2978.091, 7383.229
2980.019, 7389.480
2981.948, 7393.964
2983.876, 7397.009
2985.805, 7398.370
2987.733, 7390.124
2989.662, 7376.267
2991.590, 7373.977
2993.519, 7379.301
2995.447, 7384.107
2997.375, 7387.125
2999.304, 7382.581
3001.232, 7379.208
3003.161, 7390.019
3005.089, 7403.041
3007.018, 7410.069
3008.946, 7411.671
3010.875, 7405.186
3012.803, 7398.567
3014.732, 7393.766
3016.660, 7392.530
3018.589, 7397.466
3020.517, 7398.457
3022.446, 7391.410
3024.374, 7392.230
3026.302, 7412.435
3028.231, 7410.624
3030.159, 7385.542
3032.088, 7379.579
3034.016, 7391.310
3035.945, 7394.679
3037.873, 7391.812
3039.802, 7396.938
3041.730, 7403.666
3043.659, 7393.376
3045.587, 7379.660
3047.516, 7383.136
3049.444, 7390.556
3051.373, 7390.082
3053.301, 7388.101
3055.229, 7385.281
3057.158, 7387.077
3059.086, 7397.309
3061.015, 7406.727
3062.943, 7410.705
3064.872, 7415.089
3066.800, 7421.464
3068.729, 7420.741
3070.657, 7410.663
3072.586, 7402.714
3074.514, 7397.837
3076.443, 7396.815
3078.371, 7398.482
3080.300, 7396.252
3082.228, 7390.011
3084.156, 7373.598
3086.085, 7358.367
3088.013, 7364.278
3089.942, 7374.098
3091.870, 7369.760
3093.799, 7367.507
3095.727, 7383.942
3097.656, 7392.437
3099.584, 7377.186
3101.513, 7367.421
3103.441, 7376.336
3105.370, 7377.562
3107.298, 7367.798
3109.227, 7364.383
3111.155, 7368.403
3113.083, 7378.275
3115.012, 7391.210
3116.940, 7382.274
3118.869, 7362.539
3120.797, 7358.147
3122.726, 7360.022
3124.654, 7355.603
3126.583, 7349.915
3128.511, 7343.046
3130.440, 7342.028
3132.368, 7359.957
3134.297, 7366.846
3136.225, 7346.637
3138.154, 7330.398
3140.082, 7322.597
3142.010, 7323.340
3143.939, 7335.538
3145.867, 7342.499
3147.796, 7344.930
3149.724, 7348.427
3151.653, 7350.720
3153.581, 7339.761
3155.510, 7328.530
3157.438, 7344.843
3159.367, 7364.871
3161.295, 7371.055
3163.224, 7369.712
3165.152, 7362.442
3167.081, 7353.271
3169.009, 7342.053
3170.938, 7333.782
3172.866, 7328.276
3174.794, 7330.449
3176.723, 7340.809
3178.651, 7345.500
3180.580, 7345.531
3182.508, 7348.346
3184.437, 7351.380
3186.365, 7344.908
3188.294, 7337.578
3190.222, 7341.015
3192.151, 7345.567
3194.079, 7343.224
3196.008, 7341.794
3197.936, 7345.524
3199.865, 7346.787
3201.793, 7342.410
3203.721, 7341.165
3205.650, 7344.331
3207.578, 7341.777
3209.507, 7334.802
3211.435, 7334.379
3213.364, 7337.407
3215.292, 7335.095
3217.221, 7332.088
3219.149, 7336.018
3221.078, 7338.913
3223.006, 7332.789
3224.935, 7326.783
3226.863, 7323.063
3228.792, 7320.810
3230.720, 7319.307
3232.648, 7321.405
3234.577, 7327.605
3236.505, 7334.511
3238.434, 7340.410
3240.362, 7338.488
3242.291, 7330.107
3244.219, 7310.729
3246.148, 7295.468
3248.076, 7303.989
3250.005, 7312.368
3251.933, 7303.108
3253.862, 7298.609
3255.790, 7305.427
3257.719, 7307.344
3259.647, 7299.474
3261.575, 7302.208
3263.504, 7314.375
3265.432, 7316.919
3267.361, 7312.297
3269.289, 7302.632
3271.218, 7294.430
3273.146, 7298.548
3275.075, 7303.642
3277.003, 7304.354
3278.932, 7302.749
3280.860, 7297.389
3282.789, 7296.634
3284.717, 7301.501
3286.646, 7302.958
3288.574, 7299.995
3290.502, 7290.292
3292.431, 7276.400
3294.359, 7260.678
3296.288, 7251.259
3298.216, 7266.237
3300.145, 7277.840
3302.073, 7266.797
3304.002, 7260.963
3305.930, 7271.358
3307.859, 7282.188
3309.787, 7292.143
3311.716, 7292.746
3313.644, 7285.193
3315.573, 7279.319
3317.501, 7274.411
3319.429, 7269.314
3321.358, 7263.786
3323.286, 7253.113
3325.215, 7249.659
3327.143, 7261.645
3329.072, 7272.777
3331.000, 7280.662
3332.929, 7283.059
3334.857, 7280.263
3336.786, 7262.417
3338.714, 7239.066
3340.643, 7235.811
3342.571, 7240.932
3344.500, 7242.312
3346.428, 7241.625
3348.356, 7239.873
3350.285, 7236.682
3352.213, 7235.807
3354.142, 7219.962
3356.070, 7189.529
3357.999, 7187.438
3359.927, 7205.779
3361.856, 7209.985
3363.784, 7208.853
3365.713, 7215.311
3367.641, 7220.548
3369.570, 7217.792
3371.498, 7212.264
3373.427, 7202.373
3375.355, 7205.478
3377.283, 7227.045
3379.212, 7230.045
3381.140, 7220.767
3383.069, 7225.495
3384.997, 7234.853
3386.926, 7235.689
3388.854, 7234.211
3390.783, 7235.509
3392.711, 7233.730
3394.640, 7225.400
3396.568, 7220.788
3398.497, 7220.834
3400.425, 7220.727
3402.354, 7219.397
3404.282, 7207.962
3406.210, 7197.943
3408.139, 7205.931
3410.067, 7214.698
3411.996, 7212.940
3413.924, 7210.925
3415.853, 7210.510
3417.781, 7211.130
3419.710, 7212.837
3421.638, 7218.806
3423.567, 7222.892
3425.495, 7206.638
3427.424, 7187.444
3429.352, 7181.784
3431.281, 7182.036
3433.209, 7187.298
3435.137, 7193.422
3437.066, 7201.167
3438.994, 7200.306
3440.923, 7193.267
3442.851, 7191.313
3444.780, 7192.323
3446.708, 7194.052
3448.637, 7195.388
3450.565, 7197.125
3452.494, 7194.806
3454.422, 7186.545
3456.351, 7177.417
3458.279, 7168.522
3460.208, 7171.729
3462.136, 7180.767
3464.064, 7181.265
3465.993, 7177.383
3467.921, 7170.905
3469.850, 7164.365
3471.778, 7158.745
3473.707, 7152.666
3475.635, 7145.565
3477.564, 7149.120
3479.492, 7158.479
3481.421, 7157.607
3483.349, 7150.075
3485.278, 7133.586
3487.206, 7122.206
3489.135, 7122.194
3491.063, 7126.348
3492.991, 7135.884
3494.920, 7137.162
3496.848, 7131.406
3498.777, 7117.638
3500.705, 7107.684
3502.634, 7124.438
3504.562, 7139.659
3506.491, 7138.474
3508.419, 7134.857
3510.348, 7131.302
3512.276, 7123.965
3514.205, 7114.186
3516.133, 7105.184
3518.062, 7100.752
3519.990, 7109.890
3521.918, 7117.795
3523.847, 7113.932
3525.775, 7111.609
3527.704, 7112.371
3529.632, 7120.423
3531.561, 7131.778
3533.489, 7123.275
3535.418, 7110.351
3537.346, 7110.819
3539.275, 7113.416
3541.203, 7111.930
3543.132, 7112.801
3545.060, 7117.030
3546.989, 7120.758
3548.917, 7124.521
3550.845, 7132.115
3552.774, 7138.883
3554.702, 7131.313
3556.631, 7139.509
3558.559, 7179.436
3560.488, 7201.038
3562.416, 7195.458
3564.345, 7213.299
3566.273, 7255.332
3568.202, 7321.706
3570.130, 7406.214
3572.059, 7500.854
3573.987, 7618.438
3575.916, 7768.905
3577.844, 7913.112
3579.772, 8053.695
3581.701, 8212.936
3583.629, 8431.757
3585.558, 8826.447
3587.486, 9235.245
3589.415, 9588.471
3591.343, 9886.852
3593.272, 10115.98
3595.200, 10406.24
3597.129, 10758.23
3599.057, 11181.79
3600.986, 11610.27
3602.914, 12020.24
3604.843, 12309.54
3606.771, 12464.11
3608.699, 12376.03
3610.628, 12053.97
3612.556, 11591.97
3614.485, 11043.36
3616.413, 10445.00
3618.342, 9860.713
3620.270, 9250.854
3622.199, 8860.250
3624.127, 8725.188
3626.056, 8537.947
3627.984, 8284.179
3629.913, 7907.237
3631.841, 7559.748
3633.770, 7367.298
3635.698, 7256.146
3637.626, 7216.038
3639.555, 7200.841
3641.483, 7204.506
3643.412, 7197.790
3645.340, 7189.116
3647.269, 7188.751
3649.197, 7194.460
3651.126, 7209.712
3653.054, 7217.839
3654.983, 7216.970
3656.911, 7212.792
3658.840, 7207.986
3660.768, 7212.647
3662.697, 7213.708
3664.625, 7199.119
3666.553, 7188.673
3668.482, 7185.128
3670.410, 7182.188
3672.339, 7177.967
3674.267, 7168.530
3676.196, 7155.733
3678.124, 7141.261
3680.053, 7124.227
3681.981, 7104.080
3683.910, 7094.599
3685.838, 7094.434
3687.767, 7099.935
3689.695, 7101.036
3691.624, 7082.354
3693.552, 7068.621
3695.480, 7067.972
3697.409, 7058.109
3699.337, 7040.952
3701.266, 7035.119
3703.194, 7034.466
3705.123, 7032.384
3707.051, 7032.091
3708.980, 7036.560
3710.908, 7025.646
3712.837, 7002.039
3714.765, 7000.842
3716.694, 7004.251
3718.622, 6986.745
3720.551, 6976.480
3722.479, 6988.401
3724.407, 6979.525
3726.336, 6952.264
3728.264, 6954.229
3730.193, 6962.654
3732.121, 6945.726
3734.050, 6935.738
3735.978, 6948.915
3737.907, 6943.568
3739.835, 6922.566
3741.764, 6930.051
3743.692, 6944.828
3745.621, 6942.083
3747.549, 6938.943
3749.478, 6942.209
3751.406, 6940.989
3753.334, 6935.737
3755.263, 6935.140
3757.191, 6929.651
3759.120, 6903.268
3761.048, 6885.552
3762.977, 6888.484
3764.905, 6874.054
3766.834, 6849.551
3768.762, 6851.848
3770.691, 6857.980
3772.619, 6848.470
3774.548, 6835.136
3776.476, 6818.641
3778.405, 6819.196
3780.333, 6828.840
3782.261, 6823.747
3784.190, 6817.274
3786.118, 6820.679
3788.047, 6818.096
3789.975, 6807.268
3791.904, 6796.651
3793.832, 6787.046
3795.761, 6779.769
3797.689, 6774.013
3799.618, 6766.756
3801.546, 6774.117
3803.475, 6794.302
3805.403, 6790.772
3807.332, 6779.104
3809.260, 6779.168
3811.188, 6780.997
3813.117, 6783.551
3815.045, 6777.901
3816.974, 6766.377
3818.902, 6755.877
3820.831, 6750.508
3822.759, 6755.877
3824.688, 6761.965
3826.616, 6766.376
3828.545, 6769.240
3830.473, 6767.988
3832.402, 6756.165
3834.330, 6742.463
3836.259, 6731.120
3838.187, 6723.732
3840.115, 6720.174
3842.044, 6706.465
3843.972, 6693.023
3845.901, 6692.969
3847.829, 6697.671
3849.758, 6705.451
3851.686, 6701.655
3853.615, 6690.798
3855.543, 6693.200
3857.472, 6696.727
3859.400, 6690.165
3861.329, 6690.482
3863.257, 6697.913
3865.186, 6683.339
3867.114, 6664.764
3869.042, 6676.042
3870.971, 6682.983
3872.899, 6669.837
3874.828, 6664.333
3876.756, 6665.423
3878.685, 6663.013
3880.613, 6660.148
3882.542, 6659.710
3884.470, 6657.875
3886.399, 6653.677
3888.327, 6639.750
3890.256, 6625.713
3892.184, 6629.444
3894.113, 6636.653
3896.041, 6643.285
3897.969, 6635.017
3899.898, 6619.444
3901.826, 6619.797
3903.755, 6621.249
3905.683, 6611.710
3907.612, 6604.320
3909.540, 6599.612
3911.469, 6602.529
3913.397, 6607.640
3915.326, 6604.095
3917.254, 6602.432
3919.183, 6604.876
3921.111, 6603.623
3923.040, 6598.945
3924.968, 6597.731
3926.896, 6598.557
3928.825, 6599.778
3930.753, 6582.868
3932.682, 6555.867
3934.610, 6557.006
3936.539, 6567.285
3938.467, 6572.864
3940.396, 6566.041
3942.324, 6554.788
3944.253, 6564.279
3946.181, 6571.283
3948.110, 6559.468
3950.038, 6551.224
3951.967, 6556.674
3953.895, 6552.574
3955.823, 6545.292
3957.752, 6542.067
3959.680, 6538.327
3961.609, 6538.274
3963.537, 6536.476
3965.466, 6531.505
3967.394, 6530.921
3969.323, 6532.306
3971.251, 6532.144
3973.180, 6524.614
3975.108, 6515.660
3977.037, 6517.560
3978.965, 6520.326
3980.894, 6519.988
3982.822, 6507.072
3984.750, 6497.650
3986.679, 6509.020
3988.607, 6517.402
3990.536, 6509.595
3992.464, 6495.297
3994.393, 6473.781
3996.321, 6464.188
3998.250, 6475.729
4000.178, 6492.450
4002.107, 6489.017
4004.035, 6473.256
4005.964, 6471.513
4007.892, 6471.806
4009.821, 6467.633
4011.749, 6465.146
4013.677, 6471.646
4015.606, 6474.617
4017.534, 6467.407
4019.463, 6460.673
4021.391, 6458.653
4023.320, 6459.998
4025.248, 6457.841
4027.177, 6454.233
4029.105, 6451.019
4031.034, 6447.435
4032.962, 6442.527
4034.891, 6442.374
4036.819, 6449.381
4038.748, 6446.153
4040.676, 6437.872
4042.604, 6437.022
4044.533, 6442.525
4046.461, 6442.071
4048.390, 6429.022
4050.318, 6419.060
4052.247, 6416.902
4054.175, 6414.170
4056.104, 6411.871
4058.032, 6402.533
4059.961, 6400.182
4061.889, 6411.508
4063.818, 6406.783
4065.746, 6395.170
4067.675, 6395.425
4069.603, 6396.819
4071.531, 6392.084
4073.460, 6373.952
4075.388, 6356.880
4077.317, 6362.381
4079.245, 6368.617
4081.174, 6365.862
4083.102, 6365.469
4085.031, 6369.961
4086.959, 6365.444
4088.888, 6362.166
4090.816, 6370.956
4092.745, 6371.439
4094.673, 6364.071
4096.602, 6352.032
4098.530, 6341.395
4100.458, 6340.545
4102.387, 6338.481
4104.315, 6333.212
4106.244, 6334.581
4108.172, 6335.205
4110.101, 6325.619
4112.029, 6324.137
4113.958, 6329.810
4115.886, 6331.255
4117.814, 6327.751
4119.743, 6312.812
4121.671, 6304.681
4123.600, 6304.536
4125.528, 6306.202
4127.457, 6305.690
4129.385, 6299.245
4131.314, 6292.553
4133.242, 6287.051
4135.171, 6283.420
4137.099, 6285.345
4139.028, 6297.429
4140.956, 6306.565
4142.885, 6310.675
4144.813, 6316.393
4146.742, 6317.928
4148.670, 6309.846
4150.599, 6298.344
4152.527, 6287.660
4154.456, 6299.266
4156.384, 6304.560
4158.313, 6274.375
4160.241, 6263.696
4162.169, 6277.306
4164.098, 6287.145
4166.026, 6295.673
4167.955, 6306.284
4169.883, 6302.913
4171.812, 6287.458
4173.740, 6268.526
4175.668, 6258.868
4177.597, 6282.430
4179.525, 6285.753
4181.454, 6270.308
4183.382, 6271.332
4185.311, 6269.965
4187.239, 6253.852
4189.168, 6238.041
4191.096, 6223.657
4193.025, 6228.922
4194.953, 6233.782
4196.882, 6218.989
4198.810, 6212.805
4200.739, 6214.641
4202.667, 6213.962
4204.596, 6211.266
4206.524, 6209.258
4208.453, 6191.720
4210.381, 6167.655
4212.310, 6161.654
4214.238, 6164.919
4216.167, 6173.261
4218.095, 6170.337
4220.023, 6163.294
4221.952, 6167.982
4223.880, 6164.377
4225.809, 6148.021
4227.737, 6148.719
4229.666, 6152.117
4231.594, 6136.033
4233.522, 6120.738
4235.451, 6111.182
4237.379, 6113.451
4239.308, 6116.284
4241.236, 6106.339
4243.165, 6104.630
4245.093, 6111.549
4247.022, 6101.905
4248.950, 6093.409
4250.879, 6099.092
4252.807, 6103.621
4254.736, 6104.533
4256.664, 6098.076
4258.593, 6089.256
4260.521, 6079.599
4262.450, 6079.193
4264.378, 6081.357
4266.307, 6069.509
4268.235, 6054.276
4270.164, 6038.268
4272.092, 6043.382
4274.021, 6052.716
4275.949, 6042.691
4277.877, 6031.095
4279.806, 6021.472
4281.734, 6014.651
4283.663, 6008.248
4285.591, 6000.559
4287.520, 5991.316
4289.448, 5984.079
4291.376, 6006.106
4293.305, 6015.009
4295.233, 5985.271
4297.162, 5985.799
4299.090, 5999.776
4301.019, 5976.454
4302.947, 5965.866
4304.876, 5981.226
4306.804, 5975.793
4308.733, 5962.523
4310.661, 5956.747
4312.590, 5950.553
4314.518, 5944.115
4316.447, 5949.335
4318.375, 5956.843
4320.304, 5962.101
4322.232, 5955.532
4324.161, 5943.501
4326.089, 5946.244
4328.018, 5946.232
4329.946, 5938.215
4331.875, 5933.297
4333.803, 5930.832
4335.731, 5931.759
4337.660, 5926.988
4339.588, 5917.321
4341.517, 5913.624
4343.445, 5913.027
4345.374, 5914.097
4347.302, 5908.867
4349.230, 5899.950
4351.159, 5898.537
4353.087, 5889.282
4355.016, 5868.258
4356.944, 5855.832
4358.873, 5852.933
4360.801, 5863.284
4362.730, 5868.983
4364.658, 5867.526
4366.587, 5863.937
4368.515, 5853.577
4370.444, 5828.058
4372.372, 5825.353
4374.301, 5834.509
4376.229, 5837.587
4378.158, 5838.120
4380.086, 5836.183
4382.015, 5826.772
4383.943, 5821.547
4385.872, 5830.491
4387.800, 5839.514
4389.729, 5841.518
4391.657, 5814.102
4393.585, 5794.142
4395.514, 5791.335
4397.442, 5792.943
4399.371, 5784.281
4401.299, 5743.441
4403.228, 5744.858
4405.156, 5775.414
4407.084, 5770.782
4409.013, 5755.573
4410.941, 5738.522
4412.870, 5743.757
4414.798, 5753.615
4416.727, 5746.944
4418.655, 5741.724
4420.584, 5738.493
4422.512, 5726.125
4424.441, 5720.268
4426.369, 5733.436
4428.298, 5719.136
4430.226, 5701.990
4432.155, 5719.335
4434.083, 5725.379
4436.012, 5716.501
4437.940, 5699.705
4439.869, 5690.156
4441.797, 5694.675
4443.726, 5689.939
4445.654, 5677.396
4447.583, 5654.915
4449.511, 5650.363
4451.439, 5658.008
4453.368, 5638.546
4455.296, 5624.343
4457.225, 5628.571
4459.153, 5633.732
4461.082, 5638.052
4463.010, 5641.440
4464.938, 5638.014
4466.867, 5630.857
4468.795, 5637.102
4470.724, 5636.936
4472.652, 5623.261
4474.581, 5601.079
4476.509, 5586.500
4478.438, 5596.692
4480.366, 5597.885
4482.295, 5593.761
4484.223, 5606.514
4486.152, 5609.039
4488.080, 5596.283
4490.009, 5585.281
4491.937, 5575.739
4493.866, 5568.886
4495.794, 5553.766
4497.723, 5538.980
4499.651, 5541.472
4501.580, 5548.863
4503.508, 5557.380
4505.437, 5553.192
4507.365, 5546.657
4509.293, 5541.730
4511.222, 5536.999
4513.150, 5531.842
4515.079, 5525.743
4517.007, 5519.474
4518.936, 5511.971
4520.864, 5499.600
4522.792, 5488.167
4524.721, 5480.370
4526.649, 5480.035
4528.578, 5477.667
4530.506, 5460.864
4532.435, 5466.393
4534.363, 5479.270
4536.292, 5474.761
4538.220, 5466.388
4540.149, 5457.578
4542.077, 5451.375
4544.006, 5448.361
4545.934, 5448.693
4547.863, 5454.453
4549.791, 5451.077
4551.720, 5417.878
4553.648, 5395.929
4555.577, 5387.412
4557.505, 5400.410
4559.434, 5403.386
4561.362, 5394.068
4563.291, 5392.194
4565.219, 5385.525
4567.147, 5370.734
4569.076, 5381.590
4571.004, 5391.842
4572.933, 5371.302
4574.861, 5366.800
4576.790, 5371.283
4578.718, 5369.165
4580.646, 5365.773
4582.575, 5361.203
4584.503, 5346.063
4586.432, 5339.254
4588.360, 5345.902
4590.289, 5353.301
4592.217, 5353.282
4594.146, 5339.054
4596.074, 5325.229
4598.003, 5311.367
4599.931, 5290.877
4601.860, 5288.854
4603.788, 5301.337
4605.717, 5313.593
4607.645, 5302.473
4609.574, 5269.699
4611.502, 5272.208
4613.431, 5278.868
4615.359, 5272.903
4617.288, 5268.431
4619.216, 5259.573
4621.145, 5236.755
4623.073, 5223.700
4625.001, 5220.974
4626.930, 5231.132
4628.858, 5232.349
4630.787, 5224.513
4632.715, 5214.447
4634.644, 5216.989
4636.572, 5233.686
4638.500, 5209.155
4640.429, 5188.892
4642.357, 5199.677
4644.286, 5197.179
4646.214, 5189.109
4648.143, 5181.880
4650.071, 5185.815
4652.000, 5190.946
4653.928, 5179.103
4655.857, 5169.493
4657.785, 5163.030
4659.714, 5148.979
4661.642, 5148.749
4663.571, 5163.278
4665.499, 5162.129
4667.428, 5159.583
4669.356, 5161.338
4671.285, 5155.784
4673.213, 5146.996
4675.142, 5138.565
4677.070, 5121.445
4678.999, 5108.060
4680.927, 5113.721
4682.855, 5118.176
4684.784, 5115.644
4686.712, 5094.884
4688.641, 5086.351
4690.569, 5088.440
4692.498, 5077.658
4694.426, 5077.707
4696.354, 5088.474
4698.283, 5063.308
4700.211, 5036.802
4702.140, 5022.544
4704.068, 5025.731
4705.997, 5034.460
4707.925, 5043.783
4709.854, 5035.778
4711.782, 5019.810
4713.711, 5001.615
4715.639, 4998.769
4717.568, 5000.028
4719.496, 4988.652
4721.425, 4982.184
4723.353, 4981.371
4725.282, 4987.050
4727.210, 4981.739
4729.139, 4969.373
4731.067, 4973.342
4732.996, 4966.183
4734.924, 4947.063
4736.853, 4944.336
4738.781, 4945.415
4740.709, 4945.908
4742.638, 4934.086
4744.566, 4925.021
4746.495, 4924.151
4748.423, 4918.963
4750.352, 4914.292
4752.280, 4914.168
4754.208, 4907.479
4756.137, 4900.696
4758.065, 4899.615
4759.994, 4877.776
4761.922, 4861.259
4763.851, 4891.329
4765.779, 4896.915
4767.708, 4885.822
4769.636, 4870.505
4771.565, 4864.239
4773.493, 4862.471
4775.422, 4856.066
4777.350, 4846.432
4779.279, 4834.954
4781.207, 4821.950
4783.136, 4818.680
4785.064, 4822.364
4786.993, 4818.091
4788.921, 4807.196
4790.850, 4794.146
4792.778, 4805.907
4794.707, 4806.532
4796.635, 4790.270
4798.563, 4787.519
4800.492, 4780.358
4802.420, 4765.176
4804.349, 4773.255
4806.277, 4779.167
4808.206, 4772.688
4810.134, 4764.664
4812.063, 4750.638
4813.991, 4728.853
4815.919, 4733.788
4817.848, 4741.625
4819.776, 4738.964
4821.705, 4723.950
4823.633, 4711.146
4825.562, 4709.312
4827.490, 4713.231
4829.419, 4710.092
4831.347, 4688.104
4833.276, 4693.382
4835.204, 4701.428
4837.133, 4691.960
4839.061, 4683.573
4840.990, 4670.756
4842.918, 4643.954
4844.847, 4644.735
4846.775, 4651.612
4848.704, 4642.016
4850.632, 4643.117
4852.561, 4647.740
4854.489, 4648.865
4856.417, 4627.773
4858.346, 4608.977
4860.274, 4622.881
4862.203, 4621.447
4864.131, 4613.057
4866.060, 4612.301
4867.988, 4601.075
4869.917, 4585.130
4871.845, 4569.598
4873.773, 4570.740
4875.702, 4574.644
4877.630, 4561.945
4879.559, 4559.625
4881.487, 4561.833
4883.416, 4558.354
4885.344, 4556.333
4887.273, 4559.464
4889.201, 4575.457
4891.130, 4561.063
4893.058, 4536.825
4894.987, 4530.415
4896.915, 4520.506
4898.844, 4509.225
4900.772, 4498.974
4902.701, 4505.368
4904.629, 4510.250
4906.558, 4488.609
4908.486, 4475.387
4910.415, 4467.553
4912.343, 4461.181
4914.271, 4463.758
4916.200, 4466.156
4918.128, 4460.049
4920.057, 4449.363
4921.985, 4435.847
4923.914, 4419.191
4925.842, 4431.030
4927.771, 4444.956
4929.699, 4440.191
4931.627, 4431.188
4933.556, 4426.568
4935.484, 4432.020
4937.413, 4422.678
4939.341, 4407.635
4941.270, 4392.718
4943.198, 4390.932
4945.127, 4392.668
4947.055, 4392.791
4948.984, 4391.298
4950.912, 4384.409
4952.841, 4372.461
4954.769, 4370.681
4956.698, 4362.857
4958.626, 4345.274
4960.555, 4340.507
4962.483, 4337.362
4964.412, 4331.667
4966.340, 4316.026
4968.269, 4311.364
4970.197, 4317.874
4972.125, 4322.159
4974.054, 4312.826
4975.982, 4295.282
4977.911, 4288.767
4979.839, 4280.192
4981.768, 4272.118
4983.696, 4274.690
4985.625, 4277.631
4987.553, 4272.525
4989.481, 4245.257
4991.410, 4240.329
4993.338, 4246.875
4995.267, 4250.709
4997.195, 4237.741
4999.124, 4223.028
5001.052, 4219.804
5002.981, 4208.798
5004.909, 4194.993
5006.838, 4182.283
5008.766, 4182.616
5010.695, 4185.009
5012.623, 4183.576
5014.552, 4176.553
5016.480, 4165.289
5018.409, 4152.315
5020.337, 4145.146
5022.266, 4148.526
5024.194, 4157.276
5026.123, 4143.965
5028.051, 4142.226
5029.979, 4147.239
5031.908, 4133.157
5033.836, 4129.674
5035.765, 4127.850
5037.693, 4106.688
5039.622, 4099.847
5041.550, 4096.860
5043.479, 4085.029
5045.407, 4092.866
5047.335, 4097.185
5049.264, 4081.065
5051.192, 4073.744
5053.121, 4066.394
5055.049, 4055.309
5056.978, 4050.823
5058.906, 4051.493
5060.835, 4053.021
5062.763, 4040.444
5064.692, 4022.450
5066.620, 4006.441
5068.549, 4008.162
5070.477, 4002.760
5072.406, 3993.937
5074.334, 3991.429
5076.263, 3993.521
5078.191, 3992.148
5080.120, 3978.275
5082.048, 3972.369
5083.977, 3969.702
5085.905, 3967.484
5087.833, 3965.144
5089.762, 3967.074
5091.690, 3972.041
5093.619, 3967.266
5095.547, 3961.253
5097.476, 3954.555
5099.404, 3942.445
5101.333, 3936.263
5103.261, 3931.741
5105.189, 3920.366
5107.118, 3917.329
5109.046, 3914.117
5110.975, 3901.381
5112.903, 3901.329
5114.832, 3899.463
5116.760, 3891.586
5118.689, 3895.816
5120.617, 3892.223
5122.546, 3879.770
5124.474, 3873.070
5126.403, 3863.174
5128.331, 3857.370
5130.260, 3871.383
5132.188, 3865.094
5134.117, 3856.664
5136.045, 3865.409
5137.974, 3856.967
5139.902, 3839.741
5141.831, 3820.935
5143.759, 3833.283
5145.688, 3829.913
5147.616, 3810.980
5149.544, 3812.003
5151.473, 3808.084
5153.401, 3802.961
5155.330, 3810.874
5157.258, 3798.001
5159.187, 3780.654
5161.115, 3771.683
5163.043, 3775.451
5164.972, 3773.824
5166.900, 3763.325
5168.829, 3762.449
5170.757, 3763.484
5172.686, 3763.502
5174.614, 3760.523
5176.543, 3755.181
5178.471, 3747.746
5180.400, 3738.333
5182.328, 3738.406
5184.257, 3733.382
5186.185, 3719.030
5188.114, 3733.563
5190.042, 3731.494
5191.971, 3712.711
5193.899, 3703.231
5195.828, 3691.607
5197.756, 3684.057
5199.685, 3690.494
5201.613, 3689.897
5203.542, 3688.715
5205.470, 3689.200
5207.398, 3677.573
5209.327, 3654.986
5211.255, 3631.298
5213.184, 3626.700
5215.112, 3640.289
5217.041, 3651.157
5218.969, 3633.211
5220.897, 3637.034
5222.826, 3635.985
5224.754, 3621.432
5226.683, 3621.334
5228.611, 3617.125
5230.540, 3607.022
5232.468, 3593.085
5234.397, 3589.587
5236.325, 3587.148
5238.254, 3576.615
5240.182, 3581.899
5242.111, 3578.532
5244.039, 3564.191
5245.968, 3567.792
5247.896, 3570.983
5249.825, 3569.412
5251.753, 3561.019
5253.682, 3547.576
5255.610, 3540.499
5257.539, 3543.958
5259.467, 3531.102
5261.396, 3521.930
5263.324, 3517.355
5265.252, 3504.316
5267.181, 3502.365
5269.109, 3500.931
5271.038, 3488.477
5272.966, 3478.858
5274.895, 3472.737
5276.823, 3468.814
5278.751, 3461.199
5280.680, 3460.298
5282.608, 3462.902
5284.537, 3464.528
5286.465, 3461.567
5288.394, 3445.821
5290.322, 3419.669
5292.251, 3436.683
5294.179, 3443.272
5296.108, 3437.904
5298.036, 3438.150
5299.965, 3426.240
5301.893, 3415.129
5303.822, 3413.274
5305.750, 3401.217
5307.679, 3394.047
5309.607, 3393.064
5311.536, 3393.199
5313.464, 3393.012
5315.393, 3385.923
5317.321, 3368.554
5319.250, 3362.147
5321.178, 3363.392
5323.106, 3365.393
5325.035, 3352.339
5326.963, 3353.346
5328.892, 3349.062
5330.820, 3325.703
5332.749, 3330.625
5334.677, 3333.436
5336.605, 3325.308
5338.534, 3304.297
5340.462, 3304.449
5342.391, 3309.040
5344.319, 3302.724
5346.248, 3283.436
5348.176, 3278.134
5350.105, 3282.519
5352.033, 3267.951
5353.962, 3270.367
5355.890, 3272.342
5357.819, 3258.999
5359.747, 3260.946
5361.676, 3255.185
5363.604, 3243.415
5365.533, 3241.328
5367.461, 3242.724
5369.390, 3239.739
5371.318, 3228.851
5373.247, 3214.194
5375.175, 3205.376
5377.104, 3204.807
5379.032, 3218.030
5380.960, 3212.035
5382.889, 3197.496
5384.817, 3182.390
5386.746, 3173.807
5388.674, 3166.901
5390.603, 3162.870
5392.531, 3164.338
5394.459, 3164.817
5396.388, 3159.512
5398.316, 3149.500
5400.245, 3145.024
5402.173, 3135.868
5404.102, 3125.048
5406.030, 3116.797
5407.959, 3118.488
5409.887, 3117.744
5411.816, 3114.159
5413.744, 3115.880
5415.673, 3105.248
5417.601, 3090.997
5419.530, 3079.201
5421.458, 3072.101
5423.387, 3072.878
5425.315, 3074.837
5427.244, 3070.010
5429.172, 3056.840
5431.101, 3054.233
5433.029, 3059.044
5434.958, 3041.675
5436.886, 3036.446
5438.814, 3031.890
5440.743, 3020.030
5442.671, 3025.200
5444.600, 3018.425
5446.528, 3006.732
5448.457, 3007.029
5450.385, 3005.327
5452.313, 3004.766
5454.242, 3004.524
5456.170, 2998.531
5458.099, 2982.816
5460.027, 2970.150
5461.956, 2967.937
5463.884, 2950.883
5465.813, 2954.073
5467.741, 2960.028
5469.670, 2939.045
5471.598, 2938.685
5473.527, 2938.975
5475.455, 2933.828
5477.384, 2931.519
5479.312, 2916.229
5481.241, 2907.599
5483.169, 2913.982
5485.098, 2908.135
5487.026, 2898.225
5488.955, 2893.015
5490.883, 2897.648
5492.812, 2872.485
5494.740, 2860.809
5496.668, 2865.138
5498.597, 2870.008
5500.525, 2859.693
5502.454, 2848.295
5504.382, 2842.483
5506.311, 2844.987
5508.239, 2833.668
5510.167, 2828.528
5512.096, 2838.806
5514.024, 2821.138
5515.953, 2815.735
5517.881, 2814.450
5519.810, 2802.582
5521.738, 2791.933
5523.667, 2789.844
5525.595, 2790.768
5527.524, 2780.944
5529.452, 2781.236
5531.381, 2777.678
5533.309, 2768.985
5535.238, 2766.186
5537.166, 2761.270
5539.095, 2758.943
5541.023, 2757.236
5542.952, 2730.668
5544.880, 2725.923
5546.809, 2729.731
5548.737, 2728.411
5550.666, 2731.150
5552.594, 2723.600
5554.522, 2713.942
5556.451, 2713.300
5558.379, 2701.129
5560.308, 2703.104
5562.236, 2706.131
5564.165, 2685.608
5566.093, 2678.003
5568.021, 2672.185
5569.950, 2664.634
5571.878, 2656.750
5573.807, 2655.294
5575.735, 2650.617
5577.664, 2645.522
5579.592, 2664.492
5581.521, 2650.850
5583.449, 2636.025
5585.378, 2632.732
5587.306, 2625.785
5589.235, 2617.575
5591.163, 2613.864
5593.092, 2614.594
5595.020, 2604.843
5596.949, 2600.094
5598.877, 2596.236
5600.806, 2588.698
5602.734, 2571.833
5604.663, 2575.738
5606.591, 2579.931
5608.520, 2567.123
5610.448, 2569.579
5612.376, 2553.793
5614.305, 2540.057
5616.233, 2548.000
5618.162, 2542.263
5620.090, 2534.827
5622.019, 2528.624
5623.947, 2524.087
5625.875, 2525.848
5627.804, 2526.177
5629.732, 2519.657
5631.661, 2502.008
5633.589, 2503.399
5635.518, 2500.277
5637.446, 2495.981
5639.375, 2500.170
5641.303, 2490.757
5643.232, 2481.726
5645.160, 2471.019
5647.089, 2453.783
5649.017, 2446.769
5650.946, 2444.675
5652.874, 2446.544
5654.803, 2452.231
5656.731, 2438.597
5658.660, 2432.324
5660.588, 2429.905
5662.517, 2419.731
5664.445, 2416.946
5666.374, 2405.602
5668.302, 2399.929
5670.230, 2415.998
5672.159, 2399.501
5674.087, 2386.279
5676.016, 2381.469
5677.944, 2381.646
5679.873, 2386.266
5681.801, 2389.967
5683.729, 2382.698
5685.658, 2360.088
5687.586, 2343.330
5689.515, 2352.111
5691.443, 2361.185
5693.372, 2351.710
5695.300, 2347.853
5697.229, 2342.550
5699.157, 2327.888
5701.086, 2305.488
5703.014, 2305.302
5704.943, 2309.250
5706.871, 2313.087
5708.800, 2314.233
5710.728, 2307.307
5712.657, 2301.577
5714.585, 2294.906
5716.514, 2286.837
5718.442, 2280.171
5720.371, 2275.559
5722.299, 2267.684
5724.228, 2260.376
5726.156, 2271.125
5728.084, 2248.361
5730.013, 2246.798
5731.941, 2259.518
5733.870, 2248.303
5735.798, 2232.730
5737.727, 2218.157
5739.655, 2211.845
5741.583, 2218.099
5743.512, 2215.912
5745.440, 2206.564
5747.369, 2204.045
5749.297, 2212.506
5751.226, 2193.281
5753.154, 2185.622
5755.083, 2191.940
5757.011, 2202.144
5758.940, 2184.004
5760.868, 2175.080
5762.797, 2170.217
5764.725, 2162.859
5766.654, 2142.265
5768.582, 2154.059
5770.511, 2160.427
5772.439, 2150.943
5774.368, 2129.915
5776.296, 2125.034
5778.225, 2120.673
5780.153, 2121.451
5782.082, 2130.256
5784.010, 2117.989
5785.938, 2110.984
5787.867, 2108.323
5789.795, 2106.441
5791.724, 2104.404
5793.652, 2102.759
5795.581, 2095.668
5797.509, 2084.244
5799.438, 2073.980
5801.366, 2078.803
5803.294, 2076.263
5805.223, 2068.539
5807.151, 2064.378
5809.080, 2061.033
5811.008, 2052.324
5812.937, 2047.981
5814.865, 2049.985
5816.794, 2039.944
5818.722, 2038.316
5820.651, 2035.505
5822.579, 2030.799
5824.508, 2030.635
5826.436, 2028.797
5828.365, 2018.172
5830.293, 2007.986
5832.222, 2006.633
5834.150, 2004.328
5836.079, 2001.008
5838.007, 1993.907
5839.936, 1984.660
5841.864, 1981.526
5843.792, 1981.313
5845.721, 1981.674
5847.649, 1978.886
5849.578, 1969.524
5851.506, 1968.852
5853.435, 1972.021
5855.363, 1964.689
5857.292, 1946.202
5859.220, 1945.687
5861.148, 1951.073
5863.077, 1944.276
5865.005, 1929.509
5866.934, 1922.169
5868.862, 1922.743
5870.791, 1922.794
5872.719, 1920.795
5874.648, 1915.505
5876.576, 1900.784
5878.505, 1907.429
5880.433, 1911.378
5882.362, 1914.130
5884.290, 1930.301
5886.219, 1901.271
5888.147, 1894.392
5890.076, 1887.673
5892.004, 1866.109
5893.933, 1873.510
5895.861, 1864.931
5897.790, 1862.959
5899.718, 1866.608
5901.646, 1861.532
5903.575, 1858.452
5905.503, 1849.190
5907.432, 1844.744
5909.360, 1846.888
5911.289, 1835.788
5913.217, 1833.822
5915.146, 1835.052
5917.074, 1830.040
5919.002, 1814.126
5920.931, 1819.928
5922.859, 1810.307
5924.788, 1809.623
5926.716, 1815.705
5928.645, 1798.682
5930.573, 1797.986
5932.502, 1790.649
5934.430, 1783.115
5936.359, 1781.679
5938.287, 1773.557
5940.216, 1777.188
5942.144, 1782.491
5944.073, 1776.716
5946.001, 1755.935
5947.930, 1762.730
5949.858, 1762.601
5951.787, 1754.819
5953.715, 1747.898
5955.644, 1751.311
5957.572, 1743.861
5959.500, 1731.627
5961.429, 1728.247
5963.357, 1735.555
5965.286, 1733.350
5967.214, 1725.891
5969.143, 1717.681
5971.071, 1711.044
5973.000, 1707.326
5974.928, 1712.714
5976.856, 1706.000
5978.785, 1707.989
5980.713, 1716.230
5982.642, 1714.921
5984.570, 1708.785
5986.499, 1689.247
5988.427, 1678.570
5990.356, 1680.181
5992.284, 1678.941
5994.213, 1664.753
5996.141, 1663.428
5998.070, 1660.015
5999.998, 1650.680
6001.927, 1658.174
6003.855, 1648.099
6005.784, 1637.174
6007.712, 1631.795
6009.641, 1632.622
6011.569, 1639.832
6013.498, 1621.719
6015.426, 1615.714
6017.354, 1616.493
6019.283, 1611.699
6021.211, 1610.939
6023.140, 1606.879
6025.068, 1604.809
6026.997, 1603.318
6028.925, 1599.463
6030.854, 1594.413
6032.782, 1587.604
6034.710, 1578.929
6036.639, 1576.632
6038.567, 1584.111
6040.496, 1578.184
6042.424, 1566.110
6044.353, 1560.813
6046.281, 1558.969
6048.210, 1553.510
6050.138, 1549.265
6052.067, 1544.996
6053.995, 1540.681
6055.924, 1533.694
6057.852, 1523.066
6059.781, 1516.682
6061.709, 1522.592
6063.638, 1520.633
6065.566, 1515.383
6067.495, 1516.452
6069.423, 1510.769
6071.352, 1505.933
6073.280, 1503.240
6075.208, 1498.501
6077.137, 1489.616
6079.065, 1483.265
6080.994, 1496.941
6082.922, 1490.115
6084.851, 1481.047
6086.779, 1485.996
6088.708, 1469.673
6090.636, 1467.410
6092.564, 1468.053
6094.493, 1469.153
6096.421, 1467.628
6098.350, 1452.841
6100.278, 1439.617
6102.207, 1445.748
6104.135, 1449.076
6106.064, 1442.182
6107.992, 1443.434
6109.921, 1443.636
6111.849, 1439.176
6113.778, 1435.191
6115.706, 1429.454
6117.635, 1416.482
6119.563, 1421.609
6121.492, 1421.005
6123.420, 1411.329
6125.349, 1401.259
6127.277, 1398.910
6129.206, 1397.451
6131.134, 1390.993
6133.063, 1390.604
6134.991, 1388.131
6136.919, 1378.668
6138.848, 1379.169
6140.776, 1380.129
6142.705, 1371.611
6144.633, 1364.038
6146.562, 1361.066
6148.490, 1354.826
6150.418, 1356.337
6152.347, 1353.433
6154.275, 1356.274
6156.204, 1359.844
6158.132, 1352.629
6160.061, 1341.862
6161.989, 1340.644
6163.918, 1332.636
6165.846, 1327.193
6167.775, 1328.760
6169.703, 1316.425
6171.632, 1327.516
6173.560, 1318.594
6175.489, 1310.807
6177.417, 1313.631
6179.346, 1314.302
6181.274, 1312.014
6183.203, 1301.896
6185.131, 1296.131
6187.060, 1297.032
6188.988, 1297.790
6190.917, 1285.873
6192.845, 1290.652
6194.773, 1288.537
6196.702, 1285.560
6198.630, 1280.459
6200.559, 1265.529
6202.487, 1272.262
6204.416, 1264.621
6206.344, 1256.751
6208.272, 1251.850
6210.201, 1250.206
6212.129, 1258.909
6214.058, 1251.795
6215.986, 1242.258
6217.915, 1236.314
6219.843, 1236.803
6221.772, 1240.550
6223.700, 1221.773
6225.629, 1225.344
6227.557, 1231.714
6229.486, 1232.657
6231.414, 1226.920
6233.343, 1214.394
6235.271, 1204.320
6237.200, 1202.334
6239.128, 1202.761
6241.057, 1205.806
6242.985, 1208.905
6244.914, 1197.256
6246.842, 1198.710
6248.771, 1190.639
6250.699, 1193.191
6252.627, 1194.473
6254.556, 1175.799
6256.484, 1180.230
6258.413, 1180.370
6260.341, 1171.423
6262.270, 1165.932
6264.198, 1167.625
6266.126, 1170.801
6268.055, 1174.019
6269.983, 1172.790
6271.912, 1159.194
6273.840, 1147.652
6275.769, 1144.515
6277.697, 1143.020
6279.626, 1150.783
6281.554, 1138.272
6283.483, 1142.198
6285.411, 1141.831
6287.340, 1129.004
6289.268, 1127.978
6291.197, 1122.095
6293.125, 1126.479
6295.054, 1123.078
6296.982, 1115.418
6298.911, 1111.567
6300.839, 1111.635
6302.768, 1106.824
6304.696, 1103.161
6306.625, 1100.997
6308.553, 1099.063
6310.481, 1095.365
6312.410, 1089.063
6314.338, 1089.282
6316.267, 1089.981
6318.195, 1088.750
6320.124, 1085.048
6322.052, 1076.325
6323.980, 1061.343
6325.909, 1072.506
6327.837, 1072.753
6329.766, 1075.343
6331.694, 1072.536
6333.623, 1065.837
6335.551, 1066.458
6337.480, 1063.916
6339.408, 1059.133
6341.337, 1053.071
6343.265, 1052.932
6345.194, 1049.928
6347.122, 1037.632
6349.051, 1048.999
6350.979, 1050.641
6352.908, 1036.879
6354.836, 1041.369
6356.765, 1043.771
6358.693, 1027.303
6360.622, 1026.814
6362.550, 1010.601
6364.479, 1014.002
6366.407, 1015.131
6368.335, 1014.997
6370.264, 1015.449
6372.192, 1008.743
6374.121, 1003.208
6376.049, 1003.771
6377.978, 1005.805
6379.906, 1002.810
6381.834, 994.2311
6383.763, 986.0450
6385.691, 992.2130
6387.620, 992.2118
6389.548, 983.5490
6391.477, 980.6168
6393.405, 981.2354
6395.334, 979.1638
6397.262, 974.7155
6399.191, 974.8760
6401.119, 973.8078
6403.048, 967.5732
6404.976, 963.3949
6406.905, 961.1776
6408.833, 958.7425
6410.762, 962.4612
6412.690, 948.7142
6414.619, 949.5617
6416.547, 950.1434
6418.476, 949.9006
6420.404, 950.5965
6422.333, 948.0184
6424.261, 941.8744
6426.189, 941.9686
6428.118, 936.5228
6430.046, 933.2596
6431.975, 934.1533
6433.903, 934.4772
6435.832, 929.0804
6437.760, 921.5109
6439.688, 921.7451
6441.617, 917.2018
6443.545, 912.8320
6445.474, 912.4694
6447.402, 913.3829
6449.331, 909.9050
6451.259, 896.1885
6453.188, 899.0936
6455.116, 904.2876
6457.045, 907.8157
6458.973, 903.8098
6460.902, 895.1219
6462.830, 904.0355
6464.759, 904.2142
6466.687, 879.9655
6468.616, 886.2629
6470.544, 886.7401
6472.473, 875.9271
6474.401, 876.0145
6476.330, 877.4139
6478.258, 881.4816
6480.187, 877.0343
6482.115, 874.2750
6484.043, 870.4920
6485.972, 865.1626
6487.900, 860.6686
6489.829, 856.2473
6491.757, 850.9985
6493.686, 858.3224
6495.614, 855.7074
6497.542, 849.4850
6499.471, 845.6364
6501.399, 843.3114
6503.328, 840.7592
6505.256, 838.5767
6507.185, 842.0657
6509.113, 838.6232
6511.042, 835.1146
6512.970, 835.3495
6514.899, 834.9598
6516.827, 829.9691
6518.756, 831.9802
6520.684, 824.4220
6522.613, 824.9536
6524.541, 818.7714
6526.470, 822.2428
6528.398, 824.0297
6530.327, 810.0272
6532.255, 812.6542
6534.184, 814.0880
6536.112, 804.7784
6538.041, 810.4997
6539.969, 808.1152
6541.897, 801.7615
6543.826, 799.6683
6545.754, 794.7682
6547.683, 798.7421
6549.611, 801.9770
6551.540, 793.1743
6553.468, 790.4040
6555.396, 789.3278
6557.325, 789.9941
6559.253, 793.6293
6561.182, 790.2491
6563.110, 777.4374
6565.039, 776.3094
6566.967, 774.6421
6568.896, 775.1967
6570.824, 772.1920
6572.753, 765.4863
6574.681, 762.8706
6576.610, 770.0925
6578.538, 768.9481
6580.467, 761.8010
6582.395, 761.4808
6584.324, 753.8730
6586.252, 749.9174
6588.181, 751.7178
6590.109, 750.8707
6592.038, 755.9778
6593.966, 752.4142
6595.895, 740.3016
6597.823, 739.3314
6599.751, 740.5175
6601.680, 742.2529
6603.608, 739.4047
6605.537, 730.2119
6607.465, 731.1412
6609.394, 725.6546
6611.322, 729.5800
6613.250, 727.2263
6615.179, 718.5047
6617.107, 722.1665
6619.036, 730.2108
6620.964, 727.5919
6622.893, 724.2054
6624.821, 724.5248
6626.750, 721.6334
##END=



