##NAMES=Botallackite
##RRUFFID=R080012
##IDEAL CHEMISTRY=Cu_2_Cl(OH)_3_
##LOCALITY=Cligga Head, Cornwall, England
##OWNER=RRUFF
##SOURCE=William W. Pinch
##DESCRIPTION=Aggregate of green bladed to platy crystals
##STATUS=The identification of this mineral is confirmed by single-crystal X-ray diffraction and chemical analysis
##URL=https://www.rruff.net/odr/rruff_sample/R080012
##MEASURED CHEMISTRY=(Cu_2.00_Zn_0.02_)Cl_0.96_(OH)_3_
##DIFFRACTION SAMPLE DESCRIPTION=Single crystal, powder profile is calculated
##CELL PARAMETERS=a: 5.725 b: 6.122 c: 5.627 alpha: 90 beta: 93.01 gamma: 90 volume: 197 crystal system: monoclinic
##FILETYPE=Raman RAW
##RAMAN WAVELENGTH=780

116.0618, 55.44038
117.9902, 56.52109
119.9187, 56.31768
121.8472, 54.74018
123.7756, 53.73074
125.7041, 53.71687
127.6326, 54.19474
129.5611, 55.59816
131.4895, 57.10764
133.4180, 57.23222
135.3465, 55.88656
137.2749, 55.30467
139.2034, 56.77317
141.1319, 57.85139
143.0603, 57.49320
144.9888, 56.59913
146.9173, 56.27256
148.8457, 56.50183
150.7742, 56.54702
152.7027, 56.00530
154.6311, 55.71204
156.5596, 56.02169
158.4881, 56.51015
160.4165, 56.85835
162.3450, 57.05511
164.2735, 56.96574
166.2019, 56.21383
168.1304, 55.70432
170.0589, 56.35577
171.9873, 56.51079
173.9158, 54.46265
175.8443, 50.89404
177.7727, 48.80184
179.7012, 49.36967
181.6297, 49.57156
183.5581, 48.79541
185.4866, 48.41003
187.4151, 49.90517
189.3435, 52.01814
191.2720, 51.93709
193.2005, 48.16763
195.1289, 47.34697
197.0574, 51.40962
198.9859, 55.08502
200.9143, 55.62398
202.8428, 55.06669
204.7713, 55.32623
206.6997, 56.40248
208.6282, 56.60246
210.5567, 55.48436
212.4851, 54.97989
214.4136, 56.24708
216.3421, 57.57925
218.2705, 57.79721
220.1990, 57.19024
222.1275, 56.74221
224.0559, 56.41150
225.9844, 56.74200
227.9129, 58.55808
229.8413, 59.64199
231.7698, 58.78609
233.6983, 57.04144
235.6267, 55.61607
237.5552, 54.43440
239.4837, 53.09800
241.4121, 51.59548
243.3406, 50.03489
245.2691, 47.82946
247.1975, 46.18789
249.1260, 46.63294
251.0545, 48.10201
252.9829, 47.22982
254.9114, 43.96802
256.8399, 41.84785
258.7683, 42.46045
260.6968, 42.71326
262.6253, 41.27718
264.5537, 39.32328
266.4822, 37.82547
268.4107, 36.78393
270.3391, 36.53477
272.2676, 37.38367
274.1961, 37.96560
276.1245, 38.01546
278.0530, 37.63190
279.9815, 36.45530
281.9099, 35.19596
283.8384, 35.01258
285.7669, 35.67318
287.6953, 35.60359
289.6238, 34.03086
291.5523, 33.00932
293.4807, 33.19999
295.4092, 33.57457
297.3377, 33.61892
299.2661, 33.39230
301.1946, 33.00100
303.1231, 32.45420
305.0515, 32.26577
306.9800, 32.76498
308.9085, 33.13418
310.8369, 33.44952
312.7654, 33.46223
314.6939, 32.76246
316.6223, 31.83198
318.5508, 31.30826
320.4793, 31.20397
322.4077, 31.18726
324.3362, 31.26659
326.2647, 31.60234
328.1931, 32.55502
330.1216, 33.22531
332.0501, 32.73643
333.9785, 31.76468
335.9070, 31.85931
337.8355, 33.40869
339.7639, 33.82118
341.6924, 32.01565
343.6209, 31.64628
345.5493, 35.18216
347.4778, 38.31805
349.4063, 37.81255
351.3347, 35.64542
353.2632, 35.44581
355.1917, 37.44326
357.1201, 38.96146
359.0486, 39.93139
360.9771, 40.56199
362.9055, 40.58514
364.8340, 40.84469
366.7625, 42.37374
368.6909, 43.88738
370.6194, 42.98804
372.5479, 40.06813
374.4763, 40.24662
376.4048, 44.17077
378.3333, 46.42990
380.2617, 44.69419
382.1902, 43.23947
384.1187, 44.11491
386.0471, 45.61201
387.9756, 46.40045
389.9041, 46.53795
391.8326, 45.60819
393.7610, 43.50089
395.6895, 42.51029
397.6180, 43.85565
399.5464, 44.48034
401.4749, 43.09797
403.4034, 41.13885
405.3318, 39.38784
407.2603, 37.78172
409.1888, 36.18342
411.1172, 34.68245
413.0457, 33.22151
414.9742, 31.48542
416.9026, 30.71360
418.8311, 32.28293
420.7596, 33.51107
422.6880, 33.30675
424.6165, 32.36638
426.5450, 30.80167
428.4734, 29.27433
430.4019, 29.62105
432.3304, 32.03661
434.2588, 33.05575
436.1873, 30.93914
438.1158, 29.63495
440.0442, 30.65435
441.9727, 31.42620
443.9012, 30.13944
445.8296, 28.25979
447.7581, 27.29064
449.6866, 27.11267
451.6150, 27.35820
453.5435, 28.32183
455.4720, 28.44466
457.4004, 26.91939
459.3289, 25.84189
461.2574, 26.03873
463.1858, 26.13798
465.1143, 24.72050
467.0428, 23.42454
468.9712, 24.40039
470.8997, 27.04893
472.8282, 28.09578
474.7566, 26.94337
476.6851, 26.36847
478.6136, 26.53867
480.5420, 26.88866
482.4705, 27.61092
484.3990, 27.89773
486.3274, 26.98203
488.2559, 25.85424
490.1844, 25.41215
492.1128, 25.53837
494.0413, 25.71894
495.9698, 25.94654
497.8982, 25.88538
499.8267, 25.43912
501.7552, 25.01343
503.6836, 24.48125
505.6121, 24.45952
507.5406, 25.90756
509.4690, 27.22857
511.3975, 27.13414
513.3260, 25.91048
515.2545, 23.96423
517.1829, 21.57357
519.1114, 21.00474
521.0399, 22.46502
522.9683, 23.29096
524.8968, 22.62637
526.8253, 22.39836
528.7537, 23.63762
530.6822, 24.84858
532.6107, 25.72559
534.5391, 25.92616
536.4676, 24.36789
538.3961, 21.84333
540.3245, 21.04601
542.2530, 21.81227
544.1815, 22.12720
546.1099, 21.79151
548.0384, 21.29158
549.9669, 20.10590
551.8953, 19.41531
553.8238, 19.98986
555.7523, 21.18895
557.6807, 22.75248
559.6092, 23.89186
561.5377, 23.69681
563.4661, 22.78482
565.3946, 22.34677
567.3231, 22.40815
569.2515, 22.27160
571.1800, 21.75315
573.1085, 21.25286
575.0369, 20.96728
576.9654, 20.67570
578.8939, 19.97370
580.8223, 19.37101
582.7508, 19.42737
584.6793, 19.63570
586.6077, 19.64081
588.5362, 19.57292
590.4647, 19.23082
592.3931, 18.48832
594.3216, 18.83089
596.2501, 21.56293
598.1785, 22.54977
600.1070, 20.40458
602.0355, 19.01429
603.9639, 19.37553
605.8924, 20.08451
607.8209, 20.93350
609.7493, 21.65504
611.6778, 21.82092
613.6063, 21.45236
615.5347, 20.49244
617.4632, 19.42891
619.3917, 20.20583
621.3201, 23.03858
623.2486, 24.14988
625.1771, 23.14618
627.1055, 22.87264
629.0340, 24.21656
630.9625, 24.62635
632.8909, 22.38723
634.8194, 20.48474
636.7479, 20.91983
638.6763, 21.85731
640.6048, 21.87417
642.5333, 21.39122
644.4617, 21.23279
646.3902, 21.56209
648.3187, 22.13585
650.2471, 22.82937
652.1756, 23.29997
654.1041, 23.53447
656.0325, 23.34355
657.9610, 22.63879
659.8895, 21.85024
661.8179, 20.53605
663.7464, 20.01522
665.6749, 21.69664
667.6033, 23.14165
669.5318, 22.39116
671.4603, 21.17776
673.3887, 21.59859
675.3172, 22.75293
677.2457, 22.54394
679.1741, 21.53031
681.1026, 21.86219
683.0311, 23.48582
684.9595, 24.40303
686.8880, 24.35055
688.8165, 23.98797
690.7449, 23.30814
692.6734, 22.56664
694.6019, 21.38950
696.5303, 20.90150
698.4588, 21.77817
700.3873, 22.72812
702.3157, 23.46133
704.2442, 23.91272
706.1727, 23.37226
708.1011, 22.56949
710.0296, 22.45649
711.9581, 22.84951
713.8865, 23.85752
715.8150, 25.35441
717.7435, 25.57555
719.6719, 24.20468
721.6004, 23.13093
723.5289, 21.93158
725.4573, 21.92451
727.3858, 24.26812
729.3143, 25.73989
731.2427, 25.47282
733.1712, 24.93561
735.0997, 24.27835
737.0281, 23.75930
738.9566, 23.48142
740.8851, 23.66310
742.8135, 25.00952
744.7420, 26.49271
746.6705, 26.61584
748.5989, 25.89614
750.5274, 25.54696
752.4559, 25.47222
754.3843, 25.33036
756.3128, 25.26855
758.2413, 25.28296
760.1697, 25.12612
762.0982, 25.75066
764.0267, 27.57248
765.9551, 28.62770
767.8836, 28.45343
769.8121, 28.03056
771.7405, 27.38837
773.6690, 26.95636
775.5975, 27.17440
777.5259, 27.35514
779.4544, 26.70848
781.3829, 26.47876
783.3113, 28.04173
785.2398, 29.60906
787.1683, 29.28296
789.0967, 28.28393
791.0252, 28.36190
792.9537, 29.02276
794.8821, 29.12127
796.8106, 28.69243
798.7391, 27.90828
800.6675, 26.99232
802.5960, 26.97208
804.5245, 27.68520
806.4529, 27.75846
808.3814, 27.13908
810.3099, 26.78054
812.2383, 26.77969
814.1668, 26.65569
816.0953, 26.25156
818.0237, 26.09600
819.9522, 26.13109
821.8807, 26.48535
823.8091, 27.66700
825.7376, 28.61452
827.6661, 28.69960
829.5945, 28.57812
831.5230, 28.59648
833.4515, 28.68781
835.3799, 29.03505
837.3084, 29.39802
839.2369, 29.08430
841.1653, 28.47589
843.0938, 28.29465
845.0223, 28.46789
846.9507, 29.03184
848.8792, 29.52537
850.8077, 28.60695
852.7361, 26.86102
854.6646, 26.60599
856.5931, 27.61150
858.5215, 27.88033
860.4500, 27.36427
862.3785, 27.13638
864.3069, 27.28820
866.2354, 27.19785
868.1639, 26.75045
870.0923, 27.07741
872.0208, 28.59102
873.9493, 28.66760
875.8777, 26.68818
877.8062, 24.87918
879.7347, 23.33058
881.6631, 22.90683
883.5916, 24.56318
885.5201, 25.72203
887.4485, 25.25619
889.3770, 24.21125
891.3055, 22.59915
893.2339, 21.54400
895.1624, 22.16416
897.0909, 22.70044
899.0193, 21.55956
900.9478, 20.52843
902.8763, 21.63656
904.8047, 22.70940
906.7332, 21.35100
908.6617, 19.92222
910.5901, 20.90788
912.5186, 22.52350
914.4471, 23.00451
916.3755, 22.59343
918.3040, 21.67836
920.2325, 20.69767
922.1609, 19.30751
924.0894, 17.94701
926.0179, 18.55420
927.9464, 20.12316
929.8748, 20.46852
931.8033, 20.09846
933.7318, 19.18368
935.6602, 17.87000
937.5887, 17.82286
939.5172, 18.82904
941.4456, 19.12143
943.3741, 18.75019
945.3026, 18.36956
947.2310, 17.99878
949.1595, 18.89119
951.0880, 21.20435
953.0164, 21.22689
954.9449, 18.39782
956.8734, 17.68427
958.8018, 19.91146
960.7303, 20.54536
962.6588, 18.90456
964.5872, 17.60669
966.5157, 16.62328
968.4442, 16.36331
970.3726, 17.40404
972.3011, 17.64039
974.2296, 16.51697
976.1580, 16.11761
978.0865, 16.81902
980.0150, 17.15279
981.9434, 16.78038
983.8719, 16.66698
985.8004, 17.32461
987.7288, 17.44253
989.6573, 16.63063
991.5858, 15.71089
993.5142, 14.47667
995.4427, 14.19118
997.3712, 15.42721
999.2996, 16.67954
1001.228, 17.87830
1003.157, 18.02794
1005.085, 16.33072
1007.013, 15.43167
1008.942, 16.42963
1010.870, 17.07490
1012.799, 16.59051
1014.727, 16.17604
1016.656, 16.10308
1018.584, 16.00108
1020.513, 15.91554
1022.441, 15.92037
1024.370, 15.76965
1026.298, 16.01031
1028.227, 17.27026
1030.155, 17.93982
1032.084, 17.21002
1034.012, 16.65294
1035.941, 17.00755
1037.869, 17.08196
1039.797, 15.91059
1041.726, 15.16499
1043.654, 15.91292
1045.583, 16.31633
1047.511, 15.74148
1049.440, 15.49216
1051.368, 15.49122
1053.297, 15.68971
1055.225, 17.12841
1057.154, 17.41853
1059.082, 14.60261
1061.011, 13.11949
1062.939, 14.92140
1064.868, 15.95672
1066.796, 14.94465
1068.724, 14.57891
1070.653, 15.86393
1072.581, 16.35518
1074.510, 14.85201
1076.438, 14.47725
1078.367, 16.35275
1080.295, 17.49714
1082.224, 17.39666
1084.152, 17.00500
1086.081, 16.32074
1088.009, 15.63899
1089.938, 15.26050
1091.866, 14.96857
1093.795, 14.33667
1095.723, 13.72606
1097.651, 13.10560
1099.580, 13.37704
1101.508, 15.04920
1103.437, 16.04107
1105.365, 15.98406
1107.294, 15.97309
1109.222, 16.02402
1111.151, 15.82566
1113.079, 15.78103
1115.008, 14.81560
1116.936, 12.38045
1118.865, 12.12867
1120.793, 14.23079
1122.722, 14.41272
1124.650, 12.86922
1126.578, 13.50131
1128.507, 15.84739
1130.435, 16.18155
1132.364, 15.09052
1134.292, 15.02916
1136.221, 15.64048
1138.149, 16.40260
1140.078, 16.97442
1142.006, 16.25585
1143.935, 14.99131
1145.863, 14.37390
1147.792, 14.15791
1149.720, 13.95754
1151.649, 13.65752
1153.577, 13.22361
1155.505, 12.76865
1157.434, 12.52144
1159.362, 12.59316
1161.291, 13.12706
1163.219, 13.62798
1165.148, 13.10645
1167.076, 12.44368
1169.005, 13.40191
1170.933, 14.48578
1172.862, 13.78686
1174.790, 13.00157
1176.719, 13.26183
1178.647, 13.56506
1180.576, 13.57541
1182.504, 13.65558
1184.432, 14.10812
1186.361, 14.22379
1188.289, 13.46176
1190.218, 13.36737
1192.146, 14.52344
1194.075, 15.02518
1196.003, 14.36677
1197.932, 13.87595
1199.860, 13.77697
1201.789, 14.36577
1203.717, 15.57941
1205.646, 15.92778
1207.574, 15.46918
1209.503, 15.48462
1211.431, 15.85255
1213.359, 15.96529
1215.288, 15.82890
1217.216, 14.62306
1219.145, 12.79147
1221.073, 12.30763
1223.002, 12.91673
1224.930, 13.20302
1226.859, 13.34307
1228.787, 14.76465
1230.716, 16.28052
1232.644, 15.95193
1234.573, 15.03852
1236.501, 14.85256
1238.430, 15.10396
1240.358, 15.51154
1242.286, 15.63342
1244.215, 15.18172
1246.143, 14.76349
1248.072, 14.71348
1250.000, 14.72435
1251.929, 14.52001
1253.857, 14.28637
1255.786, 14.20738
1257.714, 13.97539
1259.643, 13.45811
1261.571, 13.38576
1263.500, 13.99048
1265.428, 14.44230
1267.357, 14.57491
1269.285, 14.78924
1271.214, 14.86967
1273.142, 14.70134
1275.070, 14.51808
1276.999, 14.47293
1278.927, 14.43892
1280.856, 14.15222
1282.784, 13.86237
1284.713, 13.39119
1286.641, 13.38074
1288.570, 14.66148
1290.498, 15.66539
1292.427, 16.13388
1294.355, 16.45204
1296.284, 16.59659
1298.212, 16.32618
1300.141, 14.86080
1302.069, 14.40975
1303.997, 15.62044
1305.926, 16.20716
1307.854, 15.94815
1309.783, 15.05323
1311.711, 14.07909
1313.640, 14.60959
1315.568, 15.64000
1317.497, 15.95685
1319.425, 16.22089
1321.354, 16.39120
1323.282, 16.29416
1325.211, 16.17756
1327.139, 16.07364
1329.068, 16.09316
1330.996, 16.42954
1332.924, 16.93985
1334.853, 16.37014
1336.781, 14.52425
1338.710, 14.03990
1340.638, 15.27490
1342.567, 15.94824
1344.495, 15.62891
1346.424, 16.09660
1348.352, 17.40832
1350.281, 16.87749
1352.209, 15.09173
1354.138, 14.31841
1356.066, 14.32100
1357.995, 15.01189
1359.923, 15.32479
1361.851, 13.91191
1363.780, 12.95753
1365.708, 13.32864
1367.637, 14.08671
1369.565, 15.23629
1371.494, 15.81804
1373.422, 15.36476
1375.351, 15.09395
1377.279, 15.47620
1379.208, 14.92378
1381.136, 14.03577
1383.065, 14.77937
1384.993, 16.06047
1386.922, 17.45208
1388.850, 18.38435
1390.778, 17.05723
1392.707, 15.81658
1394.635, 17.30277
1396.564, 17.74621
1398.492, 14.87851
1400.421, 14.01258
1402.349, 15.99934
1404.278, 16.29174
1406.206, 15.11914
1408.135, 14.80124
1410.063, 15.19926
1411.992, 15.65184
1413.920, 15.93209
1415.849, 15.80791
1417.777, 15.55008
1419.705, 15.48310
1421.634, 16.22170
1423.562, 18.26854
1425.491, 19.07014
1427.419, 17.83538
1429.348, 16.56733
1431.276, 15.06451
1433.205, 14.69109
1435.133, 15.57470
1437.062, 15.37558
1438.990, 14.46384
1440.919, 14.37968
1442.847, 15.24847
1444.776, 17.32892
1446.704, 18.59768
1448.632, 16.96944
1450.561, 15.13120
1452.489, 14.37150
1454.418, 14.86737
1456.346, 16.06223
1458.275, 16.47699
1460.203, 16.52008
1462.132, 16.28918
1464.060, 15.60168
1465.989, 15.63096
1467.917, 16.09835
1469.846, 16.15006
1471.774, 16.18193
1473.703, 16.81085
1475.631, 17.14325
1477.559, 16.34047
1479.488, 15.46521
1481.416, 15.17802
1483.345, 15.17585
1485.273, 15.02580
1487.202, 14.34136
1489.130, 13.72190
1491.059, 14.46654
1492.987, 15.33848
1494.916, 14.65812
1496.844, 14.04132
1498.773, 15.21885
1500.701, 16.69513
1502.630, 17.13337
1504.558, 16.43333
1506.486, 15.35448
1508.415, 14.55006
1510.343, 14.00463
1512.272, 14.29749
1514.200, 14.82591
1516.129, 15.54811
1518.057, 15.84408
1519.986, 14.56066
1521.914, 13.30157
1523.843, 12.92406
1525.771, 14.31073
1527.700, 17.18947
1529.628, 16.24235
1531.557, 12.95201
1533.485, 13.48339
1535.413, 15.75474
1537.342, 16.11206
1539.270, 15.41574
1541.199, 13.82531
1543.127, 13.10579
1545.056, 14.63441
1546.984, 15.72783
1548.913, 15.28705
1550.841, 15.55026
1552.770, 16.60777
1554.698, 15.82044
1556.627, 14.59937
1558.555, 14.74503
1560.484, 14.86777
1562.412, 14.72658
1564.340, 14.80398
1566.269, 14.98378
1568.197, 15.75597
1570.126, 16.45947
1572.054, 15.96418
1573.983, 15.97780
1575.911, 16.80426
1577.840, 16.54056
1579.768, 15.00106
1581.697, 14.24662
1583.625, 14.53607
1585.554, 14.63731
1587.482, 14.23367
1589.411, 13.44782
1591.339, 12.95734
1593.267, 14.20475
1595.196, 15.89626
1597.124, 15.62418
1599.053, 14.93151
1600.981, 15.07603
1602.910, 14.72753
1604.838, 13.51812
1606.767, 13.80766
1608.695, 14.90402
1610.624, 14.89549
1612.552, 14.58761
1614.481, 14.37572
1616.409, 14.40153
1618.338, 15.15837
1620.266, 15.70188
1622.194, 15.62518
1624.123, 14.69681
1626.051, 13.30098
1627.980, 12.79247
1629.908, 12.51649
1631.837, 12.02635
1633.765, 12.27184
1635.694, 13.49709
1637.622, 14.96218
1639.551, 16.43624
1641.479, 15.69441
1643.408, 13.58475
1645.336, 13.95295
1647.265, 15.22816
1649.193, 14.75909
1651.121, 14.36929
1653.050, 16.14792
1654.978, 16.14636
1656.907, 13.75802
1658.835, 13.51429
1660.764, 15.13435
1662.692, 16.26168
1664.621, 16.57601
1666.549, 15.61004
1668.478, 14.75239
1670.406, 15.35953
1672.335, 15.09341
1674.263, 13.95614
1676.192, 13.88644
1678.120, 13.71337
1680.048, 13.54258
1681.977, 14.30306
1683.905, 14.67893
1685.834, 14.33101
1687.762, 14.20415
1689.691, 13.94510
1691.619, 13.20730
1693.548, 13.42782
1695.476, 14.78231
1697.405, 15.93271
1699.333, 15.69567
1701.262, 14.40320
1703.190, 13.65136
1705.119, 13.48690
1707.047, 13.82735
1708.975, 14.64176
1710.904, 14.73514
1712.832, 14.26221
1714.761, 14.01707
1716.689, 14.00466
1718.618, 14.07436
1720.546, 14.24579
1722.475, 14.45860
1724.403, 13.74981
1726.332, 12.67261
1728.260, 12.65153
1730.189, 12.97912
1732.117, 13.40319
1734.046, 14.32385
1735.974, 14.94927
1737.902, 14.42312
1739.831, 14.25881
1741.759, 14.02741
1743.688, 13.26653
1745.616, 13.51990
1747.545, 14.25773
1749.473, 13.57726
1751.402, 12.67218
1753.330, 12.88167
1755.259, 13.70324
1757.187, 14.04248
1759.116, 12.72904
1761.044, 12.32855
1762.973, 13.90609
1764.901, 14.16956
1766.829, 13.69032
1768.758, 13.36423
1770.686, 12.60164
1772.615, 11.79747
1774.543, 11.75252
1776.472, 12.30477
1778.400, 13.24015
1780.329, 14.25578
1782.257, 13.68396
1784.186, 12.91481
1786.114, 12.49367
1788.043, 12.33103
1789.971, 13.47359
1791.900, 12.99932
1793.828, 10.69281
1795.756, 11.79348
1797.685, 14.48643
1799.613, 14.14364
1801.542, 13.42055
1803.470, 14.26917
1805.399, 14.31751
1807.327, 13.73180
1809.256, 13.07061
1811.184, 12.36010
1813.113, 13.83486
1815.041, 14.73950
1816.970, 12.42552
1818.898, 11.37085
1820.827, 12.57836
1822.755, 13.22650
1824.683, 13.53866
1826.612, 13.20286
1828.540, 13.03239
1830.469, 12.84954
1832.397, 12.41215
1834.326, 11.62791
1836.254, 12.28386
1838.183, 13.88445
1840.111, 14.38339
1842.040, 13.97331
1843.968, 13.02351
1845.897, 12.48076
1847.825, 12.13624
1849.754, 12.03633
1851.682, 11.82906
1853.610, 11.64998
1855.539, 11.50004
1857.467, 10.64985
1859.396, 10.86728
1861.324, 12.16562
1863.253, 12.89435
1865.181, 12.52661
1867.110, 11.39177
1869.038, 12.58394
1870.967, 14.24361
1872.895, 12.63605
1874.824, 11.59231
1876.752, 12.76801
1878.681, 14.19107
1880.609, 13.94512
1882.537, 12.86529
1884.466, 12.30799
1886.394, 12.17630
1888.323, 11.43065
1890.251, 10.10762
1892.180, 10.16761
1894.108, 11.61771
1896.037, 12.72927
1897.965, 12.87757
1899.894, 11.30386
1901.822, 10.85700
1903.751, 12.66915
1905.679, 13.56113
1907.608, 12.99152
1909.536, 11.73686
1911.464, 10.81414
1913.393, 10.48468
1915.321, 11.58478
1917.250, 12.54041
1919.178, 12.21376
1921.107, 12.03441
1923.035, 10.76865
1924.964, 10.27431
1926.892, 11.40489
1928.821, 11.61087
1930.749, 11.93414
1932.678, 12.68583
1934.606, 13.00734
1936.535, 13.44659
1938.463, 12.60835
1940.391, 11.33215
1942.320, 12.69850
1944.248, 13.62718
1946.177, 11.77221
1948.105, 10.98808
1950.034, 11.78897
1951.962, 12.01366
1953.891, 11.78175
1955.819, 10.88852
1957.748, 10.49865
1959.676, 11.75352
1961.605, 11.71476
1963.533, 11.12459
1965.462, 11.58785
1967.390, 11.57209
1969.318, 10.58284
1971.247, 9.746038
1973.175, 9.911715
1975.104, 11.33155
1977.032, 12.37551
1978.961, 11.93644
1980.889, 10.90894
1982.818, 10.64276
1984.746, 11.13523
1986.675, 11.11455
1988.603, 10.78133
1990.532, 10.63955
1992.460, 10.63880
1994.389, 10.20810
1996.317, 9.380777
1998.245, 9.345113
2000.174, 10.74187
2002.102, 11.55583
2004.031, 10.59159
2005.959, 9.897651
2007.888, 11.31474
2009.816, 12.01615
2011.745, 10.42508
2013.673, 10.70142
2015.602, 12.26262
2017.530, 11.21547
2019.459, 10.48983
2021.387, 11.24232
2023.316, 10.99151
2025.244, 10.26472
2027.172, 9.952749
2029.101, 10.11857
2031.029, 10.65170
2032.958, 10.81002
2034.886, 11.40880
2036.815, 11.90441
2038.743, 10.94823
2040.672, 9.675669
2042.600, 10.33968
2044.529, 11.32067
2046.457, 11.40053
2048.386, 11.29780
2050.314, 10.86307
2052.243, 10.73483
2054.171, 10.72111
2056.100, 10.57274
2058.028, 10.12393
2059.957, 9.122223
2061.885, 8.592152
2063.813, 8.829966
2065.742, 9.981817
2067.670, 10.87121
2069.599, 10.79416
2071.527, 10.00807
2073.456, 9.110855
2075.384, 8.565525
2077.313, 8.444357
2079.241, 9.472920
2081.170, 9.454327
2083.098, 8.485564
2085.027, 9.525447
2086.955, 10.19794
2088.884, 9.771111
2090.812, 9.267274
2092.740, 8.994267
2094.669, 10.93935
2096.597, 11.73262
2098.526, 10.01653
2100.454, 9.376662
2102.383, 9.401560
2104.311, 9.357830
2106.240, 9.084820
2108.168, 8.322972
2110.097, 8.226903
2112.025, 9.024015
2113.954, 9.881372
2115.882, 9.889717
2117.811, 9.334608
2119.739, 9.463711
2121.667, 9.370956
2123.596, 8.590330
2125.524, 8.176434
2127.453, 8.396272
2129.381, 9.410242
2131.310, 10.08250
2133.238, 9.584833
2135.167, 8.759934
2137.095, 8.040993
2139.024, 8.651598
2140.952, 9.247418
2142.881, 9.198199
2144.809, 8.986168
2146.738, 8.575717
2148.666, 9.355229
2150.594, 9.534081
2152.523, 7.423038
2154.451, 7.848799
2156.380, 10.07636
2158.308, 10.23757
2160.237, 9.448029
2162.165, 8.715268
2164.094, 8.384924
2166.022, 8.180496
2167.951, 8.518970
2169.879, 9.342437
2171.808, 9.974916
2173.736, 9.442757
2175.665, 8.831673
2177.593, 9.555634
2179.521, 10.02895
2181.450, 9.525806
2183.378, 8.064794
2185.307, 7.744653
2187.235, 9.164347
2189.164, 9.374964
2191.092, 8.787152
2193.021, 8.381344
2194.949, 7.451731
2196.878, 6.861497
2198.806, 6.681954
2200.735, 6.936054
2202.663, 8.885162
2204.592, 9.860166
2206.520, 9.469805
2208.448, 9.542653
2210.377, 9.320720
2212.305, 7.796278
2214.234, 7.043742
2216.162, 7.436158
2218.091, 7.672629
2220.019, 7.778358
2221.948, 8.417982
2223.876, 9.145704
2225.805, 9.294055
2227.733, 8.159467
2229.662, 7.447019
2231.590, 7.698011
2233.519, 9.408049
2235.447, 10.16069
2237.375, 9.564707
2239.304, 8.518223
2241.232, 7.734654
2243.161, 8.998594
2245.089, 9.586844
2247.018, 9.136450
2248.946, 7.881410
2250.875, 7.429068
2252.803, 8.351942
2254.732, 9.307405
2256.660, 9.527629
2258.589, 7.960709
2260.517, 7.117429
2262.446, 7.473018
2264.374, 8.390277
2266.302, 8.719143
2268.231, 9.154160
2270.159, 8.995416
2272.088, 7.860346
2274.016, 6.684724
2275.945, 7.015246
2277.873, 8.067555
2279.802, 8.402246
2281.730, 7.637293
2283.659, 6.210092
2285.587, 5.827202
2287.516, 5.814234
2289.444, 6.473237
2291.373, 7.401202
2293.301, 7.589849
2295.229, 8.118177
2297.158, 8.005052
2299.086, 6.012864
2301.015, 6.404211
2302.943, 7.743642
2304.872, 8.203025
2306.800, 7.741297
2308.729, 7.108504
2310.657, 9.316545
2312.586, 9.348427
2314.514, 5.677181
2316.443, 6.385597
2318.371, 8.612593
2320.300, 8.820717
2322.228, 7.683375
2324.156, 6.420449
2326.085, 6.658039
2328.013, 7.280186
2329.942, 7.484847
2331.870, 8.021629
2333.799, 8.482824
2335.727, 9.340208
2337.656, 8.911276
2339.584, 7.573209
2341.513, 6.049729
2343.441, 6.028798
2345.370, 7.199718
2347.298, 7.047437
2349.227, 6.544310
2351.155, 6.284365
2353.083, 8.221796
2355.012, 9.730298
2356.940, 8.737813
2358.869, 6.928170
2360.797, 5.383204
2362.726, 6.319642
2364.654, 7.007538
2366.583, 7.244889
2368.511, 7.445895
2370.440, 7.539247
2372.368, 7.299008
2374.297, 6.002552
2376.225, 5.625540
2378.154, 7.536901
2380.082, 7.632932
2382.010, 6.775323
2383.939, 7.373605
2385.867, 7.155498
2387.796, 6.107351
2389.724, 5.986551
2391.653, 6.579060
2393.581, 8.420571
2395.510, 7.931482
2397.438, 6.259265
2399.367, 6.050759
2401.295, 6.465109
2403.224, 6.873991
2405.152, 6.058884
2407.081, 5.442133
2409.009, 5.574794
2410.938, 6.792031
2412.866, 7.651476
2414.794, 8.520043
2416.723, 6.621409
2418.651, 4.303884
2420.580, 3.041762
2422.508, 4.281571
2424.437, 7.028002
2426.365, 7.339467
2428.294, 7.530160
2430.222, 7.791391
2432.151, 5.550264
2434.079, 3.875003
2436.008, 3.290311
2437.936, 5.028619
2439.865, 6.532425
2441.793, 6.586089
2443.721, 7.062157
2445.650, 8.043665
2447.578, 8.397349
2449.507, 7.848586
2451.435, 7.397489
2453.364, 6.381309
2455.292, 5.790684
2457.221, 5.590867
2459.149, 6.428462
2461.078, 6.547435
2463.006, 5.909051
2464.935, 6.411351
2466.863, 6.466601
2468.792, 5.435618
2470.720, 5.419097
2472.648, 5.123738
2474.577, 4.946623
2476.505, 3.568223
2478.434, 3.249112
2480.362, 5.756873
2482.291, 6.108329
2484.219, 5.598374
2486.148, 6.589951
2488.076, 6.417495
2490.005, 5.269531
2491.933, 4.244292
2493.862, 4.384660
2495.790, 5.184416
2497.719, 5.235329
2499.647, 5.037729
2501.575, 4.585067
2503.504, 4.179430
2505.432, 4.402322
2507.361, 5.092813
2509.289, 4.527493
2511.218, 3.637164
2513.146, 3.304370
2515.075, 4.819464
2517.003, 6.126111
2518.932, 6.664285
2520.860, 6.339934
2522.789, 5.129513
2524.717, 5.164145
2526.646, 3.471097
2528.574, 2.842303
2530.502, 6.408565
2532.431, 5.771762
2534.359, 4.823008
2536.288, 6.975667
2538.216, 6.960898
2540.145, 6.231890
2542.073, 3.879759
2544.002, 4.959920
2545.930, 7.222260
2547.859, 3.840916
2549.787, 3.686934
2551.716, 5.299046
2553.644, 4.925470
2555.573, 5.193707
2557.501, 5.573302
2559.429, 5.462634
2561.358, 4.125389
2563.286, 2.576035
2565.215, 4.619580
2567.143, 5.892743
2569.072, 6.217524
2571.000, 6.955564
2572.929, 4.873229
2574.857, 1.955275
2576.786, 3.506835
2578.714, 5.450153
2580.643, 6.475940
2582.571, 5.477672
2584.500, 5.005661
2586.428, 4.496476
2588.356, 3.897522
2590.285, 3.845717
2592.213, 3.415090
2594.142, 3.302212
2596.070, 3.162734
2597.999, 3.229644
2599.927, 6.123092
2601.856, 7.093789
2603.784, 4.652476
2605.713, 5.063006
2607.641, 5.725113
2609.570, 5.365246
2611.498, 3.634452
2613.427, 2.848208
2615.355, 4.179454
2617.283, 4.933593
2619.212, 4.565600
2621.140, 2.293710
2623.069, 4.220847
2624.997, 5.996675
2626.926, 5.015138
2628.854, 4.807479
2630.783, 4.940718
2632.711, 4.359774
2634.640, 4.348836
2636.568, 5.365297
2638.497, 6.249585
2640.425, 3.724151
2642.354, 2.702264
2644.282, 3.691953
2646.210, 4.230898
2648.139, 4.204755
2650.067, 2.792241
2651.996, 3.771875
2653.924, 3.864642
2655.853, 3.334930
2657.781, 6.464577
2659.710, 5.901797
2661.638, 2.616805
2663.567, 3.826343
2665.495, 4.919557
2667.424, 4.605039
2669.352, 3.166811
2671.281, 3.414851
2673.209, 4.910898
2675.137, 5.073672
2677.066, 5.057294
2678.994, 4.649846
2680.923, 3.238534
2682.851, 3.026139
2684.780, 3.913785
2686.708, 5.596724
2688.637, 4.958457
2690.565, 4.178562
2692.494, 5.149980
2694.422, 4.048982
2696.351, 3.094721
2698.279, 2.453345
2700.208, 3.236291
2702.136, 3.513390
2704.064, 1.232708
2705.993, 4.149820
2707.921, 6.317291
2709.850, 5.468086
2711.778, 2.403217
2713.707, 1.715742
2715.635, 5.025474
2717.564, 3.119528
2719.492, 2.641423
2721.421, 4.207807
2723.349, 3.575999
2725.278, 2.503573
2727.206, 1.967584
2729.135, 2.044978
2731.063, 2.606530
2732.991, 3.438700
2734.920, 2.928275
2736.848, 4.257725
2738.777, 5.712457
2740.705, 3.137331
2742.634, 2.239109
2744.562, 3.174932
2746.491, 3.550748
2748.419, 3.782978
2750.348, 3.505444
2752.276, 2.976321
2754.205, 4.243150
2756.133, 3.830958
2758.062, 1.799922
2759.990, 0.7667909
2761.918, 2.149207
2763.847, 4.095071
2765.775, 3.183315
2767.704, 3.843796
2769.632, 5.205507
2771.561, 3.718112
2773.489, 2.729815
2775.418, 3.854124
2777.346, 6.021377
2779.275, 4.219912
2781.203, 2.402479
2783.132, 3.058346
2785.060, 2.222742
2786.989, 1.969441
2788.917, 3.140311
2790.845, 4.055742
2792.774, 4.033975
2794.702, 2.962014
2796.631, 2.347994
2798.559, 2.756558
2800.488, 2.994198
2802.416, 3.319547
2804.345, 4.386450
2806.273, 4.297679
2808.202, 2.123983
2810.130, 3.555642
2812.059, 3.757297
2813.987, 1.989872
2815.916, 2.966728
2817.844, 2.760729
2819.772, 2.099266
2821.701, 4.063593
2823.629, 3.073617
2825.558, 1.028906
2827.486, 0.1903475
2829.415, 0.8197697
2831.343, 2.087304
2833.272, 2.806791
2835.200, 1.266288
2837.129, 2.364194
2839.057, 4.722869
2840.986, 0.6281307
2842.914, 0.5341874
2844.843, 3.199776
2846.771, 1.709452
2848.699, 2.743151
2850.628, 4.197791
2852.556, 4.047770
2854.485, 3.922545
2856.413, 4.086050
2858.342, 4.396285
2860.270, 4.308543
2862.199, 4.078864
2864.127, 4.134065
2866.056, 2.058812
2867.984, 0.4684788
2869.913, 0.9037160
2871.841, 3.124674
2873.770, 3.632125
2875.698, 3.481764
2877.626, 1.775605
2879.555, 1.415764
2881.483, 1.313493
2883.412, 2.112690
2885.340, 3.614497
2887.269, 2.314526
2889.197, 1.679542
2891.126, 2.665333
2893.054, 0.7054378
2894.983, 2.2962650E-02
2896.911, 1.144244
2898.840, 1.873026
2900.768, 1.921511
2902.697, 1.877218
2904.625, 1.281862
2906.553, 1.181140
2908.482, 1.898753
2910.410, 2.831774
2912.339, 2.528599
2914.267, 2.570980
2916.196, 3.225148
2918.124, 2.419762
2920.053, 2.269433
2921.981, 2.437087
2923.910, 2.679857
2925.838, 1.085444
2927.767, 0.5250679
2929.695, 1.836800
2931.624, 3.344809
2933.552, 0.8439628
2935.480, -1.181185
2937.409, 1.753558
2939.337, 2.762484
2941.266, 2.808345
2943.194, 3.399569
2945.123, 2.351737
2947.051, 1.446594
2948.980, 1.798546
2950.908, 3.868666
2952.837, 2.895380
2954.765, 1.655488
2956.694, 0.2433935
2958.622, 0.3972311
2960.551, 2.072333
2962.479, 3.974316
2964.407, 4.035036
2966.336, 2.664130
2968.264, 0.9453341
2970.193, 0.2806417
2972.121, 0.1812631
2974.050, -0.3404050
2975.978, 0.4554996
2977.907, 1.898363
2979.835, 2.155752
2981.764, 1.3886940E-02
2983.692, -0.1287880
2985.621, 1.238525
2987.549, 0.3452075
2989.478, 2.062923
2991.406, 2.407596
2993.334, 0.6664106
2995.263, 1.080548
2997.191, 2.314790
2999.120, 2.770247
3001.048, 4.281482
3002.977, 4.843280
3004.905, 2.984566
3006.834, 1.440914
3008.762, 0.6854867
3010.691, 1.504729
3012.619, 4.218505
3014.548, 0.7275701
3016.476, 0.8534387
3018.405, 3.610798
3020.333, 2.046100
3022.261, 1.414413
3024.190, 2.081432
3026.118, 3.369285
3028.047, 1.979334
3029.975, 2.529543
3031.904, 2.474796
3033.832, 0.7413337
3035.761, 1.330476
3037.689, 0.9667395
3039.618, 2.2228070E-02
3041.546, 1.926812
3043.475, 2.075186
3045.403, 1.346796
3047.332, -4.0943369E-02
3049.260, 0.5785475
3051.188, 2.504303
3053.117, 4.971909
3055.045, 2.651708
3056.974, 1.681861
3058.902, 0.7069625
3060.831, -0.8885864
3062.759, 1.549588
3064.688, 2.968903
3066.616, 3.660178
3068.545, 3.078933
3070.473, 3.134117
3072.402, 0.7627614
3074.330, -2.533020
3076.259, -1.386605
3078.187, 0.9611646
3080.115, 3.574744
3082.044, 5.710742
3083.972, 3.759232
3085.901, 1.416710
3087.829, 0.5785724
3089.758, 0.4673882
3091.686, 0.2844228
3093.615, -0.3842862
3095.543, -3.4259919E-02
3097.472, 1.440301
3099.400, 3.445118
3101.329, 2.871413
3103.257, 1.574891
3105.186, -1.448644
3107.114, -0.7322035
3109.042, 0.6732643
3110.971, 1.191734
3112.899, 0.3686364
3114.828, 0.4445734
3116.756, 0.1876135
3118.685, 0.1424864
3120.613, 1.361642
3122.542, 2.420897
3124.470, 1.561641
3126.399, -0.9286941
3128.327, 1.649542
3130.256, 1.174666
3132.184, -0.4429960
3134.113, 0.6928686
3136.041, 1.797076
3137.969, 0.5494998
3139.898, -1.033191
3141.826, -0.7329483
3143.755, -0.1250718
3145.683, -1.622075
3147.612, -2.805512
3149.540, 0.1292859
3151.469, 1.407776
3153.397, 1.204861
3155.326, -0.6343459
3157.254, -1.309053
3159.183, 0.7995309
3161.111, 0.2658621
3163.040, -1.278674
3164.968, 3.653759
3166.896, 2.208752
3168.825, -0.9822507
3170.753, -2.409343
3172.682, -5.8156350E-03
3174.610, -1.041334
3176.539, -0.8192531
3178.467, 1.395443
3180.396, 0.2611082
3182.324, 1.245632
3184.253, 2.048589
3186.181, 1.514302
3188.110, -3.080574
3190.038, 2.372191
3191.967, 5.540627
3193.895, 1.254309
3195.823, 0.8665662
3197.752, -0.2291746
3199.680, -0.7984040
3201.609, 5.9823781E-02
3203.537, 0.3678600
3205.466, 0.3989846
3207.394, 1.086555
3209.323, 2.120293
3211.251, 1.429780
3213.180, 1.823686
3215.108, 3.050759
3217.037, 4.095372
3218.965, 0.9132113
3220.894, 0.8827866
3222.822, 0.2901635
3224.750, -0.3317906
3226.679, 2.315768
3228.607, 1.880443
3230.536, -0.3845599
3232.464, -1.872109
3234.393, 0.1315806
3236.321, -0.7389886
3238.250, 0.5498987
3240.178, 2.854712
3242.107, 1.967989
3244.035, 1.933150
3245.964, 1.306283
3247.892, 0.4176675
3249.821, 0.2224818
3251.749, 1.509458
3253.677, 3.266318
3255.606, 2.981217
3257.534, 0.7351795
3259.463, -0.4694179
3261.391, 1.317430
3263.320, 2.870116
3265.248, 1.392153
3267.177, 1.379888
3269.105, 0.6430309
3271.034, 1.918664
3272.962, 3.912378
3274.891, -1.760845
3276.819, -1.579850
3278.748, 0.5207255
3280.676, 0.9349925
3282.604, -0.8531970
3284.533, 2.743512
3286.461, 2.617973
3288.390, -1.048479
3290.318, -1.218578
3292.247, -0.9892467
3294.175, -0.7306347
3296.104, 0.9265834
3298.032, 1.835793
3299.961, -0.8572818
3301.889, 9.2562750E-02
3303.818, 1.782138
3305.746, 1.988264
3307.675, 1.207330
3309.603, -0.1063167
3311.531, 0.2458436
3313.460, 2.389261
3315.388, 6.063540
3317.317, 1.863007
3319.245, 0.1209780
3321.174, 1.233691
3323.102, 2.286081
3325.031, 0.5641162
3326.959, 3.979507
3328.888, 4.766648
3330.816, 0.1102668
3332.745, 0.1050697
3334.673, -1.733752
3336.602, -3.717477
3338.530, -3.474548
3340.458, 0.5166156
3342.387, 0.6150710
3344.315, -3.122887
3346.244, -4.516428
3348.172, -0.6586513
3350.101, 7.9847872E-02
3352.029, 1.168560
3353.958, 1.343748
3355.886, 1.143209
3357.815, 2.633213
3359.743, -1.726508
3361.672, -0.8027608
3363.600, 2.834036
3365.529, 3.071384
3367.457, 0.7626125
3369.385, 0.1061975
3371.314, 1.023319
3373.242, 1.889048
3375.171, 1.053332
3377.099, 1.977858
3379.028, 1.508099
3380.956, 0.4152780
3382.885, 0.1510903
3384.813, 1.434998
3386.742, 0.1831420
3388.670, 1.870415
3390.599, 4.880899
3392.527, 0.8616037
3394.456, -1.712743
3396.384, -0.5860418
3398.313, 0.4630410
3400.241, -0.7518483
3402.169, -0.4427710
3404.098, -1.279379
3406.026, -2.189561
3407.955, -2.045388
3409.883, -0.1544889
3411.812, 1.236124
3413.740, -1.512781
3415.669, -3.650205
3417.597, -2.401780
3419.526, 1.643432
3421.454, 1.257613
3423.383, 0.3937394
3425.311, -1.242647
3427.240, -3.218134
3429.168, 0.5273789
3431.096, 0.3529503
3433.025, -1.116260
3434.953, -2.418642
3436.882, -2.720014
3438.810, 1.162171
3440.739, -0.9972860
3442.667, 1.092181
3444.596, 4.664275
3446.524, -1.440857
3448.453, 0.2904721
3450.381, -2.221628
3452.310, -2.725387
3454.238, 0.4046287
3456.167, -0.5700179
3458.095, -0.1131846
3460.023, -1.255942
3461.952, -0.4152922
3463.880, 3.107003
3465.809, 2.073492
3467.737, -3.085888
3469.666, -4.382206
3471.594, -1.516874
3473.523, 2.072220
3475.451, -0.9615361
3477.380, 0.7516897
3479.308, 2.105523
3481.237, 0.8906751
3483.165, -1.305928
3485.094, 3.154874
3487.022, 0.9982971
3488.950, 0.3327974
3490.879, 1.014485
3492.807, 7.1181357E-02
3494.736, 0.6867957
3496.664, -1.923205
3498.593, -1.571075
3500.521, 0.3591907
3502.450, 0.5887338
3504.378, 1.887617
3506.307, 3.275176
3508.235, 4.327380
3510.164, 3.398473
3512.092, 0.5640383
3514.021, 2.983468
3515.949, 2.293198
3517.877, 0.6093133
3519.806, 0.2535091
3521.734, 1.494754
3523.663, -0.5658610
3525.591, 3.121684
3527.520, 2.151981
3529.448, 3.5454851E-02
3531.377, 0.9149570
3533.305, 0.4750112
3535.234, -3.555515
3537.162, 0.9603994
3539.091, 5.036242
3541.019, 3.694387
3542.948, 4.409322
3544.876, -1.612076
3546.804, -1.148723
3548.733, 2.593263
3550.661, 4.034220
3552.590, 0.5255819
3554.518, 2.083807
3556.447, 0.9501445
3558.375, 0.6478266
3560.304, 2.620824
3562.232, 4.633372
3564.161, -1.369127
3566.089, 1.032303
3568.018, 4.575116
3569.946, 2.588104
3571.875, -3.162472
3573.803, 4.082881
3575.731, -5.891766
3577.660, -3.192045
3579.588, -0.1846036
3581.517, -2.867676
3583.445, 1.871371
3585.374, 3.259418
3587.302, 1.372250
3589.231, 1.724601
3591.159, 2.980734
3593.088, 1.384042
3595.016, -0.9131384
3596.945, 4.1641708E-02
3598.873, -1.034269
3600.802, 0.3900409
3602.730, 3.851313
3604.658, -0.8154953
3606.587, -0.3492439
3608.515, 2.591289
3610.444, 2.494599
3612.372, 2.209125
3614.301, 5.160318
3616.229, -0.5557326
3618.158, 0.2890189
3620.086, -1.162154
3622.015, -1.441346
3623.943, 0.4851061
3625.872, -0.4203847
3627.800, -1.031652
3629.729, 1.121997
3631.657, 0.7869951
3633.585, 1.219671
3635.514, 4.474572
3637.442, 1.923820
3639.371, -0.8260468
3641.299, -1.567519
3643.228, -1.156262
3645.156, 0.7899019
3647.085, 4.209246
3649.013, 1.284850
3650.942, 0.3588853
3652.870, -1.355983
3654.799, -2.042494
3656.727, -0.8900650
3658.656, 0.5515005
3660.584, 1.930354
3662.512, 0.7757157
3664.441, 3.630007
3666.369, 5.240952
3668.298, 2.216850
3670.226, -1.535464
3672.155, -1.495699
3674.083, 3.390021
3676.012, 0.6404657
3677.940, -2.133352
3679.869, 0.4239809
3681.797, 1.305231
3683.726, 1.566082
3685.654, 4.000598
3687.583, 5.000296
3689.511, 3.826566
3691.439, 2.703182
3693.368, 4.180357
3695.296, 2.266108
3697.225, -1.410113
3699.153, -0.7637049
3701.082, 1.497535
3703.010, 1.319861
3704.939, -1.288395
3706.867, 3.322760
3708.796, -0.5411147
3710.724, -2.894900
3712.653, -2.290432
3714.581, -0.3891830
3716.510, 2.454929
3718.438, 4.383925
3720.366, 3.458014
3722.295, 3.581340
3724.223, 1.863105
3726.152, -0.6178774
3728.080, -0.4409074
3730.009, -1.995030
3731.937, 0.3764249
3733.866, 2.361912
3735.794, 2.609747
3737.723, 2.566735
3739.651, 2.536775
3741.580, -0.1444256
3743.508, 1.108460
3745.437, -1.019167
3747.365, 1.578050
3749.293, 3.135469
3751.222, 0.7991516
3753.150, 0.1543072
3755.079, 2.368815
3757.007, 3.102027
3758.936, 2.950426
3760.864, 2.469650
3762.793, 0.2718580
3764.721, -2.636620
3766.650, 1.104702
3768.578, -2.775981
3770.507, -2.868250
3772.435, 8.0218419E-02
3774.364, 2.611969
3776.292, 3.369054
3778.220, 2.950377
3780.149, 0.4667895
3782.077, 0.6818102
3784.006, -1.270762
3785.934, -1.714238
3787.863, 0.1604643
3789.791, 1.016455
3791.720, -1.742577
3793.648, 5.399970
3795.577, -2.670286
3797.505, -1.534238
3799.434, 3.521961
3801.362, 4.922153
3803.291, 3.359725
3805.219, 3.789592
3807.147, 1.132076
3809.076, -2.603858
3811.004, 1.126616
3812.933, 0.5383910
3814.861, -0.7913020
3816.790, 2.255871
3818.718, 0.9244294
3820.647, 3.584449
3822.575, 3.896807
3824.504, -1.818403
3826.432, -2.289706
3828.361, 6.5274321E-02
3830.289, 7.4743360E-02
3832.218, 1.222657
3834.146, 1.322692
3836.074, 1.265096
3838.003, 0.8854648
3839.931, 2.272471
3841.860, 1.074412
3843.788, -1.729945
3845.717, 0.9280375
3847.645, -1.760434
3849.574, 6.247683
3851.502, 3.282646
3853.431, -1.445818
3855.359, -0.9540004
3857.288, 1.744017
3859.216, 1.054494
3861.145, -1.924839
3863.073, -0.3798963
3865.001, 1.995171
3866.930, 2.216421
3868.858, 0.2008799
3870.787, -2.284526
3872.715, -3.456284
3874.644, -3.024150
3876.572, -2.707260
3878.501, -3.432659
3880.429, -1.415255
3882.358, 0.2737967
3884.286, 1.205689
3886.215, 1.810571
3888.143, 1.935431
3890.072, 1.342686
3892.000, 0.9182326
3893.928, 1.032072
3895.857, 1.309060
3897.785, 1.154772
3899.714, 0.9892036
3901.642, 0.7994856
3903.571, 0.8831166
3905.499, 2.707613
3907.428, 1.430786
3909.356, 4.097094
3911.285, 7.8939147E-02
3913.213, -1.328345
3915.142, 0.2618058
3917.070, 0.8107122
3918.999, 0.4190981
3920.927, 2.004205
3922.855, -0.7197843
3924.784, 3.103951
3926.712, 1.261851
3928.641, -7.7802703E-02
3930.569, 0.4061756
3932.498, 4.9722131E-02
3934.426, -0.4722769
3936.355, 1.684551
3938.283, -0.9375175
3940.212, -0.6208864
3942.140, 3.289408
3944.069, 1.445529
3945.997, -1.866932
3947.926, -2.499371
3949.854, 0.6520406
3951.782, 4.750152
3953.711, 0.6171954
3955.639, -1.054846
3957.568, 0.1970458
3959.496, -2.195163
3961.425, -3.636583
3963.353, -2.386815
3965.282, 1.129109
3967.210, 3.277955
3969.139, 1.066291
3971.067, -0.3103370
3972.996, -2.807524
3974.924, 1.244834
3976.853, 1.037491
3978.781, 2.154847
3980.709, 0.2952602
3982.638, 2.106567
3984.566, 1.963729
3986.495, -2.108568
3988.423, 0.9126264
3990.352, -0.6189297
3992.280, 0.2274443
3994.209, 4.598918
3996.137, 4.312443
3998.066, 0.2195830
3999.994, 0.6001362
4001.923, -1.054923
4003.851, 1.753358
4005.780, 3.527015
4007.708, -1.977792
4009.636, -0.6264194
4011.565, 1.410027
4013.493, -5.061838
4015.422, -1.564189
4017.350, 1.907376
4019.279, 0.9771795
4021.207, -1.489324
4023.136, 0.7531489
4025.064, 2.383780
4026.993, -3.378873
4028.921, 1.939230
4030.850, 2.072872
4032.778, -0.3191351
4034.707, -1.188658
4036.635, -1.937677
4038.563, -2.877440
4040.492, 1.448853
4042.420, 3.251881
4044.349, -0.4418417
4046.277, 1.408359
4048.206, 0.4546213
4050.134, -4.973349
4052.063, 6.222802
4053.991, 3.244040
4055.920, 1.112339
4057.848, 9.2825338E-02
4059.777, -5.6228440E-02
4061.705, 3.1660389E-02
4063.634, -1.965137
4065.562, -3.532831
4067.490, 1.727360
4069.419, -1.781851
4071.347, -5.049748
4073.276, 1.968090
4075.204, -0.5018200
4077.133, 1.649838
4079.061, 1.608737
4080.990, 0.9568514
4082.918, 0.7632411
4084.847, -1.465575
4086.775, -1.035962
4088.704, 1.073123
4090.632, -0.1331191
4092.561, 4.820766
4094.489, -5.221720
4096.417, -3.744647
4098.346, -1.698979
4100.274, 2.502830
4102.203, -1.274440
4104.131, -3.493848
4106.060, 2.997192
4107.988, 0.7550232
4109.917, 2.027411
4111.845, -6.7067347E-02
4113.774, 5.221110
4115.702, 1.933913
4117.631, 0.1675754
4119.559, 6.499094
4121.488, 3.943118
4123.416, -0.1737627
4125.345, -0.2002168
4127.273, -0.2777589
4129.202, -0.3936955
4131.130, 0.7151654
4133.059, -2.411332
4134.987, 0.7915020
4136.916, -4.208326
4138.844, 1.851447
4140.772, 1.026268
4142.701, -1.248563
4144.629, -1.642475
4146.558, 1.839243
4148.486, 2.393439
4150.415, 0.6790942
4152.343, 1.541779
4154.271, 1.430680
4156.200, -1.420260
4158.128, -0.6939895
4160.057, 2.659394
4161.985, -0.1371606
4163.914, 0.2657535
4165.842, 1.922875
4167.771, 1.326546
4169.699, -1.631310
4171.628, -0.4749350
4173.556, -0.9265056
4175.485, 2.8364699E-02
4177.413, 2.476559
4179.342, 0.3794457
4181.270, 0.5974432
4183.199, -0.6458538
4185.127, -0.6279095
4187.056, 1.923552
4188.984, -8.474844
4190.913, 2.082256
4192.841, -1.049868
4194.770, 1.134274
4196.698, 1.970596
4198.626, -1.387327
4200.555, 0.3390017
4202.483, 3.471651
4204.412, 0.1617525
4206.340, -2.859384
4208.269, -1.110476
4210.197, -5.496382
4212.125, -1.008299
4214.054, 7.7005483E-02
4215.982, -2.595257
4217.911, 1.610954
4219.839, 0.3957382
4221.768, -0.5032650
4223.696, -1.648392
4225.625, -2.475728
4227.553, 0.6291544
4229.482, -0.4710918
4231.410, -1.170502
4233.339, -2.916582
4235.267, -2.561334
4237.196, 2.910601
4239.124, 2.523778
4241.053, 2.645498
4242.981, 5.460460
4244.910, -2.1818239E-02
4246.838, 0.7497922
4248.767, 0.4372360
4250.695, -1.257328
4252.624, 2.099686
4254.552, 3.593478
4256.480, 2.729700
4258.409, -1.240943
4260.337, 1.595831
4262.266, -0.4245763
4264.194, 1.584775
4266.123, 4.926024
4268.051, 1.818876
4269.979, -1.026530
4271.908, -1.147827
4273.836, -3.279977
4275.765, -5.119977
4277.693, 0.1149094
4279.622, 4.995828
4281.550, -4.1788749E-02
4283.479, 1.380610
4285.407, 1.369666
4287.336, -1.521299
4289.264, -2.784435
4291.193, -0.8076319
4293.121, -5.308397
4295.050, -3.675799
4296.978, 0.2205571
4298.907, -0.7652884
4300.835, -2.007553
4302.764, 1.258669
4304.692, 2.607426
4306.621, -0.1885770
4308.549, -1.416073
4310.478, 1.243858
4312.406, 3.657588
4314.334, 2.400227
4316.263, 0.2292156
4318.191, 0.9892856
4320.120, 1.708353
4322.048, -0.3746226
4323.977, -1.994094
4325.905, 2.490441
4327.833, -0.7419761
4329.762, -4.596370
4331.690, 4.656353
4333.619, -2.035166
4335.547, -1.278582
4337.476, -1.411584
4339.404, 2.824330
4341.333, 1.242882
4343.261, -1.119637
4345.190, -2.511029
4347.118, -2.674820
4349.047, -1.168357
4350.975, -0.2479893
4352.904, 1.243365
4354.832, 3.950362
4356.761, 3.934119
4358.689, 1.4375700E-02
4360.618, 0.1577633
4362.546, 1.396420
4364.475, -1.966116
4366.403, -1.840954
4368.332, 0.7018326
4370.260, 1.316129
4372.188, 0.7390403
4374.117, 2.892839
4376.045, -0.7959417
4377.974, -8.2269032E-03
##END=



