##NAMES=Braunite
##RRUFFID=R050388
##IDEAL CHEMISTRY=Mn^2+^Mn^3+^_6_O_8_(SiO_4_)
##LOCALITY=Langban, Filipstad, Varmland, Sweden
##OWNER=RRUFF
##SOURCE=University of Arizona Mineral Museum
##DESCRIPTION=Black crystals
##STATUS=The identification of this mineral has been confirmed by X-ray diffraction and chemical analysis
##URL=https://www.rruff.net/odr/rruff_sample/R050388
##MEASURED CHEMISTRY=(Mn^2+^_0.96_Mg_0.04_)Mn^3+^_6.00_Si_1.00_O_12_
##DIFFRACTION SAMPLE DESCRIPTION=Powder
##CELL PARAMETERS=a: 9.4266 b: 9.4266 c: 18.6984 alpha: 90 beta: 90 gamma: 90 volume: 1661.58 crystal system: tetragonal
##FILETYPE=Raman RAW
##RAMAN WAVELENGTH=532

83.46240, 0.0000000E+00
85.39087, 0.0000000E+00
87.31934, 6.724130
89.24780, 7.741174
91.17627, 9.120534
93.10474, 10.62859
95.03320, 12.13427
96.96167, 13.65477
98.89014, 15.60241
100.8186, 17.79369
102.7471, 20.47127
104.6755, 23.72038
106.6040, 27.55464
108.5325, 31.98064
110.4609, 36.74917
112.3894, 41.82451
114.3179, 48.13992
116.2463, 56.44480
118.1748, 65.88895
120.1033, 75.32878
122.0317, 85.65622
123.9602, 95.23233
125.8887, 101.1184
127.8171, 102.0013
129.7456, 102.5294
131.6741, 103.2652
133.6025, 104.0862
135.5310, 104.4452
137.4595, 104.6731
139.3879, 104.3693
141.3164, 103.3232
143.2449, 101.2722
145.1733, 99.24981
147.1018, 97.02962
149.0303, 94.74963
150.9587, 93.59151
152.8872, 94.27429
154.8157, 95.56551
156.7441, 96.52068
158.6726, 96.41543
160.6011, 96.72017
162.5295, 97.72755
164.4580, 99.37050
166.3865, 101.3109
168.3149, 104.0052
170.2434, 106.8318
172.1719, 108.9462
174.1003, 109.9313
176.0288, 110.7525
177.9573, 111.5864
179.8857, 112.3701
181.8142, 113.4347
183.7427, 114.7424
185.6711, 116.3207
187.5996, 118.2016
189.5281, 120.3648
191.4565, 122.8427
193.3850, 125.5739
195.3135, 128.4488
197.2419, 131.8634
199.1704, 136.0562
201.0989, 140.8163
203.0273, 145.5676
204.9558, 149.9934
206.8843, 154.7316
208.8127, 160.1448
210.7412, 166.6518
212.6697, 173.1113
214.5981, 180.4122
216.5266, 187.7418
218.4551, 192.5731
220.3835, 193.8388
222.3120, 193.1889
224.2405, 190.9604
226.1689, 187.0654
228.0974, 182.4228
230.0259, 176.8589
231.9543, 170.5554
233.8828, 164.6492
235.8113, 159.3718
237.7397, 154.2968
239.6682, 149.0103
241.5967, 143.2428
243.5251, 138.2206
245.4536, 134.0997
247.3821, 130.8986
249.3105, 128.4242
251.2390, 127.5165
253.1675, 126.6481
255.0959, 124.9665
257.0244, 122.0804
258.9529, 119.1694
260.8813, 116.3886
262.8098, 113.7612
264.7383, 111.2458
266.6667, 108.5170
268.5952, 106.2543
270.5237, 104.7698
272.4521, 104.3536
274.3806, 104.4740
276.3091, 105.3489
278.2375, 106.7998
280.1660, 108.2206
282.0945, 109.4380
284.0229, 110.7314
285.9514, 112.2403
287.8799, 114.0214
289.8083, 115.9327
291.7368, 118.2254
293.6653, 120.6368
295.5938, 122.5997
297.5222, 124.6041
299.4507, 125.6624
301.3792, 125.1102
303.3076, 122.7166
305.2361, 119.8075
307.1646, 115.9175
309.0930, 111.6708
311.0215, 108.4095
312.9500, 106.3931
314.8784, 105.1405
316.8069, 104.6940
318.7354, 105.0218
320.6638, 105.7670
322.5923, 106.9277
324.5208, 108.4450
326.4492, 110.3317
328.3777, 112.5589
330.3062, 115.1310
332.2346, 118.5425
334.1631, 122.6930
336.0915, 125.8526
338.0200, 128.0638
339.9485, 129.0795
341.8769, 128.2156
343.8054, 124.6824
345.7339, 120.8279
347.6623, 116.9973
349.5908, 113.2063
351.5193, 109.8938
353.4477, 107.0384
355.3762, 104.6419
357.3047, 102.8355
359.2331, 101.6354
361.1616, 100.7327
363.0901, 100.0274
365.0185, 99.53782
366.9470, 99.48951
368.8755, 100.3580
370.8039, 101.2501
372.7324, 101.6392
374.6609, 101.4994
376.5893, 101.5533
378.5178, 102.2710
380.4463, 103.2025
382.3747, 103.5924
384.3032, 103.1439
386.2317, 102.5015
388.1601, 101.7923
390.0886, 101.0275
392.0171, 100.1465
393.9455, 98.89360
395.8740, 97.66650
397.8025, 96.87064
399.7309, 96.75537
401.6594, 96.52865
403.5879, 95.83156
405.5163, 94.85319
407.4448, 94.19829
409.3733, 94.03738
411.3017, 94.09297
413.2302, 94.14224
415.1587, 94.08345
417.0871, 94.69002
419.0156, 96.53069
420.9441, 99.02647
422.8725, 101.4793
424.8010, 103.9412
426.7295, 106.2735
428.6579, 108.4233
430.5864, 110.3890
432.5149, 112.2175
434.4433, 114.0697
436.3718, 115.6418
438.3003, 116.7383
440.2287, 117.0518
442.1572, 117.2690
444.0857, 117.0863
446.0141, 116.8890
447.9426, 117.2900
449.8711, 118.5237
451.7995, 120.1777
453.7280, 122.0038
455.6565, 123.9492
457.5849, 126.6404
459.5134, 130.1495
461.4419, 134.4125
463.3703, 139.3600
465.2988, 145.3344
467.2273, 151.2437
469.1557, 157.0234
471.0842, 162.6133
473.0127, 167.8950
474.9411, 173.7789
476.8696, 178.2272
478.7981, 180.6127
480.7265, 181.0088
482.6550, 179.2095
484.5835, 174.1645
486.5119, 167.7935
488.4404, 161.6756
490.3689, 155.6065
492.2973, 150.3421
494.2258, 145.9880
496.1543, 142.5455
498.0827, 140.3479
500.0112, 139.7270
501.9397, 139.9634
503.8681, 140.9575
505.7966, 142.6723
507.7251, 145.0538
509.6535, 148.7814
511.5820, 152.7786
513.5105, 156.3145
515.4390, 160.0071
517.3674, 162.3650
519.2959, 163.5318
521.2244, 163.1616
523.1528, 160.9309
525.0813, 155.9593
527.0098, 150.2903
528.9382, 144.3227
530.8667, 138.0324
532.7952, 132.5796
534.7236, 128.0030
536.6521, 124.2373
538.5806, 121.3517
540.5090, 119.4723
542.4375, 117.6859
544.3660, 115.3843
546.2944, 113.1947
548.2229, 112.1465
550.1514, 112.5869
552.0798, 113.3542
554.0083, 114.0058
555.9368, 114.7176
557.8652, 116.1386
559.7937, 118.6823
561.7222, 121.6522
563.6506, 124.6877
565.5791, 127.7385
567.5076, 131.8216
569.4360, 137.7430
571.3645, 144.2509
573.2930, 150.5755
575.2214, 156.9933
577.1499, 162.4758
579.0783, 167.1137
581.0068, 170.7492
582.9352, 173.1537
584.8637, 174.3047
586.7922, 174.4412
588.7206, 173.2080
590.6491, 170.8392
592.5776, 168.8368
594.5060, 166.4571
596.4345, 165.1185
598.3630, 165.6221
600.2914, 167.9592
602.2199, 171.0051
604.1484, 174.5871
606.0768, 178.9648
608.0053, 184.2928
609.9338, 190.7508
611.8622, 197.9241
613.7907, 206.4156
615.7192, 215.3753
617.6476, 223.9514
619.5761, 232.9003
621.5046, 239.6815
623.4330, 243.8576
625.3615, 245.5072
627.2900, 244.1513
629.2184, 238.6591
631.1469, 231.4735
633.0754, 222.5225
635.0038, 212.1169
636.9323, 201.7475
638.8608, 190.7691
640.7892, 180.8067
642.7177, 172.5627
644.6462, 166.3208
646.5746, 161.3153
648.5031, 157.8245
650.4316, 155.3385
652.3600, 153.5032
654.2885, 152.3201
656.2170, 151.5753
658.1454, 151.7187
660.0739, 152.0856
662.0024, 151.8540
663.9308, 150.8796
665.8593, 149.4667
667.7878, 146.9586
669.7162, 144.1260
671.6447, 142.4620
673.5732, 142.6373
675.5016, 142.9022
677.4301, 142.4597
679.3586, 141.4208
681.2870, 141.1950
683.2155, 142.1871
685.1440, 143.4454
687.0724, 144.6506
689.0009, 145.8258
690.9294, 147.1435
692.8578, 149.3900
694.7863, 151.0600
696.7148, 151.4927
698.6432, 150.5782
700.5717, 148.4781
702.5002, 144.6379
704.4286, 140.0284
706.3571, 135.2207
708.2856, 130.1520
710.2141, 125.4061
712.1425, 120.7936
714.0710, 116.7311
715.9995, 113.6777
717.9279, 112.4375
719.8564, 111.1045
721.7849, 109.4583
723.7133, 107.7489
725.6418, 106.2820
727.5703, 105.1175
729.4987, 104.0130
731.4272, 102.8042
733.3557, 101.5875
735.2841, 100.6089
737.2126, 99.80173
739.1411, 99.27457
741.0695, 99.28615
742.9980, 99.58915
744.9265, 99.61034
746.8549, 99.16309
748.7834, 98.72829
750.7119, 98.53590
752.6403, 98.54795
754.5688, 98.37259
756.4973, 97.77908
758.4257, 97.26570
760.3542, 97.01133
762.2827, 96.97307
764.2111, 97.00028
766.1396, 97.06185
768.0681, 97.20232
769.9965, 97.57217
771.9250, 98.22887
773.8535, 98.33394
775.7819, 97.21147
777.7104, 96.24364
779.6389, 96.37899
781.5673, 97.43923
783.4958, 98.02421
785.4243, 97.34607
787.3527, 96.77438
789.2812, 97.17714
791.2097, 98.97011
793.1381, 99.83081
795.0666, 98.91924
796.9951, 97.86974
798.9235, 97.83803
800.8520, 98.75938
802.7805, 99.41173
804.7089, 99.39902
806.6374, 99.27348
808.5659, 99.34736
810.4943, 99.66979
812.4228, 100.0491
814.3513, 100.6223
816.2797, 101.1241
818.2082, 101.2693
820.1367, 101.0436
822.0651, 100.9824
823.9936, 101.3305
825.9221, 101.7212
827.8505, 101.9727
829.7790, 102.1353
831.7075, 101.9832
833.6359, 101.1184
835.5644, 100.2949
837.4929, 100.1417
839.4213, 100.7031
841.3498, 101.1633
843.2783, 101.4239
845.2067, 101.5400
847.1352, 101.5045
849.0637, 101.2608
850.9921, 101.1659
852.9206, 101.3132
854.8491, 101.5432
856.7775, 101.8280
858.7060, 102.1941
860.6345, 102.2674
862.5629, 101.7970
864.4914, 101.2132
866.4199, 100.8097
868.3483, 100.6025
870.2768, 100.2253
872.2053, 99.42924
874.1337, 98.65815
876.0622, 98.19141
877.9907, 98.09836
879.9191, 97.80063
881.8476, 97.01400
883.7761, 96.28659
885.7045, 95.89958
887.6330, 95.80971
889.5615, 95.81670
891.4899, 95.80147
893.4184, 96.00479
895.3469, 96.63710
897.2753, 97.71043
899.2038, 98.57548
901.1323, 99.12914
903.0607, 99.62083
904.9892, 100.1365
906.9177, 100.6505
908.8461, 101.0934
910.7746, 101.4128
912.7031, 101.6873
914.6315, 101.8427
916.5600, 101.9352
918.4885, 102.2806
920.4169, 103.2239
922.3454, 104.0111
924.2739, 104.1952
926.2023, 104.1816
928.1308, 104.9159
930.0593, 106.6880
931.9877, 108.4823
933.9162, 109.9834
935.8447, 111.3130
937.7731, 112.6375
939.7016, 113.9035
941.6301, 115.2596
943.5585, 117.1987
945.4870, 119.0229
947.4155, 119.7440
949.3439, 119.2510
951.2724, 118.4044
953.2009, 117.3237
955.1293, 115.9390
957.0578, 114.1424
958.9863, 111.8499
960.9147, 109.6895
962.8432, 107.6476
964.7717, 105.8377
966.7001, 104.4064
968.6286, 103.4403
970.5571, 102.2992
972.4855, 100.8321
974.4140, 99.33088
976.3425, 97.94380
978.2709, 96.64307
980.1994, 95.31186
982.1279, 93.79298
984.0563, 92.48823
985.9848, 91.54588
987.9133, 90.92754
989.8417, 90.46639
991.7702, 90.29264
993.6987, 90.12646
995.6271, 89.98668
997.5556, 89.81960
999.4841, 89.48933
1001.413, 88.91474
1003.341, 88.50338
1005.269, 88.47623
1007.198, 88.59396
1009.126, 88.59043
1011.055, 88.33450
1012.983, 88.35719
1014.912, 88.97998
1016.840, 89.61892
1018.769, 89.86474
1020.697, 89.65272
1022.626, 89.47395
1024.554, 89.30249
1026.483, 89.21228
1028.411, 89.32583
1030.340, 89.57269
1032.268, 89.67725
1034.197, 89.42378
1036.125, 89.36487
1038.053, 89.88826
1039.982, 90.67382
1041.910, 90.99001
1043.839, 90.34447
1045.767, 89.88242
1047.696, 89.78571
1049.624, 89.84272
1051.553, 89.83382
1053.481, 89.76464
1055.410, 89.67686
1057.338, 89.48411
1059.267, 89.37173
1061.195, 89.49463
1063.124, 89.86423
1065.052, 90.08791
1066.980, 90.02558
1068.909, 89.93217
1070.837, 89.81081
1072.766, 89.70321
1074.694, 89.79552
1076.623, 90.17411
1078.551, 90.56827
1080.480, 91.20962
1082.408, 91.67006
1084.337, 91.32787
1086.265, 89.97811
1088.193, 89.02915
1090.122, 89.17876
1092.050, 89.50645
1093.979, 89.41942
1095.907, 88.81107
1097.836, 88.58260
1099.764, 89.00578
1101.693, 89.45694
1103.621, 89.81018
1105.550, 90.01477
1107.478, 89.94650
1109.407, 89.55227
1111.335, 89.03399
1113.264, 88.13232
1115.192, 87.33385
1117.120, 87.28503
1119.049, 88.21779
1120.977, 88.75988
1122.906, 88.39970
1124.834, 87.91885
1126.763, 87.68582
1128.691, 87.69985
1130.620, 87.80630
1132.548, 88.17563
1134.477, 88.40775
1136.405, 88.34651
1138.334, 88.08187
1140.262, 87.76223
1142.191, 87.35417
1144.119, 87.04765
1146.047, 86.97090
1147.976, 86.95561
1149.904, 86.85365
1151.833, 86.64300
1153.761, 86.58952
1155.690, 86.80202
1157.618, 87.07352
1159.547, 87.39828
1161.475, 87.73646
1163.404, 87.92873
1165.332, 87.85010
1167.261, 87.88077
1169.189, 88.19894
1171.118, 88.56774
1173.046, 88.79778
1174.974, 88.89260
1176.903, 88.80762
1178.831, 88.30180
1180.760, 87.95948
1182.688, 88.25230
1184.617, 88.96876
1186.545, 89.14607
1188.474, 88.17227
1190.402, 87.60527
1192.331, 87.84399
1194.259, 88.41651
1196.188, 88.88395
1198.116, 89.23841
1200.045, 89.40129
1201.973, 89.08604
1203.901, 88.86579
1205.830, 89.10983
1207.758, 89.62913
1209.687, 90.00430
1211.615, 90.20988
1213.544, 90.32161
1215.472, 90.34815
1217.401, 90.30905
1219.329, 90.12794
1221.258, 89.69462
1223.186, 89.75937
1225.115, 90.97519
1227.043, 91.94981
1228.972, 92.12353
1230.900, 91.73322
1232.828, 91.32819
1234.757, 90.71449
1236.685, 90.55508
1238.614, 91.46752
1240.542, 92.43700
1242.471, 92.59581
1244.399, 92.09612
1246.328, 91.78277
1248.256, 91.77827
1250.185, 91.89859
1252.113, 92.23089
1254.042, 92.58803
1255.970, 92.65096
1257.899, 92.26217
1259.827, 92.09343
1261.755, 92.24230
1263.684, 92.53880
1265.612, 93.02250
1267.541, 93.61229
1269.469, 93.87107
1271.398, 93.58009
1273.326, 93.37394
1275.255, 93.52959
1277.183, 93.70321
1279.112, 93.53635
1281.040, 93.07681
1282.969, 92.66261
1284.897, 92.31755
1286.826, 92.04927
1288.754, 91.82765
1290.682, 91.69830
1292.611, 91.73858
1294.539, 91.95462
1296.468, 92.30120
1298.396, 92.82873
1300.325, 93.41882
1302.253, 94.17611
1304.182, 94.98304
1306.110, 95.30328
1308.039, 94.33168
1309.967, 93.99960
1311.896, 94.92828
1313.824, 96.13604
1315.753, 96.83471
1317.681, 97.05162
1319.609, 97.32859
1321.538, 97.80092
1323.466, 98.10161
1325.395, 97.72563
1327.323, 97.35400
1329.252, 97.91919
1331.180, 99.44685
1333.109, 100.3095
1335.037, 99.83984
1336.966, 99.36668
1338.894, 99.46851
1340.823, 99.89848
1342.751, 100.2062
1344.680, 100.3991
1346.608, 100.4177
1348.536, 99.94371
1350.465, 99.61621
1352.393, 99.78734
1354.322, 100.3460
1356.250, 100.9299
1358.179, 101.7343
1360.107, 102.1910
1362.036, 101.8453
1363.964, 101.5210
1365.893, 101.8977
1367.821, 102.7967
1369.750, 103.3575
1371.678, 103.4242
1373.607, 103.5447
1375.535, 103.8773
1377.464, 104.3078
1379.392, 104.7849
1381.320, 105.2912
1383.249, 105.7108
1385.177, 105.9807
1387.106, 106.3021
1389.034, 107.0313
1390.963, 107.6270
1392.891, 107.4626
1394.820, 106.4261
1396.748, 105.9083
1398.677, 106.4275
1400.605, 106.7852
1402.534, 106.6637
1404.462, 106.3291
1406.391, 106.0835
1408.319, 105.9565
1410.247, 105.6636
1412.176, 105.0393
1414.104, 104.4838
1416.033, 104.1409
1417.961, 103.8962
1419.890, 103.6355
1421.818, 103.3638
1423.747, 103.0074
1425.675, 102.4113
1427.604, 101.9989
1429.532, 102.2450
1431.461, 102.5592
1433.389, 102.1832
1435.318, 101.1437
1437.246, 100.3537
1439.174, 100.0226
1441.103, 99.71968
1443.031, 99.20622
1444.960, 98.66256
1446.888, 98.26710
1448.817, 98.02259
1450.745, 97.94370
1452.674, 98.21672
1454.602, 98.39849
1456.531, 98.35227
1458.459, 98.20242
1460.388, 98.07664
1462.316, 97.98534
1464.245, 97.87792
1466.173, 97.72395
1468.101, 97.57422
1470.030, 97.27080
1471.958, 97.06702
1473.887, 97.43399
1475.815, 98.39392
1477.744, 98.48441
1479.672, 96.67944
1481.601, 95.60974
1483.529, 96.39182
1485.458, 97.58186
1487.386, 97.88196
1489.315, 97.42744
1491.243, 97.25893
1493.172, 97.50101
1495.100, 97.68900
1497.028, 97.63036
1498.957, 97.52084
1500.885, 97.44604
1502.814, 97.42966
1504.742, 97.64851
1506.671, 98.26039
1508.599, 98.41594
1510.528, 97.37363
1512.456, 96.52762
1514.385, 96.92756
1516.313, 98.02684
1518.242, 98.60067
1520.170, 98.53642
1522.099, 98.53632
1524.027, 98.69611
1525.955, 98.94479
1527.884, 99.31895
1529.812, 99.72193
1531.741, 99.95748
1533.669, 99.97261
1535.598, 100.2238
1537.526, 100.9982
1539.455, 101.6450
1541.383, 101.8340
1543.312, 101.9472
1545.240, 102.4138
1547.169, 103.2401
1549.097, 103.8995
1551.026, 104.1591
1552.954, 104.5763
1554.882, 105.7054
1556.811, 106.5266
1558.739, 106.0341
1560.668, 104.6079
1562.596, 103.8546
1564.525, 104.2574
1566.453, 104.4445
1568.382, 104.3906
1570.310, 104.1575
1572.239, 103.5018
1574.167, 102.8016
1576.096, 102.7585
1578.024, 103.4949
1579.953, 104.1170
1581.881, 104.5339
1583.809, 104.9262
1585.738, 105.2898
1587.666, 105.6678
1589.595, 106.1908
1591.523, 106.7944
1593.452, 107.0573
1595.380, 106.9044
1597.309, 106.6536
1599.237, 105.9009
1601.166, 105.5812
1603.094, 106.6882
1605.023, 108.4160
1606.951, 109.1722
1608.880, 108.9103
1610.808, 108.8009
1612.736, 109.1223
1614.665, 109.3338
1616.593, 108.8922
1618.522, 108.4978
1620.450, 108.9323
1622.379, 109.9872
1624.307, 110.8305
1626.236, 111.3910
1628.164, 111.8636
1630.093, 112.3169
1632.021, 112.6680
1633.950, 112.8512
1635.878, 112.9155
1637.807, 112.9293
1639.735, 112.8972
1641.663, 112.7461
1643.592, 112.2325
1645.520, 112.1733
1647.449, 113.3888
1649.377, 114.6447
1651.306, 114.9747
1653.234, 114.6144
1655.163, 114.2136
1657.091, 113.7381
1659.020, 113.5760
1660.948, 114.1175
1662.877, 114.4595
1664.805, 113.9542
1666.734, 113.2273
1668.662, 112.9147
1670.590, 112.9893
1672.519, 113.2609
1674.447, 113.9013
1676.376, 114.0960
1678.304, 113.1663
1680.233, 112.3552
1682.161, 112.4383
1684.090, 112.9576
1686.018, 113.2197
1687.947, 113.2226
1689.875, 112.9578
1691.804, 112.1874
1693.732, 111.7693
1695.661, 112.2416
1697.589, 112.8463
1699.517, 113.1642
1701.446, 113.2639
1703.374, 113.3150
1705.303, 113.3218
1707.231, 113.1061
1709.160, 112.3860
1711.088, 111.9873
1713.017, 112.3772
1714.945, 113.0004
1716.874, 113.5993
1718.802, 114.1255
1720.731, 114.4553
1722.659, 114.6003
1724.588, 114.3704
1726.516, 113.3823
1728.444, 112.7164
1730.373, 112.9269
1732.301, 113.4515
1734.230, 113.9855
1736.158, 114.4868
1738.087, 114.8088
1740.015, 114.9313
1741.944, 115.0718
1743.872, 115.2210
1745.801, 115.4802
1747.729, 116.1176
1749.658, 116.6549
1751.586, 116.5779
1753.515, 116.1330
1755.443, 116.0766
1757.371, 116.4708
1759.300, 116.5970
1761.228, 116.2510
1763.157, 115.8607
1765.085, 115.2461
1767.014, 114.9930
1768.942, 115.9184
1770.871, 117.4011
1772.799, 118.0283
1774.728, 117.7557
1776.656, 117.3836
1778.585, 116.9278
1780.513, 116.6035
1782.442, 116.4190
1784.370, 116.4750
1786.298, 117.1023
1788.227, 117.9043
1790.155, 118.0537
1792.084, 117.5803
1794.012, 117.5119
1795.941, 118.0390
1797.869, 118.6343
1799.798, 119.3357
1801.726, 119.8468
1803.655, 119.8790
1805.583, 119.7135
1807.512, 119.8232
1809.440, 120.1521
1811.369, 120.0908
1813.297, 119.3559
1815.225, 119.1773
1817.154, 120.1077
1819.082, 121.1803
1821.011, 122.3464
1822.939, 123.1932
1824.868, 122.9395
1826.796, 121.9605
1828.725, 122.0735
1830.653, 123.7939
1832.582, 124.4380
1834.510, 122.7924
1836.439, 121.6568
1838.367, 122.0787
1840.296, 122.7439
1842.224, 122.6993
1844.152, 122.2824
1846.081, 122.1730
1848.009, 122.4009
1849.938, 122.5663
1851.866, 122.6333
1853.795, 122.6919
1855.723, 122.4656
1857.652, 122.5756
1859.580, 123.6277
1861.509, 124.8347
1863.437, 125.3556
1865.366, 125.3079
1867.294, 125.2241
1869.223, 125.0446
1871.151, 125.1766
1873.079, 126.1189
1875.008, 126.5252
1876.936, 125.4009
1878.865, 124.4381
1880.793, 124.6499
1882.722, 125.5021
1884.650, 126.3529
1886.579, 127.1570
1888.507, 127.5379
1890.436, 127.3846
1892.364, 127.3280
1894.293, 127.4617
1896.221, 127.7304
1898.150, 128.2768
1900.078, 128.7889
1902.006, 129.0076
1903.935, 129.0589
1905.863, 129.1808
1907.792, 129.3564
1909.720, 129.2975
1911.649, 128.8663
1913.577, 128.6985
1915.506, 129.0325
1917.434, 129.4572
1919.363, 130.1087
1921.291, 130.5033
1923.220, 129.9198
1925.148, 128.8900
1927.077, 128.6447
1929.005, 129.2444
1930.933, 129.8263
1932.862, 130.5964
1934.790, 130.9830
1936.719, 130.6152
1938.647, 130.3096
1940.576, 130.3461
1942.504, 130.5206
1944.433, 130.8395
1946.361, 131.1194
1948.290, 130.8074
1950.218, 129.8460
1952.147, 129.5904
1954.075, 130.2686
1956.004, 130.9431
1957.932, 131.5708
1959.860, 132.0241
1961.789, 132.3457
1963.717, 132.3676
1965.646, 131.6913
1967.574, 130.8117
1969.503, 130.5323
1971.431, 130.7721
1973.360, 131.0406
1975.288, 131.2878
1977.217, 131.8722
1979.145, 133.2479
1981.074, 134.0662
1983.002, 133.4764
1984.931, 132.7042
1986.859, 132.2533
1988.787, 132.1411
1990.716, 132.6487
1992.644, 133.5410
1994.573, 133.7058
1996.501, 132.8859
1998.430, 132.6429
2000.358, 133.4017
2002.287, 134.0590
2004.215, 134.6258
2006.144, 134.9419
2008.072, 134.8840
2010.001, 134.5842
2011.929, 133.8968
2013.858, 133.1439
2015.786, 133.0113
2017.714, 133.4460
2019.643, 134.0195
2021.571, 134.7942
2023.500, 135.0882
2025.428, 134.5817
2027.357, 134.2503
2029.285, 134.5775
2031.214, 134.9094
2033.142, 134.7786
2035.071, 134.5636
2036.999, 134.5825
2038.928, 134.8245
2040.856, 135.4005
2042.785, 136.3320
2044.713, 136.7388
2046.641, 136.3072
2048.570, 136.0842
2050.499, 136.0120
2052.427, 136.3067
2054.355, 137.3406
2056.284, 138.3609
2058.212, 138.9865
2060.141, 139.3674
2062.069, 139.5876
2063.998, 139.6847
2065.926, 139.7908
2067.854, 139.8954
2069.783, 140.0221
2071.711, 140.2222
2073.640, 140.1117
2075.568, 139.5147
2077.497, 138.9477
2079.425, 138.4767
2081.354, 138.2385
2083.282, 138.4006
2085.211, 138.7378
2087.139, 139.0789
2089.068, 139.3983
2090.996, 139.6243
2092.925, 139.7563
2094.853, 139.9765
2096.781, 140.4736
2098.710, 140.5025
2100.638, 139.6879
2102.567, 139.1700
2104.495, 139.1783
2106.424, 139.4572
2108.352, 140.1110
2110.281, 140.7816
2112.209, 141.4402
2114.138, 141.8029
2116.066, 141.1931
2117.995, 140.0174
2119.923, 139.6190
2121.852, 140.0114
2123.780, 140.2296
2125.708, 140.1551
2127.637, 140.1754
2129.565, 140.4502
2131.494, 140.6745
2133.422, 140.6065
2135.351, 140.7140
2137.279, 141.3008
2139.208, 142.0570
2141.136, 142.8614
2143.065, 143.5555
2144.993, 143.8532
2146.922, 143.7944
2148.850, 143.4760
2150.779, 142.9119
2152.707, 142.8438
2154.635, 143.4719
2156.564, 143.8685
2158.492, 143.7510
2160.421, 143.6699
2162.349, 144.0446
2164.278, 144.1731
2166.206, 143.0641
2168.135, 142.2530
2170.063, 143.6671
2171.992, 145.7870
2173.920, 146.0508
2175.849, 144.9146
2177.777, 144.2732
2179.706, 144.1260
2181.634, 144.6623
2183.563, 146.0685
2185.491, 146.7259
2187.419, 146.0746
2189.348, 145.7644
2191.276, 146.6593
2193.205, 147.2474
2195.133, 146.6572
2197.062, 145.8932
2198.990, 145.5281
2200.919, 145.4093
2202.847, 145.2859
2204.776, 145.3199
2206.704, 145.9840
2208.633, 147.1661
2210.561, 147.9744
2212.490, 148.3846
2214.418, 148.4241
2216.346, 148.0000
2218.275, 147.7322
2220.203, 147.7659
2222.132, 147.8874
2224.060, 148.2323
2225.989, 148.3981
2227.917, 147.8914
2229.846, 147.5501
2231.774, 148.2250
2233.703, 149.0466
2235.631, 148.9538
2237.560, 148.3726
2239.488, 148.1616
2241.417, 148.2604
2243.345, 148.1860
2245.273, 147.9806
2247.202, 148.6152
2249.130, 150.3117
2251.059, 151.2323
2252.987, 150.8958
2254.916, 150.4883
2256.844, 150.1601
2258.773, 149.9240
2260.701, 149.8050
2262.630, 149.7163
2264.558, 149.5217
2266.487, 149.4614
2268.415, 149.9970
2270.344, 150.5947
2272.272, 150.4664
2274.200, 149.9345
2276.129, 149.5980
2278.057, 149.4869
2279.986, 149.8340
2281.914, 150.6156
2283.843, 151.1754
2285.771, 151.3668
2287.700, 151.7493
2289.628, 152.9977
2291.557, 153.3925
2293.485, 151.9892
2295.414, 151.0459
2297.342, 151.2628
2299.271, 151.7220
2301.199, 152.2283
2303.127, 152.6170
2305.056, 152.6557
2306.984, 152.6038
2308.913, 152.7099
2310.841, 152.9132
2312.770, 153.0105
2314.698, 153.1740
2316.627, 153.8517
2318.555, 155.0656
2320.484, 157.1098
2322.412, 160.1329
2324.341, 162.7269
2326.269, 164.9800
2328.198, 165.7630
2330.126, 164.6212
2332.054, 163.1965
2333.983, 161.8369
2335.911, 160.2671
2337.840, 157.8410
2339.768, 156.0276
2341.697, 155.9007
2343.625, 155.9844
2345.554, 155.5627
2347.482, 154.8134
2349.411, 153.3073
2351.339, 152.0268
2353.268, 152.5622
2355.196, 154.0135
2357.125, 154.7185
2359.053, 154.8618
2360.981, 155.2340
2362.910, 155.7872
2364.838, 155.8238
2366.767, 155.2582
2368.695, 154.7505
2370.624, 154.3027
2372.552, 154.0367
2374.481, 153.9877
2376.409, 154.1771
2378.338, 154.8392
2380.266, 155.0626
2382.195, 153.9970
2384.123, 153.5054
2386.052, 154.8401
2387.980, 156.0948
2389.908, 156.2737
2391.837, 156.1339
2393.765, 156.0544
2395.694, 156.0415
2397.622, 156.2271
2399.551, 156.4090
2401.479, 156.1936
2403.408, 155.8802
2405.336, 156.0857
2407.265, 156.5763
2409.193, 156.6004
2411.122, 156.2292
2413.050, 156.1175
2414.979, 156.2581
2416.907, 156.7132
2418.835, 157.5237
2420.764, 158.3864
2422.692, 159.4092
2424.621, 159.3847
2426.549, 157.7207
2428.478, 156.8251
2430.406, 157.7955
2432.335, 158.3553
2434.263, 157.4598
2436.192, 157.0735
2438.120, 158.0850
2440.049, 159.1143
2441.977, 159.9752
2443.906, 160.3191
2445.834, 159.4976
2447.762, 158.6905
2449.691, 158.8127
2451.619, 159.2272
2453.548, 159.6721
2455.476, 159.7975
2457.405, 158.7610
2459.333, 157.3965
2461.262, 157.1484
2463.190, 157.6056
2465.119, 157.9543
2467.047, 158.1623
2468.976, 158.0059
2470.904, 157.6024
2472.833, 157.6859
2474.761, 158.2596
2476.689, 158.7113
2478.618, 159.0652
2480.546, 159.0876
2482.475, 158.7076
2484.403, 158.6337
2486.332, 158.9306
2488.260, 159.4239
2490.189, 160.2335
2492.117, 160.6530
2494.046, 160.4846
2495.974, 160.0243
2497.903, 158.7131
2499.831, 158.1455
2501.760, 159.1139
2503.688, 159.7617
2505.616, 159.1876
2507.545, 158.9409
2509.473, 160.1502
2511.402, 161.2068
2513.330, 161.1808
2515.259, 160.9750
2517.187, 161.1230
2519.116, 161.2723
2521.044, 161.1540
2522.973, 160.9533
2524.901, 160.6481
2526.830, 160.5264
2528.758, 161.0775
2530.687, 161.7883
2532.615, 162.1753
2534.543, 162.1697
2536.472, 161.2147
2538.400, 160.0384
2540.329, 160.4872
2542.257, 161.7317
2544.186, 161.6272
2546.114, 160.6399
2548.043, 160.0013
2549.971, 159.7537
2551.900, 160.2313
2553.828, 161.3239
2555.757, 161.8286
2557.685, 161.7610
2559.614, 161.4359
2561.542, 160.8949
2563.470, 160.8307
2565.399, 161.2804
2567.327, 161.9001
2569.256, 162.7300
2571.184, 163.4056
2573.113, 163.9915
2575.041, 164.0777
2576.970, 163.5808
2578.898, 163.0188
2580.827, 162.4109
2582.755, 162.0821
2584.684, 162.3413
2586.612, 162.1379
2588.541, 160.7292
2590.469, 159.9592
2592.397, 159.9529
2594.326, 160.5532
2596.254, 162.0231
2598.183, 163.1588
2600.111, 163.5652
2602.040, 163.8507
2603.968, 164.6484
2605.897, 164.6275
2607.825, 162.3334
2609.754, 161.0411
2611.682, 161.9868
2613.611, 163.0331
2615.539, 163.6242
2617.468, 163.8000
2619.396, 163.4246
2621.324, 162.9007
2623.253, 161.8854
2625.181, 161.5677
2627.110, 163.2629
2629.038, 164.6764
2630.967, 164.7112
2632.895, 164.3345
2634.824, 163.6349
2636.752, 163.2553
2638.681, 164.0992
2640.609, 164.6883
2642.538, 163.8903
2644.466, 162.8326
2646.395, 161.8719
2648.323, 161.3956
2650.251, 162.1408
2652.180, 162.8708
2654.108, 162.2871
2656.037, 161.7615
2657.965, 162.7508
2659.894, 163.8389
2661.822, 163.7441
2663.751, 163.3861
2665.679, 163.4524
2667.608, 163.6012
2669.536, 163.5886
2671.465, 163.4388
2673.393, 162.9437
2675.322, 162.5732
2677.250, 163.0523
2679.178, 163.5768
2681.107, 163.3641
2683.035, 162.9171
2684.964, 162.4734
2686.892, 162.3349
2688.821, 163.3021
2690.749, 164.2449
2692.678, 163.5323
2694.606, 162.6955
2696.535, 163.4608
2698.463, 164.5490
2700.392, 164.5934
2702.320, 164.2833
2704.249, 164.4187
2706.177, 164.5124
2708.105, 163.7384
2710.034, 162.9810
2711.962, 163.2368
2713.891, 163.7967
2715.819, 164.1181
2717.748, 164.2024
2719.676, 163.8221
2721.605, 163.4500
2723.533, 163.6795
2725.462, 164.0254
2727.390, 164.2177
2729.319, 164.1362
2731.247, 163.2171
2733.176, 162.5008
2735.104, 163.2228
2737.032, 164.3296
2738.961, 165.1133
2740.889, 165.5530
2742.818, 165.3660
2744.746, 165.1222
2746.675, 165.2870
2748.603, 165.6024
2750.532, 165.9550
2752.460, 166.2779
2754.389, 166.7822
2756.317, 166.9072
2758.246, 165.8671
2760.174, 164.8398
2762.103, 164.4930
2764.031, 164.6010
2765.959, 165.3419
2767.888, 166.0351
2769.816, 166.5518
2771.745, 166.5560
2773.673, 165.4489
2775.602, 164.4009
2777.530, 163.9818
2779.459, 163.8539
2781.387, 163.8877
2783.316, 164.1665
2785.244, 164.8300
2787.173, 165.5346
2789.101, 166.3503
2791.030, 166.7884
2792.958, 166.5269
2794.886, 166.0318
2796.815, 165.1849
2798.743, 164.7129
2800.672, 165.1772
2802.600, 165.4306
2804.529, 165.0559
2806.457, 164.6843
2808.386, 164.2550
2810.314, 164.3289
2812.243, 165.2645
2814.171, 165.6243
2816.100, 164.6890
2818.028, 164.1548
2819.957, 164.2870
2821.885, 164.4645
2823.813, 164.6776
2825.742, 164.7226
2827.670, 164.4497
2829.599, 165.0315
2831.527, 167.1181
2833.456, 167.4354
2835.384, 165.8188
2837.313, 164.8932
2839.241, 164.7398
2841.170, 164.5726
2843.098, 164.3625
2845.027, 164.6766
2846.955, 165.4469
2848.884, 165.0429
2850.812, 163.7771
2852.740, 162.9690
2854.669, 162.7214
2856.597, 163.5928
2858.526, 165.0597
2860.454, 165.4498
2862.383, 165.1607
2864.311, 165.0980
2866.240, 165.0789
2868.168, 164.7755
2870.097, 164.3491
2872.025, 163.7915
2873.954, 163.5235
2875.882, 164.4370
2877.811, 165.5045
2879.739, 165.8688
2881.667, 165.8668
2883.596, 165.3527
2885.524, 165.1435
2887.453, 166.4418
2889.381, 167.2552
2891.310, 166.3123
2893.238, 165.1223
2895.167, 163.9583
2897.095, 163.4386
2899.024, 164.3037
2900.952, 164.8378
2902.881, 164.5212
2904.809, 164.3214
2906.738, 164.5439
2908.666, 164.8311
2910.594, 165.2894
2912.523, 165.2711
2914.451, 164.6337
2916.380, 164.2488
2918.308, 164.2210
2920.237, 164.4170
2922.165, 164.8884
2924.094, 165.0516
2926.022, 164.9154
2927.951, 164.2541
2929.879, 163.3510
2931.808, 164.2210
2933.736, 166.0932
2935.665, 165.6830
2937.593, 164.0407
2939.521, 163.9043
2941.450, 164.3824
2943.378, 163.9831
2945.307, 163.4433
2947.235, 163.7759
2949.164, 164.4202
2951.092, 165.1803
2953.021, 165.5367
2954.949, 165.0004
2956.878, 164.0889
2958.806, 162.5323
2960.735, 161.6092
2962.663, 161.9710
2964.592, 162.5205
2966.520, 163.1379
2968.448, 163.3409
2970.377, 162.5459
2972.305, 162.3926
2974.234, 163.1463
2976.162, 163.6200
2978.091, 163.6562
2980.019, 163.5187
2981.948, 163.2160
2983.876, 162.9072
2985.805, 162.6062
2987.733, 162.3334
2989.662, 162.1619
2991.590, 162.4998
2993.519, 163.0668
2995.447, 163.0961
2997.375, 162.8301
2999.304, 162.4836
3001.232, 162.3173
3003.161, 162.8056
3005.089, 163.4028
3007.018, 163.8375
3008.946, 163.8781
3010.875, 163.1969
3012.803, 162.4593
3014.732, 161.7385
3016.660, 161.4618
3018.589, 161.9808
3020.517, 162.1960
3022.446, 161.7543
3024.374, 161.8141
3026.302, 163.0298
3028.231, 163.2857
3030.159, 162.5503
3032.088, 161.5179
3034.016, 160.3941
3035.945, 160.8865
3037.873, 162.4159
3039.802, 162.5897
3041.730, 161.8070
3043.659, 160.3949
3045.587, 159.2800
3047.516, 160.1556
3049.444, 161.4176
3051.373, 161.5962
3053.301, 161.3937
3055.229, 161.0688
3057.158, 160.7878
3059.086, 160.4286
3061.015, 160.4224
3062.943, 160.8853
3064.872, 161.6228
3066.800, 162.8275
3068.729, 162.8387
3070.657, 160.9211
3072.586, 160.5251
3074.514, 161.5806
3076.443, 162.0268
3078.371, 161.8876
3080.300, 161.3934
3082.228, 160.7721
3084.156, 160.4956
3086.085, 160.5566
3088.013, 161.3359
3089.942, 161.9184
3091.870, 161.2921
3093.799, 160.4003
3095.727, 159.4854
3097.656, 159.1231
3099.584, 159.9924
3101.513, 160.3576
3103.441, 158.9135
3105.370, 158.9609
3107.298, 160.9080
3109.227, 161.5295
3111.155, 160.4870
3113.083, 159.7541
3115.012, 159.3191
3116.940, 158.8350
3118.869, 158.5246
3120.797, 159.3524
3122.726, 160.1926
3124.654, 158.9176
3126.583, 157.5220
3128.511, 157.8132
3130.440, 158.4061
3132.368, 158.6616
3134.297, 158.8017
3136.225, 158.9263
3138.154, 158.8286
3140.082, 158.4221
3142.010, 158.2005
3143.939, 158.2474
3145.867, 158.5294
3147.796, 159.0119
3149.724, 159.4588
3151.653, 159.6639
3153.581, 158.7126
3155.510, 157.5157
3157.438, 157.7791
3159.367, 158.3557
3161.295, 158.1439
3163.224, 158.0484
3165.152, 158.9917
3167.081, 159.4538
3169.009, 158.8457
3170.938, 158.5062
3172.866, 158.9190
3174.794, 158.7582
3176.723, 157.9150
3178.651, 157.3180
3180.580, 156.9862
3182.508, 156.8733
3184.437, 156.9688
3186.365, 157.4375
3188.294, 157.8910
3190.222, 157.8638
3192.151, 157.6184
3194.079, 157.1438
3196.008, 156.8442
3197.936, 156.9153
3199.865, 157.0286
3201.793, 157.1353
3203.721, 157.1725
3205.650, 157.1215
3207.578, 157.0120
3209.507, 156.9164
3211.435, 157.4646
3213.364, 158.2645
3215.292, 158.4274
3217.221, 158.0921
3219.149, 156.9091
3221.078, 156.1130
3223.006, 157.1432
3224.935, 157.8069
3226.863, 157.1983
3228.792, 156.6104
3230.720, 156.2350
3232.648, 156.3394
3234.577, 156.9878
3236.505, 157.2662
3238.434, 157.2460
3240.362, 157.3685
3242.291, 157.4229
3244.219, 156.7915
3246.148, 156.0885
3248.076, 155.8158
3250.005, 155.8122
3251.933, 156.3751
3253.862, 156.3722
3255.790, 155.3215
3257.719, 154.8863
3259.647, 155.5366
3261.575, 155.4387
3263.504, 154.6526
3265.432, 154.1996
3267.361, 154.1650
3269.289, 155.0285
3271.218, 155.9941
3273.146, 156.1666
3275.075, 155.8874
3277.003, 155.0417
3278.932, 154.3922
3280.860, 154.2717
3282.789, 154.1513
3284.717, 153.9751
3286.646, 153.8739
3288.574, 153.8568
3290.502, 154.1220
3292.431, 154.5081
3294.359, 154.6279
3296.288, 154.6245
3298.216, 154.6806
3300.145, 154.6283
3302.073, 154.2653
3304.002, 154.0667
3305.930, 154.4386
3307.859, 154.2460
3309.787, 153.3712
3311.716, 153.0523
3313.644, 153.2520
3315.573, 153.5015
3317.501, 153.6944
3319.429, 153.5558
3321.358, 153.3135
3323.286, 153.0005
3325.215, 152.9319
3327.143, 153.4908
3329.072, 153.5103
3331.000, 152.5454
3332.929, 152.6417
3334.857, 153.9269
3336.786, 153.8937
3338.714, 153.0097
3340.643, 152.4754
3342.571, 152.0249
3344.500, 150.7907
3346.428, 150.3815
3348.356, 152.3536
3350.285, 153.8430
3352.213, 154.0914
3354.142, 153.5446
3356.070, 152.2610
3357.999, 151.3429
3359.927, 150.8463
3361.856, 151.1246
3363.784, 151.5943
3365.713, 151.4072
3367.641, 151.1367
3369.570, 151.2413
3371.498, 151.2056
3373.427, 150.7505
3375.355, 151.0073
3377.283, 152.3437
3379.212, 152.2633
3381.140, 151.2511
3383.069, 151.2452
3384.997, 151.6329
3386.926, 151.6384
3388.854, 151.4373
3390.783, 151.0405
3392.711, 150.7347
3394.640, 150.6975
3396.568, 150.6303
3398.497, 150.5357
3400.425, 150.4834
3402.354, 150.4108
3404.282, 149.7639
3406.210, 149.2841
3408.139, 150.3037
3410.067, 151.0615
3411.996, 150.1579
3413.924, 149.3014
3415.853, 148.6640
3417.781, 149.2659
3419.710, 151.1273
3421.638, 151.1809
3423.567, 150.3514
3425.495, 151.1333
3427.424, 151.8159
3429.352, 149.9844
3431.281, 148.6976
3433.209, 149.4651
3435.137, 149.8211
3437.066, 149.2901
3438.994, 148.7439
3440.923, 148.3044
3442.851, 148.3795
3444.780, 148.8439
3446.708, 149.9839
3448.637, 150.6849
3450.565, 149.4136
3452.494, 149.4204
3454.422, 152.0663
3456.351, 152.1722
3458.279, 149.5329
3460.208, 148.3366
3462.136, 148.2105
3464.064, 148.5479
3465.993, 148.8412
3467.921, 148.2766
3469.850, 148.3477
3471.778, 149.8127
3473.707, 150.4662
3475.635, 149.9053
3477.564, 148.6852
3479.492, 147.1698
3481.421, 146.6515
3483.349, 146.6625
3485.278, 146.8713
3487.206, 147.2010
3489.135, 147.7897
3491.063, 147.8813
3492.991, 147.2620
3494.920, 146.4273
3496.848, 145.5085
3498.777, 144.8253
3500.705, 144.5684
3502.634, 145.1176
3504.562, 146.0467
3506.491, 147.7907
3508.419, 148.2407
3510.348, 146.9999
3512.276, 146.4349
3514.205, 146.5466
3516.133, 146.9242
3518.062, 147.2269
3519.990, 146.8804
3521.918, 146.4666
3523.847, 146.1695
3525.775, 146.2251
3527.704, 146.6971
3529.632, 146.4505
3531.561, 145.7598
3533.489, 146.3338
3535.418, 147.0860
3537.346, 146.7118
3539.275, 146.0800
3541.203, 145.3940
3543.132, 145.2347
3545.060, 145.7560
3546.989, 145.3095
3548.917, 144.2953
3550.845, 144.3885
3552.774, 144.9731
3554.702, 146.0633
3556.631, 146.1537
3558.559, 144.3424
3560.488, 143.6920
3562.416, 144.7062
3564.345, 144.9932
3566.273, 144.9599
3568.202, 145.7601
3570.130, 146.3897
3572.059, 145.7636
3573.987, 145.2169
3575.916, 145.2141
3577.844, 144.7499
3579.772, 143.9172
3581.701, 144.4076
3583.629, 145.1409
3585.558, 144.1296
3587.486, 143.1021
3589.415, 143.0268
3591.343, 142.8848
3593.272, 142.3765
3595.200, 142.5258
3597.129, 143.2269
3599.057, 144.4176
3600.986, 145.1827
3602.914, 144.1616
3604.843, 143.3002
3606.771, 143.2825
3608.699, 144.1586
3610.628, 145.6485
3612.556, 144.5422
3614.485, 142.4599
3616.413, 142.2912
3618.342, 142.7722
3620.270, 143.6593
3622.199, 143.7173
3624.127, 142.7120
3626.056, 142.8324
3627.984, 143.6348
3629.913, 143.3336
3631.841, 142.7174
3633.770, 142.4549
3635.698, 142.2403
3637.626, 141.9111
3639.555, 142.1884
3641.483, 142.8880
3643.412, 141.9384
3645.340, 140.7572
3647.269, 141.6902
3649.197, 142.6365
3651.126, 142.4002
3653.054, 142.2559
3654.983, 142.2700
3656.911, 142.3404
3658.840, 142.3251
3660.768, 141.5852
3662.697, 141.1896
3664.625, 142.2724
3666.553, 142.9310
3668.482, 142.9185
3670.410, 142.1709
3672.339, 141.1114
3674.267, 141.3957
3676.196, 141.3752
3678.124, 138.6992
3680.053, 137.7564
3681.981, 139.5214
3683.910, 141.2136
3685.838, 142.4024
3687.767, 141.5984
3689.695, 140.5094
3691.624, 140.8388
3693.552, 141.3025
3695.480, 141.5864
3697.409, 141.7636
3699.337, 141.7410
3701.266, 140.5013
3703.194, 139.3449
3705.123, 139.8390
3707.051, 140.4680
3708.980, 140.7792
3710.908, 140.8864
3712.837, 140.7710
3714.765, 140.2362
3716.694, 139.5535
3718.622, 138.9084
3720.551, 138.5398
3722.479, 138.5916
3724.407, 138.5479
3726.336, 138.4603
3728.264, 139.1969
3730.193, 139.9656
3732.121, 139.7881
3734.050, 139.4066
3735.978, 139.0622
3737.907, 138.4877
3739.835, 137.8629
3741.764, 138.8257
3743.692, 139.9180
3745.621, 139.3161
3747.549, 138.5767
3749.478, 138.0815
3751.406, 138.4398
3753.334, 139.3875
3755.263, 139.3604
3757.191, 138.9000
3759.120, 138.4947
3761.048, 138.0345
3762.977, 137.4143
3764.905, 137.4126
3766.834, 137.8108
3768.762, 137.4849
3770.691, 137.1469
3772.619, 137.4808
3774.548, 137.7012
3776.476, 137.6328
3778.405, 137.2634
3780.333, 136.8205
3782.261, 136.7700
3784.190, 137.2637
3786.118, 139.1000
3788.047, 139.2267
3789.975, 137.2409
3791.904, 136.1651
3793.832, 135.7835
3795.761, 135.8488
3797.689, 135.8147
3799.618, 135.2080
3801.546, 135.3122
3803.475, 136.0999
3805.403, 135.9093
3807.332, 135.0219
3809.260, 136.6931
3811.188, 137.6628
3813.117, 137.9686
3815.045, 135.6221
3816.974, 136.7005
3818.902, 136.4064
3820.831, 136.0560
3822.759, 137.6164
3824.688, 135.6557
3826.616, 137.1858
3828.545, 135.7425
3830.473, 135.6338
3832.402, 135.3692
3834.330, 135.1813
3836.259, 135.1911
3838.187, 135.4247
3840.115, 135.8392
3842.044, 135.2606
3843.972, 134.6673
3845.901, 135.8265
3847.829, 136.0147
3849.758, 134.3426
3851.686, 133.8884
3853.615, 134.4342
3855.543, 134.9192
3857.472, 135.1296
3859.400, 134.5792
3861.329, 134.6727
3863.257, 135.4458
3865.186, 134.8632
3867.114, 133.8266
3869.042, 133.6204
3870.971, 133.8113
3872.899, 134.3472
3874.828, 134.8276
3876.756, 135.1337
3878.685, 134.5968
3880.613, 134.0443
3882.542, 134.1403
3884.470, 134.1748
3886.399, 134.0491
3888.327, 134.2048
3890.256, 134.4150
3892.184, 134.2132
3894.113, 134.0627
3896.041, 134.3885
3897.969, 133.6242
3899.898, 134.5183
3901.826, 134.9915
3903.755, 135.0663
3905.683, 133.5498
3907.612, 134.0882
3909.540, 133.8031
3911.469, 133.4842
3913.397, 134.3118
3915.326, 133.0267
3917.254, 133.8389
3919.183, 132.5226
3921.111, 132.2162
3923.040, 132.2133
3924.968, 133.0923
3926.896, 133.8741
3928.825, 133.1449
3930.753, 133.2201
3932.682, 133.9757
3934.610, 133.5671
3936.539, 132.8615
3938.467, 132.7440
3940.396, 133.1929
3942.324, 133.5186
3944.253, 133.2255
3946.181, 132.7030
3948.110, 132.6908
3950.038, 132.9454
3951.967, 132.7638
3953.895, 132.4235
3955.823, 131.9083
3957.752, 132.1288
3959.680, 132.4686
3961.609, 132.0425
3963.537, 131.6820
3965.466, 131.7708
3967.394, 132.2245
3969.323, 132.5245
3971.251, 132.3913
3973.180, 132.2897
3975.108, 131.8151
3977.037, 131.1051
3978.965, 131.4394
3980.894, 132.9605
3982.822, 133.1279
3984.750, 132.2553
3986.679, 132.0761
3988.607, 132.3365
3990.536, 132.0482
3992.464, 131.4177
3994.393, 131.2537
3996.321, 131.8987
3998.250, 132.7625
4000.178, 132.6469
4002.107, 132.2469
4004.035, 132.2938
4005.964, 131.9346
4007.892, 131.6831
4009.821, 132.2344
4011.749, 132.2231
4013.677, 131.2993
4015.606, 130.3622
4017.534, 130.1185
4019.463, 130.5149
4021.391, 130.9433
4023.320, 131.3717
4025.248, 131.1235
4027.177, 130.3098
4029.105, 130.1582
4031.034, 130.3508
4032.962, 130.0423
4034.891, 130.2875
4036.819, 130.8332
4038.748, 131.4631
4040.676, 131.8808
4042.604, 131.7413
4044.533, 131.7085
4046.461, 131.2717
4048.390, 130.5898
4050.318, 130.8751
4052.247, 131.0728
4054.175, 131.0668
4056.104, 131.1192
4058.032, 130.3697
4059.961, 129.9889
4061.889, 130.2791
4063.818, 130.8104
4065.746, 130.9149
4067.675, 129.9169
4069.603, 129.4944
4071.531, 129.7117
4073.460, 129.3209
4075.388, 129.0614
4077.317, 129.8083
4079.245, 130.4643
4081.174, 129.9881
4083.102, 129.1260
4085.031, 128.5490
4086.959, 129.1949
4088.888, 129.7906
4090.816, 130.0888
4092.745, 129.7166
4094.673, 128.7712
4096.602, 129.6342
4098.530, 130.3174
4100.458, 129.1319
4102.387, 128.7597
4104.315, 129.1518
4106.244, 129.5466
4108.172, 129.4932
4110.101, 127.9596
4112.029, 128.1454
4113.958, 130.0415
4115.886, 129.7608
4117.814, 128.9748
4119.743, 128.8718
4121.671, 129.2545
4123.600, 129.8638
4125.528, 129.4492
4127.457, 128.8254
4129.385, 128.5057
4131.314, 128.5632
4133.242, 128.9453
4135.171, 129.4107
4137.099, 129.7538
4139.028, 129.8458
4140.956, 129.5204
4142.885, 128.9283
4144.813, 129.0282
4146.742, 129.2115
4148.670, 129.0542
4150.599, 128.7290
4152.527, 128.2851
4154.456, 128.4470
4156.384, 128.6511
4158.313, 128.4424
4160.241, 128.4439
4162.169, 128.7434
4164.098, 128.5695
4166.026, 128.4393
4167.955, 129.0140
4169.883, 129.3585
4171.812, 129.4966
4173.740, 128.7904
4175.668, 128.3074
4177.597, 129.8455
4179.525, 130.2663
4181.454, 129.4969
4183.382, 128.6885
4185.311, 127.9848
4187.239, 127.5139
4189.168, 127.7352
4191.096, 128.4000
4193.025, 128.5281
4194.953, 128.6624
4196.882, 129.0579
4198.810, 129.5578
4200.739, 129.8681
4202.667, 129.3346
4204.596, 128.4731
4206.524, 127.1238
4208.453, 127.9058
4210.381, 129.7986
4212.310, 129.9315
4214.238, 129.4415
4216.167, 128.7265
4218.095, 128.8138
4220.023, 129.3850
4221.952, 129.5408
4223.880, 129.6239
4225.809, 129.8728
4227.737, 129.2350
4229.666, 128.3005
4231.594, 127.8736
4233.522, 127.8274
4235.451, 128.1173
4237.379, 128.3478
4239.308, 128.6086
4241.236, 129.1277
4243.165, 129.0428
4245.093, 128.4023
4247.022, 128.8309
4248.950, 129.0649
4250.879, 127.9603
4252.807, 128.2934
4254.736, 129.6596
4256.664, 129.3924
4258.593, 128.8800
4260.521, 128.7915
4262.450, 128.4598
4264.378, 127.7703
4266.307, 125.9692
4268.235, 125.0611
4270.164, 125.6269
4272.092, 128.1413
4274.021, 130.7011
4275.949, 130.6852
4277.877, 130.4046
4279.806, 130.2762
4281.734, 128.2868
4283.663, 126.4435
4285.591, 126.4592
4287.520, 126.8544
4289.448, 127.3384
4291.376, 127.5504
4293.305, 127.6651
4295.233, 127.8300
4297.162, 126.9196
4299.090, 125.8555
4301.019, 127.0067
4302.947, 128.1891
4304.876, 128.8064
4306.804, 128.9543
4308.733, 128.6101
4310.661, 127.4570
4312.590, 126.7459
4314.518, 126.6342
4316.447, 126.9510
4318.375, 127.6587
4320.304, 128.8900
4322.232, 129.2864
4324.161, 128.9499
4326.089, 128.1313
4328.018, 127.6110
4329.946, 127.6111
4331.875, 127.9787
4333.803, 127.9423
4335.731, 125.8404
4337.660, 125.3873
4339.588, 126.7167
4341.517, 127.7106
4343.445, 128.2162
4345.374, 128.2064
4347.302, 127.2359
4349.230, 126.0268
4351.159, 126.2490
4353.087, 126.8622
4355.016, 127.5657
4356.944, 127.2548
4358.873, 126.7693
4360.801, 127.2148
4362.730, 127.1187
4364.658, 126.5180
4366.587, 126.6476
4368.515, 126.7411
4370.444, 126.3860
4372.372, 125.7518
4374.301, 125.2164
4376.229, 125.4423
4378.158, 126.0493
4380.086, 126.9059
4382.015, 126.5101
4383.943, 126.1513
4385.872, 126.9768
4387.800, 126.2564
4389.729, 124.9113
4391.657, 126.0185
4393.585, 126.9096
4395.514, 126.8596
4397.442, 125.8789
4399.371, 124.8770
4401.299, 124.6734
4403.228, 124.4047
4405.156, 124.2274
4407.084, 125.5412
4409.013, 125.6382
4410.941, 123.5987
4412.870, 125.1867
4414.798, 127.2119
4416.727, 125.3471
4418.655, 124.5613
4420.584, 124.9634
4422.512, 124.3889
4424.441, 123.9442
4426.369, 124.2850
4428.298, 123.9247
4430.226, 123.5764
4432.155, 124.3221
4434.083, 124.8825
4436.012, 125.1010
4437.940, 124.7416
4439.869, 124.9624
4441.797, 126.3127
4443.726, 125.9494
4445.654, 125.0860
4447.583, 125.3147
4449.511, 125.3794
4451.439, 125.1256
4453.368, 124.4517
4455.296, 124.0175
4457.225, 124.0669
4459.153, 125.5070
4461.082, 126.5529
4463.010, 124.4857
4464.938, 123.5209
4466.867, 123.7231
4468.795, 124.1230
4470.724, 123.8214
4472.652, 122.3930
4474.581, 121.4431
4476.509, 121.5140
4478.438, 123.5382
4480.366, 123.9569
4482.295, 123.2566
4484.223, 123.6297
4486.152, 123.0978
4488.080, 121.5115
4490.009, 122.5476
4491.937, 123.7631
4493.866, 123.2071
4495.794, 122.7874
4497.723, 122.5554
4499.651, 122.5126
4501.580, 122.2973
4503.508, 122.0053
4505.437, 123.3529
4507.365, 124.0934
4509.293, 123.1531
4511.222, 122.6375
4513.150, 122.5121
4515.079, 122.8250
4517.007, 122.3627
4518.936, 121.6152
4520.864, 122.8063
4522.792, 122.9293
4524.721, 121.1603
4526.649, 120.9558
4528.578, 121.4142
4530.506, 122.0808
4532.435, 122.1109
4534.363, 121.7051
4536.292, 120.9977
4538.220, 120.9443
4540.149, 121.4867
4542.077, 122.0532
4544.006, 121.7993
4545.934, 120.5345
4547.863, 121.0503
4549.791, 121.6148
4551.720, 120.3031
4553.648, 119.4255
4555.577, 119.2935
4557.505, 120.9624
4559.434, 121.2739
4561.362, 120.0908
4563.291, 119.7296
4565.219, 119.6941
4567.147, 119.7853
4569.076, 119.9184
4571.004, 119.9168
4572.933, 119.5547
4574.861, 119.1625
4576.790, 118.9888
4578.718, 119.7266
4580.646, 120.0538
4582.575, 119.8894
4584.503, 119.9303
4586.432, 119.5491
4588.360, 118.6497
4590.289, 119.1544
4592.217, 119.8644
4594.146, 119.9759
4596.074, 119.2298
4598.003, 119.4014
4599.931, 119.4306
4601.860, 119.3257
4603.788, 118.6282
4605.717, 118.7403
4607.645, 118.5550
4609.574, 118.3760
4611.502, 118.6573
4613.431, 118.1453
4615.359, 118.4582
4617.288, 118.4688
4619.216, 118.6459
4621.145, 118.5236
4623.073, 118.5191
4625.001, 118.8527
4626.930, 119.0291
4628.858, 118.9473
4630.787, 118.5049
4632.715, 117.4305
4634.644, 117.0631
4636.572, 117.8448
4638.500, 117.7548
4640.429, 117.1485
4642.357, 116.1154
4644.286, 115.8825
4646.214, 116.0951
4648.143, 116.4719
4650.071, 117.1367
4652.000, 117.4713
4653.928, 115.7876
4655.857, 116.5753
4657.785, 118.8300
4659.714, 114.5823
4661.642, 115.8100
4663.571, 116.5660
4665.499, 116.8729
4667.428, 115.5376
4669.356, 116.2064
4671.285, 116.0009
4673.213, 115.7109
4675.142, 116.5165
4677.070, 115.1587
4678.999, 115.8445
4680.927, 115.6435
4682.855, 115.7744
4684.784, 115.0257
4686.712, 116.3549
4688.641, 115.7054
4690.569, 114.7071
4692.498, 114.8688
4694.426, 115.2774
4696.354, 115.5904
4698.283, 114.5364
4700.211, 114.1011
4702.140, 114.8648
4704.068, 114.3320
4705.997, 114.0201
4707.925, 115.1938
4709.854, 114.2316
4711.782, 113.3836
4713.711, 114.6626
4715.639, 114.6493
4717.568, 114.0234
4719.496, 114.2063
4721.425, 113.3071
4723.353, 112.1209
4725.282, 112.7418
4727.210, 112.5007
4729.139, 111.6886
4731.067, 112.6155
4732.996, 113.3213
4734.924, 113.3377
4736.853, 112.3383
4738.781, 112.0714
4740.709, 112.9797
4742.638, 113.2965
4744.566, 112.5627
4746.495, 110.8160
4748.423, 112.5452
4750.352, 113.6349
4752.280, 110.7725
4754.208, 111.7740
4756.137, 112.9752
4758.065, 111.4857
4759.994, 110.2435
4761.922, 109.9227
4763.851, 111.5879
4765.779, 111.8981
4767.708, 111.5490
4769.636, 111.7947
4771.565, 111.3556
4773.493, 110.6296
4775.422, 110.6742
4777.350, 110.4497
4779.279, 110.0549
4781.207, 110.0944
4783.136, 110.4672
4785.064, 110.7739
4786.993, 109.1502
4788.921, 109.1126
4790.850, 110.8109
4792.778, 110.7646
4794.707, 111.3480
4796.635, 112.7243
4798.563, 111.0197
4800.492, 110.0522
4802.420, 110.9487
4804.349, 110.1960
4806.277, 110.0335
4808.206, 111.2291
4810.134, 110.6612
4812.063, 109.4742
4813.991, 108.2734
4815.919, 109.5410
4817.848, 110.4519
4819.776, 109.3646
4821.705, 108.6000
4823.633, 108.9269
4825.562, 110.8798
4827.490, 109.5211
4829.419, 108.2046
4831.347, 109.6906
4833.276, 109.6674
4835.204, 109.3643
4837.133, 109.9028
4839.061, 110.2390
4840.990, 109.7651
4842.918, 107.7476
4844.847, 106.4367
4846.775, 106.4853
4848.704, 108.8216
4850.632, 109.0298
4852.561, 108.5956
4854.489, 109.5514
4856.417, 108.7751
4858.346, 107.6169
4860.274, 107.7147
4862.203, 107.6315
4864.131, 107.7774
4866.060, 109.0372
4867.988, 108.3245
4869.917, 107.0337
4871.845, 107.0037
4873.773, 107.1348
4875.702, 107.0496
4877.630, 106.1496
4879.559, 107.2884
4881.487, 108.7110
4883.416, 107.7047
4885.344, 108.2696
4887.273, 108.9964
4889.201, 107.9185
4891.130, 107.0975
4893.058, 106.5901
4894.987, 106.1703
4896.915, 106.4136
4898.844, 106.5682
4900.772, 105.6731
4902.701, 106.3396
4904.629, 107.3568
4906.558, 107.2007
4908.486, 106.7684
4910.415, 106.1180
4912.343, 105.2156
4914.271, 104.9651
4916.200, 105.3627
4918.128, 106.6293
4920.057, 106.6891
4921.985, 106.3051
4923.914, 106.0767
4925.842, 105.7224
4927.771, 105.5774
4929.699, 105.8861
4931.627, 107.1806
4933.556, 107.5272
4935.484, 105.7006
4937.413, 105.2635
4939.341, 105.4625
4941.270, 105.7964
4943.198, 105.5699
4945.127, 105.5158
4947.055, 106.0044
4948.984, 105.8685
4950.912, 105.5017
4952.841, 105.1384
4954.769, 105.5185
4956.698, 105.3748
4958.626, 104.4309
4960.555, 104.7145
4962.483, 104.1754
4964.412, 102.8123
4966.340, 103.2841
4968.269, 103.4110
4970.197, 103.1197
4972.125, 104.5407
4974.054, 104.6111
4975.982, 103.6833
4977.911, 104.4941
4979.839, 103.9761
4981.768, 102.8062
4983.696, 103.1864
4985.625, 103.3041
4987.553, 103.3760
4989.481, 104.0729
4991.410, 104.6021
4993.338, 104.5378
4995.267, 103.2861
4997.195, 102.4241
4999.124, 102.2945
5001.052, 103.2172
5002.981, 103.1846
5004.909, 103.0214
5006.838, 103.2695
5008.766, 102.6968
5010.695, 102.6173
5012.623, 103.6302
5014.552, 104.0386
5016.480, 103.9258
5018.409, 103.3912
5020.337, 102.4117
5022.266, 102.3079
5024.194, 102.9813
5026.123, 102.9137
5028.051, 102.2940
5029.979, 101.7765
5031.908, 102.9804
5033.836, 102.9716
5035.765, 102.0308
5037.693, 100.4149
5039.622, 102.1018
5041.550, 103.8186
5043.479, 102.1495
5045.407, 102.3285
5047.335, 102.7555
5049.264, 102.1236
5051.192, 101.5492
5053.121, 101.6797
5055.049, 102.6621
5056.978, 102.5513
5058.906, 102.0513
5060.835, 101.5407
5062.763, 101.3352
5064.692, 102.5681
5066.620, 104.1145
5068.549, 102.4641
5070.477, 101.3452
5072.406, 100.7021
5074.334, 99.67355
5076.263, 99.80339
5078.191, 100.7443
5080.120, 102.4938
5082.048, 101.6107
5083.977, 100.5597
5085.905, 100.6129
5087.833, 101.4222
5089.762, 102.0163
5091.690, 102.0034
5093.619, 100.7455
5095.547, 100.5980
5097.476, 101.4701
5099.404, 102.1490
5101.333, 101.3668
5103.261, 100.2367
5105.189, 100.5005
5107.118, 100.0034
5109.046, 100.1019
5110.975, 102.3320
5112.903, 102.8463
5114.832, 102.1219
5116.760, 100.6991
5118.689, 100.7881
5120.617, 100.3064
5122.546, 99.23055
5124.474, 99.39700
5126.403, 100.1695
5128.331, 100.6650
5130.260, 99.51965
5132.188, 100.1828
5134.117, 101.1335
5136.045, 100.8121
5137.974, 100.0340
5139.902, 99.33811
5141.831, 98.96998
5143.759, 98.90785
5145.688, 98.92528
5147.616, 99.13786
5149.544, 100.2862
5151.473, 100.7178
5153.401, 100.6996
5155.330, 100.9012
5157.258, 101.0515
5159.187, 100.7478
5161.115, 99.80634
5163.043, 99.82822
5164.972, 100.0949
5166.900, 100.1503
5168.829, 98.92525
5170.757, 99.01794
5172.686, 99.74854
5174.614, 98.41736
5176.543, 99.01516
5178.471, 99.94075
5180.400, 99.30899
5182.328, 100.1363
5184.257, 100.8684
5186.185, 100.6910
5188.114, 99.52708
5190.042, 99.62215
5191.971, 100.3969
5193.899, 99.00777
5195.828, 98.44600
5197.756, 98.58676
5199.685, 98.88749
5201.613, 99.83701
5203.542, 100.5156
5205.470, 100.4497
5207.398, 99.43069
5209.327, 99.00490
5211.255, 99.05418
5213.184, 98.05540
5215.112, 98.88691
5217.041, 100.0266
5218.969, 99.49907
5220.897, 99.10468
5222.826, 98.94228
5224.754, 99.07383
5226.683, 100.2556
5228.611, 99.25029
5230.540, 97.31681
5232.468, 98.82114
5234.397, 98.78548
5236.325, 98.49262
5238.254, 99.37709
5240.182, 98.17892
5242.111, 97.61596
5244.039, 98.40231
5245.968, 99.50786
5247.896, 99.17088
5249.825, 98.18349
5251.753, 98.22004
5253.682, 97.70914
5255.610, 97.07942
5257.539, 96.71750
5259.467, 97.62991
5261.396, 98.45499
5263.324, 98.71526
5265.252, 97.89350
5267.181, 98.06535
5269.109, 98.65293
5271.038, 98.98213
5272.966, 98.75378
5274.895, 98.80837
5276.823, 99.14690
5278.751, 98.35131
5280.680, 98.44435
5282.608, 98.72475
5284.537, 97.43781
5286.465, 98.95927
5288.394, 99.24890
5290.322, 96.90871
5292.251, 97.09377
5294.179, 97.44762
5296.108, 97.23566
5298.036, 95.70608
5299.965, 97.40614
5301.893, 98.86771
5303.822, 97.81487
5305.750, 96.82277
5307.679, 96.44338
5309.607, 96.58972
5311.536, 96.81271
5313.464, 97.38843
5315.393, 97.55953
5317.321, 96.83672
5319.250, 96.60398
5321.178, 97.08115
5323.106, 97.85098
5325.035, 97.68819
5326.963, 98.19671
5328.892, 98.78456
5330.820, 98.81717
5332.749, 97.83139
5334.677, 96.15881
5336.605, 94.74784
5338.534, 96.03908
5340.462, 96.52388
5342.391, 96.40713
5344.319, 96.15401
5346.248, 97.11686
5348.176, 97.32703
5350.105, 96.76109
5352.033, 96.51183
5353.962, 96.92103
5355.890, 97.08508
5357.819, 96.34018
5359.747, 96.40482
5361.676, 96.52636
5363.604, 96.48980
5365.533, 96.22999
5367.461, 96.99792
5369.390, 97.43351
5371.318, 96.71903
5373.247, 95.34194
5375.175, 95.46780
5377.104, 96.16563
5379.032, 94.91084
5380.960, 94.45686
5382.889, 94.26241
5384.817, 94.20920
5386.746, 95.84807
5388.674, 96.12519
5390.603, 95.59951
5392.531, 95.50039
5394.459, 95.34616
5396.388, 95.18591
5398.316, 94.99568
5400.245, 94.61661
5402.173, 93.61353
5404.102, 93.77274
5406.030, 96.17744
5407.959, 95.66470
5409.887, 94.69176
5411.816, 94.35232
5413.744, 95.45834
5415.673, 96.33083
5417.601, 96.42797
5419.530, 95.61925
5421.458, 94.49556
5423.387, 93.35674
5425.315, 93.22141
5427.244, 95.03510
5429.172, 94.39248
5431.101, 93.71909
5433.029, 93.72469
5434.958, 93.45082
5436.886, 94.24725
5438.814, 95.16211
5440.743, 95.45182
5442.671, 94.19169
5444.600, 93.75268
5446.528, 94.06663
5448.457, 94.36794
5450.385, 93.60415
5452.313, 93.82150
5454.242, 95.04782
5456.170, 95.00555
5458.099, 93.99300
5460.027, 93.77767
5461.956, 95.22100
5463.884, 94.17720
5465.813, 93.37235
5467.741, 93.30275
5469.670, 93.79454
5471.598, 94.10801
5473.527, 92.75248
5475.455, 90.95502
5477.384, 93.48462
5479.312, 95.07332
5481.241, 94.95667
5483.169, 93.31607
5485.098, 92.37595
5487.026, 93.15269
5488.955, 93.94080
5490.883, 93.10021
5492.812, 93.42582
5494.740, 94.07024
5496.668, 94.44986
5498.597, 93.98714
5500.525, 94.24228
5502.454, 94.61121
5504.382, 94.73746
5506.311, 94.53690
5508.239, 93.94474
5510.167, 93.33048
5512.096, 93.02690
5514.024, 94.05532
5515.953, 92.45581
5517.881, 91.05147
5519.810, 93.01570
5521.738, 92.92842
5523.667, 92.19748
5525.595, 91.86433
5527.524, 93.30038
5529.452, 92.08735
5531.381, 91.59998
5533.309, 92.45142
5535.238, 92.82627
5537.166, 93.12683
5539.095, 93.09803
5541.023, 92.66069
5542.952, 91.94585
5544.880, 91.77420
5546.809, 91.81692
5548.737, 91.89250
5550.666, 94.26701
5552.594, 93.89210
5554.522, 91.68141
5556.451, 89.53702
5558.379, 91.46127
5560.308, 92.74606
5562.236, 92.64555
5564.165, 91.87046
5566.093, 92.28065
5568.021, 92.80359
5569.950, 92.99084
5571.878, 92.75809
5573.807, 92.44942
5575.735, 92.41839
5577.664, 92.55513
5579.592, 92.19229
5581.521, 91.75478
5583.449, 91.49806
5585.378, 91.50289
5587.306, 91.78751
5589.235, 91.64281
5591.163, 90.90311
5593.092, 89.93058
5595.020, 90.30360
5596.949, 91.70052
5598.877, 91.67890
5600.806, 89.33392
5602.734, 90.38010
5604.663, 91.44810
5606.591, 91.15878
5608.520, 89.27957
5610.448, 90.29064
5612.376, 90.48685
5614.305, 90.36341
5616.233, 90.77409
5618.162, 89.49361
5620.090, 88.09764
5622.019, 88.24696
5623.947, 90.81422
5625.875, 91.40129
5627.804, 92.15910
5629.732, 92.21070
5631.661, 89.99825
5633.589, 90.50636
5635.518, 90.84654
5637.446, 91.13065
5639.375, 92.22597
5641.303, 91.44714
5643.232, 90.65652
5645.160, 90.32983
5647.089, 90.37794
5649.017, 89.38525
5650.946, 89.66093
5652.874, 90.38154
5654.803, 90.10341
5656.731, 89.77190
5658.660, 89.35532
5660.588, 89.30022
5662.517, 90.16232
5664.445, 90.08708
5666.374, 89.53020
5668.302, 88.87761
5670.230, 88.45016
5672.159, 89.16158
5674.087, 89.57345
5676.016, 89.65022
5677.944, 89.66151
5679.873, 89.29359
5681.801, 89.84182
5683.729, 90.86490
5685.658, 91.62897
5687.586, 90.93959
5689.515, 89.09526
5691.443, 88.57311
5693.372, 90.56564
5695.300, 89.60641
5697.229, 89.37942
5699.157, 90.39355
5701.086, 91.93732
5703.014, 90.95499
5704.943, 88.89338
5706.871, 89.11468
5708.800, 91.44637
5710.728, 89.09987
5712.657, 88.68096
5714.585, 88.64766
5716.514, 88.33024
5718.442, 89.30336
5720.371, 88.45898
5722.299, 88.04715
5724.228, 88.12168
5726.156, 86.14195
5728.084, 87.25550
5730.013, 88.63248
5731.941, 88.67673
5733.870, 86.45324
5735.798, 88.01580
5737.727, 86.72094
5739.655, 84.94143
5741.583, 86.70708
5743.512, 87.49550
5745.440, 87.58314
5747.369, 87.82460
5749.297, 88.60249
5751.226, 89.06467
5753.154, 86.59785
5755.083, 85.79649
5757.011, 88.10544
5758.940, 87.98997
5760.868, 86.83506
5762.797, 86.28967
5764.725, 86.64101
5766.654, 87.17397
5768.582, 86.77621
5770.511, 87.44180
5772.439, 88.43848
5774.368, 87.97279
5776.296, 89.14109
5778.225, 88.06699
5780.153, 86.71532
5782.082, 87.33662
5784.010, 88.28651
5785.938, 86.66909
5787.867, 85.93594
5789.795, 87.44646
5791.724, 88.46983
5793.652, 85.84035
5795.581, 85.36601
5797.509, 86.99091
5799.438, 85.99796
5801.366, 86.26468
5803.294, 86.09126
5805.223, 86.16398
5807.151, 87.54447
5809.080, 86.28936
5811.008, 85.70230
5812.937, 85.74752
5814.865, 85.95801
5816.794, 86.29275
5818.722, 85.56915
5820.651, 84.67530
5822.579, 84.59313
5824.508, 86.09618
5826.436, 85.49120
5828.365, 85.92482
5830.293, 86.41460
5832.222, 85.62611
5834.150, 85.88278
5836.079, 85.33161
5838.007, 84.96347
5839.936, 85.29222
5841.864, 85.98479
5843.792, 85.22689
5845.721, 83.79366
5847.649, 83.26913
5849.578, 85.14012
5851.506, 84.35455
5853.435, 85.31512
5855.363, 85.38045
5857.292, 83.44731
5859.220, 84.14585
5861.148, 84.08453
5863.077, 83.68217
5865.005, 83.20590
5866.934, 82.71162
5868.862, 84.70535
5870.791, 84.94102
5872.719, 84.10976
5874.648, 83.74411
5876.576, 84.89470
5878.505, 85.21599
5880.433, 84.41334
5882.362, 83.56112
5884.290, 84.01860
5886.219, 84.13646
5888.147, 84.28329
5890.076, 84.06086
5892.004, 83.59029
5893.933, 84.92951
5895.861, 84.22897
5897.790, 84.59146
5899.718, 85.45110
5901.646, 84.42304
5903.575, 84.74931
5905.503, 84.97911
5907.432, 84.25170
5909.360, 83.04471
5911.289, 84.19036
5913.217, 83.01344
5915.146, 82.13883
5917.074, 82.12479
5919.002, 82.53117
5920.931, 83.09924
5922.859, 83.47274
5924.788, 83.14062
5926.716, 82.82293
5928.645, 84.15429
5930.573, 82.62058
5932.502, 82.35078
5934.430, 83.19527
5936.359, 83.62251
5938.287, 83.65517
5940.216, 82.10018
5942.144, 82.60382
5944.073, 82.28763
5946.001, 81.94145
5947.930, 82.74541
5949.858, 81.44052
5951.787, 82.23374
5953.715, 82.19467
5955.644, 82.54192
5957.572, 82.06433
5959.500, 81.84637
5961.429, 82.46097
5963.357, 82.62037
5965.286, 82.06223
5967.214, 82.45615
5969.143, 81.15943
5971.071, 81.35326
5973.000, 82.19224
5974.928, 81.69437
5976.856, 82.12202
5978.785, 82.20230
5980.713, 80.69086
5982.642, 81.95777
5984.570, 82.02847
5986.499, 80.87080
5988.427, 82.05380
5990.356, 81.07342
5992.284, 80.87028
5994.213, 81.25298
5996.141, 81.03256
5998.070, 81.77262
5999.998, 81.59467
6001.927, 81.33810
6003.855, 81.44463
6005.784, 80.53649
6007.712, 81.52137
6009.641, 81.21943
6011.569, 81.56269
6013.498, 82.05510
6015.426, 81.22086
6017.354, 81.34342
6019.283, 82.24531
6021.211, 82.35890
6023.140, 80.39124
6025.068, 79.66904
6026.997, 79.55432
6028.925, 78.90105
6030.854, 80.25298
6032.782, 79.18392
6034.710, 79.14983
6036.639, 79.96165
6038.567, 80.02743
6040.496, 79.47404
6042.424, 79.93201
6044.353, 78.81260
6046.281, 78.10509
6048.210, 80.07043
6050.138, 80.69540
6052.067, 79.85249
6053.995, 79.12136
6055.924, 78.63426
6057.852, 78.17341
6059.781, 79.16814
6061.709, 78.96867
6063.638, 78.26261
6065.566, 78.11384
6067.495, 78.71915
6069.423, 77.73756
6071.352, 79.06087
6073.280, 78.33504
6075.208, 77.76169
6077.137, 79.62865
6079.065, 78.53173
6080.994, 79.82132
6082.922, 80.10774
6084.851, 79.66370
6086.779, 79.36225
6088.708, 77.73487
6090.636, 78.24291
6092.564, 77.34301
6094.493, 76.81794
6096.421, 77.71427
6098.350, 77.19151
6100.278, 77.60989
6102.207, 78.59788
6104.135, 79.19869
6106.064, 78.44428
6107.992, 75.77724
6109.921, 77.83669
6111.849, 77.56095
6113.778, 76.46708
6115.706, 76.24434
6117.635, 76.87962
6119.563, 78.06846
6121.492, 77.46599
6123.420, 76.36195
6125.349, 75.89138
6127.277, 76.38127
6129.206, 77.69570
6131.134, 76.55518
6133.063, 76.02986
6134.991, 76.67756
6136.919, 77.40775
6138.848, 76.44077
6140.776, 77.14120
6142.705, 76.78764
6144.633, 76.76716
6146.562, 76.90232
6148.490, 74.70623
6150.418, 76.10446
6152.347, 76.42857
6154.275, 75.28103
6156.204, 74.45382
6158.132, 75.40306
6160.061, 76.11584
6161.989, 75.28016
6163.918, 74.13964
6165.846, 74.15828
6167.775, 75.32674
6169.703, 75.49265
6171.632, 75.94624
6173.560, 75.46284
6175.489, 76.01708
6177.417, 76.84883
6179.346, 75.46758
6181.274, 75.35735
6183.203, 75.43753
6185.131, 74.96497
6187.060, 73.90439
6188.988, 73.33061
6190.917, 75.70560
6192.845, 75.00564
6194.773, 75.01669
6196.702, 75.45097
6198.630, 75.55354
6200.559, 75.22292
6202.487, 73.68901
6204.416, 72.96926
6206.344, 73.62774
6208.272, 73.77354
6210.201, 72.59727
6212.129, 72.48381
6214.058, 72.64426
6215.986, 73.45189
6217.915, 73.97513
6219.843, 73.70415
6221.772, 73.10472
6223.700, 74.63964
6225.629, 73.45796
6227.557, 72.68605
6229.486, 73.01220
6231.414, 73.49131
6233.343, 72.97751
6235.271, 73.20119
6237.200, 72.12484
6239.128, 71.21310
6241.057, 71.64101
6242.985, 72.75356
6244.914, 71.28683
6246.842, 72.45352
6248.771, 73.80557
6250.699, 72.56728
6252.627, 71.57998
6254.556, 73.99748
6256.484, 73.41634
6258.413, 71.57316
6260.341, 71.97990
6262.270, 72.08717
6264.198, 71.80905
6266.126, 73.30280
6268.055, 72.45657
6269.983, 71.27767
6271.912, 72.46302
6273.840, 72.67113
6275.769, 71.44833
6277.697, 71.96764
6279.626, 70.64531
6281.554, 72.67925
6283.483, 72.37969
6285.411, 70.99414
6287.340, 70.99977
6289.268, 72.30677
6291.197, 70.68605
6293.125, 71.84185
6295.054, 71.74668
6296.982, 70.20345
6298.911, 69.24763
6300.839, 70.30799
6302.768, 70.38175
6304.696, 70.68570
6306.625, 70.16781
6308.553, 70.55723
6310.481, 71.64929
6312.410, 70.81703
6314.338, 71.29138
6316.267, 71.01049
6318.195, 69.97737
6320.124, 69.97814
6322.052, 70.67125
6323.980, 69.91399
6325.909, 70.91712
6327.837, 70.12186
6329.766, 69.27453
6331.694, 69.24834
6333.623, 70.55225
6335.551, 73.10600
6337.480, 72.19190
6339.408, 70.68735
6341.337, 67.68492
6343.265, 68.17226
6345.194, 70.43343
6347.122, 70.09343
6349.051, 70.26925
6350.979, 70.28371
6352.908, 69.80148
6354.836, 70.11140
6356.765, 69.72820
6358.693, 68.06311
6360.622, 68.05226
6362.550, 68.27055
6364.479, 69.34756
6366.407, 70.14115
6368.335, 70.23273
6370.264, 69.52597
6372.192, 68.21479
6374.121, 68.10780
6376.049, 68.95539
6377.978, 68.97519
6379.906, 68.84733
6381.834, 68.96537
6383.763, 69.05663
6385.691, 69.05794
6387.620, 67.68630
6389.548, 68.68864
6391.477, 68.67319
6393.405, 68.26773
6395.334, 69.19714
6397.262, 71.15376
6399.191, 67.95131
6401.119, 67.73042
6403.048, 68.24110
6404.976, 69.10879
6406.905, 69.60045
6408.833, 68.56557
6410.762, 65.97803
6412.690, 67.62289
6414.619, 68.43086
6416.547, 68.28052
6418.476, 68.15070
6420.404, 67.61620
6422.333, 66.17825
6424.261, 67.99989
6426.189, 68.75277
6428.118, 67.45808
6430.046, 67.32903
6431.975, 68.16547
6433.903, 68.24468
6435.832, 66.97503
6437.760, 67.01273
6439.688, 65.76752
6441.617, 67.23856
6443.545, 68.04275
6445.474, 67.31087
6447.402, 66.67881
6449.331, 66.73754
6451.259, 66.25155
6453.188, 67.70128
6455.116, 67.44178
6457.045, 66.71676
6458.973, 65.90685
6460.902, 65.22048
6462.830, 66.99946
6464.759, 65.36980
6466.687, 65.05245
6468.616, 65.20152
6470.544, 65.97923
6472.473, 66.40665
6474.401, 65.74381
6476.330, 65.89067
6478.258, 66.52895
6480.187, 66.15604
6482.115, 66.86610
6484.043, 65.35938
6485.972, 63.45756
6487.900, 63.76713
6489.829, 63.32758
6491.757, 63.62884
6493.686, 64.95191
6495.614, 64.98642
6497.542, 64.10137
6499.471, 64.63078
6501.399, 66.12409
6503.328, 64.69176
6505.256, 63.60131
6507.185, 65.06192
6509.113, 63.36699
6511.042, 63.69027
6512.970, 64.50198
6514.899, 64.09988
6516.827, 64.39649
6518.756, 64.14060
6520.684, 63.79203
6522.613, 63.87418
6524.541, 63.75860
6526.470, 63.30205
6528.398, 62.09533
6530.327, 61.12688
6532.255, 63.34576
6534.184, 63.05498
6536.112, 64.20746
6538.041, 63.69395
6539.969, 62.18780
6541.897, 61.39718
6543.826, 61.78874
6545.754, 62.79626
6547.683, 64.05247
6549.611, 63.68530
6551.540, 63.52364
6553.468, 62.25574
6555.396, 61.94447
6557.325, 62.07758
6559.253, 61.69716
6561.182, 62.54237
6563.110, 62.80340
6565.039, 60.99200
6566.967, 60.18524
6568.896, 60.83766
6570.824, 61.95386
6572.753, 62.31948
6574.681, 61.43072
6576.610, 59.90408
6578.538, 60.28245
6580.467, 61.36072
6582.395, 60.54996
6584.324, 60.31782
6586.252, 61.53484
6588.181, 62.33079
6590.109, 61.40635
6592.038, 61.11756
6593.966, 61.89877
6595.895, 61.34218
6597.823, 61.36565
6599.751, 61.04000
6601.680, 59.90205
6603.608, 59.58405
6605.537, 60.39425
6607.465, 58.82316
6609.394, 59.28400
6611.322, 59.89013
6613.250, 59.82937
6615.179, 60.09309
6617.107, 59.95904
6619.036, 59.80301
6620.964, 60.23902
6622.893, 60.19843
6624.821, 59.50134
6626.750, 58.73457
##END=



