##NAMES=Brezinaite
##RRUFFID=R070042
##IDEAL CHEMISTRY=Cr_3_S_4_
##LOCALITY=Tucson meteorite, Pima County, Arizona, USA
##OWNER=RRUFF
##SOURCE=Michael Scott
##DESCRIPTION=Bright gray polished fragment embedded in epoxy
##STATUS=The identification of this mineral is not yet confirmed
##URL=https://www.rruff.net/odr/rruff_sample/R070042
##FILETYPE=Raman Processed
##RAMAN WAVELENGTH=785

167.7449, 2348.640
169.6734, 2430.620
171.6018, 2519.536
173.5303, 2549.030
175.4588, 2516.620
177.3872, 2402.383
179.3157, 2207.738
181.2442, 2032.861
183.1726, 1890.292
185.1011, 1779.996
187.0296, 1713.524
188.9580, 1667.074
190.8865, 1622.635
192.8150, 1581.145
194.7434, 1543.667
196.6719, 1510.999
198.6004, 1473.185
200.5288, 1424.973
202.4573, 1377.426
204.3858, 1327.855
206.3142, 1284.939
208.2427, 1261.067
210.1712, 1251.633
212.0996, 1240.481
214.0281, 1229.602
215.9566, 1206.314
217.8850, 1164.446
219.8135, 1119.889
221.7420, 1070.921
223.6704, 1027.604
225.5989, 1003.226
227.5274, 994.1484
229.4558, 973.6592
231.3843, 933.1598
233.3128, 902.4079
235.2412, 886.8636
237.1697, 871.8511
239.0982, 850.2717
241.0266, 827.5007
242.9551, 806.0157
244.8836, 786.4014
246.8120, 774.9003
248.7405, 773.4714
250.6690, 767.8676
252.5974, 755.0486
254.5259, 742.2123
256.4544, 730.0691
258.3828, 721.2311
260.3113, 720.4150
262.2398, 723.6071
264.1682, 720.0392
266.0967, 710.1927
268.0252, 700.0011
269.9536, 689.4894
271.8821, 680.5135
273.8106, 673.2733
275.7390, 667.8340
277.6675, 664.1498
279.5960, 662.5505
281.5244, 666.0148
283.4529, 672.6381
285.3814, 672.3580
287.3098, 662.2225
289.2383, 652.8962
291.1668, 647.5245
293.0952, 641.6819
295.0237, 631.2723
296.9522, 621.5957
298.8806, 619.9408
300.8091, 622.7059
302.7376, 621.7934
304.6660, 616.3536
306.5945, 610.6609
308.5230, 599.9170
310.4514, 596.7227
312.3799, 608.0582
314.3084, 621.7927
316.2368, 634.3107
318.1653, 642.7352
320.0938, 641.1972
322.0222, 630.1865
323.9507, 623.0208
325.8792, 621.5873
327.8077, 620.3443
329.7361, 621.0704
331.6646, 616.9786
333.5931, 600.4638
335.5215, 585.2494
337.4500, 580.9237
339.3785, 582.4197
341.3069, 581.4274
343.2354, 577.9073
345.1639, 579.0953
347.0923, 587.1318
349.0208, 593.8142
350.9493, 596.1119
352.8777, 597.1768
354.8062, 597.7039
356.7347, 599.4364
358.6631, 607.3348
360.5916, 617.2249
362.5201, 616.0331
364.4485, 604.6125
366.3770, 593.4758
368.3055, 583.1321
370.2339, 576.1768
372.1624, 575.7943
374.0909, 574.6431
376.0193, 569.6212
377.9478, 563.7046
379.8763, 559.1852
381.8047, 556.9054
383.7332, 555.7279
385.6617, 555.5312
387.5901, 560.6142
389.5186, 574.3858
391.4471, 582.3356
393.3755, 579.4589
395.3040, 575.5242
397.2325, 572.1000
399.1609, 568.8325
401.0894, 562.4235
403.0179, 546.8794
404.9464, 558.8409
406.8748, 565.0864
408.8033, 565.9229
410.7318, 545.1501
412.6602, 552.2813
414.5887, 548.2298
416.5172, 543.7197
418.4456, 554.7783
420.3741, 537.1485
422.3026, 547.9600
424.2310, 547.4184
426.1595, 542.3440
428.0880, 539.9696
430.0164, 538.6512
431.9449, 535.9269
433.8734, 534.2889
435.8018, 534.8539
437.7303, 536.9775
439.6588, 543.0952
441.5872, 547.7769
443.5157, 543.1769
445.4442, 535.4690
447.3726, 531.4201
449.3011, 529.7319
451.2296, 524.5993
453.1580, 515.2479
455.0865, 511.1967
457.0150, 515.0011
458.9434, 518.6430
460.8719, 518.3479
462.8004, 515.5886
464.7288, 512.4763
466.6573, 513.6586
468.5858, 515.9073
470.5142, 516.3633
472.4427, 519.5035
474.3712, 521.5947
476.2996, 518.3203
478.2281, 514.7039
480.1566, 513.1120
482.0850, 511.9553
484.0135, 511.2630
485.9420, 512.3160
487.8704, 512.1397
489.7989, 508.3021
491.7274, 502.3473
493.6558, 498.8599
495.5843, 499.8735
497.5128, 500.2282
499.4412, 499.7961
501.3697, 500.4208
503.2982, 502.8900
505.2266, 510.3258
507.1551, 519.5516
509.0836, 520.6726
511.0120, 512.6080
512.9405, 505.7299
514.8690, 504.0076
516.7974, 500.3986
518.7259, 489.1828
520.6544, 481.5464
522.5828, 485.2276
524.5113, 488.5044
526.4398, 487.3383
528.3682, 488.2741
530.2967, 490.2948
532.2252, 488.7199
534.1536, 482.0810
536.0821, 476.4478
538.0106, 477.4358
539.9390, 480.4560
541.8675, 480.4846
543.7960, 480.0436
545.7244, 480.2408
547.6529, 480.4090
549.5814, 478.8839
551.5098, 474.9473
553.4383, 476.0418
555.3668, 482.0211
557.2952, 481.3157
559.2237, 475.2575
561.1522, 472.0015
563.0806, 466.8058
565.0091, 461.1930
566.9376, 466.4526
568.8660, 478.5762
570.7945, 483.7512
572.7230, 480.7698
574.6514, 477.5789
576.5799, 475.7218
578.5084, 473.8763
580.4368, 472.1457
582.3653, 473.6683
584.2938, 480.1180
586.2222, 486.2947
588.1507, 488.0835
590.0792, 484.9651
592.0076, 478.1223
593.9361, 472.7789
595.8646, 470.6348
597.7930, 470.1907
599.7215, 472.4362
601.6500, 474.9941
603.5784, 472.0187
605.5069, 464.6160
607.4354, 458.0149
609.3638, 454.1910
611.2923, 459.8740
613.2208, 473.5739
615.1492, 483.2831
617.0777, 485.8555
619.0062, 485.7497
620.9346, 484.5734
622.8631, 482.6571
624.7916, 483.7892
626.7200, 484.9770
628.6485, 483.0299
630.5770, 478.6204
632.5054, 470.3223
634.4339, 463.8558
636.3624, 464.5295
638.2908, 468.9668
640.2193, 476.0479
642.1478, 482.9702
644.0762, 481.4822
646.0047, 473.7289
647.9332, 470.6883
649.8616, 474.1364
651.7901, 477.6848
653.7186, 480.7499
655.6470, 482.0679
657.5755, 480.1980
659.5040, 478.5741
661.4324, 476.5412
663.3609, 472.2822
665.2894, 466.3925
667.2178, 465.9743
669.1463, 473.1377
671.0748, 477.6052
673.0032, 474.3607
674.9317, 473.7473
676.8602, 481.5641
678.7886, 486.6136
680.7171, 485.2654
682.6456, 485.5038
684.5740, 485.4048
686.5025, 480.7452
688.4310, 478.4221
690.3594, 481.3769
692.2879, 483.3953
694.2164, 483.8292
696.1449, 484.1156
698.0734, 483.3744
700.0018, 481.6344
701.9303, 479.1734
703.8588, 480.6891
705.7872, 487.1838
707.7157, 490.6329
709.6442, 489.4608
711.5726, 486.1911
713.5011, 479.8406
715.4296, 475.4968
717.3580, 474.7081
719.2865, 473.4388
721.2150, 470.7366
723.1434, 471.7731
725.0719, 478.4019
727.0004, 481.7565
728.9288, 478.3271
730.8573, 474.8588
732.7858, 475.0107
734.7142, 476.8483
736.6427, 477.5602
738.5712, 475.4688
740.4996, 469.4893
742.4281, 463.9934
744.3566, 468.6224
746.2850, 478.5442
748.2135, 477.2359
750.1420, 467.4794
752.0704, 464.3939
753.9989, 467.2538
755.9274, 468.2286
757.8558, 467.5007
759.7843, 469.7846
761.7128, 475.4910
763.6412, 475.1742
765.5697, 467.0392
767.4982, 461.4219
769.4266, 460.7685
771.3551, 456.5294
773.2836, 444.1118
775.2120, 441.5957
777.1405, 458.2862
779.0690, 470.6324
780.9974, 471.2596
782.9259, 468.8631
784.8544, 463.5033
786.7828, 460.0319
788.7113, 462.9539
790.6398, 463.3545
792.5682, 453.6606
794.4967, 444.9063
796.4252, 444.9346
798.3536, 447.0532
800.2821, 447.6810
802.2106, 446.0655
804.1390, 437.5094
806.0675, 430.5476
807.9960, 438.6165
809.9244, 450.4167
811.8529, 450.2860
813.7814, 445.0019
815.7098, 444.1964
817.6383, 446.0241
819.5668, 447.8915
821.4952, 448.4718
823.4237, 443.4854
825.3522, 435.5246
827.2806, 431.0971
829.2091, 429.0583
831.1376, 430.9365
833.0660, 437.0317
834.9945, 441.6031
836.9230, 444.7271
838.8514, 446.2945
840.7799, 446.7051
842.7084, 443.0097
844.6368, 431.8525
846.5653, 427.6307
848.4938, 434.7277
850.4222, 438.6255
852.3507, 435.1674
854.2792, 434.4259
856.2076, 440.3115
858.1361, 442.0345
860.0646, 435.6236
861.9930, 431.1179
863.9215, 430.8028
865.8500, 433.1229
867.7784, 439.0093
869.7069, 443.3276
871.6354, 444.9109
873.5638, 443.0353
875.4923, 435.5050
877.4208, 430.1177
879.3492, 430.6245
881.2777, 431.3259
883.2062, 427.7177
885.1346, 426.3226
887.0631, 435.6126
888.9916, 444.7200
890.9200, 443.7569
892.8485, 437.5734
894.7770, 431.7454
896.7054, 431.9157
898.6339, 438.6038
900.5624, 443.0382
902.4908, 441.6277
904.4193, 438.9953
906.3478, 438.5586
908.2762, 438.0482
910.2047, 436.2538
912.1332, 435.0099
914.0616, 434.3626
915.9901, 434.6978
917.9186, 433.8826
919.8470, 432.1288
921.7755, 432.4741
923.7040, 434.6185
925.6324, 440.2882
927.5609, 444.3243
929.4894, 440.8777
931.4178, 438.7129
933.3463, 442.4811
935.2748, 444.8349
937.2032, 440.2282
939.1317, 434.3739
941.0602, 437.8611
942.9886, 445.9417
944.9171, 446.1400
946.8456, 442.7404
948.7740, 444.1264
950.7025, 445.7863
952.6310, 445.5759
954.5594, 447.7066
956.4879, 453.1125
958.4164, 456.7254
960.3448, 453.6298
962.2733, 450.5573
964.2018, 455.2575
966.1302, 461.7700
968.0587, 460.8498
969.9872, 454.1205
971.9156, 449.2755
973.8441, 449.7758
975.7726, 454.2580
977.7010, 456.9647
979.6295, 455.7832
981.5580, 457.7509
983.4865, 463.1424
985.4149, 466.1798
987.3434, 469.2593
989.2719, 472.0170
991.2003, 470.3060
993.1288, 469.6905
995.0573, 474.4054
996.9857, 477.6624
998.9142, 475.6404
1000.843, 473.8805
1002.771, 475.2862
1004.700, 476.4700
1006.628, 477.6284
1008.557, 480.6484
1010.485, 482.4542
1012.413, 483.3506
1014.342, 486.1710
1016.270, 487.2709
1018.199, 483.8790
1020.127, 482.2906
1022.056, 488.3170
1023.984, 494.9948
1025.913, 495.5135
1027.841, 494.0085
1029.770, 494.7213
1031.698, 498.3530
1033.627, 503.2723
1035.555, 505.9268
1037.484, 503.5601
1039.412, 500.0217
1041.340, 504.1015
1043.269, 510.7350
1045.197, 507.6526
1047.126, 500.6637
1049.054, 499.1050
1050.983, 500.8699
1052.911, 505.1331
1054.840, 510.8744
1056.768, 515.5120
1058.697, 520.0138
1060.625, 522.8375
1062.554, 523.3232
1064.482, 526.2704
1066.411, 527.6766
1068.339, 521.8138
1070.267, 520.2806
1072.196, 530.1136
1074.124, 535.9434
1076.053, 528.8155
1077.981, 523.1221
1079.910, 526.6559
1081.838, 529.6829
1083.767, 527.4556
1085.695, 525.5075
1087.624, 526.6031
1089.552, 532.1309
1091.481, 542.1273
1093.409, 547.4577
1095.338, 547.6937
1097.266, 548.3264
1099.194, 546.7076
1101.123, 545.9982
1103.051, 549.5089
1104.980, 552.8474
1106.908, 553.5710
1108.837, 547.8384
1110.765, 540.6573
1112.694, 546.1517
1114.622, 555.1127
1116.551, 555.6719
1118.479, 555.3458
1120.408, 552.7678
1122.336, 550.4082
1124.265, 561.0350
1126.193, 573.3833
1128.121, 575.8483
1130.050, 576.5867
1131.978, 577.4607
1133.907, 579.3354
1135.835, 584.7240
1137.764, 589.0599
1139.692, 589.6844
1141.621, 587.7511
1143.549, 586.0093
1145.478, 584.4904
1147.406, 578.9376
1149.335, 577.9617
1151.263, 586.7831
1153.192, 595.0566
1155.120, 602.2278
1157.048, 606.4401
1158.977, 605.6661
1160.905, 607.4860
1162.834, 612.5020
1164.762, 608.4275
1166.691, 594.9509
1168.619, 594.5428
1170.548, 607.6543
1172.476, 610.6774
1174.405, 605.2633
1176.333, 608.5506
1178.262, 618.0598
1180.190, 623.0991
1182.119, 622.5078
1184.047, 620.0732
1185.975, 621.3057
1187.904, 625.6021
1189.832, 629.3159
1191.761, 636.8480
1193.689, 644.4976
1195.618, 643.6635
1197.546, 642.1692
1199.475, 649.7860
1201.403, 654.2155
1203.332, 644.7197
1205.260, 639.5661
1207.189, 646.6322
1209.117, 654.2342
1211.046, 661.4296
1212.974, 663.4567
1214.902, 658.1669
1216.831, 654.8239
1218.759, 652.8127
1220.688, 655.9775
1222.616, 664.8011
1224.545, 669.6835
1226.473, 670.8989
1228.402, 670.7286
1230.330, 672.3967
1232.259, 683.1924
1234.187, 693.8580
1236.116, 696.3257
1238.044, 696.1537
1239.973, 692.0510
1241.901, 687.1571
1243.829, 683.6583
1245.758, 684.8491
1247.686, 693.8168
1249.615, 700.8925
1251.543, 703.5267
1253.472, 704.5764
1255.400, 704.2195
1257.329, 703.2984
1259.257, 701.8691
1261.186, 701.9297
1263.114, 702.9440
1265.043, 704.5853
1266.971, 707.7012
1268.900, 716.2963
1270.828, 725.0186
1272.756, 721.5762
1274.685, 715.0557
1276.613, 713.8510
1278.542, 716.7666
1280.470, 726.9188
1282.399, 734.8572
1284.327, 735.2373
1286.256, 737.5189
1288.184, 745.5963
1290.113, 747.3710
1292.041, 740.2302
1293.970, 739.6589
1295.898, 746.2729
1297.827, 748.1693
1299.755, 745.5284
1301.683, 738.9254
1303.612, 733.0005
1305.540, 738.2681
1307.469, 749.7466
1309.397, 767.6952
1311.326, 779.8423
1313.254, 768.0118
1315.183, 761.6539
1317.111, 784.2872
1319.040, 793.3157
1320.968, 774.2790
1322.897, 767.2769
1324.825, 777.7962
1326.754, 785.8910
1328.682, 789.5936
1330.610, 785.4797
1332.539, 779.6465
1334.467, 793.3073
1336.396, 811.2889
1338.324, 812.8295
1340.253, 806.5507
1342.181, 795.6071
1344.110, 786.5126
1346.038, 782.4871
1347.967, 781.2006
1349.895, 782.9116
1351.824, 786.5380
1353.752, 792.5602
1355.681, 796.0087
1357.609, 797.1521
1359.537, 803.9680
1361.466, 811.3372
1363.394, 798.1778
1365.323, 783.0068
1367.251, 793.3848
1369.180, 806.2379
1371.108, 802.8996
1373.037, 799.0127
1374.965, 803.5063
1376.894, 804.3871
1378.822, 795.3262
1380.751, 793.0314
1382.679, 798.7199
1384.608, 806.3040
1386.536, 814.0482
1388.464, 810.7400
1390.393, 804.3341
1392.321, 811.8421
1394.250, 819.0800
1396.178, 811.3246
1398.107, 807.9542
1400.035, 820.5668
1401.964, 828.7236
1403.892, 826.4147
1405.821, 825.5021
1407.749, 827.1017
1409.678, 828.8464
1411.606, 830.5459
1413.535, 833.2545
1415.463, 833.5029
1417.391, 820.6180
1419.320, 810.2095
1421.248, 815.1474
1423.177, 822.6037
1425.105, 830.3792
1427.034, 830.2581
1428.962, 819.8986
1430.891, 818.1691
1432.819, 824.3286
1434.748, 810.0852
1436.676, 789.6968
1438.605, 801.6121
1440.533, 821.5239
1442.462, 825.1240
1444.390, 822.8361
1446.319, 817.0396
1448.247, 813.7824
1450.176, 814.9385
1452.104, 811.5039
1454.032, 803.4363
1455.961, 801.1978
1457.889, 803.4539
1459.818, 803.8804
1461.746, 807.3347
1463.675, 826.7252
1465.603, 840.5567
1467.532, 834.5160
1469.460, 821.0255
1471.389, 797.6215
1473.317, 796.7411
1475.246, 818.1451
1477.174, 824.8016
1479.103, 818.1799
1481.031, 800.7115
1482.959, 784.3229
1484.888, 785.1035
1486.816, 787.6886
1488.745, 783.2296
1490.673, 779.5621
1492.602, 777.7412
1494.530, 777.0811
1496.459, 778.0536
1498.387, 791.2667
1500.316, 805.8608
1502.244, 795.1904
1504.173, 779.5846
1506.101, 775.6157
1508.030, 774.6294
1509.958, 777.4286
1511.886, 771.8566
1513.815, 753.6662
1515.743, 748.7847
1517.672, 754.2856
1519.600, 758.9674
1521.529, 757.9308
1523.457, 738.0107
1525.386, 722.7734
1527.314, 728.0143
1529.243, 735.4200
1531.171, 743.5172
1533.100, 739.4189
1535.028, 724.1007
1536.957, 713.9708
1538.885, 709.2153
1540.813, 715.4365
1542.742, 719.1641
1544.670, 709.2747
1546.599, 700.7852
1548.527, 699.7507
1550.456, 691.9983
1552.384, 676.3939
1554.313, 670.7728
1556.241, 672.3143
1558.170, 677.9733
1560.098, 681.3832
1562.027, 676.3953
1563.955, 669.3856
1565.884, 661.4241
1567.812, 658.4977
1569.740, 660.7792
1571.669, 649.3187
1573.597, 632.2085
1575.526, 631.8362
1577.454, 633.8603
1579.383, 623.5319
1581.311, 615.4097
1583.240, 613.4069
1585.168, 611.9484
1587.097, 610.7125
1589.025, 618.2137
1590.954, 624.4511
1592.882, 601.1172
1594.811, 577.4303
1596.739, 578.7897
1598.667, 582.5881
1600.596, 584.8572
1602.524, 583.2839
1604.453, 577.7635
1606.381, 566.6389
1608.310, 554.9692
1610.238, 551.3839
1612.167, 548.9993
1614.095, 543.5101
1616.024, 538.4209
1617.952, 534.1869
1619.881, 530.5353
1621.809, 527.1942
1623.738, 523.3355
1625.666, 519.2404
1627.594, 515.7250
1629.523, 511.1013
1631.451, 502.7418
1633.380, 498.4637
1635.308, 498.4435
1637.237, 499.6632
1639.165, 500.5395
1641.094, 498.6065
1643.022, 494.9337
1644.951, 489.1268
1646.879, 483.9165
1648.808, 478.8326
1650.736, 481.2662
1652.665, 488.0500
1654.593, 486.5558
1656.521, 478.7960
1658.450, 461.7283
1660.378, 450.3974
1662.307, 453.0720
1664.235, 453.3060
1666.164, 450.5697
1668.092, 446.7043
1670.021, 444.1990
1671.949, 449.7066
1673.878, 451.6709
1675.806, 443.0426
1677.735, 437.0045
1679.663, 435.5514
1681.592, 429.8135
1683.520, 423.2950
1685.448, 424.1754
1687.377, 427.3943
1689.305, 432.1098
1691.234, 429.8334
1693.162, 418.2195
1695.091, 416.6542
1697.019, 419.4653
1698.948, 405.9070
1700.876, 395.2786
1702.805, 404.1425
1704.733, 407.9971
1706.662, 401.3432
1708.590, 402.5865
1710.519, 407.6893
1712.447, 398.8489
1714.375, 390.3724
1716.304, 397.3438
1718.232, 400.9125
1720.161, 397.4876
1722.089, 390.3533
1724.018, 383.2933
1725.946, 390.9306
1727.875, 397.2717
1729.803, 381.7699
1731.732, 376.5305
1733.660, 387.5785
1735.589, 389.1839
1737.517, 382.6592
1739.446, 374.7831
1741.374, 367.9350
1743.302, 362.5848
1745.231, 362.9658
1747.159, 369.7699
1749.088, 376.4348
1751.016, 381.1153
1752.945, 380.2147
1754.873, 377.3582
1756.802, 375.4454
1758.730, 370.4707
1760.659, 362.0665
1762.587, 359.4680
1764.516, 361.1331
1766.444, 366.0616
1768.373, 368.6927
1770.301, 362.7251
1772.229, 362.8327
1774.158, 369.2281
1776.086, 366.1118
1778.015, 362.5444
1779.943, 377.2750
1781.872, 380.9275
1783.800, 350.0583
1785.729, 345.4324
1787.657, 361.5145
1789.586, 359.2606
1791.514, 353.0156
1793.443, 356.8238
1795.371, 354.7193
1797.300, 339.4019
1799.228, 340.4367
1801.156, 349.2994
1803.085, 340.8946
1805.013, 335.1289
1806.942, 342.6425
1808.870, 356.5423
1810.799, 374.0001
1812.727, 362.0050
1814.656, 342.0120
1816.584, 341.3541
1818.513, 348.4486
1820.441, 362.0378
1822.370, 358.5748
1824.298, 344.3366
1826.227, 342.0735
1828.155, 344.8228
1830.083, 350.0673
1832.012, 347.5294
1833.940, 336.8789
1835.869, 340.0187
1837.797, 348.1819
1839.726, 350.7719
1841.654, 345.2881
1843.583, 329.8304
1845.511, 329.3777
1847.440, 338.5314
1849.368, 331.4423
1851.297, 324.6713
1853.225, 329.9788
1855.154, 341.9549
1857.082, 356.9297
1859.010, 339.4065
1860.939, 315.9424
1862.867, 323.8606
1864.796, 328.2842
1866.724, 321.2533
1868.653, 320.3884
1870.581, 321.8975
1872.510, 314.2259
1874.438, 311.2257
1876.367, 323.1033
1878.295, 332.9319
1880.224, 338.3086
1882.152, 331.8985
1884.081, 323.7620
1886.009, 319.0406
1887.938, 324.6734
1889.866, 339.6148
1891.794, 325.2403
1893.723, 305.7522
1895.651, 310.9117
1897.580, 319.0582
1899.508, 326.1993
1901.437, 324.3986
1903.365, 317.9342
1905.294, 314.1601
1907.222, 310.8809
1909.151, 307.0730
1911.079, 309.8095
1913.008, 315.2408
1914.936, 309.8620
1916.865, 308.1430
1918.793, 320.0624
1920.721, 317.4232
1922.650, 302.9356
1924.578, 303.0880
1926.507, 304.9553
1928.435, 299.6830
1930.364, 295.3668
1932.292, 293.1596
1934.221, 300.1701
1936.149, 305.4052
1938.078, 295.9903
1940.006, 294.9463
1941.935, 305.3683
1943.863, 307.6649
1945.792, 305.5833
1947.720, 303.3285
1949.648, 294.1607
1951.577, 278.1674
1953.505, 277.2216
1955.434, 283.1075
1957.362, 281.9116
1959.291, 278.6344
1961.219, 275.3921
1963.148, 290.6190
1965.076, 307.9464
1967.005, 300.9543
1968.933, 290.9800
1970.862, 283.3301
1972.790, 282.7514
1974.719, 283.9262
1976.647, 284.9142
1978.575, 285.9773
1980.504, 284.2213
1982.432, 278.7895
1984.361, 275.2167
1986.289, 279.9243
1988.218, 281.9820
1990.146, 278.9291
1992.075, 281.1611
1994.003, 283.5060
1995.932, 272.6919
1997.860, 266.1510
1999.789, 270.5947
2001.717, 265.7682
2003.646, 258.2671
2005.574, 262.9670
2007.502, 267.8956
2009.431, 267.4828
2011.359, 266.7957
2013.288, 265.8478
2015.216, 267.3683
2017.145, 269.1152
2019.073, 268.1700
2021.002, 266.2159
2022.930, 264.2999
2024.859, 265.5778
2026.787, 266.2409
2028.716, 264.7036
2030.644, 259.3198
2032.573, 253.9013
2034.501, 252.5537
2036.429, 255.5329
2038.358, 261.0639
2040.286, 258.3975
2042.215, 251.3901
2044.143, 240.3828
2046.072, 239.6363
2048.000, 249.0563
2049.929, 263.6947
2051.857, 266.9447
2053.786, 248.8507
2055.714, 243.0275
2057.643, 246.1142
2059.571, 238.6796
2061.500, 239.4852
2063.428, 255.9932
2065.356, 257.1068
2067.285, 249.4507
2069.213, 243.8796
2071.142, 243.8395
2073.070, 249.4300
2074.999, 243.8302
2076.927, 237.5498
2078.856, 247.5896
2080.784, 251.2490
2082.713, 246.3120
2084.641, 235.6910
2086.570, 230.4922
2088.498, 244.5013
2090.427, 244.4076
2092.355, 234.7777
2094.283, 241.2135
2096.212, 244.7317
2098.140, 235.5550
2100.069, 232.5253
2101.997, 232.7588
2103.926, 231.7915
2105.854, 228.4389
2107.783, 223.0034
2109.711, 224.2821
2111.640, 225.1245
2113.568, 219.4753
2115.497, 212.6934
2117.425, 207.7959
2119.354, 217.5877
2121.282, 225.7469
2123.210, 223.8434
2125.139, 215.6699
2127.067, 207.7327
2128.996, 211.2848
2130.924, 215.8080
2132.853, 219.1250
2134.781, 217.7715
2136.710, 215.1219
2138.638, 211.6112
2140.567, 211.6225
2142.495, 213.9705
2144.424, 205.4682
2146.352, 203.1211
2148.281, 216.8023
2150.209, 216.7397
2152.137, 211.0079
2154.066, 213.9299
2155.994, 214.4117
2157.923, 211.4609
2159.851, 215.6063
2161.780, 211.9339
2163.708, 193.2371
2165.637, 189.9638
2167.565, 196.4123
2169.494, 203.9453
2171.422, 203.2905
2173.351, 193.5916
2175.279, 200.0485
2177.208, 207.3442
2179.136, 201.9582
2181.064, 198.5002
2182.993, 196.1404
2184.921, 197.4436
2186.850, 199.0598
2188.778, 196.7186
2190.707, 186.9946
2192.635, 179.8570
2194.564, 187.7135
2196.492, 195.0631
2198.421, 196.5511
2200.349, 188.0068
2202.278, 184.4795
2204.206, 185.3592
2206.135, 191.7817
2208.063, 195.8055
2209.991, 194.4802
2211.920, 189.7563
2213.848, 181.6602
2215.777, 185.2011
2217.705, 185.5124
2219.634, 177.5478
2221.562, 174.6131
2223.491, 173.9357
2225.419, 176.1935
2227.348, 178.2554
2229.276, 178.4225
2231.205, 185.5881
2233.133, 186.7741
2235.062, 176.3450
2236.990, 174.9842
2238.918, 174.5498
2240.847, 166.9275
2242.775, 169.4418
2244.704, 177.7656
2246.632, 178.0459
2248.561, 177.6411
2250.489, 179.6365
2252.418, 173.1884
2254.346, 163.6053
2256.275, 155.7014
2258.203, 159.5220
2260.132, 165.3051
2262.060, 167.3288
2263.989, 166.5815
2265.917, 163.6625
2267.845, 169.0820
2269.774, 169.6940
2271.702, 164.1179
2273.631, 166.4488
2275.559, 164.8661
2277.488, 155.5334
2279.416, 156.2222
2281.345, 160.1545
2283.273, 154.4402
2285.202, 152.7202
2287.130, 158.5992
2289.059, 164.4367
2290.987, 162.8604
2292.916, 156.6675
2294.844, 151.4583
2296.772, 154.3289
2298.701, 162.4071
2300.629, 159.4748
2302.558, 155.4550
2304.486, 157.3601
2306.415, 149.2603
2308.343, 138.1418
2310.272, 145.1976
2312.200, 148.3352
2314.129, 142.6493
2316.057, 146.4801
2317.986, 151.7874
2319.914, 150.8257
2321.843, 149.4684
2323.771, 149.5042
2325.699, 150.8398
2327.628, 149.0404
2329.556, 148.1499
2331.485, 152.5358
2333.413, 149.8344
2335.342, 144.2472
2337.270, 149.3143
2339.199, 151.1983
2341.127, 148.3199
2343.056, 146.0043
2344.984, 145.3948
2346.913, 147.3783
2348.841, 146.1592
2350.770, 141.8834
2352.698, 140.7938
2354.626, 137.8663
2356.555, 134.2163
2358.483, 136.7127
2360.412, 137.6788
2362.340, 135.9002
2364.269, 134.5656
2366.197, 132.3300
2368.126, 129.8731
2370.054, 137.8244
2371.983, 138.5730
2373.911, 129.3401
2375.840, 131.2798
2377.768, 131.6920
2379.697, 128.1240
2381.625, 130.7252
2383.553, 132.0340
2385.482, 129.3236
2387.410, 131.5965
2389.339, 135.5067
2391.267, 133.6719
2393.196, 132.8744
2395.124, 133.4579
2397.053, 122.0617
2398.981, 117.8264
2400.910, 123.4700
2402.838, 119.8791
2404.767, 119.3449
2406.695, 123.4435
2408.624, 118.9193
2410.552, 116.9924
2412.480, 121.8248
2414.409, 121.1353
2416.337, 120.8483
2418.266, 123.5614
2420.194, 121.6888
2422.123, 118.1995
2424.051, 115.4267
2425.980, 118.3871
2427.908, 122.4234
2429.837, 119.8228
2431.765, 113.9621
2433.694, 109.2988
2435.622, 121.1275
2437.551, 120.9706
2439.479, 110.2440
2441.407, 116.6879
2443.336, 119.2676
2445.264, 114.8952
2447.193, 116.8954
2449.121, 117.6009
2451.050, 114.8505
2452.978, 112.5841
2454.907, 112.7267
2456.835, 115.4537
2458.764, 115.9953
2460.692, 114.0168
2462.621, 109.9298
2464.549, 106.3162
2466.478, 106.5482
2468.406, 113.3519
2470.334, 113.7392
2472.263, 111.2350
2474.191, 108.9883
2476.120, 106.1122
2478.048, 104.7311
2479.977, 108.9189
2481.905, 103.4731
2483.834, 96.37492
2485.762, 100.8693
2487.691, 101.7066
2489.619, 101.1915
2491.548, 104.1497
2493.476, 105.8757
2495.405, 104.8383
2497.333, 93.86149
2499.261, 91.24716
2501.190, 97.45993
2503.118, 104.4216
2505.047, 102.0990
2506.975, 93.74915
2508.904, 91.50999
2510.832, 94.81944
2512.761, 99.67392
2514.689, 96.83458
2516.618, 94.74329
2518.546, 94.59481
2520.475, 97.99815
2522.403, 96.37206
2524.332, 89.19838
2526.260, 91.13345
2528.188, 93.87830
2530.117, 95.63651
2532.045, 95.36719
2533.974, 92.00900
2535.902, 87.24402
2537.831, 89.45119
2539.759, 91.47176
2541.688, 94.08444
2543.616, 93.92905
2545.545, 90.08372
2547.473, 87.48886
2549.402, 92.00197
2551.330, 90.64789
2553.259, 84.92067
2555.187, 84.58100
2557.115, 81.68032
2559.044, 83.89194
2560.972, 88.92798
2562.901, 88.72063
2564.829, 86.09344
2566.758, 85.08349
2568.686, 87.60320
2570.615, 89.70682
2572.543, 86.46540
2574.472, 83.77597
2576.400, 82.08297
2578.329, 79.81811
2580.257, 77.78555
2582.186, 76.36850
2584.114, 80.11969
2586.042, 84.60063
2587.971, 85.98399
2589.899, 89.99245
2591.828, 90.94347
2593.756, 80.79186
2595.685, 74.05416
2597.613, 75.23438
2599.542, 78.77332
2601.470, 77.48404
2603.399, 75.88027
2605.327, 72.78555
2607.256, 72.37334
2609.184, 72.53038
2611.113, 74.49088
2613.041, 81.23181
2614.969, 78.72887
2616.898, 74.42605
2618.826, 77.38591
2620.755, 76.16556
2622.683, 73.50953
2624.612, 71.36243
2626.540, 71.99532
2628.469, 76.57688
2630.397, 75.15939
2632.326, 68.36031
2634.254, 67.20315
2636.183, 74.62701
2638.111, 73.15186
2640.040, 70.59744
2641.968, 68.41994
2643.896, 64.96770
2645.825, 67.58040
2647.753, 71.82364
2649.682, 71.51188
2651.610, 67.76870
2653.539, 61.96315
2655.467, 63.43848
2657.396, 67.45898
2659.324, 65.32020
2661.253, 65.96359
2663.181, 68.74845
2665.110, 68.44873
2667.038, 68.86361
2668.967, 67.66203
2670.895, 63.91652
2672.823, 64.16650
2674.752, 68.06036
2676.680, 65.37579
2678.609, 63.91510
2680.537, 66.67830
2682.466, 66.90900
2684.394, 66.17750
2686.323, 62.76229
2688.251, 59.22053
2690.180, 59.19338
2692.108, 57.66000
2694.037, 56.25225
2695.965, 62.18671
2697.894, 60.55779
2699.822, 53.32426
2701.750, 54.40810
2703.679, 55.81798
2705.607, 59.09936
2707.536, 58.40446
2709.464, 58.04911
2711.393, 57.90654
2713.321, 56.24833
2715.250, 57.59779
2717.178, 58.64782
2719.107, 54.37902
2721.035, 51.10884
2722.964, 49.45613
2724.892, 49.31100
2726.821, 51.21987
2728.749, 52.82264
2730.677, 52.42821
2732.606, 54.17646
2734.534, 57.67875
2736.463, 50.90826
2738.391, 43.76201
2740.320, 51.23228
2742.248, 57.56388
2744.177, 50.63680
2746.105, 45.81718
2748.034, 47.32331
2749.962, 51.08767
2751.891, 47.21677
2753.819, 47.00671
2755.748, 53.24470
2757.676, 53.77383
2759.604, 47.27462
2761.533, 44.48427
2763.461, 47.24375
2765.390, 51.10629
2767.318, 51.27628
2769.247, 44.97919
2771.175, 46.95119
2773.104, 50.78189
2775.032, 49.15887
2776.961, 44.77645
2778.889, 41.05255
2780.818, 40.54165
2782.746, 50.55157
2784.675, 48.99030
2786.603, 43.61273
2788.531, 45.48841
2790.460, 48.93782
2792.388, 49.28752
2794.317, 43.66088
2796.245, 41.07782
2798.174, 41.96672
2800.102, 42.98837
2802.031, 40.14932
2803.959, 42.64436
2805.888, 43.17149
2807.816, 37.72440
2809.745, 35.74775
2811.673, 36.16619
2813.602, 38.45715
2815.530, 41.44716
2817.458, 44.70657
2819.387, 45.83044
2821.315, 46.66814
2823.244, 40.05436
2825.172, 34.83405
2827.101, 38.27376
2829.029, 37.54420
2830.958, 36.13088
2832.886, 36.38414
2834.815, 34.35814
2836.743, 36.90036
2838.672, 39.16991
2840.600, 35.14305
2842.529, 34.57946
2844.457, 31.22974
2846.385, 25.03170
2848.314, 34.65358
2850.242, 37.48845
2852.171, 33.80832
2854.099, 29.12432
2856.028, 29.48725
2857.956, 33.05220
2859.885, 36.54474
2861.813, 24.36186
2863.742, 25.83304
2865.670, 36.95214
2867.599, 34.86002
2869.527, 32.80817
2871.456, 32.61546
2873.384, 33.91147
2875.313, 30.35798
2877.241, 32.19146
2879.169, 36.68854
2881.098, 29.74281
2883.026, 24.65109
2884.955, 24.70159
2886.883, 31.10369
2888.812, 24.58645
2890.740, 27.02036
2892.669, 34.52999
2894.597, 23.48531
2896.526, 26.09661
2898.454, 30.93328
2900.383, 26.60353
2902.311, 28.37490
2904.240, 30.01564
2906.168, 28.15497
2908.096, 26.15880
2910.025, 20.80685
2911.953, 18.50579
2913.882, 21.05797
2915.810, 24.96498
2917.739, 28.42021
2919.667, 29.21788
2921.596, 22.97673
2923.524, 24.65418
2925.453, 25.50278
2927.381, 22.89315
2929.310, 24.02160
2931.238, 28.32314
2933.167, 29.39370
2935.095, 21.65309
2937.024, 23.20391
2938.952, 25.72518
2940.881, 22.24279
2942.809, 21.11700
2944.738, 19.07431
2946.666, 17.55850
2948.594, 18.12796
2950.523, 19.34423
2952.451, 21.52674
2954.380, 23.65866
2956.308, 18.51523
2958.237, 16.74284
2960.165, 20.49836
2962.094, 23.12101
2964.022, 18.07108
2965.951, 16.08928
2967.879, 18.18609
2969.808, 18.50152
2971.736, 13.62403
2973.665, 15.09628
2975.593, 18.94785
2977.521, 18.66855
2979.450, 18.59349
2981.378, 21.62828
2983.307, 31.35160
2985.235, 21.25529
2987.164, 13.67982
2989.092, 19.70559
2991.021, 23.86212
2992.949, 21.25236
2994.878, 16.56789
2996.806, 11.86618
2998.735, 14.88769
3000.663, 18.94447
3002.592, 16.08121
3004.520, 13.66105
3006.448, 16.35756
3008.377, 20.94108
3010.305, 22.54762
3012.234, 20.20315
3014.162, 20.92973
3016.091, 15.14587
3018.019, 13.64994
3019.948, 16.91361
3021.876, 19.32814
3023.805, 18.06108
3025.733, 14.63632
3027.662, 13.37629
3029.590, 13.01968
3031.519, 14.18263
3033.447, 16.28105
3035.375, 18.43823
3037.304, 18.71087
3039.232, 19.18385
3041.161, 17.57416
3043.089, 15.02702
3045.018, 14.38454
3046.946, 10.32518
3048.875, 12.23659
3050.803, 11.95642
3052.732, 10.26104
3054.660, 7.266592
3056.589, 12.81868
3058.517, 17.91383
3060.446, 19.96765
3062.374, 16.83381
3064.302, 12.40481
3066.231, 11.00060
3068.159, 12.95595
3070.088, 8.904366
3072.016, 9.884314
3073.945, 7.623564
3075.873, 6.367958
3077.802, 8.991642
3079.730, 9.693646
3081.659, 9.658920
3083.587, 7.211751
3085.516, 7.501834
3087.444, 7.708482
3089.373, 9.612758
3091.301, 13.47208
3093.229, 9.076465
3095.158, 10.20342
3097.086, 8.923861
3099.015, 1.995190
3100.943, 6.492896
3102.872, 10.48848
3104.800, 11.67807
3106.729, 11.92285
3108.657, 9.609466
3110.586, 6.823123
3112.514, 8.347116
3114.443, 10.21320
3116.371, 6.588898
3118.300, 6.431157
3120.228, 7.073142
3122.156, 10.10465
3124.085, 3.263147
3126.013, 4.810470
3127.942, 8.162601
3129.870, 11.06547
3131.799, 12.06588
3133.727, 9.419913
3135.656, 9.160672
3137.584, 13.54183
3139.513, 14.28329
3141.441, 9.783342
3143.370, 7.028684
3145.298, 10.49432
3147.227, 10.93572
3149.155, 8.450455
3151.083, 8.154920
3153.012, 9.733993
3154.940, 10.01016
3156.869, 11.30661
3158.797, 12.46248
3160.726, 8.986069
3162.654, 9.467183
3164.583, 9.276224
3166.511, 7.945831
3168.440, 4.541966
3170.368, 7.555525
3172.297, 9.593152
3174.225, 8.720047
3176.154, 4.177373
3178.082, 9.490518
3180.010, 9.722645
3181.939, 8.362364
3183.867, 7.023675
3185.796, 8.198050
3187.724, 8.214221
3189.653, 5.792505
3191.581, 4.679632
3193.510, 1.904037
3195.438, 5.692604
3197.367, 6.242453
3199.295, 4.788534
3201.224, 4.858163
3203.152, 7.612290
3205.081, 6.307228
3207.009, 4.909276
3208.938, 9.803043
3210.866, 7.059045
3212.794, 3.050008
3214.723, 2.773187
3216.651, 5.693982
3218.580, 11.39683
3220.508, 10.82864
3222.437, 7.424094
3224.365, 4.662986
3226.294, 9.103483
3228.222, 4.647852
3230.151, 3.831694
3232.079, 5.632412
3234.008, 8.224048
3235.936, 3.214483
3237.865, -0.3882965
3239.793, 1.881956
3241.721, 9.628704
3243.650, 9.186205
3245.578, 5.482940
3247.507, 4.667953
3249.435, 8.063756
3251.364, 6.800540
3253.292, 6.386824
3255.221, 4.668171
3257.149, 1.028430
3259.078, -1.229967
3261.006, 2.302519
3262.935, 3.501319
3264.863, 3.530558
3266.792, 2.807316
3268.720, 5.084461
3270.648, 6.229343
3272.577, 4.299316
3274.505, -0.2927648
3276.434, -3.496474
3278.362, -1.681229
3280.291, -0.3391252
3282.219, 0.6181177
3284.148, 2.362534
3286.076, 1.572291
3288.005, 9.046863
3289.933, 9.137676
3291.862, 5.8417529E-02
3293.790, 2.598790
3295.719, 4.332276
3297.647, 3.959792
3299.575, 2.132030
3301.504, 0.2596943
3303.432, 3.999474
3305.361, 6.858811
3307.289, 5.705594
3309.218, 2.774110
3311.146, 6.629979
3313.075, 5.586341
3315.003, 4.966253
3316.932, 5.350516
3318.860, 5.334494
3320.789, 4.909966
3322.717, 4.077690
3324.646, 4.533843
3326.574, 5.871631
3328.502, 5.467879
3330.431, 10.20286
3332.359, 7.651231
3334.288, 3.760190
3336.216, 5.719874
3338.145, 9.295944
3340.073, 6.356157
3342.002, 1.180461
3343.930, -0.1762985
3345.859, 8.294048
3347.787, 15.10022
3349.716, 7.452711
3351.644, 1.608300
3353.573, 4.601432
3355.501, 7.889480
3357.429, 4.931653
3359.358, 0.4016218
3361.286, 0.1066284
3363.215, 4.260509
3365.143, 0.5429544
3367.072, -2.427628
3369.000, -0.3904388
3370.929, 2.068606
3372.857, -0.6775852
3374.786, 6.232205
3376.714, 12.28746
3378.643, 9.606357
3380.571, 0.6863641
3382.500, -4.566295
3384.428, -5.223457
3386.356, -5.404424
3388.285, 1.227201
3390.213, 7.428230
3392.142, -6.818272
3394.070, 1.683628
3395.999, 4.781044
3397.927, 4.512198
3399.856, 5.621086
3401.784, 3.517237
3403.713, -2.433822
3405.641, -5.835099
3407.570, -3.706830
3409.498, 1.915604
3411.427, 4.996327
3413.355, 5.814540
3415.283, 6.013016
3417.212, 0.3481641
3419.140, -8.720849
3421.069, 7.289425
3422.997, -0.5490195
3424.926, -3.069083
3426.854, 0.5073870
3428.783, 1.857900
3430.711, 0.5959233
3432.640, -0.6215602
3434.568, -3.692540
3436.497, -4.226974
3438.425, -0.1241692
3440.354, -2.095110
3442.282, 3.444110
3444.210, 3.704343
3446.139, 2.091112
3448.067, 3.593352
3449.996, 5.651288
3451.924, 2.235805
3453.853, -2.469663
3455.781, -2.373994
3457.710, 3.610405
3459.638, 9.082060
3461.567, 2.105623
3463.495, 2.501419
3465.424, 6.946560
3467.352, 6.039463
3469.281, -6.779403
3471.209, 5.722512
3473.137, 4.244560
3475.066, -0.7321489
3476.994, 1.242269
3478.923, 9.008814
3480.851, 0.3558576
3482.780, -0.3395516
3484.708, 4.360695
3486.637, 6.280308
3488.565, 2.029003
3490.494, 6.215360
3492.422, -5.138230
3494.351, -4.175691
3496.279, 0.7126264
3498.208, 0.2338841
3500.136, 10.12907
3502.064, 5.034296
3503.993, -0.2607929
3505.921, -1.002095
3507.850, -0.2946598
3509.778, -3.313875
3511.707, -4.675362
3513.635, 1.344152
3515.564, 7.832906
3517.492, 7.696490
3519.421, 0.3961716
3521.349, 0.4649538
3523.278, 9.939846
3525.206, 10.46812
3527.135, 6.650490
3529.063, 5.609243
3530.991, 8.858895
3532.920, 10.04082
3534.848, 5.595043
3536.777, -1.049156
3538.705, -2.703109
3540.634, 3.299600
3542.562, 5.588167
3544.491, 3.460670
3546.419, -0.4206265
3548.348, -1.354739
3550.276, 2.656900
3552.205, 9.111712
3554.133, 1.854996
3556.062, 1.369392
3557.990, -0.1325313
3559.918, 2.990235
3561.847, 9.996501
3563.775, 0.5994014
3565.704, 9.152460
3567.632, 7.621750
3569.561, 1.854856
3571.489, -2.300126
3573.418, -3.808200
3575.346, -1.874938
3577.275, 11.68301
3579.203, 8.141921
3581.132, 7.244064
3583.060, 9.351932
3584.989, -1.197555
3586.917, 0.4694782
3588.845, 6.875950
3590.774, 10.20435
3592.702, 7.163105
3594.631, 1.960814
3596.559, 1.876362
3598.488, 2.066680
3600.416, -2.6001159E-02
3602.345, 2.682048
3604.273, 5.497879
3606.202, 5.750814
3608.130, 7.455712
3610.059, 6.397658
3611.987, 3.642214
3613.916, -0.5250742
3615.844, -0.6129202
3617.772, 4.137087
3619.701, 7.490561
3621.629, 1.493923
3623.558, -0.2291694
3625.486, 1.349358
3627.415, 0.4975609
3629.343, -1.206577
3631.272, 1.751180
3633.200, -5.161927
3635.129, 1.913846
3637.057, -1.790873
3638.986, -3.507774
3640.914, -0.6865965
3642.843, -3.641062
3644.771, -2.506478
3646.699, 1.258832
3648.628, -0.9114034
3650.556, -0.1060115
3652.485, 4.477944
3654.413, 7.494467
3656.342, 7.737057
3658.270, 6.578603
3660.199, 3.372739
3662.127, 1.113223
3664.056, 3.861507
3665.984, 9.651762
3667.913, 10.09542
3669.841, 0.6037464
3671.770, -5.151788
3673.698, -3.629754
3675.626, 2.982464
3677.555, 6.722285
3679.483, 3.896631
3681.412, 14.55455
3683.340, 8.381908
3685.269, 6.188862
3687.197, -3.082565
3689.126, -6.952460
3691.054, -0.4951464
3692.983, -3.711343
3694.911, 0.7080395
3696.840, 2.795745
3698.768, 6.590483
3700.697, 5.703043
3702.625, 0.9568440
3704.553, 1.040671
3706.482, 11.52721
3708.410, -3.068255
3710.339, -0.5908267
3712.267, 10.12317
3714.196, 9.018530
3716.124, 3.487808
3718.053, 9.328443
3719.981, 6.528394
3721.910, 3.233519
3723.838, -0.7466571
3725.767, -0.5673176
3727.695, -1.208531
3729.624, -4.152475
3731.552, -4.066220
3733.480, 3.159627
3735.409, 0.2983780
3737.337, 4.623063
3739.266, 1.026099
3741.194, 1.825718
3743.123, 6.853052
3745.051, 0.2799135
3746.980, -2.115908
3748.908, 2.354164
3750.837, 4.910531
3752.765, 6.152573
3754.694, 10.45869
3756.622, 12.63744
3758.551, 5.906358
3760.479, 0.4614220
3762.407, 1.552327
3764.336, 2.416981
3766.264, -1.062847
3768.193, 1.085830
3770.121, 5.849144
3772.050, 5.542349
3773.978, 5.451910
3775.907, 14.35721
3777.835, 13.21652
3779.764, 8.686410
3781.692, 11.56609
3783.621, 10.49035
3785.549, 4.267519
3787.478, 7.657160
3789.406, 14.77097
3791.334, 16.71906
3793.263, 8.852927
3795.191, 7.652292
3797.120, 5.717153
3799.048, 1.516295
3800.977, 0.1755340
3802.905, 0.2730227
3804.834, -9.036286
3806.762, 14.00779
3808.691, 13.55206
3810.619, 9.499239
3812.548, 6.287675
3814.476, 8.7089702E-02
3816.405, -3.041234
3818.333, 9.098178
3820.261, 4.339826
3822.190, -10.28294
3824.118, 0.5582719
3826.047, -0.1564522
3827.975, 0.6336923
3829.904, 2.695845
3831.832, -4.207960
3833.761, 8.952585
3835.689, 6.518068
3837.618, 4.833729
3839.546, 13.72106
3841.475, 10.76673
3843.403, -1.115918
3845.332, -2.810653
3847.260, 7.844657
3849.188, 9.842420
3851.117, 9.232869
3853.045, 19.07995
3854.974, 11.94158
3856.902, 6.085416
3858.831, 9.396243
3860.759, 9.547061
3862.688, 4.083369
3864.616, 3.995933
3866.545, 1.806472
3868.473, 9.256636
3870.402, 5.522781
3872.330, 3.498149
3874.259, 6.736169
3876.187, 4.610970
3878.115, 4.815458
3880.044, 11.52155
3881.972, 6.222980
3883.901, 2.384232
3885.829, 2.549167
3887.758, -2.391909
3889.686, -5.647447
3891.615, 3.368484
3893.543, 9.832750
3895.472, 6.046212
3897.400, 3.276161
3899.329, 9.659394
3901.257, 6.412441
3903.186, 6.026713
3905.114, 4.906693
3907.042, 14.32947
3908.971, 7.114062
3910.899, 1.029432
3912.828, 6.020535
3914.756, 9.792068
3916.685, 6.098730
3918.613, -1.864577
3920.542, 7.498061
3922.470, 5.1581580E-02
3924.399, -2.299144
3926.327, 7.988247
3928.256, 16.62506
3930.184, 9.578162
3932.113, 7.526648
3934.041, 17.33352
3935.969, -6.471219
3937.898, 4.440096
3939.826, 11.32815
3941.755, 10.62500
3943.683, 11.33362
3945.612, 3.225027
3947.540, 5.782100
3949.469, 6.915008
3951.397, -1.980542
3953.326, 1.679791
3955.254, 21.13976
3957.183, 1.493884
3959.111, 6.712223
3961.040, 9.717076
3962.968, 11.11558
3964.896, 4.323541
3966.825, 6.024137
3968.753, 11.56656
3970.682, 6.427015
3972.610, -4.513797
3974.539, -3.970016
3976.467, 7.577086
3978.396, -2.082842
3980.324, 13.00447
3982.253, 17.47699
3984.181, 9.582694
3986.110, 6.615340
3988.038, 3.307549
3989.967, 5.201006
3991.895, 9.747003
3993.823, 8.387970
3995.752, 8.059350
3997.680, 4.372597
3999.609, 3.4500651E-02
4001.537, 5.089764
4003.466, 5.932233
4005.394, 8.037138
4007.323, 5.538682
4009.251, 4.916857
4011.180, 7.808682
4013.108, 5.242920
4015.037, 1.882446
4016.965, 4.948950
4018.894, -4.055234
4020.822, 3.239574
4022.750, 10.62434
4024.679, -2.438453
4026.607, 2.415680
4028.536, 13.64728
4030.464, 14.60241
4032.393, 9.651476
4034.321, 12.17199
4036.250, 10.15592
4038.178, 3.346867
4040.107, 8.704516
4042.035, 7.269531
4043.964, -3.462088
4045.892, 9.324593
4047.821, 3.748941
4049.749, 18.03679
4051.677, 16.02139
4053.606, 5.070159
4055.534, 5.135405
4057.463, 9.879539
4059.391, 14.13789
4061.320, 17.01081
4063.248, 15.62415
4065.177, 12.88800
4067.105, 14.48589
4069.034, 12.49574
4070.962, 16.77072
4072.891, 9.980989
4074.819, 3.483773
4076.748, 7.7867493E-02
4078.676, 3.132576
4080.604, 2.383914
4082.533, 4.376918
4084.461, 5.353920
4086.390, 10.60647
4088.318, 11.83569
4090.247, 3.421663
4092.175, -0.5385282
4094.104, -1.792123
4096.032, 3.968541
4097.961, 11.85190
4099.889, 16.47593
4101.818, 15.41430
4103.746, 11.60471
4105.675, 8.739042
4107.603, 9.598779
4109.532, 12.84420
4111.460, 7.748258
4113.389, 3.849871
4115.317, 11.46797
4117.246, 19.76431
4119.174, 17.17615
4121.103, 10.14464
4123.031, 5.854353
4124.959, -0.1835129
4126.888, -1.794469
4128.816, 11.61744
4130.745, 4.044240
4132.673, 17.48455
4134.602, 12.49406
4136.530, 9.462650
4138.458, 5.738747
4140.387, 3.612704
4142.315, -4.136227
4144.244, 9.187431
4146.172, 8.482999
4148.101, 1.095889
4150.029, 6.236513
4151.958, 11.72620
4153.886, 11.79729
4155.815, 4.899335
4157.743, 1.273304
4159.672, 14.85708
4161.600, 6.539468
4163.529, 14.90521
4165.457, -1.273885
4167.386, 13.72081
4169.314, 4.431784
4171.243, 1.920580
4173.171, 3.480853
4175.100, 5.516157
4177.028, 8.062699
4178.957, 6.778630
4180.885, 9.033025
4182.813, 10.38187
4184.742, 3.612106
4186.670, 11.11773
4188.599, 16.43832
4190.527, 6.438845
4192.456, 5.865409
4194.384, 8.190743
4196.313, 14.16016
4198.241, 11.61130
4200.169, 17.15388
4202.098, -1.735240
4204.026, 10.25924
4205.955, 2.927369
4207.883, 1.129584
4209.812, 15.10546
4211.740, 18.05275
4213.669, 10.23663
4215.597, 10.04019
4217.526, 13.11447
4219.454, 7.954490
4221.383, 7.265684
4223.311, 23.20118
4225.240, 19.66179
4227.168, 10.79759
4229.097, 16.94913
4231.025, 12.80983
4232.954, 3.225232
4234.882, 2.772828
4236.811, 4.300756
4238.739, 8.865868
4240.667, 16.02041
4242.596, 16.99102
4244.524, 12.08672
4246.453, 2.811587
4248.381, -2.959340
4250.310, 17.30539
4252.238, 14.78347
4254.167, 2.815318
4256.095, 12.61662
4258.023, 23.69488
4259.952, 6.341579
4261.880, -1.821589
4263.809, 1.011796
4265.737, 10.00457
4267.666, 7.654716
4269.594, 1.965565
4271.523, 12.03237
4273.451, 4.131016
4275.380, 3.800626
4277.308, 19.69232
4279.237, 9.287109
4281.165, 6.894548
4283.094, 0.2406949
4285.022, -0.7083415
4286.951, 9.837664
4288.879, 9.249668
4290.808, 5.309373
4292.736, 13.12250
4294.665, 15.28599
4296.593, 12.95526
4298.521, 15.27157
##END=



