##NAMES=Cacoxenite
##RRUFFID=R070141
##IDEAL CHEMISTRY=Fe^3+^_24_AlO_6_(PO_4_)_17_(OH)_12_·75H_2_O
##LOCALITY=Rotläufchen Mine, Waldgirmes, Wetzlar, Hesse, Germany
##OWNER=RRUFF
##SOURCE=Michael Scott
##DESCRIPTION=Radial aggregates of brownish yellow acicular crystals
##STATUS=The identification of this mineral has been confirmed by single-crystal X-ray diffraction
##URL=https://www.rruff.net/odr/rruff_sample/R070141
##DIFFRACTION SAMPLE DESCRIPTION=Single crystal, powder profile is calculated
##CELL PARAMETERS=a: 27.53 b: 27.53 c: 10.563 alpha: 90 beta: 90 gamma: 120 volume: 6936 crystal system: hexagonal
##FILETYPE=Raman RAW
##RAMAN WAVELENGTH=532

194.2876, 1325.862
196.2161, 1346.266
198.1446, 1367.165
200.0730, 1388.106
202.0015, 1408.161
203.9300, 1430.100
205.8584, 1450.118
207.7869, 1463.502
209.7154, 1466.500
211.6438, 1469.861
213.5723, 1475.354
215.5008, 1483.411
217.4292, 1495.624
219.3577, 1518.020
221.2862, 1540.284
223.2146, 1553.126
225.1431, 1553.478
227.0716, 1554.576
229.0000, 1560.224
230.9285, 1570.963
232.8570, 1581.058
234.7854, 1593.422
236.7139, 1602.922
238.6424, 1605.721
240.5708, 1595.098
242.4993, 1591.509
244.4278, 1603.683
246.3562, 1628.090
248.2847, 1643.463
250.2132, 1643.199
252.1416, 1639.502
254.0701, 1639.254
255.9986, 1648.936
257.9271, 1654.037
259.8555, 1651.179
261.7840, 1643.292
263.7125, 1637.276
265.6409, 1636.692
267.5694, 1635.066
269.4979, 1628.394
271.4263, 1613.196
273.3548, 1603.933
275.2833, 1606.392
277.2117, 1615.203
279.1402, 1621.558
281.0687, 1625.361
282.9971, 1626.529
284.9256, 1623.784
286.8541, 1617.428
288.7825, 1611.373
290.7110, 1604.952
292.6395, 1599.514
294.5679, 1597.374
296.4964, 1596.728
298.4249, 1600.784
300.3533, 1614.672
302.2818, 1636.073
304.2103, 1651.722
306.1387, 1657.632
308.0672, 1658.717
309.9957, 1657.347
311.9241, 1652.423
313.8526, 1648.329
315.7811, 1647.225
317.7095, 1648.251
319.6380, 1646.994
321.5665, 1639.703
323.4949, 1633.008
325.4234, 1631.028
327.3519, 1633.617
329.2803, 1638.239
331.2088, 1646.093
333.1373, 1655.583
335.0657, 1662.663
336.9942, 1665.675
338.9227, 1668.175
340.8511, 1671.600
342.7796, 1675.598
344.7081, 1678.743
346.6365, 1679.626
348.5650, 1681.278
350.4935, 1685.025
352.4219, 1691.725
354.3504, 1695.816
356.2789, 1695.011
358.2073, 1690.541
360.1358, 1687.481
362.0643, 1685.100
363.9927, 1684.248
365.9212, 1687.071
367.8497, 1694.413
369.7781, 1699.362
371.7066, 1696.988
373.6351, 1691.196
375.5635, 1690.331
377.4920, 1697.450
379.4205, 1706.748
381.3489, 1718.515
383.2774, 1730.610
385.2059, 1734.411
387.1343, 1717.277
389.0628, 1700.883
390.9913, 1700.993
392.9197, 1722.876
394.8482, 1739.609
396.7767, 1741.468
398.7051, 1733.400
400.6336, 1725.370
402.5621, 1715.006
404.4905, 1707.540
406.4190, 1705.771
408.3475, 1709.286
410.2759, 1714.895
412.2044, 1726.399
414.1329, 1737.670
416.0613, 1742.699
417.9898, 1733.924
419.9183, 1729.903
421.8467, 1737.536
423.7752, 1749.517
425.7037, 1755.973
427.6321, 1752.408
429.5606, 1749.729
431.4891, 1748.418
433.4175, 1748.044
435.3460, 1748.125
437.2745, 1749.627
439.2029, 1752.098
441.1314, 1755.195
443.0599, 1761.591
444.9883, 1761.000
446.9168, 1750.236
448.8453, 1737.665
450.7737, 1732.541
452.7022, 1736.301
454.6307, 1736.298
456.5591, 1732.875
458.4876, 1725.807
460.4161, 1720.506
462.3445, 1715.218
464.2730, 1711.773
466.2015, 1714.197
468.1299, 1724.645
470.0584, 1734.028
471.9869, 1734.169
473.9153, 1726.724
475.8438, 1718.907
477.7723, 1710.324
479.7007, 1711.020
481.6292, 1725.232
483.5577, 1748.906
485.4861, 1767.588
487.4146, 1776.674
489.3431, 1779.663
491.2715, 1776.653
493.2000, 1767.486
495.1285, 1761.469
497.0569, 1766.467
498.9854, 1773.151
500.9139, 1773.904
502.8423, 1764.674
504.7708, 1755.775
506.6993, 1746.445
508.6277, 1737.919
510.5562, 1731.321
512.4847, 1725.162
514.4131, 1716.917
516.3416, 1709.266
518.2701, 1704.232
520.1985, 1701.789
522.1270, 1698.729
524.0555, 1691.782
525.9839, 1680.407
527.9124, 1666.466
529.8409, 1657.629
531.7693, 1654.854
533.6978, 1654.920
535.6263, 1655.769
537.5547, 1659.755
539.4832, 1665.620
541.4117, 1665.618
543.3401, 1659.244
545.2686, 1650.080
547.1971, 1649.420
549.1255, 1653.983
551.0540, 1660.152
552.9825, 1665.478
554.9109, 1674.855
556.8394, 1694.021
558.7679, 1713.067
560.6964, 1725.853
562.6248, 1726.141
564.5533, 1724.763
566.4818, 1730.543
568.4102, 1742.100
570.3387, 1757.021
572.2672, 1765.569
574.1956, 1771.258
576.1241, 1780.273
578.0526, 1791.672
579.9810, 1800.852
581.9095, 1804.116
583.8380, 1806.179
585.7664, 1806.672
587.6949, 1806.142
589.6234, 1805.574
591.5518, 1809.494
593.4803, 1811.545
595.4088, 1807.568
597.3372, 1797.403
599.2657, 1792.270
601.1942, 1797.779
603.1226, 1803.278
605.0511, 1802.815
606.9796, 1795.358
608.9080, 1789.910
610.8365, 1788.028
612.7650, 1789.136
614.6934, 1795.204
616.6219, 1805.522
618.5504, 1808.179
620.4788, 1796.435
622.4073, 1783.724
624.3358, 1781.729
626.2642, 1789.172
628.1927, 1790.386
630.1212, 1783.808
632.0496, 1775.813
633.9781, 1768.549
635.9066, 1754.464
637.8350, 1744.701
639.7635, 1747.185
641.6920, 1761.094
643.6204, 1769.148
645.5489, 1763.586
647.4774, 1760.191
649.4058, 1764.724
651.3343, 1771.554
653.2628, 1775.752
655.1912, 1779.108
657.1197, 1781.228
659.0482, 1777.924
660.9766, 1773.685
662.9051, 1774.831
664.8336, 1777.387
666.7620, 1779.237
668.6905, 1782.716
670.6190, 1790.063
672.5474, 1794.939
674.4759, 1791.225
676.4044, 1788.748
678.3328, 1794.056
680.2613, 1812.819
682.1898, 1820.868
684.1182, 1809.984
686.0467, 1794.394
687.9752, 1783.619
689.9036, 1778.217
691.8321, 1776.287
693.7606, 1779.384
695.6890, 1783.760
697.6175, 1788.222
699.5460, 1792.710
701.4744, 1795.160
703.4029, 1794.205
705.3314, 1792.184
707.2598, 1789.953
709.1883, 1786.838
711.1168, 1786.144
713.0452, 1790.243
714.9737, 1795.969
716.9022, 1798.320
718.8306, 1795.343
720.7591, 1792.868
722.6876, 1794.446
724.6160, 1796.840
726.5445, 1794.566
728.4730, 1779.642
730.4014, 1773.202
732.3299, 1785.310
734.2584, 1807.267
736.1868, 1818.053
738.1153, 1813.026
740.0438, 1808.153
741.9722, 1808.734
743.9007, 1813.104
745.8292, 1817.996
747.7576, 1826.124
749.6861, 1831.714
751.6146, 1831.564
753.5430, 1827.350
755.4715, 1826.310
757.4000, 1830.852
759.3284, 1834.334
761.2569, 1830.742
763.1854, 1823.188
765.1138, 1824.338
767.0423, 1847.098
768.9708, 1865.440
770.8992, 1871.437
772.8277, 1867.051
774.7562, 1863.743
776.6846, 1862.797
778.6131, 1861.919
780.5416, 1858.209
782.4700, 1852.204
784.3985, 1850.859
786.3270, 1862.234
788.2554, 1870.287
790.1839, 1867.048
792.1124, 1858.096
794.0408, 1858.253
795.9693, 1871.909
797.8978, 1886.479
799.8262, 1898.727
801.7547, 1907.958
803.6832, 1912.020
805.6116, 1901.741
807.5401, 1896.388
809.4686, 1904.914
811.3970, 1924.047
813.3255, 1933.870
815.2540, 1930.076
817.1824, 1925.512
819.1109, 1927.198
821.0394, 1931.731
822.9678, 1934.373
824.8963, 1931.531
826.8248, 1932.726
828.7532, 1940.157
830.6817, 1948.150
832.6102, 1950.049
834.5386, 1943.090
836.4671, 1939.032
838.3956, 1944.600
840.3240, 1956.865
842.2525, 1967.316
844.1810, 1974.745
846.1094, 1977.158
848.0379, 1977.322
849.9664, 1979.743
851.8948, 1979.893
853.8233, 1973.955
855.7518, 1969.452
857.6802, 1976.310
859.6087, 1994.527
861.5372, 2008.010
863.4656, 2011.512
865.3941, 2009.434
867.3226, 2006.810
869.2510, 2007.582
871.1795, 2011.538
873.1080, 2017.883
875.0364, 2024.644
876.9649, 2032.897
878.8934, 2041.024
880.8218, 2046.405
882.7503, 2047.268
884.6788, 2046.265
886.6072, 2043.557
888.5357, 2049.155
890.4642, 2061.660
892.3926, 2075.942
894.3211, 2083.698
896.2496, 2086.538
898.1780, 2090.824
900.1065, 2096.080
902.0350, 2100.223
903.9634, 2102.407
905.8919, 2104.714
907.8204, 2110.386
909.7488, 2116.011
911.6773, 2121.119
913.6058, 2124.427
915.5342, 2123.731
917.4627, 2123.071
919.3912, 2131.591
921.3196, 2144.526
923.2481, 2156.318
925.1766, 2166.780
927.1050, 2183.405
929.0335, 2190.187
930.9620, 2182.438
932.8904, 2174.897
934.8189, 2183.000
936.7474, 2206.598
938.6758, 2224.664
940.6043, 2232.945
942.5328, 2245.175
944.4612, 2268.560
946.3897, 2291.139
948.3182, 2302.372
950.2467, 2318.214
952.1752, 2336.468
954.1036, 2350.991
956.0321, 2358.140
957.9606, 2367.786
959.8890, 2376.655
961.8175, 2384.605
963.7460, 2394.996
965.6744, 2409.919
967.6029, 2423.670
969.5314, 2438.063
971.4598, 2449.422
973.3883, 2448.513
975.3168, 2428.915
977.2452, 2408.177
979.1737, 2410.838
981.1022, 2429.656
983.0306, 2441.866
984.9591, 2439.436
986.8876, 2433.002
988.8160, 2434.818
990.7445, 2438.995
992.6730, 2440.578
994.6014, 2438.354
996.5299, 2436.225
998.4584, 2436.899
1000.387, 2455.279
1002.315, 2478.394
1004.244, 2495.080
1006.172, 2502.107
1008.101, 2506.770
1010.029, 2517.211
1011.958, 2530.080
1013.886, 2540.084
1015.815, 2546.885
1017.743, 2552.046
1019.672, 2560.276
1021.600, 2567.088
1023.528, 2573.697
1025.457, 2580.028
1027.385, 2585.088
1029.314, 2585.089
1031.242, 2588.219
1033.171, 2593.480
1035.099, 2592.932
1037.028, 2587.885
1038.956, 2585.683
1040.885, 2582.316
1042.813, 2570.769
1044.742, 2569.424
1046.670, 2582.682
1048.599, 2594.827
1050.527, 2594.375
1052.455, 2588.765
1054.384, 2592.327
1056.312, 2601.779
1058.241, 2606.976
1060.169, 2600.330
1062.098, 2601.056
1064.026, 2605.643
1065.955, 2609.289
1067.883, 2623.246
1069.812, 2652.591
1071.740, 2677.405
1073.669, 2684.044
1075.597, 2684.752
1077.526, 2693.054
1079.454, 2711.448
1081.382, 2724.477
1083.311, 2724.943
1085.239, 2720.841
1087.168, 2717.702
1089.096, 2716.984
1091.025, 2714.785
1092.953, 2714.053
1094.882, 2704.447
1096.810, 2681.249
1098.739, 2653.719
1100.667, 2637.389
1102.596, 2637.199
1104.524, 2637.762
1106.453, 2630.414
1108.381, 2619.257
1110.309, 2613.285
1112.238, 2614.912
1114.166, 2616.275
1116.095, 2616.390
1118.023, 2612.517
1119.952, 2606.828
1121.880, 2601.571
1123.809, 2597.284
1125.737, 2592.824
1127.666, 2589.772
1129.594, 2590.657
1131.523, 2592.549
1133.451, 2590.823
1135.380, 2583.113
1137.308, 2577.358
1139.236, 2577.272
1141.165, 2580.810
1143.093, 2583.297
1145.022, 2583.764
1146.950, 2582.820
1148.879, 2583.377
1150.807, 2581.814
1152.736, 2571.567
1154.664, 2553.691
1156.593, 2546.296
1158.521, 2559.644
1160.450, 2568.414
1162.378, 2561.999
1164.307, 2550.098
1166.235, 2548.399
1168.163, 2558.435
1170.092, 2564.728
1172.020, 2562.771
1173.949, 2557.362
1175.877, 2548.709
1177.806, 2538.064
1179.734, 2537.024
1181.663, 2558.255
1183.591, 2571.030
1185.520, 2563.113
1187.448, 2544.977
1189.377, 2533.212
1191.305, 2527.301
1193.234, 2529.778
1195.162, 2552.723
1197.090, 2574.500
1199.019, 2574.452
1200.947, 2554.718
1202.876, 2545.742
1204.804, 2557.282
1206.733, 2568.414
1208.661, 2567.830
1210.590, 2561.223
1212.518, 2556.610
1214.447, 2553.208
1216.375, 2557.454
1218.304, 2577.742
1220.232, 2598.101
1222.161, 2610.298
1224.089, 2614.118
1226.017, 2615.710
1227.946, 2617.922
1229.874, 2618.328
1231.803, 2613.346
1233.731, 2604.334
1235.660, 2599.952
1237.588, 2596.928
1239.517, 2592.791
1241.445, 2589.589
1243.374, 2591.523
1245.302, 2595.467
1247.231, 2597.135
1249.159, 2602.161
1251.088, 2610.484
1253.016, 2615.747
1254.944, 2617.288
1256.873, 2623.498
1258.801, 2623.119
1260.730, 2603.473
1262.658, 2596.614
1264.587, 2618.903
1266.515, 2643.707
1268.444, 2651.925
1270.372, 2643.394
1272.301, 2640.751
1274.229, 2643.657
1276.158, 2644.386
1278.086, 2643.182
1280.015, 2642.834
1281.943, 2639.451
1283.871, 2631.266
1285.800, 2626.703
1287.728, 2628.237
1289.657, 2635.671
1291.585, 2652.390
1293.514, 2669.878
1295.442, 2682.473
1297.371, 2690.615
1299.299, 2691.297
1301.228, 2679.756
1303.156, 2670.133
1305.085, 2672.278
1307.013, 2683.936
1308.942, 2689.857
1310.870, 2685.781
1312.798, 2683.035
1314.727, 2686.923
1316.655, 2696.180
1318.584, 2705.295
1320.512, 2704.069
1322.441, 2706.211
1324.369, 2722.162
1326.298, 2735.813
1328.226, 2733.972
1330.155, 2721.375
1332.083, 2717.396
1334.012, 2726.864
1335.940, 2736.312
1337.869, 2741.802
1339.797, 2745.095
1341.725, 2747.469
1343.654, 2750.710
1345.582, 2757.525
1347.511, 2764.500
1349.439, 2769.374
1351.368, 2778.864
1353.296, 2789.867
1355.225, 2793.019
1357.153, 2780.937
1359.082, 2768.289
1361.010, 2757.533
1362.939, 2754.238
1364.867, 2762.938
1366.796, 2778.723
1368.724, 2791.785
1370.652, 2795.654
1372.581, 2797.122
1374.509, 2805.897
1376.438, 2817.238
1378.366, 2823.259
1380.295, 2822.286
1382.223, 2821.850
1384.152, 2826.391
1386.080, 2830.109
1388.009, 2826.306
1389.937, 2823.430
1391.866, 2827.671
1393.794, 2838.640
1395.723, 2858.191
1397.651, 2895.590
1399.579, 2921.927
1401.508, 2913.183
1403.436, 2891.248
1405.365, 2878.439
1407.293, 2878.219
1409.222, 2886.864
1411.150, 2901.054
1413.079, 2908.176
1415.007, 2917.805
1416.936, 2928.946
1418.864, 2933.313
1420.793, 2927.413
1422.721, 2920.600
1424.650, 2903.038
1426.578, 2891.462
1428.506, 2901.803
1430.435, 2923.356
1432.363, 2939.047
1434.292, 2946.678
1436.220, 2953.517
1438.149, 2956.977
1440.077, 2957.645
1442.006, 2962.467
1443.934, 2971.741
1445.863, 2976.242
1447.791, 2970.454
1449.720, 2970.370
1451.648, 2989.724
1453.577, 3009.511
1455.505, 3014.825
1457.433, 3008.059
1459.362, 2999.850
1461.290, 2991.057
1463.219, 2989.175
1465.147, 2999.552
1467.076, 3013.568
1469.004, 3028.373
1470.933, 3037.985
1472.861, 3030.757
1474.790, 3005.609
1476.718, 2995.708
1478.647, 3014.614
1480.575, 3035.461
1482.504, 3049.120
1484.432, 3057.053
1486.360, 3059.857
1488.289, 3057.231
1490.217, 3052.222
1492.146, 3037.028
1494.074, 3033.657
1496.003, 3058.899
1497.931, 3091.672
1499.860, 3106.631
1501.788, 3100.874
1503.717, 3095.871
1505.645, 3090.914
1507.574, 3091.968
1509.502, 3099.500
1511.431, 3110.447
1513.359, 3126.072
1515.287, 3148.511
1517.216, 3158.595
1519.144, 3142.728
1521.073, 3131.019
1523.001, 3132.369
1524.930, 3138.740
1526.858, 3141.515
1528.787, 3140.579
1530.715, 3141.861
1532.644, 3145.312
1534.572, 3151.251
1536.501, 3162.272
1538.429, 3173.977
1540.358, 3181.783
1542.286, 3185.574
1544.214, 3190.643
1546.143, 3198.598
1548.071, 3204.579
1550.000, 3206.477
1551.928, 3207.623
1553.857, 3209.965
1555.785, 3212.274
1557.714, 3213.545
1559.642, 3214.491
1561.571, 3215.143
1563.499, 3210.401
1565.428, 3211.668
1567.356, 3234.288
1569.285, 3260.538
1571.213, 3259.921
1573.141, 3233.374
1575.070, 3219.898
1576.998, 3228.052
1578.927, 3238.578
1580.855, 3245.240
1582.784, 3251.414
1584.712, 3259.376
1586.641, 3269.344
1588.569, 3284.515
1590.498, 3309.445
1592.426, 3323.482
1594.355, 3313.703
1596.283, 3299.832
1598.212, 3292.956
1600.140, 3291.183
1602.068, 3290.310
1603.997, 3290.042
1605.925, 3295.242
1607.854, 3311.526
1609.782, 3324.642
1611.711, 3320.931
1613.639, 3316.008
1615.568, 3332.523
1617.496, 3367.151
1619.425, 3381.804
1621.353, 3363.778
1623.282, 3351.865
1625.210, 3365.725
1627.139, 3382.456
1629.067, 3385.935
1630.995, 3379.572
1632.924, 3370.916
1634.852, 3358.451
1636.781, 3357.413
1638.709, 3379.771
1640.638, 3399.628
1642.566, 3400.732
1644.495, 3395.085
1646.423, 3397.360
1648.352, 3406.660
1650.280, 3416.427
1652.209, 3426.891
1654.137, 3435.877
1656.066, 3446.715
1657.994, 3451.394
1659.922, 3436.337
1661.851, 3413.143
1663.779, 3415.336
1665.708, 3447.381
1667.636, 3467.831
1669.565, 3462.276
1671.493, 3458.978
1673.422, 3476.948
1675.350, 3497.183
1677.279, 3498.681
1679.207, 3485.106
1681.136, 3478.706
1683.064, 3482.219
1684.993, 3486.464
1686.921, 3487.704
1688.849, 3491.391
1690.778, 3504.977
1692.706, 3520.488
1694.635, 3523.800
1696.563, 3515.379
1698.492, 3511.170
1700.420, 3514.109
1702.349, 3517.419
1704.277, 3516.915
1706.206, 3518.434
1708.134, 3527.296
1710.063, 3540.533
1711.991, 3551.894
1713.920, 3561.215
1715.848, 3570.694
1717.776, 3585.511
1719.705, 3590.044
1721.633, 3565.529
1723.562, 3539.775
1725.490, 3536.991
1727.419, 3550.914
1729.347, 3564.054
1731.276, 3575.613
1733.204, 3588.830
1735.133, 3609.648
1737.061, 3622.536
1738.990, 3609.049
1740.918, 3593.638
1742.847, 3605.191
1744.775, 3634.933
1746.703, 3649.751
1748.632, 3645.650
1750.560, 3643.084
1752.489, 3644.892
1754.417, 3650.243
1756.346, 3665.074
1758.274, 3678.692
1760.203, 3674.050
1762.131, 3657.022
1764.060, 3657.339
1765.988, 3681.240
1767.917, 3698.531
1769.845, 3699.681
1771.774, 3699.470
1773.702, 3702.802
1775.630, 3708.345
1777.559, 3716.012
1779.487, 3725.036
1781.416, 3729.836
1783.344, 3728.030
1785.273, 3729.960
1787.201, 3737.905
1789.130, 3748.154
1791.058, 3765.785
1792.987, 3780.036
1794.915, 3776.104
1796.844, 3758.254
1798.772, 3748.669
1800.701, 3747.586
1802.629, 3754.814
1804.557, 3780.134
1806.486, 3800.416
1808.414, 3803.800
1810.343, 3804.838
1812.271, 3817.297
1814.200, 3837.460
1816.128, 3853.456
1818.057, 3867.181
1819.985, 3870.457
1821.914, 3841.530
1823.842, 3834.397
1825.771, 3886.075
1827.699, 3933.277
1829.628, 3926.198
1831.556, 3890.298
1833.484, 3878.492
1835.413, 3892.633
1837.341, 3900.285
1839.270, 3896.377
1841.198, 3896.288
1843.127, 3905.162
1845.055, 3916.038
1846.984, 3928.944
1848.912, 3939.713
1850.841, 3939.556
1852.769, 3931.847
1854.698, 3937.815
1856.626, 3962.649
1858.555, 3971.059
1860.483, 3948.506
1862.411, 3925.088
1864.340, 3906.008
1866.268, 3897.524
1868.197, 3913.095
1870.125, 3940.664
1872.054, 3950.659
1873.982, 3942.529
1875.911, 3943.873
1877.839, 3958.947
1879.768, 3978.623
1881.696, 4015.093
1883.625, 4038.765
1885.553, 4023.774
1887.482, 3994.606
1889.410, 3981.871
1891.339, 3983.768
1893.267, 3984.919
1895.195, 3979.258
1897.124, 3987.392
1899.052, 4028.117
1900.981, 4055.727
1902.909, 4050.740
1904.838, 4038.656
1906.766, 4034.622
1908.695, 4036.581
1910.623, 4041.547
1912.552, 4049.711
1914.480, 4056.192
1916.409, 4059.747
1918.337, 4065.516
1920.266, 4075.646
1922.194, 4085.858
1924.122, 4095.425
1926.051, 4103.622
1927.979, 4112.164
1929.908, 4118.152
1931.836, 4111.820
1933.765, 4094.282
1935.693, 4086.755
1937.622, 4090.995
1939.550, 4106.031
1941.479, 4149.604
1943.407, 4176.875
1945.336, 4151.023
1947.264, 4115.359
1949.193, 4109.044
1951.121, 4123.834
1953.049, 4139.513
1954.978, 4156.114
1956.906, 4173.088
1958.835, 4204.939
1960.763, 4213.399
1962.692, 4167.760
1964.620, 4136.327
1966.549, 4153.898
1968.477, 4186.362
1970.406, 4207.811
1972.334, 4220.320
1974.263, 4229.473
1976.191, 4235.443
1978.120, 4229.306
1980.048, 4203.678
1981.976, 4194.498
1983.905, 4221.178
1985.833, 4240.347
1987.762, 4222.518
1989.690, 4204.144
1991.619, 4217.495
1993.547, 4245.288
1995.476, 4257.401
1997.404, 4257.236
1999.333, 4272.751
2001.261, 4312.410
2003.190, 4331.354
2005.118, 4306.375
2007.047, 4287.603
2008.975, 4292.612
2010.903, 4299.327
2012.832, 4288.133
2014.760, 4276.751
2016.689, 4293.149
2018.617, 4329.505
2020.546, 4350.400
2022.474, 4355.195
2024.403, 4345.253
2026.331, 4305.110
2028.260, 4294.350
2030.188, 4348.877
2032.117, 4393.162
2034.045, 4381.757
2035.974, 4362.753
2037.902, 4380.233
2039.830, 4410.759
2041.759, 4413.017
2043.687, 4392.495
2045.616, 4384.670
2047.544, 4393.539
2049.473, 4398.195
2051.401, 4388.945
2053.330, 4388.270
2055.258, 4403.931
2057.187, 4424.373
2059.115, 4450.912
2061.044, 4473.718
2062.972, 4484.488
2064.901, 4484.078
2066.829, 4468.629
2068.758, 4438.698
2070.686, 4433.313
2072.615, 4458.269
2074.543, 4477.168
2076.471, 4484.190
2078.400, 4487.689
2080.328, 4485.775
2082.257, 4487.447
2084.185, 4505.723
2086.114, 4522.367
2088.042, 4514.656
2089.971, 4494.701
2091.899, 4488.275
2093.828, 4494.936
2095.756, 4503.455
2097.685, 4515.063
2099.613, 4525.343
2101.542, 4532.012
2103.470, 4540.993
2105.398, 4563.332
2107.327, 4574.491
2109.255, 4554.781
2111.184, 4530.917
2113.112, 4519.462
2115.041, 4519.521
2116.969, 4538.264
2118.898, 4567.420
2120.826, 4568.356
2122.755, 4538.266
2124.683, 4529.035
2126.612, 4551.727
2128.540, 4576.505
2130.469, 4609.133
2132.397, 4627.916
2134.325, 4613.424
2136.254, 4599.000
2138.182, 4606.832
2140.111, 4622.891
2142.039, 4635.021
2143.968, 4642.151
2145.896, 4636.559
2147.825, 4620.963
2149.753, 4625.440
2151.682, 4653.710
2153.610, 4667.118
2155.539, 4654.071
2157.467, 4647.657
2159.396, 4661.564
2161.324, 4675.604
2163.252, 4682.569
2165.181, 4687.083
2167.109, 4692.409
2169.038, 4696.866
2170.966, 4698.059
2172.895, 4696.818
2174.823, 4694.302
2176.752, 4690.703
2178.680, 4692.915
2180.609, 4701.528
2182.537, 4711.374
2184.466, 4722.759
2186.394, 4731.933
2188.323, 4734.837
2190.251, 4741.386
2192.179, 4764.380
2194.108, 4781.196
2196.036, 4774.077
2197.965, 4758.011
2199.893, 4741.499
2201.822, 4730.698
2203.750, 4744.499
2205.679, 4778.175
2207.607, 4791.170
2209.536, 4782.595
2211.464, 4770.955
2213.393, 4755.046
2215.321, 4749.627
2217.250, 4759.806
2219.178, 4773.596
2221.106, 4792.534
2223.035, 4807.077
2224.963, 4810.292
2226.892, 4811.008
2228.820, 4817.395
2230.749, 4823.266
2232.677, 4815.708
2234.606, 4803.653
2236.534, 4813.547
2238.463, 4841.370
2240.391, 4852.081
2242.320, 4845.010
2244.248, 4845.233
2246.177, 4855.166
2248.105, 4871.999
2250.033, 4907.008
2251.962, 4922.936
2253.890, 4888.375
2255.819, 4864.354
2257.747, 4891.211
2259.676, 4915.029
2261.604, 4890.563
2263.533, 4856.161
2265.461, 4848.867
2267.390, 4860.517
2269.318, 4879.034
2271.247, 4903.344
2273.175, 4937.627
2275.104, 4978.942
2277.032, 4980.369
2278.960, 4926.860
2280.889, 4901.740
2282.817, 4935.919
2284.746, 4954.542
2286.674, 4944.341
2288.603, 4932.310
2290.531, 4911.551
2292.460, 4907.067
2294.388, 4938.744
2296.317, 4976.892
2298.245, 5018.081
2300.174, 5041.737
2302.102, 5005.631
2304.031, 4950.938
2305.959, 4953.726
2307.887, 4997.638
2309.816, 5024.177
2311.744, 5033.328
2313.673, 5030.503
2315.601, 5013.990
2317.530, 4995.991
2319.458, 4973.798
2321.387, 4969.320
2323.315, 4993.295
2325.244, 5011.297
2327.172, 5006.837
2329.101, 5007.694
2331.029, 5034.988
2332.958, 5054.593
2334.886, 5041.216
2336.814, 5022.884
2338.743, 5016.107
2340.671, 5019.923
2342.600, 5042.100
2344.528, 5068.978
2346.457, 5076.493
2348.385, 5068.538
2350.314, 5049.184
2352.242, 5021.703
2354.171, 5019.602
2356.099, 5046.588
2358.028, 5074.601
2359.956, 5111.434
2361.885, 5125.290
2363.813, 5105.000
2365.741, 5092.910
2367.670, 5099.558
2369.598, 5103.477
2371.527, 5094.455
2373.455, 5088.941
2375.384, 5093.016
2377.312, 5103.609
2379.241, 5130.285
2381.169, 5150.097
2383.098, 5134.558
2385.026, 5112.637
2386.955, 5119.858
2388.883, 5139.762
2390.812, 5140.617
2392.740, 5135.051
2394.668, 5160.734
2396.597, 5208.113
2398.525, 5225.403
2400.454, 5212.210
2402.382, 5203.059
2404.311, 5199.204
2406.239, 5194.009
2408.168, 5187.199
2410.096, 5178.622
2412.025, 5163.980
2413.953, 5167.145
2415.882, 5205.260
2417.810, 5228.683
2419.739, 5206.213
2421.667, 5192.383
2423.595, 5216.302
2425.524, 5235.712
2427.452, 5221.308
2429.381, 5209.271
2431.309, 5229.691
2433.238, 5252.480
2435.166, 5255.664
2437.095, 5247.945
2439.023, 5233.682
2440.952, 5218.247
2442.880, 5204.292
2444.809, 5198.062
2446.737, 5224.255
2448.666, 5271.662
2450.594, 5285.148
2452.522, 5269.996
2454.451, 5263.903
2456.379, 5267.350
2458.308, 5273.437
2460.236, 5282.515
2462.165, 5287.117
2464.093, 5288.872
2466.022, 5278.951
2467.950, 5242.126
2469.879, 5237.298
2471.807, 5289.177
2473.736, 5311.411
2475.664, 5267.800
2477.593, 5240.022
2479.521, 5269.636
2481.449, 5295.029
2483.378, 5297.362
2485.306, 5288.523
2487.235, 5254.275
2489.163, 5235.492
2491.092, 5275.939
2493.020, 5314.254
2494.949, 5300.060
2496.877, 5277.463
2498.806, 5288.420
2500.734, 5308.575
2502.663, 5311.277
2504.591, 5304.214
2506.520, 5292.785
2508.448, 5283.625
2510.376, 5294.256
2512.305, 5316.249
2514.233, 5329.212
2516.162, 5335.126
2518.090, 5343.737
2520.019, 5353.107
2521.947, 5346.057
2523.876, 5322.571
2525.804, 5306.695
2527.733, 5298.263
2529.661, 5311.470
2531.590, 5347.618
2533.518, 5358.859
2535.447, 5334.765
2537.375, 5335.393
2539.303, 5391.034
2541.232, 5408.841
2543.160, 5364.957
2545.089, 5342.129
2547.017, 5351.036
2548.946, 5369.235
2550.874, 5397.727
2552.803, 5419.581
2554.731, 5433.769
2556.660, 5434.482
2558.588, 5409.947
2560.517, 5388.021
2562.445, 5367.268
2564.374, 5365.471
2566.302, 5401.944
2568.230, 5434.331
2570.159, 5440.577
2572.087, 5440.193
2574.016, 5442.152
2575.944, 5442.008
2577.873, 5426.838
2579.801, 5421.254
2581.730, 5459.653
2583.658, 5493.484
2585.587, 5483.674
2587.515, 5458.468
2589.444, 5431.160
2591.372, 5413.072
2593.301, 5423.623
2595.229, 5442.750
2597.157, 5439.762
2599.086, 5436.062
2601.014, 5469.968
2602.943, 5514.101
2604.871, 5535.407
2606.800, 5536.716
2608.728, 5511.387
2610.657, 5476.474
2612.585, 5469.798
2614.514, 5481.199
2616.442, 5487.896
2618.371, 5490.559
2620.299, 5485.178
2622.228, 5478.890
2624.156, 5499.811
2626.084, 5538.630
2628.013, 5556.593
2629.941, 5555.443
2631.870, 5535.166
2633.798, 5505.073
2635.727, 5518.579
2637.655, 5567.606
2639.584, 5584.610
2641.512, 5571.876
2643.441, 5575.184
2645.369, 5594.570
2647.298, 5593.357
2649.226, 5573.688
2651.155, 5560.421
2653.083, 5554.820
2655.011, 5565.573
2656.940, 5594.733
2658.868, 5606.794
2660.797, 5599.420
2662.725, 5595.077
2664.654, 5593.932
2666.582, 5605.862
2668.511, 5632.229
2670.439, 5629.012
2672.368, 5584.627
2674.296, 5562.793
2676.225, 5566.055
2678.153, 5580.063
2680.082, 5605.604
2682.010, 5621.043
2683.938, 5624.223
2685.867, 5623.315
2687.795, 5613.991
2689.724, 5623.901
2691.652, 5660.416
2693.581, 5678.785
2695.509, 5676.538
2697.438, 5665.271
2699.366, 5642.645
2701.295, 5647.156
2703.223, 5699.935
2705.152, 5717.132
2707.080, 5691.789
2709.009, 5664.718
2710.937, 5637.135
2712.865, 5611.768
2714.794, 5585.576
2716.722, 5590.939
2718.651, 5644.585
2720.579, 5681.854
2722.508, 5703.184
2724.436, 5699.325
2726.365, 5667.263
2728.293, 5653.920
2730.222, 5667.671
2732.150, 5670.174
2734.079, 5654.544
2736.007, 5647.271
2737.936, 5647.966
2739.864, 5665.341
2741.792, 5700.792
2743.721, 5719.648
2745.649, 5716.301
2747.578, 5716.605
2749.506, 5721.588
2751.435, 5726.981
2753.363, 5732.808
2755.292, 5735.158
2757.220, 5734.037
2759.149, 5746.843
2761.077, 5776.158
2763.006, 5790.095
2764.934, 5788.371
2766.863, 5769.931
2768.791, 5738.083
2770.719, 5739.454
2772.648, 5772.506
2774.576, 5779.954
2776.505, 5763.147
2778.433, 5757.491
2780.362, 5762.413
2782.290, 5774.688
2784.219, 5792.041
2786.147, 5801.002
2788.076, 5804.533
2790.004, 5823.923
2791.933, 5851.644
2793.861, 5843.371
2795.790, 5813.703
2797.718, 5818.448
2799.646, 5840.606
2801.575, 5825.679
2803.503, 5794.396
2805.432, 5807.867
2807.360, 5841.799
2809.289, 5834.793
2811.217, 5812.684
2813.146, 5824.678
2815.074, 5847.356
2817.003, 5837.073
2818.931, 5818.162
2820.860, 5823.713
2822.788, 5845.087
2824.717, 5887.455
2826.645, 5922.100
2828.573, 5906.369
2830.502, 5881.162
2832.430, 5894.041
2834.359, 5907.041
2836.287, 5879.704
2838.216, 5853.451
2840.144, 5862.188
2842.073, 5875.594
2844.001, 5880.134
2845.930, 5873.821
2847.858, 5840.725
2849.787, 5821.716
2851.715, 5837.478
2853.644, 5867.364
2855.572, 5930.924
2857.500, 5958.786
2859.429, 5897.605
2861.357, 5866.760
2863.286, 5910.223
2865.214, 5940.583
2867.143, 5920.068
2869.071, 5910.455
2871.000, 5927.761
2872.928, 5934.812
2874.857, 5925.490
2876.785, 5921.494
2878.714, 5925.875
2880.642, 5937.124
2882.571, 5960.717
2884.499, 5967.881
2886.427, 5958.145
2888.356, 5946.774
2890.284, 5935.196
2892.213, 5940.783
2894.141, 5961.603
2896.070, 5951.435
2897.998, 5919.170
2899.927, 5935.062
2901.855, 5979.398
2903.784, 5990.125
2905.712, 5976.962
2907.641, 5953.533
2909.569, 5932.660
2911.498, 5949.287
2913.426, 5976.008
2915.354, 5970.001
2917.283, 5961.049
2919.211, 5989.652
2921.140, 6024.110
2923.068, 6045.586
2924.997, 6047.009
2926.925, 5998.274
2928.854, 5965.376
2930.782, 5999.699
2932.711, 6038.652
2934.639, 6063.041
2936.568, 6073.424
2938.496, 6052.605
2940.425, 6059.860
2942.353, 6159.622
2944.281, 6192.031
2946.210, 6117.012
2948.138, 6071.754
2950.067, 6076.340
2951.995, 6081.541
2953.924, 6083.588
2955.852, 6073.325
2957.781, 6049.966
2959.709, 6041.795
2961.638, 6048.037
2963.566, 6061.162
2965.495, 6077.816
2967.423, 6081.581
2969.352, 6078.609
2971.280, 6090.996
2973.208, 6106.956
2975.137, 6103.111
2977.065, 6094.608
2978.994, 6104.516
2980.922, 6117.085
2982.851, 6112.060
2984.779, 6110.044
2986.708, 6134.968
2988.636, 6152.318
2990.565, 6133.293
2992.493, 6119.093
2994.422, 6124.668
2996.350, 6130.935
2998.279, 6129.902
3000.207, 6135.117
3002.135, 6156.048
3004.064, 6162.864
3005.992, 6153.461
3007.921, 6128.489
3009.849, 6085.135
3011.778, 6089.240
3013.706, 6139.328
3015.635, 6153.340
3017.563, 6141.044
3019.492, 6135.913
3021.420, 6139.305
3023.349, 6159.129
3025.277, 6184.572
3027.206, 6203.354
3029.134, 6211.126
3031.063, 6186.502
3032.991, 6173.060
3034.919, 6224.905
3036.848, 6267.859
3038.776, 6271.591
3040.705, 6248.795
3042.633, 6179.636
3044.562, 6134.804
3046.490, 6130.038
3048.419, 6158.215
3050.347, 6226.477
3052.276, 6261.300
3054.204, 6248.866
3056.133, 6259.560
3058.061, 6293.571
3059.990, 6322.382
3061.918, 6337.761
3063.846, 6288.068
3065.775, 6218.199
3067.703, 6236.118
3069.632, 6285.669
3071.560, 6290.377
3073.489, 6282.811
3075.417, 6284.871
3077.346, 6291.935
3079.274, 6303.558
3081.203, 6315.982
3083.131, 6331.651
3085.060, 6337.936
3086.988, 6319.733
3088.917, 6317.584
3090.845, 6338.144
3092.773, 6350.918
3094.702, 6353.996
3096.630, 6349.910
3098.559, 6339.777
3100.487, 6328.772
3102.416, 6318.084
3104.344, 6303.520
3106.273, 6299.806
3108.201, 6359.360
3110.130, 6408.329
3112.058, 6330.783
3113.987, 6262.122
3115.915, 6291.809
3117.844, 6342.491
3119.772, 6409.817
3121.700, 6431.638
3123.629, 6377.651
3125.557, 6374.336
3127.486, 6463.800
3129.414, 6471.859
3131.343, 6383.896
3133.271, 6356.549
3135.200, 6380.311
3137.128, 6423.629
3139.057, 6467.775
3140.985, 6467.485
3142.914, 6446.135
3144.842, 6421.354
3146.771, 6408.634
3148.699, 6438.354
3150.627, 6454.029
3152.556, 6406.156
3154.484, 6392.618
3156.413, 6458.374
3158.341, 6486.806
3160.270, 6431.427
3162.198, 6425.596
3164.127, 6467.720
3166.055, 6488.478
3167.984, 6494.270
3169.912, 6539.539
3171.841, 6596.912
3173.769, 6605.372
3175.698, 6587.797
3177.626, 6553.511
3179.554, 6526.546
3181.483, 6524.612
3183.411, 6536.802
3185.340, 6572.750
3187.268, 6584.721
3189.197, 6533.298
3191.125, 6522.511
3193.054, 6556.927
3194.982, 6548.072
3196.911, 6503.547
3198.839, 6537.229
3200.768, 6611.862
3202.696, 6618.676
3204.625, 6601.160
3206.553, 6614.547
3208.481, 6627.265
3210.410, 6610.436
3212.338, 6591.597
3214.267, 6576.713
3216.195, 6572.343
3218.124, 6589.915
3220.052, 6592.181
3221.981, 6577.391
3223.909, 6602.521
3225.838, 6658.850
3227.766, 6670.905
3229.695, 6651.046
3231.623, 6608.760
3233.552, 6577.123
3235.480, 6594.309
3237.408, 6632.636
3239.337, 6699.999
3241.265, 6733.553
3243.194, 6699.333
3245.122, 6683.302
3247.051, 6714.769
3248.979, 6719.641
3250.908, 6700.096
3252.836, 6696.634
3254.765, 6703.532
3256.693, 6697.386
3258.622, 6686.854
3260.550, 6681.677
3262.479, 6683.525
3264.407, 6699.338
3266.335, 6712.958
3268.264, 6715.694
3270.192, 6726.262
3272.121, 6756.707
3274.049, 6747.605
3275.978, 6692.510
3277.906, 6693.551
3279.835, 6734.021
3281.763, 6761.981
3283.692, 6776.025
3285.620, 6765.593
3287.549, 6751.838
3289.477, 6736.807
3291.406, 6746.705
3293.334, 6826.156
3295.262, 6857.623
3297.191, 6820.047
3299.119, 6806.144
3301.048, 6824.012
3302.976, 6838.277
3304.905, 6850.356
3306.833, 6872.718
3308.762, 6887.081
3310.690, 6856.225
3312.619, 6828.125
3314.547, 6833.079
3316.476, 6844.559
3318.404, 6855.506
3320.333, 6867.498
3322.261, 6881.372
3324.189, 6882.881
3326.118, 6874.019
3328.046, 6870.724
3329.975, 6873.179
3331.903, 6894.349
3333.832, 6904.596
3335.760, 6859.565
3337.689, 6827.605
3339.617, 6839.439
3341.546, 6865.633
3343.474, 6909.785
3345.403, 6905.398
3347.331, 6850.926
3349.260, 6859.316
3351.188, 6896.651
3353.116, 6872.112
3355.045, 6837.924
3356.973, 6861.186
3358.902, 6888.796
3360.830, 6894.174
3362.759, 6899.813
3364.687, 6910.411
3366.616, 6923.642
3368.544, 6937.683
3370.473, 6924.017
3372.401, 6896.024
3374.330, 6897.508
3376.258, 6908.237
3378.187, 6900.892
3380.115, 6902.399
3382.043, 6933.998
3383.972, 6964.761
3385.900, 6991.888
3387.829, 6996.295
3389.757, 6977.374
3391.686, 6972.589
3393.614, 6976.007
3395.543, 6976.730
3397.471, 6971.671
3399.400, 6949.348
3401.328, 6933.447
3403.257, 6937.018
3405.185, 6943.354
3407.114, 6950.575
3409.042, 6956.640
3410.970, 6959.079
3412.899, 6932.688
3414.827, 6901.985
3416.756, 6930.927
3418.684, 6965.092
3420.613, 6957.499
3422.541, 6951.016
3424.470, 6963.200
3426.398, 6961.012
3428.327, 6938.157
3430.255, 6943.761
3432.184, 6966.169
3434.112, 6934.977
3436.041, 6896.999
3437.969, 6917.670
3439.897, 6943.390
3441.826, 6948.710
3443.754, 6944.991
3445.683, 6932.367
3447.611, 6918.762
3449.540, 6904.777
3451.468, 6895.836
3453.397, 6888.823
3455.325, 6868.659
3457.254, 6862.052
3459.182, 6902.693
3461.111, 6928.155
3463.039, 6893.380
3464.968, 6898.966
3466.896, 6945.207
3468.824, 6939.332
3470.753, 6902.073
3472.681, 6895.685
3474.610, 6897.855
3476.538, 6892.268
3478.467, 6876.807
3480.395, 6835.633
3482.324, 6834.230
3484.252, 6882.120
3486.181, 6927.056
3488.109, 6960.540
3490.038, 6939.777
3491.966, 6909.660
3493.895, 6930.854
3495.823, 6940.103
3497.751, 6904.000
3499.680, 6880.712
3501.608, 6888.388
3503.537, 6859.282
3505.465, 6807.158
3507.394, 6786.773
3509.322, 6786.150
3511.251, 6801.404
3513.179, 6815.353
3515.108, 6824.147
3517.036, 6817.439
3518.965, 6789.841
3520.893, 6772.493
3522.822, 6764.966
3524.750, 6768.309
3526.678, 6771.496
3528.607, 6761.043
3530.535, 6745.616
3532.464, 6717.338
3534.392, 6715.676
3536.321, 6743.682
3538.249, 6757.827
3540.178, 6756.319
3542.106, 6729.451
3544.035, 6700.993
3545.963, 6691.227
3547.892, 6691.459
3549.820, 6706.453
3551.749, 6704.331
3553.677, 6684.367
3555.605, 6679.738
3557.534, 6681.048
3559.462, 6660.029
3561.391, 6638.010
3563.319, 6628.590
3565.248, 6630.098
3567.176, 6645.781
3569.105, 6632.614
3571.033, 6593.037
3572.962, 6572.045
3574.890, 6571.750
3576.819, 6617.583
3578.747, 6639.133
3580.676, 6568.467
3582.604, 6550.854
3584.532, 6615.519
3586.461, 6629.274
3588.389, 6601.486
3590.318, 6563.616
3592.246, 6535.625
3594.175, 6543.749
3596.103, 6556.483
3598.032, 6564.667
3599.960, 6577.184
3601.889, 6594.129
3603.817, 6607.969
3605.746, 6605.636
3607.674, 6549.675
3609.603, 6500.562
3611.531, 6486.406
3613.459, 6506.036
3615.388, 6574.479
3617.316, 6559.849
3619.245, 6499.032
3621.173, 6506.424
3623.102, 6529.811
3625.030, 6513.506
3626.959, 6513.007
3628.887, 6553.663
3630.816, 6558.849
3632.744, 6531.806
3634.673, 6521.046
3636.601, 6517.149
3638.530, 6519.799
3640.458, 6498.485
3642.386, 6422.023
3644.315, 6402.614
3646.243, 6451.221
3648.172, 6464.478
3650.100, 6458.026
3652.029, 6473.809
3653.957, 6461.522
3655.886, 6372.426
3657.814, 6332.300
3659.743, 6376.298
3661.671, 6411.168
3663.600, 6429.790
3665.528, 6407.185
3667.457, 6379.283
3669.385, 6367.707
3671.313, 6376.077
3673.242, 6422.485
3675.170, 6406.516
3677.099, 6358.544
3679.027, 6401.544
3680.956, 6442.956
3682.884, 6368.762
3684.813, 6326.373
3686.741, 6392.362
3688.670, 6373.207
3690.598, 6301.833
3692.527, 6355.673
3694.455, 6428.440
3696.384, 6385.991
3698.312, 6351.664
3700.240, 6373.703
3702.169, 6365.480
3704.097, 6334.009
3706.026, 6333.714
3707.954, 6346.903
3709.883, 6362.452
3711.811, 6364.435
3713.740, 6339.475
3715.668, 6334.788
3717.597, 6349.703
3719.525, 6382.023
3721.454, 6401.686
3723.382, 6356.148
3725.311, 6316.618
3727.239, 6303.938
3729.167, 6311.243
3731.096, 6332.068
3733.024, 6337.057
3734.953, 6331.699
3736.881, 6314.918
3738.810, 6302.750
3740.738, 6301.709
3742.667, 6290.592
3744.595, 6273.128
3746.524, 6272.344
3748.452, 6279.827
3750.381, 6290.474
3752.309, 6302.826
3754.238, 6317.387
3756.166, 6326.744
3758.094, 6331.067
3760.023, 6338.979
3761.951, 6332.059
3763.880, 6268.967
3765.808, 6247.815
3767.737, 6291.270
3769.665, 6294.085
3771.594, 6274.724
3773.522, 6290.013
3775.451, 6300.120
3777.379, 6267.686
3779.308, 6264.509
3781.236, 6300.456
3783.165, 6299.879
3785.093, 6280.049
3787.021, 6273.464
3788.950, 6254.094
3790.878, 6195.510
3792.807, 6195.865
3794.735, 6256.612
3796.664, 6329.845
3798.592, 6370.689
3800.521, 6300.167
3802.449, 6263.783
3804.378, 6306.953
3806.306, 6313.314
3808.235, 6287.979
3810.163, 6259.257
3812.092, 6247.224
3814.020, 6279.550
3815.948, 6303.221
3817.877, 6311.239
3819.805, 6278.946
3821.734, 6238.710
3823.662, 6261.557
3825.591, 6282.826
3827.519, 6265.555
3829.448, 6254.449
3831.376, 6252.900
3833.305, 6275.278
3835.233, 6295.762
3837.162, 6286.292
3839.090, 6266.580
3841.019, 6237.516
3842.947, 6214.932
3844.875, 6206.103
3846.804, 6240.259
3848.732, 6263.325
3850.661, 6241.474
3852.589, 6223.018
3854.518, 6215.306
3856.446, 6226.391
3858.375, 6238.386
3860.303, 6223.856
3862.232, 6222.162
3864.160, 6245.485
3866.089, 6225.378
3868.017, 6177.241
3869.946, 6137.565
3871.874, 6120.524
3873.802, 6151.415
3875.731, 6159.035
3877.659, 6140.786
3879.588, 6167.606
3881.516, 6196.001
3883.445, 6173.358
3885.373, 6140.784
3887.302, 6105.594
3889.230, 6100.642
3891.159, 6114.540
3893.087, 6135.113
3895.016, 6144.246
3896.944, 6121.781
3898.873, 6105.509
3900.801, 6091.438
3902.729, 6036.594
3904.658, 5996.808
3906.586, 6023.958
3908.515, 6058.647
3910.443, 6099.072
3912.372, 6045.517
3914.300, 5965.744
3916.229, 5955.968
3918.157, 5972.395
3920.086, 6007.242
3922.014, 6008.030
3923.943, 5983.828
3925.871, 5973.965
3927.800, 5972.551
3929.728, 5967.038
3931.656, 5940.580
3933.585, 5905.255
3935.513, 5919.303
3937.442, 5944.979
3939.370, 5950.741
3941.299, 5948.591
3943.227, 5937.099
3945.156, 5918.974
3947.084, 5904.557
3949.013, 5910.900
3950.941, 5912.225
3952.870, 5896.275
3954.798, 5907.305
3956.727, 5922.620
3958.655, 5907.345
3960.583, 5863.879
3962.512, 5811.304
3964.440, 5817.289
3966.369, 5830.487
3968.297, 5824.145
3970.226, 5825.263
3972.154, 5819.872
3974.083, 5816.278
3976.011, 5815.320
3977.940, 5816.767
3979.868, 5797.408
3981.797, 5748.270
3983.725, 5728.976
3985.654, 5725.523
3987.582, 5746.776
3989.510, 5781.112
3991.439, 5755.316
3993.367, 5717.170
3995.296, 5691.539
3997.224, 5691.022
3999.153, 5693.103
4001.081, 5692.197
4003.010, 5704.549
4004.938, 5698.632
4006.867, 5701.512
4008.795, 5695.421
4010.724, 5663.393
4012.652, 5646.153
4014.581, 5638.867
4016.509, 5643.470
4018.438, 5635.640
4020.366, 5593.847
4022.294, 5572.698
4024.223, 5593.225
4026.151, 5579.682
4028.080, 5543.736
4030.008, 5570.411
4031.937, 5587.109
4033.865, 5567.819
4035.794, 5562.119
4037.722, 5556.187
4039.651, 5549.013
4041.579, 5547.848
4043.508, 5545.329
4045.436, 5542.846
4047.365, 5545.982
4049.293, 5527.688
4051.221, 5505.892
4053.150, 5479.151
4055.078, 5465.482
4057.007, 5461.978
4058.935, 5437.098
4060.864, 5430.256
4062.792, 5464.679
4064.721, 5463.554
4066.649, 5439.780
4068.578, 5440.775
4070.506, 5449.610
4072.435, 5464.666
4074.363, 5446.496
4076.292, 5403.156
4078.220, 5390.442
4080.148, 5387.089
4082.077, 5380.922
4084.005, 5374.451
4085.934, 5372.577
4087.862, 5387.612
4089.791, 5395.181
4091.719, 5364.296
4093.648, 5351.972
4095.576, 5365.464
4097.505, 5352.865
4099.433, 5325.169
4101.362, 5315.002
4103.290, 5308.361
4105.219, 5287.646
4107.147, 5270.077
4109.076, 5260.302
4111.004, 5265.593
4112.933, 5271.292
4114.861, 5253.557
4116.790, 5251.109
4118.718, 5272.525
4120.646, 5256.066
4122.575, 5226.690
4124.503, 5220.004
4126.432, 5237.624
4128.360, 5265.615
4130.289, 5232.595
4132.217, 5193.297
4134.146, 5202.855
4136.074, 5190.104
4138.002, 5176.122
4139.931, 5195.018
4141.859, 5209.976
4143.788, 5197.028
4145.716, 5168.686
4147.645, 5136.225
4149.573, 5147.700
4151.502, 5161.485
4153.430, 5131.904
4155.359, 5121.581
4157.287, 5110.872
4159.216, 5089.111
4161.144, 5077.056
4163.073, 5095.321
4165.001, 5107.968
4166.930, 5093.472
4168.858, 5078.402
4170.787, 5076.969
4172.715, 5063.535
4174.644, 5060.784
4176.572, 5070.778
4178.500, 5040.692
4180.429, 5025.964
4182.357, 5084.516
4184.286, 5069.553
4186.214, 4990.313
4188.143, 4999.358
4190.071, 5023.418
4192.000, 4993.606
4193.928, 5005.462
4195.856, 5051.098
4197.785, 5060.858
4199.713, 5049.778
4201.642, 5002.967
4203.570, 4978.397
4205.499, 4973.432
4207.427, 4969.406
4209.356, 4971.224
4211.284, 4959.423
4213.213, 4953.471
4215.141, 4957.656
4217.070, 4939.346
4218.998, 4930.987
4220.927, 4958.319
4222.855, 4954.680
4224.784, 4933.068
4226.712, 4944.646
4228.641, 4944.034
4230.569, 4907.964
4232.498, 4875.044
4234.426, 4851.383
4236.354, 4855.220
4238.283, 4863.040
4240.211, 4865.374
4242.140, 4886.140
4244.068, 4905.912
4245.997, 4877.882
4247.925, 4871.166
4249.854, 4910.760
4251.782, 4892.204
4253.710, 4853.753
4255.639, 4843.515
4257.567, 4839.012
4259.496, 4836.343
4261.424, 4826.546
4263.353, 4826.710
4265.281, 4868.875
4267.210, 4882.460
4269.138, 4866.752
4271.067, 4888.827
4272.995, 4901.504
4274.924, 4860.404
4276.852, 4834.130
4278.781, 4829.046
4280.709, 4869.184
4282.638, 4892.062
4284.566, 4859.489
4286.495, 4836.390
4288.423, 4830.389
4290.352, 4874.044
4292.280, 4891.244
4294.208, 4853.498
4296.137, 4837.490
4298.065, 4840.917
4299.994, 4871.751
4301.922, 4891.894
4303.851, 4893.807
4305.779, 4835.113
4307.708, 4793.744
4309.636, 4843.002
4311.564, 4862.594
4313.493, 4851.589
4315.421, 4857.831
4317.350, 4865.924
4319.278, 4867.885
4321.207, 4890.653
4323.135, 4911.329
4325.064, 4871.061
4326.992, 4845.711
4328.921, 4852.121
4330.849, 4817.896
4332.778, 4790.149
4334.706, 4828.469
4336.635, 4851.991
4338.563, 4853.313
4340.492, 4854.620
4342.420, 4848.326
4344.349, 4824.895
4346.277, 4849.426
4348.206, 4888.941
4350.134, 4842.295
4352.063, 4835.835
4353.991, 4905.088
4355.919, 4861.357
4357.848, 4800.588
4359.776, 4855.560
4361.705, 4875.351
4363.633, 4849.199
4365.562, 4832.362
4367.490, 4831.344
4369.418, 4869.496
4371.347, 4848.756
4373.275, 4803.229
4375.204, 4810.674
4377.132, 4825.071
4379.061, 4835.065
4380.989, 4830.191
4382.918, 4828.607
4384.846, 4852.329
4386.775, 4862.344
4388.703, 4857.361
4390.632, 4838.972
4392.560, 4841.397
4394.489, 4880.828
4396.417, 4864.073
4398.346, 4828.881
4400.274, 4832.935
4402.203, 4838.816
4404.131, 4840.913
4406.060, 4853.497
4407.988, 4851.075
4409.917, 4813.741
4411.845, 4777.881
4413.773, 4763.245
4415.702, 4825.534
4417.630, 4847.833
4419.559, 4802.914
4421.487, 4824.859
4423.416, 4853.918
4425.344, 4832.139
4427.272, 4841.280
4429.201, 4863.971
4431.129, 4823.560
4433.058, 4809.086
4434.986, 4845.650
4436.915, 4843.966
4438.843, 4825.065
4440.772, 4798.408
4442.700, 4830.084
4444.629, 4888.099
4446.557, 4856.573
4448.486, 4811.202
4450.414, 4777.801
4452.343, 4768.437
4454.271, 4774.276
4456.200, 4796.791
4458.128, 4791.922
4460.057, 4768.361
4461.985, 4765.076
4463.914, 4775.262
4465.842, 4800.502
4467.771, 4769.594
4469.699, 4739.764
4471.627, 4770.442
4473.556, 4783.859
4475.484, 4778.910
4477.413, 4771.285
4479.341, 4778.291
4481.270, 4802.482
4483.198, 4798.811
4485.126, 4788.221
4487.055, 4801.353
4488.983, 4765.576
4490.912, 4710.679
4492.840, 4730.938
4494.769, 4748.387
4496.697, 4742.907
4498.626, 4745.715
4500.554, 4748.949
4502.483, 4748.426
4504.411, 4737.673
4506.340, 4721.762
4508.268, 4696.882
4510.197, 4717.951
4512.125, 4775.884
4514.054, 4751.108
4515.982, 4724.222
4517.911, 4752.390
4519.839, 4754.616
4521.768, 4739.262
4523.696, 4712.720
4525.625, 4686.093
4527.553, 4663.917
4529.481, 4656.832
4531.410, 4662.214
4533.338, 4678.493
4535.267, 4714.806
4537.195, 4732.914
4539.124, 4689.693
4541.052, 4659.254
4542.980, 4650.614
4544.909, 4686.698
4546.837, 4705.247
4548.766, 4697.317
4550.694, 4684.908
4552.623, 4697.774
4554.551, 4750.701
4556.480, 4768.555
4558.408, 4754.370
4560.337, 4694.386
4562.265, 4695.583
4564.194, 4730.025
4566.122, 4687.679
4568.051, 4673.012
4569.979, 4708.603
4571.908, 4678.973
4573.836, 4645.306
4575.765, 4639.399
4577.693, 4650.158
4579.622, 4657.456
4581.550, 4626.592
4583.479, 4625.115
4585.407, 4655.613
4587.335, 4733.437
4589.264, 4739.188
4591.192, 4649.013
4593.121, 4674.600
4595.049, 4700.307
4596.978, 4666.067
4598.906, 4629.826
4600.834, 4617.426
4602.763, 4673.839
4604.691, 4678.998
4606.620, 4649.021
4608.548, 4650.665
4610.477, 4649.862
4612.405, 4638.053
4614.334, 4590.559
4616.262, 4572.162
4618.191, 4609.001
4620.119, 4684.532
4622.048, 4729.738
4623.976, 4667.962
4625.905, 4625.555
4627.833, 4600.478
4629.762, 4568.500
4631.690, 4576.524
4633.619, 4619.581
4635.547, 4670.306
4637.476, 4674.963
4639.404, 4628.360
4641.333, 4608.312
4643.261, 4600.257
4645.189, 4592.671
4647.118, 4603.443
4649.046, 4616.950
4650.975, 4616.386
4652.903, 4625.203
4654.832, 4629.373
4656.760, 4580.552
4658.688, 4579.937
4660.617, 4623.584
4662.545, 4634.728
4664.474, 4624.473
4666.402, 4596.741
4668.331, 4563.800
4670.259, 4549.389
4672.188, 4565.253
4674.116, 4551.082
4676.045, 4533.699
4677.973, 4542.436
4679.902, 4553.702
4681.830, 4570.815
4683.759, 4607.391
4685.687, 4624.000
4687.616, 4618.446
4689.544, 4586.754
4691.473, 4573.536
4693.401, 4584.688
4695.330, 4594.701
4697.258, 4596.110
4699.187, 4586.404
4701.115, 4588.088
4703.043, 4594.213
4704.972, 4601.615
4706.900, 4576.819
4708.829, 4554.352
4710.757, 4583.742
4712.686, 4566.270
4714.614, 4526.586
4716.542, 4499.772
4718.471, 4506.523
4720.399, 4525.255
4722.328, 4495.251
4724.256, 4490.304
4726.185, 4512.245
4728.113, 4507.113
4730.042, 4483.555
4731.970, 4450.716
4733.899, 4450.985
4735.827, 4476.527
4737.756, 4525.818
4739.684, 4531.416
4741.613, 4518.143
4743.541, 4499.929
4745.470, 4498.734
4747.398, 4500.527
4749.327, 4491.157
4751.255, 4483.800
4753.184, 4487.629
4755.112, 4527.951
4757.041, 4499.365
4758.969, 4446.158
4760.897, 4467.506
4762.826, 4489.085
4764.754, 4504.457
4766.683, 4532.042
4768.611, 4543.488
4770.540, 4536.152
4772.468, 4518.892
4774.396, 4500.222
4776.325, 4484.796
4778.253, 4495.388
4780.182, 4481.405
4782.110, 4425.570
4784.039, 4460.190
4785.967, 4484.688
4787.896, 4457.461
4789.824, 4440.419
4791.753, 4431.714
4793.681, 4428.631
4795.610, 4431.189
4797.538, 4446.381
4799.467, 4483.301
4801.395, 4450.472
4803.324, 4416.273
4805.252, 4472.639
4807.181, 4468.111
4809.109, 4425.712
4811.038, 4367.396
4812.966, 4380.311
4814.895, 4420.276
4816.823, 4407.213
4818.751, 4394.440
4820.680, 4387.056
4822.608, 4383.091
4824.537, 4394.130
4826.465, 4412.284
4828.394, 4423.863
4830.322, 4405.124
4832.250, 4377.236
4834.179, 4420.964
4836.107, 4433.361
4838.036, 4410.159
4839.964, 4392.102
4841.893, 4396.298
4843.821, 4411.907
4845.750, 4370.972
4847.678, 4342.710
4849.607, 4338.669
4851.535, 4335.177
4853.464, 4317.394
4855.392, 4289.565
4857.321, 4304.846
4859.249, 4335.641
4861.178, 4368.945
4863.106, 4382.912
4865.035, 4366.911
4866.963, 4328.785
4868.892, 4369.654
4870.820, 4356.674
4872.749, 4259.985
4874.677, 4281.381
4876.605, 4335.337
4878.534, 4385.310
4880.462, 4398.484
4882.391, 4361.473
4884.319, 4275.878
4886.248, 4269.283
4888.176, 4273.372
4890.104, 4265.879
4892.033, 4266.950
4893.961, 4284.657
4895.890, 4319.033
4897.818, 4280.241
4899.747, 4264.516
4901.675, 4294.537
4903.604, 4255.768
4905.532, 4230.705
4907.461, 4250.370
4909.389, 4276.866
4911.318, 4274.130
4913.246, 4239.129
4915.175, 4278.788
4917.103, 4299.441
4919.032, 4274.842
4920.960, 4263.896
4922.889, 4252.018
4924.817, 4237.333
4926.746, 4259.258
4928.674, 4268.660
4930.603, 4257.233
4932.531, 4257.364
4934.459, 4260.416
4936.388, 4257.981
4938.316, 4203.773
4940.245, 4179.417
4942.173, 4189.155
4944.102, 4164.344
4946.030, 4149.906
4947.958, 4150.048
4949.887, 4136.913
4951.815, 4136.301
4953.744, 4144.236
4955.672, 4124.466
4957.601, 4137.790
4959.529, 4169.937
4961.458, 4159.124
4963.386, 4157.349
4965.315, 4162.366
4967.243, 4151.300
4969.172, 4152.372
4971.100, 4150.532
4973.029, 4099.552
4974.957, 4094.812
4976.886, 4112.963
4978.814, 4110.279
4980.743, 4130.419
4982.671, 4143.809
4984.600, 4110.111
4986.528, 4119.881
4988.457, 4133.684
4990.385, 4097.006
4992.313, 4109.364
4994.242, 4123.273
4996.170, 4106.251
4998.099, 4063.494
5000.027, 4042.265
5001.956, 4067.807
5003.884, 4040.656
5005.813, 4041.077
5007.741, 4096.568
5009.669, 4044.861
5011.598, 4009.622
5013.526, 4021.696
5015.455, 4035.060
5017.383, 4045.004
5019.312, 4045.802
5021.240, 4006.108
5023.169, 4008.372
5025.097, 4032.242
5027.026, 3974.631
5028.954, 3986.146
5030.883, 4024.994
5032.811, 3977.489
5034.740, 3982.366
5036.668, 4003.817
5038.597, 3987.463
5040.525, 3949.764
5042.454, 3936.387
5044.382, 3989.245
5046.311, 3959.872
5048.239, 3926.458
5050.167, 3939.720
5052.096, 3943.313
5054.024, 3936.797
5055.953, 3925.648
5057.881, 3957.261
5059.810, 3949.154
5061.738, 3899.611
5063.667, 3915.207
5065.595, 3889.996
5067.523, 3848.950
5069.452, 3911.479
5071.380, 3898.782
5073.309, 3858.121
5075.237, 3900.786
5077.166, 3930.848
5079.094, 3918.217
5081.023, 3828.483
5082.951, 3884.863
5084.880, 3928.250
5086.808, 3870.635
5088.737, 3852.885
5090.665, 3861.947
5092.594, 3881.498
5094.522, 3833.112
5096.451, 3820.020
5098.379, 3840.438
5100.308, 3808.591
5102.236, 3790.139
5104.165, 3789.273
5106.093, 3805.530
5108.021, 3781.964
5109.950, 3756.733
5111.878, 3769.964
5113.807, 3793.100
5115.735, 3789.578
5117.664, 3745.623
5119.592, 3728.766
5121.521, 3725.485
5123.449, 3731.564
5125.377, 3767.663
5127.306, 3782.458
5129.234, 3774.790
5131.163, 3766.257
5133.091, 3754.122
5135.020, 3741.361
5136.948, 3734.558
5138.877, 3692.957
5140.805, 3686.963
5142.734, 3769.214
5144.662, 3768.296
5146.591, 3757.769
5148.519, 3759.447
5150.448, 3730.946
5152.376, 3709.235
5154.305, 3702.997
5156.233, 3719.102
5158.162, 3719.296
5160.090, 3707.126
5162.019, 3692.192
5163.947, 3649.153
5165.875, 3633.350
5167.804, 3675.768
5169.732, 3715.562
5171.661, 3730.692
5173.589, 3716.818
5175.518, 3667.975
5177.446, 3679.411
5179.375, 3711.135
5181.303, 3659.068
5183.231, 3648.763
5185.160, 3657.167
5187.088, 3651.692
5189.017, 3674.903
5190.945, 3689.252
5192.874, 3678.703
5194.802, 3645.792
5196.731, 3637.265
5198.659, 3646.797
5200.588, 3642.511
5202.516, 3602.805
5204.445, 3570.320
5206.373, 3604.379
5208.302, 3587.777
5210.230, 3573.367
5212.159, 3582.247
5214.087, 3557.929
5216.016, 3570.485
5217.944, 3602.339
5219.873, 3559.182
5221.801, 3563.573
5223.729, 3584.969
5225.658, 3579.013
5227.586, 3553.074
5229.515, 3537.666
5231.443, 3539.874
5233.372, 3495.195
5235.300, 3512.349
5237.229, 3567.124
5239.157, 3544.885
5241.085, 3546.540
5243.014, 3557.282
5244.942, 3557.000
5246.871, 3495.046
5248.799, 3470.502
5250.728, 3504.858
5252.656, 3514.503
5254.585, 3522.668
5256.513, 3510.539
5258.442, 3412.998
5260.370, 3416.596
5262.299, 3455.651
5264.227, 3479.098
5266.156, 3500.026
5268.084, 3482.679
5270.013, 3439.485
5271.941, 3428.658
5273.870, 3444.982
5275.798, 3453.873
5277.727, 3403.927
5279.655, 3430.957
5281.583, 3442.113
5283.512, 3412.019
5285.440, 3442.194
5287.369, 3424.104
5289.297, 3370.036
5291.226, 3319.611
5293.154, 3345.859
5295.083, 3380.338
5297.011, 3380.263
5298.939, 3410.907
5300.868, 3402.662
5302.796, 3363.654
5304.725, 3345.157
5306.653, 3379.017
5308.582, 3392.655
5310.510, 3332.811
5312.439, 3365.211
5314.367, 3380.837
5316.296, 3349.146
5318.224, 3271.585
5320.153, 3288.403
5322.081, 3335.196
5324.010, 3337.817
5325.938, 3336.436
5327.867, 3291.605
5329.795, 3220.013
5331.724, 3225.290
5333.652, 3269.426
5335.581, 3310.230
5337.509, 3314.313
5339.438, 3223.973
5341.366, 3208.960
5343.294, 3279.783
5345.223, 3225.111
5347.151, 3234.319
5349.080, 3265.591
5351.008, 3244.426
5352.937, 3248.573
5354.865, 3262.195
5356.793, 3268.491
5358.722, 3219.606
5360.650, 3215.278
5362.579, 3233.000
5364.507, 3236.173
5366.436, 3249.869
5368.364, 3238.892
5370.293, 3199.486
5372.221, 3141.606
5374.150, 3187.078
5376.078, 3234.219
5378.007, 3174.000
5379.935, 3175.287
5381.864, 3148.387
5383.792, 3099.717
5385.721, 3114.587
5387.649, 3129.605
5389.578, 3135.120
5391.506, 3133.038
5393.435, 3177.463
5395.363, 3182.154
5397.292, 3145.744
5399.220, 3096.900
5401.148, 3114.522
5403.077, 3137.401
5405.005, 3133.642
5406.934, 3148.437
5408.862, 3137.783
5410.791, 3109.949
5412.719, 3084.109
5414.647, 3073.688
5416.576, 3062.979
5418.504, 3050.838
5420.433, 3060.488
5422.361, 3077.857
5424.290, 3079.533
5426.218, 3050.949
5428.147, 3058.227
5430.075, 3039.209
5432.004, 2999.319
5433.932, 2975.857
5435.861, 3005.178
5437.789, 3014.621
5439.718, 2974.706
5441.646, 2972.782
5443.575, 2986.154
5445.503, 2997.692
5447.432, 2994.086
5449.360, 2991.032
5451.289, 2988.325
5453.217, 2973.504
5455.146, 2909.564
5457.074, 2914.050
5459.002, 2937.537
5460.931, 2940.493
5462.859, 2902.055
5464.788, 2909.940
5466.716, 2945.326
5468.645, 2968.901
5470.573, 2927.344
5472.501, 2915.452
5474.430, 2934.406
5476.358, 2915.311
5478.287, 2893.301
5480.215, 2881.040
5482.144, 2877.843
5484.072, 2846.399
5486.001, 2829.190
5487.929, 2829.415
5489.858, 2846.646
5491.786, 2804.324
5493.715, 2811.272
5495.643, 2857.179
5497.572, 2867.937
5499.500, 2844.180
5501.429, 2837.660
5503.357, 2855.273
5505.286, 2838.833
5507.214, 2796.635
5509.143, 2782.775
5511.071, 2829.308
5513.000, 2817.824
5514.928, 2815.634
5516.856, 2823.841
5518.785, 2826.049
5520.713, 2824.842
5522.642, 2793.861
5524.570, 2746.553
5526.499, 2720.310
5528.427, 2726.303
5530.355, 2734.338
5532.284, 2733.320
5534.212, 2735.740
5536.141, 2747.299
5538.069, 2753.407
5539.998, 2745.680
5541.926, 2735.254
5543.855, 2741.901
5545.783, 2742.896
5547.712, 2715.552
5549.640, 2706.772
5551.569, 2724.088
5553.497, 2733.189
5555.426, 2688.380
5557.354, 2682.590
5559.283, 2674.354
5561.211, 2661.401
5563.140, 2687.750
5565.068, 2630.221
5566.997, 2621.790
5568.925, 2681.044
5570.854, 2665.419
5572.782, 2625.388
5574.710, 2630.353
5576.639, 2683.859
5578.567, 2625.372
5580.496, 2612.462
5582.424, 2628.902
5584.353, 2637.627
5586.281, 2582.515
5588.209, 2592.270
5590.138, 2603.839
5592.066, 2545.573
5593.995, 2579.134
5595.923, 2578.944
5597.852, 2548.329
5599.780, 2523.462
5601.709, 2570.292
5603.637, 2602.632
5605.566, 2589.390
5607.494, 2524.638
5609.423, 2550.524
5611.351, 2542.229
5613.280, 2512.620
5615.208, 2544.238
5617.137, 2546.184
5619.065, 2538.573
5620.994, 2523.790
5622.922, 2476.140
5624.851, 2487.883
5626.779, 2505.510
5628.708, 2508.973
5630.636, 2505.327
5632.564, 2488.364
5634.493, 2467.935
5636.421, 2460.323
5638.350, 2495.977
5640.278, 2468.219
5642.207, 2431.784
5644.135, 2411.283
5646.063, 2390.021
5647.992, 2414.160
5649.920, 2429.013
5651.849, 2420.960
5653.777, 2433.406
5655.706, 2426.938
5657.634, 2391.100
5659.563, 2354.043
5661.491, 2420.499
5663.420, 2416.475
5665.348, 2415.555
5667.277, 2433.528
5669.205, 2409.232
5671.134, 2385.391
5673.062, 2387.046
5674.991, 2404.026
5676.919, 2394.998
5678.848, 2364.113
5680.776, 2338.277
5682.705, 2330.097
5684.633, 2349.068
5686.562, 2300.610
5688.490, 2271.101
5690.418, 2290.082
5692.347, 2355.658
5694.275, 2365.218
5696.204, 2335.928
5698.132, 2307.007
5700.061, 2334.878
5701.989, 2319.455
5703.917, 2308.595
5705.846, 2304.550
5707.774, 2288.137
5709.703, 2285.570
5711.631, 2263.817
5713.560, 2263.421
5715.488, 2327.743
5717.417, 2262.511
5719.345, 2220.926
5721.274, 2232.734
5723.202, 2280.719
5725.131, 2259.058
5727.059, 2259.451
5728.988, 2268.290
5730.916, 2261.559
5732.845, 2244.407
5734.773, 2242.121
5736.702, 2246.265
5738.630, 2241.069
5740.559, 2182.142
5742.487, 2191.079
5744.416, 2220.534
5746.344, 2232.745
5748.272, 2214.833
5750.201, 2195.094
5752.129, 2177.268
5754.058, 2167.377
5755.986, 2174.292
5757.915, 2165.760
5759.843, 2159.462
5761.771, 2153.242
5763.700, 2138.612
5765.628, 2152.981
5767.557, 2169.925
5769.485, 2169.732
5771.414, 2143.834
5773.342, 2106.364
5775.271, 2093.461
5777.199, 2111.988
5779.128, 2147.144
5781.056, 2142.796
5782.985, 2131.577
5784.913, 2119.352
5786.842, 2101.948
5788.770, 2067.817
5790.699, 2074.381
5792.627, 2069.042
5794.556, 2060.650
5796.484, 2076.455
5798.413, 2045.064
5800.341, 2057.844
5802.270, 2072.354
5804.198, 2050.644
5806.126, 2053.510
5808.055, 2033.684
5809.983, 2012.153
5811.912, 2009.192
5813.840, 2048.462
5815.769, 2037.331
5817.697, 2029.472
5819.625, 2035.853
5821.554, 2042.543
5823.482, 2037.247
5825.411, 2031.272
5827.339, 2038.663
5829.268, 2057.913
5831.196, 2026.084
5833.125, 1968.040
5835.053, 1963.411
5836.982, 1996.542
5838.910, 1955.021
5840.839, 1976.022
5842.767, 1969.479
5844.696, 1940.504
5846.624, 1929.347
5848.553, 1945.944
5850.481, 1937.403
5852.410, 1922.962
5854.338, 1921.548
5856.267, 1934.150
5858.195, 1914.956
5860.124, 1921.057
5862.052, 1937.471
5863.980, 1914.968
5865.909, 1879.706
5867.837, 1900.974
5869.766, 1917.024
5871.694, 1890.465
5873.623, 1903.027
5875.551, 1889.529
5877.479, 1881.625
5879.408, 1887.622
5881.336, 1896.439
5883.265, 1885.618
5885.193, 1886.656
5887.122, 1896.131
5889.050, 1900.106
5890.979, 1869.656
5892.907, 1831.053
5894.836, 1850.387
5896.764, 1893.195
5898.693, 1869.507
5900.621, 1840.834
5902.550, 1851.270
5904.478, 1848.280
5906.407, 1807.533
5908.335, 1797.150
5910.264, 1789.806
5912.192, 1808.877
5914.121, 1830.801
5916.049, 1818.625
5917.978, 1798.023
5919.906, 1802.208
5921.834, 1800.014
5923.763, 1786.393
5925.691, 1800.682
5927.620, 1764.179
5929.548, 1739.283
5931.477, 1739.118
5933.405, 1754.155
5935.333, 1775.307
5937.262, 1756.762
5939.190, 1747.910
5941.119, 1741.297
5943.047, 1693.542
5944.976, 1714.515
5946.904, 1739.024
5948.833, 1750.677
5950.761, 1746.321
5952.690, 1712.866
5954.618, 1723.469
5956.547, 1715.566
5958.475, 1703.605
5960.404, 1715.551
5962.332, 1718.338
5964.261, 1698.594
5966.189, 1674.575
5968.118, 1664.392
5970.046, 1682.846
5971.975, 1670.153
5973.903, 1665.784
5975.832, 1675.360
5977.760, 1687.620
5979.688, 1679.513
5981.617, 1664.488
5983.545, 1646.494
5985.474, 1638.130
5987.402, 1643.270
5989.331, 1654.547
5991.259, 1607.993
5993.188, 1611.210
5995.116, 1641.052
5997.044, 1643.784
5998.973, 1627.910
6000.901, 1620.626
6002.830, 1606.791
6004.758, 1603.773
6006.687, 1631.568
6008.615, 1603.305
6010.544, 1569.743
6012.472, 1572.229
6014.401, 1588.606
6016.329, 1571.909
6018.258, 1578.389
6020.186, 1596.886
6022.115, 1588.165
6024.043, 1561.897
6025.972, 1562.094
6027.900, 1572.792
6029.829, 1516.947
6031.757, 1507.607
6033.686, 1561.514
6035.614, 1576.751
6037.542, 1540.137
6039.471, 1533.536
6041.399, 1528.491
6043.328, 1507.159
6045.256, 1491.202
6047.185, 1527.729
6049.113, 1519.744
6051.042, 1514.643
6052.970, 1536.244
6054.898, 1541.946
6056.827, 1498.312
6058.755, 1496.053
6060.684, 1494.615
6062.612, 1483.550
6064.541, 1516.242
6066.469, 1509.838
6068.398, 1474.557
6070.326, 1451.745
6072.255, 1458.640
6074.183, 1479.791
6076.112, 1492.782
6078.040, 1448.964
6079.969, 1443.349
6081.897, 1476.743
6083.826, 1451.184
6085.754, 1431.328
6087.683, 1427.098
6089.611, 1447.698
6091.540, 1462.100
6093.468, 1428.151
6095.396, 1436.185
6097.325, 1427.006
6099.253, 1406.302
6101.182, 1397.462
6103.110, 1416.138
6105.039, 1437.656
6106.967, 1429.082
6108.896, 1410.792
6110.824, 1392.795
6112.752, 1377.753
6114.681, 1376.630
6116.609, 1378.955
6118.538, 1378.850
6120.466, 1374.304
6122.395, 1368.077
6124.323, 1369.502
6126.252, 1384.708
6128.180, 1368.747
6130.109, 1337.734
6132.037, 1322.720
6133.966, 1344.406
6135.894, 1373.073
6137.823, 1349.438
6139.751, 1328.890
6141.680, 1329.414
6143.608, 1331.631
6145.537, 1377.918
6147.465, 1365.695
6149.394, 1340.347
6151.322, 1324.605
6153.250, 1317.061
6155.179, 1314.279
6157.107, 1333.136
6159.036, 1326.133
6160.964, 1311.296
6162.893, 1307.184
6164.821, 1304.169
6166.750, 1290.241
6168.678, 1290.777
6170.606, 1303.946
6172.535, 1316.661
6174.463, 1314.353
6176.392, 1276.890
6178.320, 1280.793
6180.249, 1297.959
6182.177, 1303.744
6184.106, 1290.079
6186.034, 1259.244
6187.963, 1268.497
6189.891, 1257.379
6191.820, 1247.015
6193.748, 1249.201
6195.677, 1252.216
6197.605, 1220.758
6199.534, 1220.968
6201.462, 1227.596
6203.391, 1234.929
6205.319, 1242.591
6207.248, 1236.568
6209.176, 1221.322
6211.104, 1223.210
6213.033, 1221.764
6214.961, 1223.234
6216.890, 1243.473
6218.818, 1229.325
6220.747, 1192.599
6222.675, 1204.190
6224.604, 1217.605
6226.532, 1201.889
6228.460, 1189.304
6230.389, 1187.862
6232.317, 1187.813
6234.246, 1169.598
6236.174, 1160.866
6238.103, 1174.350
6240.031, 1153.771
6241.960, 1155.174
6243.888, 1185.953
6245.817, 1191.557
6247.745, 1173.753
6249.674, 1169.548
6251.602, 1177.010
6253.531, 1144.827
6255.459, 1149.521
6257.388, 1151.366
6259.316, 1132.690
6261.245, 1126.030
6263.173, 1121.241
6265.102, 1120.215
6267.030, 1139.748
6268.958, 1133.941
6270.887, 1100.647
6272.815, 1106.146
6274.744, 1088.319
6276.672, 1069.426
6278.601, 1091.343
6280.529, 1094.401
6282.458, 1060.729
6284.386, 1095.538
6286.314, 1094.511
6288.243, 1093.922
6290.171, 1081.452
6292.100, 1078.974
6294.028, 1093.691
6295.957, 1079.058
6297.885, 1057.988
6299.814, 1054.356
6301.742, 1048.679
6303.671, 1057.080
6305.599, 1069.546
6307.528, 1012.905
6309.456, 1020.714
6311.385, 1048.872
6313.313, 1035.269
6315.242, 1021.374
6317.170, 1034.726
6319.099, 1020.720
6321.027, 1030.527
6322.956, 1045.847
6324.884, 1009.694
6326.813, 991.5384
6328.741, 1021.973
6330.669, 1018.879
6332.598, 990.5402
6334.526, 1002.674
6336.455, 1017.399
6338.383, 1017.745
6340.312, 1007.641
6342.240, 997.9951
6344.168, 1044.334
6346.097, 1032.593
6348.025, 998.4874
6349.954, 997.9099
6351.882, 1005.157
6353.811, 968.2750
6355.739, 982.2277
6357.668, 985.4334
6359.596, 961.5067
6361.525, 958.8712
6363.453, 971.8948
6365.382, 971.6108
6367.310, 965.0699
6369.239, 963.2036
6371.167, 962.5620
6373.096, 947.4434
6375.024, 944.5264
6376.953, 959.5640
6378.881, 956.9326
6380.810, 933.2126
6382.738, 931.9872
6384.667, 919.7202
6386.595, 923.9937
6388.523, 949.9686
6390.452, 965.2878
6392.380, 902.1839
6394.309, 909.5049
6396.237, 914.7007
6398.166, 917.2476
6400.094, 925.0115
6402.022, 920.5129
6403.951, 875.4894
6405.879, 867.1851
6407.808, 901.7751
6409.736, 927.9052
6411.665, 900.9639
6413.593, 869.4280
6415.522, 888.5236
6417.450, 906.4651
6419.379, 868.1628
6421.307, 882.7549
6423.236, 894.8738
6425.164, 883.8340
6427.093, 882.5973
6429.021, 916.6451
6430.950, 874.6719
6432.878, 865.0201
6434.807, 860.7186
6436.735, 870.7880
6438.664, 859.2787
6440.592, 834.4702
6442.521, 860.1577
6444.449, 843.5751
6446.377, 836.4698
6448.306, 826.7371
6450.234, 831.1299
6452.163, 842.5651
6454.091, 842.9858
6456.020, 829.3984
6457.948, 814.2487
6459.876, 827.3091
6461.805, 837.5814
6463.733, 834.7210
6465.662, 820.7281
6467.590, 810.9721
6469.519, 834.4348
6471.447, 806.5656
6473.376, 821.6987
6475.304, 809.4114
6477.233, 806.9738
6479.161, 816.1832
6481.090, 812.2114
6483.018, 796.5336
6484.947, 791.9995
6486.875, 810.7674
6488.804, 807.3013
6490.732, 780.1227
6492.661, 776.6323
6494.589, 793.1194
6496.518, 768.3330
6498.446, 780.7575
6500.375, 803.3351
6502.303, 781.9155
6504.231, 794.5291
6506.160, 793.6204
6508.088, 770.2760
6510.017, 786.0056
6511.945, 782.6117
6513.874, 749.9517
6515.802, 755.5153
6517.730, 776.0082
6519.659, 775.7211
6521.587, 761.0893
6523.516, 757.6199
6525.444, 765.8649
6527.373, 770.2606
6529.301, 741.4769
6531.230, 725.4988
6533.158, 734.0672
6535.087, 743.5867
6537.015, 749.1481
6538.944, 766.5256
6540.872, 733.8269
6542.801, 724.0493
6544.729, 720.9824
6546.658, 737.0251
6548.586, 742.2939
6550.515, 738.3005
6552.443, 736.4167
6554.372, 714.3045
6556.300, 715.6326
6558.229, 734.1509
6560.157, 727.7362
6562.085, 714.7036
6564.014, 729.8532
6565.942, 729.2505
6567.871, 677.3989
6569.799, 718.2761
6571.728, 700.9943
6573.656, 696.5114
6575.584, 704.6417
6577.513, 714.5484
6579.441, 711.2035
6581.370, 692.6820
6583.298, 681.1642
6585.227, 713.4938
6587.155, 691.0891
6589.084, 695.7698
6591.012, 694.0070
6592.941, 681.4527
6594.869, 699.4800
6596.798, 712.2644
6598.726, 666.8760
6600.655, 680.8571
6602.583, 682.9642
6604.512, 672.8520
6606.440, 652.1862
6608.369, 672.3906
6610.297, 676.4549
6612.226, 658.3476
6614.154, 671.1996
6616.083, 678.9189
6618.011, 667.1906
6619.939, 645.6981
6621.868, 659.9302
6623.796, 656.6670
6625.725, 646.1559
##END=



