##NAMES=Cafarsite
##RRUFFID=R080118
##IDEAL CHEMISTRY=(Ca,Na,[box])_19_Ti_8_Fe^3+^_4_Fe^2+^_4_(AsO_3_)_28_F
##LOCALITY=Monte Cervandone, Val Devero, Piedmont, Italy
##OWNER=RRUFF
##SOURCE=Renato and Adriana Pagano
##DESCRIPTION=Dark reddish-brown pseudocubic crystals associated with black clinochlore and white orthoclase
##STATUS=The identification of this mineral has been confirmed by single-crystal X-ray diffraction
##URL=https://www.rruff.net/odr/rruff_sample/R080118
##DIFFRACTION SAMPLE DESCRIPTION=Single crystal, powder profile is calculated
##CELL PARAMETERS=a: 15.9857 b: 15.9857 c: 15.9857 alpha: 90 beta: 90 gamma: 90 volume: 4085 crystal system: cubic
##FILETYPE=Raman RAW
##RAMAN WAVELENGTH=780

83.81592, 232.9276
85.74438, 249.4345
87.67285, 274.9200
89.60132, 302.8856
91.52979, 333.4131
93.45825, 358.3503
95.38672, 359.6646
97.31519, 361.3860
99.24365, 364.9747
101.1721, 367.4052
103.1006, 368.1617
105.0291, 366.8677
106.9575, 361.8872
108.8860, 352.1245
110.8145, 341.9079
112.7429, 330.1127
114.6714, 319.1916
116.5999, 309.9681
118.5283, 302.4346
120.4568, 297.0321
122.3853, 293.8497
124.3137, 292.2081
126.2422, 291.5761
128.1707, 292.4621
130.0991, 295.5603
132.0276, 300.2300
133.9561, 305.4240
135.8845, 310.9254
137.8130, 317.3799
139.7415, 324.8006
141.6699, 333.0134
143.5984, 341.6587
145.5269, 351.2204
147.4553, 362.4411
149.3838, 375.2772
151.3123, 390.2686
153.2407, 407.8800
155.1692, 426.8481
157.0977, 446.9395
159.0261, 468.1354
160.9546, 490.5076
162.8831, 514.1711
164.8115, 538.3779
166.7400, 563.8074
168.6685, 588.4381
170.5969, 611.4368
172.5254, 633.4749
174.4539, 655.1356
176.3823, 676.3908
178.3108, 697.0461
180.2393, 717.2901
182.1677, 736.8202
184.0962, 756.0312
186.0247, 773.9830
187.9531, 791.5380
189.8816, 807.5632
191.8101, 817.5993
193.7385, 821.7468
195.6670, 820.5350
197.5955, 814.6053
199.5239, 801.6374
201.4524, 779.2372
203.3809, 750.8801
205.3093, 721.2068
207.2378, 690.1459
209.1663, 659.6384
211.0947, 629.4435
213.0232, 600.7000
214.9517, 572.7342
216.8801, 547.1883
218.8086, 525.5947
220.7371, 507.9270
222.6655, 492.7937
224.5940, 480.1200
226.5225, 470.1590
228.4509, 465.0811
230.3794, 460.4930
232.3079, 454.8306
234.2363, 448.4627
236.1648, 442.0734
238.0933, 435.6408
240.0217, 428.6404
241.9502, 420.3529
243.8787, 412.8072
245.8071, 406.0621
247.7356, 400.5863
249.6641, 397.0863
251.5925, 395.1830
253.5210, 393.8927
255.4495, 393.2881
257.3779, 392.7513
259.3064, 392.0801
261.2349, 391.5767
263.1633, 391.6103
265.0918, 391.7123
267.0203, 391.2052
268.9487, 390.2218
270.8772, 389.5466
272.8057, 389.5929
274.7341, 389.2736
276.6626, 388.1874
278.5911, 387.0207
280.5195, 386.5658
282.4480, 386.0484
284.3765, 384.3069
286.3049, 381.2331
288.2334, 377.8831
290.1619, 374.5048
292.0903, 370.5723
294.0188, 365.9764
295.9473, 360.8188
297.8757, 354.7380
299.8042, 348.2828
301.7327, 342.7155
303.6611, 338.3582
305.5896, 333.8732
307.5181, 328.9933
309.4465, 324.3989
311.3750, 320.3677
313.3035, 316.5895
315.2319, 312.9424
317.1604, 309.3399
319.0889, 305.5088
321.0173, 301.3857
322.9458, 297.2246
324.8743, 293.2216
326.8027, 288.7957
328.7312, 283.2838
330.6597, 277.7397
332.5882, 273.2536
334.5166, 269.3475
336.4451, 264.4419
338.3736, 258.4689
340.3020, 251.6430
342.2305, 243.6320
344.1590, 235.5574
346.0874, 227.7246
348.0159, 220.1100
349.9444, 212.6343
351.8728, 205.3986
353.8013, 198.5742
355.7298, 192.1628
357.6582, 186.3710
359.5867, 181.2598
361.5152, 176.6765
363.4436, 172.6684
365.3721, 169.0819
367.3006, 165.7105
369.2290, 162.7630
371.1575, 160.7699
373.0860, 159.6311
375.0144, 158.5868
376.9429, 157.4959
378.8714, 156.8949
380.7998, 157.4484
382.7283, 157.9122
384.6568, 157.5751
386.5852, 157.0780
388.5137, 157.3569
390.4422, 158.1465
392.3706, 158.5178
394.2991, 158.3904
396.2276, 158.1975
398.1560, 157.6919
400.0845, 157.6017
402.0130, 158.3812
403.9414, 159.3600
405.8699, 159.7889
407.7984, 160.1682
409.7268, 161.5410
411.6553, 163.8697
413.5838, 165.7839
415.5122, 166.7329
417.4407, 168.1154
419.3692, 170.2847
421.2976, 172.6473
423.2261, 175.0894
425.1546, 177.4692
427.0830, 179.7026
429.0115, 181.7617
430.9400, 183.5488
432.8684, 185.0988
434.7969, 186.2419
436.7254, 186.9577
438.6538, 187.3374
440.5823, 187.3652
442.5108, 187.0919
444.4392, 186.3072
446.3677, 185.3869
448.2962, 184.8106
450.2246, 184.5435
452.1531, 184.1906
454.0816, 183.8190
456.0100, 183.1130
457.9385, 181.4675
459.8670, 180.6677
461.7954, 181.6542
463.7239, 183.1196
465.6524, 184.1804
467.5808, 185.2303
469.5093, 186.7316
471.4378, 188.6983
473.3662, 191.3897
475.2947, 194.9340
477.2232, 198.5134
479.1516, 201.8523
481.0801, 205.7947
483.0086, 210.8313
484.9370, 216.3114
486.8655, 221.7836
488.7940, 227.5316
490.7224, 234.1968
492.6509, 241.5507
494.5794, 248.2590
496.5078, 254.3521
498.4363, 260.1856
500.3648, 266.0643
502.2932, 270.7276
504.2217, 273.8302
506.1502, 275.5016
508.0786, 275.4924
510.0071, 274.3983
511.9356, 272.7276
513.8640, 270.4312
515.7925, 267.3027
517.7209, 263.4070
519.6494, 258.9269
521.5779, 253.6817
523.5063, 249.0103
525.4348, 245.4931
527.3633, 242.1199
529.2917, 238.7696
531.2202, 235.2928
533.1487, 231.0884
535.0771, 227.0327
537.0056, 224.4360
538.9341, 223.0029
540.8625, 221.9053
542.7910, 221.1159
544.7195, 221.3722
546.6479, 222.8668
548.5764, 225.1780
550.5049, 227.8761
552.4333, 231.8252
554.3618, 237.8139
556.2903, 244.6225
558.2188, 251.1881
560.1472, 258.1832
562.0757, 266.3949
564.0042, 275.7132
565.9326, 285.8646
567.8611, 296.9377
569.7896, 307.9692
571.7180, 319.3633
573.6465, 329.8600
575.5750, 339.3354
577.5034, 347.9690
579.4319, 355.6215
581.3604, 362.6565
583.2889, 370.1180
585.2173, 376.4266
587.1458, 379.4536
589.0743, 379.8793
591.0027, 380.1540
592.9312, 380.4461
594.8597, 378.8248
596.7881, 374.9141
598.7166, 370.1544
600.6451, 364.5016
602.5735, 358.2233
604.5020, 351.1142
606.4305, 343.8365
608.3589, 337.1706
610.2874, 330.0277
612.2159, 321.1394
614.1443, 311.4293
616.0728, 302.5211
618.0013, 294.2685
619.9297, 285.7932
621.8582, 277.0834
623.7867, 268.2498
625.7151, 259.2171
627.6436, 250.4737
629.5721, 242.3154
631.5005, 233.9284
633.4290, 224.4214
635.3575, 215.5151
637.2859, 208.1853
639.2144, 201.5921
641.1429, 195.1946
643.0714, 188.9742
644.9998, 182.8906
646.9283, 176.9781
648.8568, 171.3830
650.7852, 166.0934
652.7137, 161.0931
654.6422, 156.3991
656.5706, 151.7559
658.4991, 146.8858
660.4276, 142.6804
662.3560, 139.6024
664.2845, 136.8948
666.2130, 134.2674
668.1414, 132.0270
670.0699, 130.6385
671.9984, 129.5206
673.9268, 127.3888
675.8553, 125.4142
677.7838, 126.0369
679.7122, 128.5988
681.6407, 130.7243
683.5692, 132.3474
685.4976, 135.0276
687.4261, 139.0046
689.3546, 143.5694
691.2830, 148.3985
693.2115, 154.2514
695.1400, 161.9831
697.0684, 169.6187
698.9969, 175.6640
700.9254, 182.4965
702.8538, 192.2937
704.7823, 202.7450
706.7108, 211.4021
708.6392, 219.6686
710.5677, 229.8380
712.4962, 241.1348
714.4246, 251.1380
716.3531, 259.8518
718.2816, 267.6503
720.2100, 274.6745
722.1385, 280.1481
724.0670, 283.7430
725.9954, 286.7413
727.9239, 289.4517
729.8524, 290.9634
731.7808, 290.9004
733.7093, 289.8996
735.6378, 287.6184
737.5662, 285.3441
739.4947, 283.6293
741.4232, 282.4585
743.3516, 282.0540
745.2801, 282.0119
747.2086, 281.8109
749.1370, 281.5952
751.0655, 281.7062
752.9940, 282.0982
754.9224, 282.8270
756.8509, 283.8707
758.7794, 283.1657
760.7078, 280.6479
762.6363, 277.7559
764.5648, 274.8903
766.4932, 269.3113
768.4217, 259.7525
770.3502, 250.3688
772.2786, 242.6408
774.2071, 234.4578
776.1356, 224.6163
778.0640, 214.7691
779.9925, 205.4051
781.9210, 196.4402
783.8494, 187.5762
785.7779, 179.3502
787.7064, 172.4731
789.6348, 166.4087
791.5633, 160.1886
793.4918, 154.2881
795.4202, 149.8912
797.3487, 146.6122
799.2772, 143.4058
801.2056, 140.3119
803.1341, 137.5031
805.0626, 135.0092
806.9910, 133.7253
808.9195, 133.9203
810.8480, 133.7997
812.7764, 132.9385
814.7049, 132.4856
816.6334, 133.0795
818.5618, 133.2191
820.4903, 132.5769
822.4188, 131.7232
824.3472, 130.7804
826.2757, 129.6582
828.2042, 128.1437
830.1326, 126.6813
832.0611, 125.6942
833.9896, 124.6438
835.9180, 123.1693
837.8465, 121.4251
839.7750, 119.6402
841.7034, 117.5769
843.6319, 114.7618
845.5604, 111.6017
847.4888, 108.7849
849.4173, 106.1976
851.3458, 103.4917
853.2742, 100.7295
855.2027, 98.27574
857.1312, 96.10619
859.0596, 93.77536
860.9881, 91.25032
862.9166, 88.97720
864.8450, 86.98182
866.7735, 85.15819
868.7020, 83.59957
870.6304, 81.65795
872.5589, 79.11305
874.4874, 77.14814
876.4158, 76.11175
878.3443, 74.83833
880.2728, 72.96958
882.2012, 71.25806
884.1297, 69.93916
886.0582, 68.72226
887.9866, 67.63066
889.9151, 66.37081
891.8436, 64.70734
893.7720, 63.04125
895.7005, 61.33785
897.6290, 59.95517
899.5574, 59.34955
901.4859, 58.77199
903.4144, 57.67546
905.3428, 56.48477
907.2713, 55.48592
909.1998, 54.60829
911.1282, 53.81095
913.0567, 53.06752
914.9852, 52.34167
916.9136, 51.65745
918.8421, 51.09163
920.7706, 50.56531
922.6990, 49.84275
924.6275, 49.11969
926.5560, 48.90889
928.4844, 48.94287
930.4129, 48.53900
932.3414, 47.90754
934.2698, 47.68805
936.1983, 47.74733
938.1268, 47.64743
940.0552, 47.36291
941.9837, 46.72657
943.9122, 45.81789
945.8406, 45.32080
947.7691, 45.24317
949.6976, 45.16171
951.6260, 45.06419
953.5545, 44.98145
955.4830, 44.91643
957.4114, 44.86683
959.3399, 44.89118
961.2684, 44.62751
963.1968, 43.91664
965.1253, 43.42467
967.0538, 43.18241
968.9822, 43.08820
970.9107, 43.29062
972.8392, 43.22964
974.7676, 42.79321
976.6961, 42.39426
978.6246, 42.05197
980.5530, 41.74371
982.4815, 41.42188
984.4100, 41.31408
986.3384, 41.51980
988.2669, 41.69943
990.1954, 41.84154
992.1238, 41.80047
994.0523, 41.53580
995.9808, 41.11544
997.9092, 40.47575
999.8377, 39.99093
1001.766, 39.79879
1003.695, 39.54143
1005.623, 39.07457
1007.552, 38.76885
1009.480, 38.79126
1011.409, 38.72445
1013.337, 38.41893
1015.265, 38.13659
1017.194, 37.90269
1019.122, 37.83537
1021.051, 38.05740
1022.979, 38.20243
1024.908, 38.20301
1026.836, 38.03581
1028.765, 37.56966
1030.693, 37.23281
1032.622, 37.21282
1034.550, 37.15354
1036.479, 36.88353
1038.407, 36.75462
1040.335, 37.05836
1042.264, 37.10094
1044.192, 36.49801
1046.121, 36.05423
1048.049, 36.07153
1049.978, 35.98740
1051.906, 35.54613
1053.835, 35.28169
1055.763, 35.41887
1057.692, 35.49868
1059.620, 35.44267
1061.549, 35.33492
1063.477, 35.12590
1065.406, 34.98948
1067.334, 34.99940
1069.262, 34.98253
1071.191, 34.93032
1073.120, 34.82682
1075.048, 34.65180
1076.976, 34.45229
1078.905, 34.17428
1080.833, 34.01041
1082.762, 33.99697
1084.690, 34.04633
1086.619, 34.21350
1088.547, 34.29268
1090.476, 34.31128
1092.404, 34.11104
1094.333, 33.57184
1096.261, 33.12168
1098.190, 32.75281
1100.118, 32.68009
1102.047, 33.04187
1103.975, 33.04342
1105.903, 32.58185
1107.832, 32.22892
1109.760, 31.98415
1111.689, 31.97347
1113.617, 32.23620
1115.546, 32.15405
1117.474, 31.72290
1119.403, 31.58686
1121.331, 31.71043
1123.260, 31.67885
1125.188, 31.52096
1127.117, 31.40578
1129.045, 31.31752
1130.974, 31.17562
1132.902, 31.01009
1134.830, 30.97300
1136.759, 30.97231
1138.687, 30.62581
1140.616, 30.17081
1142.544, 30.27610
1144.473, 30.59849
1146.401, 30.43578
1148.330, 30.12107
1150.258, 30.21802
1152.187, 30.40132
1154.115, 30.21734
1156.044, 29.95428
1157.972, 29.97376
1159.901, 29.98340
1161.829, 29.61819
1163.757, 29.28515
1165.686, 29.33840
1167.614, 29.44690
1169.543, 29.34299
1171.471, 29.31260
1173.400, 29.70274
1175.328, 29.93641
1177.257, 29.61258
1179.185, 29.29913
1181.114, 29.16425
1183.042, 29.11681
1184.971, 29.21613
1186.899, 29.27498
1188.828, 29.24419
1190.756, 29.17968
1192.684, 29.02821
1194.613, 28.98174
1196.541, 29.11855
1198.470, 29.10949
1200.398, 28.95017
1202.327, 28.70483
1204.255, 28.33648
1206.184, 28.26890
1208.112, 28.50134
1210.041, 28.97239
1211.969, 29.56599
1213.898, 29.50611
1215.826, 29.02588
1217.755, 28.84125
1219.683, 28.81429
1221.611, 28.60550
1223.540, 28.41323
1225.468, 28.63312
1227.397, 28.97220
1229.325, 29.14930
1231.254, 29.20928
1233.182, 29.18190
1235.111, 29.06805
1237.039, 28.73441
1238.968, 28.57874
1240.896, 28.94663
1242.825, 29.01011
1244.753, 28.31872
1246.682, 27.99470
1248.610, 28.37750
1250.538, 28.68457
1252.467, 28.79348
1254.395, 28.74497
1256.324, 28.55048
1258.252, 28.36279
1260.181, 28.22180
1262.109, 28.30515
1264.038, 28.51345
1265.966, 28.54319
1267.895, 28.48496
1269.823, 28.57361
1271.752, 28.65947
1273.680, 28.27246
1275.609, 27.83707
1277.537, 28.13139
1279.465, 28.52869
1281.394, 28.30314
1283.322, 28.03185
1285.251, 28.15131
1287.179, 28.27927
1289.108, 28.19146
1291.036, 28.13066
1292.965, 28.30310
1294.893, 28.34293
1296.822, 28.05485
1298.750, 27.85803
1300.679, 27.76430
1302.607, 27.84223
1304.536, 28.14531
1306.464, 28.05647
1308.392, 27.63941
1310.321, 27.43622
1312.249, 27.41782
1314.178, 27.82407
1316.106, 28.28953
1318.035, 28.06103
1319.963, 27.70796
1321.892, 27.66549
1323.820, 27.74170
1325.749, 27.91135
1327.677, 27.92859
1329.606, 27.67004
1331.534, 27.53815
1333.463, 27.62748
1335.391, 27.73050
1337.319, 27.87294
1339.248, 27.88170
1341.176, 27.68746
1343.105, 27.77861
1345.033, 28.09475
1346.962, 28.06433
1348.890, 27.90792
1350.819, 28.20627
1352.747, 28.70852
1354.676, 29.00581
1356.604, 29.09695
1358.533, 29.06175
1360.461, 29.02041
1362.390, 28.94648
1364.318, 28.91349
1366.246, 29.03354
1368.175, 28.95310
1370.103, 28.53082
1372.032, 28.43871
1373.960, 28.74170
1375.889, 28.78376
1377.817, 28.56535
1379.746, 28.32843
1381.674, 28.21205
1383.603, 28.54489
1385.531, 28.87286
1387.460, 28.48199
1389.388, 28.06912
1391.317, 28.33956
1393.245, 28.57340
1395.173, 28.33886
1397.102, 28.13790
1399.030, 28.06351
1400.959, 28.14867
1402.887, 28.47202
1404.816, 28.61347
1406.744, 28.52094
1408.673, 28.43692
1410.601, 28.35182
1412.530, 27.96284
1414.458, 27.56843
1416.387, 27.58657
1418.315, 27.75230
1420.244, 28.02320
1422.172, 28.20738
1424.100, 28.10203
1426.029, 27.91766
1427.957, 27.75137
1429.886, 27.82030
1431.814, 28.22311
1433.743, 28.13198
1435.671, 27.54556
1437.600, 27.30766
1439.528, 27.42661
1441.457, 27.68641
1443.385, 27.84861
1445.314, 27.65183
1447.242, 27.43467
1449.171, 27.33540
1451.099, 27.35402
1453.027, 27.64681
1454.956, 27.70087
1456.884, 27.30091
1458.813, 27.25317
1460.741, 27.57183
1462.670, 27.48918
1464.598, 27.21886
1466.527, 27.10992
1468.455, 27.11712
1470.384, 27.36357
1472.312, 27.51940
1474.241, 27.40126
1476.169, 27.23241
1478.098, 26.96943
1480.026, 26.83847
1481.954, 26.85261
1483.883, 27.04558
1485.811, 27.31467
1487.740, 27.12605
1489.668, 26.79996
1491.597, 26.86384
1493.525, 26.97395
1495.454, 26.78036
1497.382, 26.50779
1499.311, 26.28362
1501.239, 26.21222
1503.168, 26.29746
1505.096, 26.43077
1507.025, 26.60244
1508.953, 26.67568
1510.881, 26.67137
1512.810, 26.59040
1514.738, 26.49291
1516.667, 26.43502
1518.595, 26.42095
1520.524, 26.52821
1522.452, 26.53527
1524.381, 26.31392
1526.309, 26.23334
1528.238, 26.33265
1530.166, 26.20144
1532.095, 25.95005
1534.023, 26.06653
1535.952, 26.33086
1537.880, 26.51752
1539.808, 26.58587
1541.737, 26.59111
1543.665, 26.60150
1545.594, 26.41282
1547.522, 26.24920
1549.451, 26.26858
1551.379, 26.36149
1553.308, 26.47962
1555.236, 26.55016
1557.165, 26.63815
1559.093, 26.64003
1561.022, 26.54852
1562.950, 26.52511
1564.879, 26.46998
1566.807, 26.38671
1568.735, 26.48507
1570.664, 26.63565
1572.592, 26.42885
1574.521, 26.14599
1576.449, 26.06124
1578.378, 26.04119
1580.306, 26.07059
1582.235, 26.10644
1584.163, 26.17211
1586.092, 26.14058
1588.020, 25.96818
1589.949, 25.98730
1591.877, 26.17417
1593.806, 26.07786
1595.734, 25.89147
1597.662, 25.91906
1599.591, 25.95027
1601.519, 26.03563
1603.448, 26.03097
1605.376, 25.69998
1607.305, 25.53732
1609.233, 25.61161
1611.162, 25.73640
1613.090, 25.79421
1615.019, 25.58026
1616.947, 25.42356
1618.876, 25.56199
1620.804, 25.67732
1622.733, 25.71502
1624.661, 25.74475
1626.589, 25.70943
1628.518, 25.54343
1630.446, 25.39486
1632.375, 25.62108
1634.303, 25.81561
1636.232, 25.66116
1638.160, 25.58386
1640.089, 25.71032
1642.017, 25.80028
1643.946, 25.75747
1645.874, 25.41250
1647.803, 25.07785
1649.731, 25.37626
1651.660, 25.71900
1653.588, 25.64865
1655.516, 25.58554
1657.445, 25.56373
1659.373, 25.33441
1661.302, 25.09555
1663.230, 25.08037
1665.159, 25.05425
1667.087, 25.22760
1669.016, 25.41794
1670.944, 25.14473
1672.873, 25.12501
1674.801, 25.64575
1676.730, 25.48692
1678.658, 24.68920
1680.587, 24.77868
1682.515, 25.33659
1684.443, 25.14167
1686.372, 24.72688
1688.300, 24.83152
1690.229, 24.87586
1692.157, 24.78736
1694.086, 24.66705
1696.014, 24.48809
1697.943, 24.65700
1699.871, 24.84260
1701.800, 24.45386
1703.728, 24.06320
1705.657, 24.01892
1707.585, 24.19118
1709.514, 24.36126
1711.442, 24.49154
1713.370, 24.62341
1715.299, 24.43952
1717.227, 24.13286
1719.156, 24.02641
1721.084, 23.88816
1723.013, 23.61795
1724.941, 23.50570
1726.870, 23.48937
1728.798, 23.50997
1730.727, 23.44376
1732.655, 23.27560
1734.584, 23.17618
1736.512, 23.23743
1738.441, 23.06746
1740.369, 22.70558
1742.297, 22.70549
1744.226, 22.81809
1746.154, 22.68362
1748.083, 22.47969
1750.011, 22.30184
1751.940, 22.21435
1753.868, 22.21558
1755.797, 22.44920
1757.725, 22.48354
1759.654, 21.99604
1761.582, 21.89181
1763.511, 22.25520
1765.439, 22.30037
1767.368, 22.04505
1769.296, 21.77951
1771.224, 21.47244
1773.153, 21.46897
1775.081, 21.60548
1777.010, 21.44482
1778.938, 21.19297
1780.867, 21.06583
1782.795, 21.02165
1784.724, 20.94923
1786.652, 20.84107
1788.581, 20.75262
1790.509, 20.66477
1792.438, 20.70230
1794.366, 20.71115
1796.295, 20.57573
1798.223, 20.42607
1800.151, 20.34321
1802.080, 20.46040
1804.008, 20.58558
1805.937, 20.51400
1807.865, 20.38430
1809.794, 20.25227
1811.722, 20.14923
1813.651, 20.32169
1815.579, 20.33292
1817.508, 19.91848
1819.436, 19.81383
1821.365, 19.96820
1823.293, 19.96013
1825.222, 19.83292
1827.150, 19.80396
1829.078, 19.95922
1831.007, 20.16439
1832.935, 19.92425
1834.864, 19.57587
1836.792, 19.89555
1838.721, 20.15619
1840.649, 19.65331
1842.578, 19.22941
1844.506, 19.12020
1846.435, 19.28867
1848.363, 19.58556
1850.292, 19.75847
1852.220, 19.66439
1854.149, 19.22201
1856.077, 19.06150
1858.005, 18.91722
1859.934, 18.78317
1861.862, 18.81544
1863.791, 18.92123
1865.719, 19.06427
1867.648, 19.06020
1869.576, 18.93323
1871.505, 18.79370
1873.433, 18.79746
1875.362, 18.73705
1877.290, 18.61192
1879.219, 18.54910
1881.147, 18.51758
1883.076, 18.53581
1885.004, 18.47002
1886.932, 18.47330
1888.861, 18.60175
1890.789, 18.61501
1892.718, 18.51194
1894.646, 18.43045
1896.575, 18.37397
1898.503, 18.25629
1900.432, 18.02306
1902.360, 17.89346
1904.289, 17.83737
1906.217, 17.81421
1908.146, 17.80238
1910.074, 17.74743
1912.003, 17.82294
1913.931, 17.99688
1915.859, 18.19955
1917.788, 18.25303
1919.716, 17.72676
1921.645, 17.29346
1923.573, 17.39483
1925.502, 17.62159
1927.430, 17.66976
1929.359, 17.55898
1931.287, 17.52682
1933.216, 17.21101
1935.144, 17.15839
1937.073, 17.71039
1939.001, 17.68206
1940.930, 17.32290
1942.858, 17.42199
1944.786, 17.38217
1946.715, 17.13222
1948.643, 17.15287
1950.572, 17.32676
1952.500, 17.39064
1954.429, 17.37105
1956.357, 17.01970
1958.286, 16.78202
1960.214, 16.87129
1962.143, 17.02866
1964.071, 17.20511
1966.000, 17.09337
1967.928, 16.96440
1969.857, 16.91154
1971.785, 16.76462
1973.714, 16.74894
1975.642, 16.71755
1977.570, 16.59389
1979.499, 16.62747
1981.427, 16.58579
1983.356, 16.40215
1985.284, 16.61885
1987.213, 16.79482
1989.141, 16.44606
1991.070, 16.21162
1992.998, 16.29930
1994.927, 16.39375
1996.855, 16.39994
1998.784, 16.50291
2000.712, 16.39752
2002.641, 15.96726
2004.569, 15.65720
2006.497, 15.56601
2008.426, 15.83645
2010.354, 16.05542
2012.283, 16.03945
2014.211, 15.78442
2016.140, 15.49271
2018.068, 15.31928
2019.997, 15.45019
2021.925, 15.76664
2023.854, 15.71979
2025.782, 15.48770
2027.711, 15.51634
2029.639, 15.60281
2031.568, 15.60954
2033.496, 15.49061
2035.424, 15.25513
2037.353, 15.27923
2039.281, 15.54593
2041.210, 15.47575
2043.138, 15.22370
2045.067, 14.98683
2046.995, 14.88062
2048.924, 14.92900
2050.852, 15.05452
2052.781, 15.10318
2054.709, 15.05844
2056.637, 14.91870
2058.566, 14.81600
2060.495, 14.99010
2062.423, 15.05790
2064.352, 14.97745
2066.280, 14.80502
2068.208, 14.59984
2070.137, 14.49570
2072.065, 14.55360
2073.994, 14.47882
2075.922, 14.54503
2077.851, 14.82443
2079.779, 14.67769
2081.708, 14.25120
2083.636, 14.10977
2085.565, 14.08274
2087.493, 14.20978
2089.422, 14.51391
2091.350, 14.25802
2093.279, 14.22625
2095.207, 14.56673
2097.135, 14.30972
2099.064, 13.75006
2100.992, 13.82984
2102.921, 14.00391
2104.849, 13.87346
2106.778, 13.78975
2108.706, 13.75157
2110.635, 13.85940
2112.563, 14.04259
2114.492, 13.89131
2116.420, 13.73742
2118.349, 13.65552
2120.277, 13.48355
2122.206, 13.51273
2124.134, 13.81809
2126.063, 13.88576
2127.991, 13.73395
2129.919, 13.72930
2131.848, 13.81358
2133.776, 13.60612
2135.705, 13.21564
2137.633, 13.27741
2139.562, 13.62086
2141.490, 13.52559
2143.419, 13.32270
2145.347, 13.30774
2147.276, 13.36553
2149.204, 13.41629
2151.133, 13.24494
2153.061, 12.87950
2154.990, 12.82980
2156.918, 12.97894
2158.846, 12.95817
2160.775, 12.94460
2162.703, 13.00073
2164.632, 12.90483
2166.560, 12.82979
2168.489, 12.72542
2170.417, 12.53277
2172.346, 12.46924
2174.274, 12.53798
2176.203, 12.72434
2178.131, 12.85338
2180.060, 12.72445
2181.988, 12.63785
2183.917, 12.74257
2185.845, 12.68650
2187.773, 12.56340
2189.702, 12.42062
2191.630, 12.27805
2193.559, 12.26531
2195.487, 12.33621
2197.416, 12.36222
2199.344, 12.35626
2201.273, 12.40746
2203.201, 12.40474
2205.130, 12.34531
2207.058, 12.33299
2208.987, 12.32591
2210.915, 12.17053
2212.844, 12.08886
2214.772, 11.94734
2216.700, 11.82008
2218.629, 12.01568
2220.557, 11.98986
2222.486, 11.86945
2224.414, 11.96251
2226.343, 12.00832
2228.271, 11.85608
2230.200, 11.75942
2232.128, 11.80076
2234.057, 11.57731
2235.985, 11.35347
2237.914, 11.38504
2239.842, 11.64584
2241.771, 11.73390
2243.699, 11.61079
2245.627, 11.61939
2247.556, 11.58102
2249.484, 11.61521
2251.413, 11.66803
2253.341, 11.48763
2255.270, 11.23849
2257.198, 11.28017
2259.127, 11.54553
2261.055, 11.55340
2262.984, 11.26700
2264.912, 11.01666
2266.841, 10.90590
2268.769, 10.97772
2270.698, 11.08700
2272.626, 11.05412
2274.554, 11.10262
2276.483, 11.14081
2278.411, 11.11163
2280.340, 11.28910
2282.268, 11.12814
2284.197, 10.72424
2286.125, 10.68547
2288.054, 10.74707
2289.982, 10.86519
2291.911, 10.84832
2293.839, 10.68550
2295.768, 10.85318
2297.696, 10.95064
2299.625, 10.84332
2301.553, 10.90351
2303.481, 10.69033
2305.410, 10.34836
2307.338, 10.37503
2309.267, 10.39910
2311.195, 10.43852
2313.124, 10.42529
2315.052, 10.41394
2316.981, 10.47313
2318.909, 10.39088
2320.838, 10.38495
2322.766, 10.10322
2324.695, 10.06481
2326.623, 10.42408
2328.552, 10.55803
2330.480, 10.52605
2332.408, 10.57533
2334.337, 10.48136
2336.265, 10.07167
2338.194, 9.841731
2340.122, 9.851577
2342.051, 9.976560
2343.979, 9.934484
2345.908, 9.933825
2347.836, 9.905288
2349.765, 9.669080
2351.693, 9.655699
2353.622, 9.962677
2355.550, 10.04001
2357.479, 9.931077
2359.407, 9.605013
2361.335, 9.524923
2363.264, 9.765667
2365.192, 9.889713
2367.121, 9.754856
2369.049, 9.636333
2370.978, 9.611374
2372.906, 9.482638
2374.835, 9.586350
2376.763, 9.591586
2378.692, 9.210695
2380.620, 9.140859
2382.549, 9.308032
2384.477, 9.380853
2386.406, 9.428442
2388.334, 9.534788
2390.262, 9.596051
2392.191, 9.414022
2394.119, 9.238558
2396.048, 9.183908
2397.976, 9.208825
2399.905, 9.310198
2401.833, 9.254151
2403.762, 9.053921
2405.690, 9.108585
2407.619, 9.296691
2409.547, 9.122808
2411.476, 8.840986
2413.404, 9.020801
2415.333, 9.114595
2417.261, 8.873868
2419.189, 8.802654
2421.118, 8.911038
2423.046, 8.896867
2424.975, 8.919994
2426.903, 8.949147
2428.832, 8.925455
2430.760, 8.790586
2432.689, 8.588120
2434.617, 8.593550
2436.546, 8.589677
2438.474, 8.464910
2440.403, 8.419576
2442.331, 8.445588
2444.260, 8.473206
2446.188, 8.362171
2448.116, 8.288687
2450.045, 8.346885
2451.973, 8.265581
2453.902, 8.283232
2455.830, 8.346766
2457.759, 8.279649
2459.687, 8.218371
2461.616, 8.085593
2463.544, 8.208310
2465.473, 8.418280
2467.401, 8.198096
2469.330, 8.105087
2471.258, 8.123679
2473.187, 7.971885
2475.115, 7.976054
2477.043, 7.898595
2478.972, 7.798944
2480.900, 7.865645
2482.829, 7.872451
2484.757, 7.775775
2486.686, 7.639190
2488.614, 7.587517
2490.543, 7.746283
2492.471, 7.721810
2494.400, 7.665113
2496.328, 7.836601
2498.257, 7.851786
2500.185, 7.722978
2502.114, 7.714749
2504.042, 7.613591
2505.970, 7.490982
2507.899, 7.453482
2509.827, 7.484390
2511.756, 7.523153
2513.684, 7.535316
2515.613, 7.543104
2517.541, 7.433354
2519.470, 7.444745
2521.398, 7.579610
2523.327, 7.565640
2525.255, 7.604885
2527.184, 7.566005
2529.112, 7.220011
2531.041, 7.071801
2532.969, 7.256098
2534.897, 7.320191
2536.826, 7.158483
2538.754, 6.967757
2540.683, 7.014693
2542.611, 7.090020
2544.540, 7.067895
2546.468, 7.258082
2548.397, 7.423737
2550.325, 7.339969
2552.254, 7.327344
2554.182, 7.258507
2556.111, 7.001764
2558.039, 7.012293
2559.968, 7.085009
2561.896, 6.810333
2563.824, 6.909774
2565.753, 6.968602
2567.681, 6.688515
2569.610, 6.819159
2571.538, 6.985767
2573.467, 6.805272
2575.395, 6.928029
2577.324, 7.104948
2579.252, 6.860689
2581.181, 6.602737
2583.109, 6.465407
2585.038, 6.479515
2586.966, 6.596909
2588.895, 6.716638
2590.823, 6.598878
2592.751, 6.366824
2594.680, 6.248000
2596.608, 6.388886
2598.537, 6.522985
2600.465, 6.537793
2602.394, 6.390020
2604.322, 6.319260
2606.251, 6.296425
2608.179, 6.344932
2610.108, 6.315275
2612.036, 6.327458
2613.965, 6.394189
2615.893, 6.324389
2617.822, 6.169907
2619.750, 5.997316
2621.678, 5.901645
2623.607, 5.828432
2625.535, 6.044337
2627.464, 5.953248
2629.392, 5.721853
2631.321, 5.737820
2633.249, 5.755034
2635.178, 5.795232
2637.106, 5.832633
2639.035, 6.016900
2640.963, 6.097555
2642.892, 5.797753
2644.820, 5.749454
2646.749, 5.846101
2648.677, 5.800067
2650.605, 5.786630
2652.534, 5.831045
2654.462, 5.730411
2656.391, 5.670146
2658.319, 5.694408
2660.248, 5.745681
2662.176, 5.694412
2664.105, 5.671216
2666.033, 5.643765
2667.962, 5.524017
2669.890, 5.557464
2671.819, 5.687936
2673.747, 5.538850
2675.676, 5.368963
2677.604, 5.244642
2679.532, 5.553347
2681.461, 5.694400
2683.389, 5.569070
2685.318, 5.546874
2687.246, 5.381239
2689.175, 5.254687
2691.103, 5.312889
2693.032, 5.308418
2694.960, 5.304444
2696.889, 5.011239
2698.817, 4.965876
2700.746, 5.148634
2702.674, 5.161737
2704.603, 5.106265
2706.531, 4.986940
2708.459, 4.956827
2710.388, 5.041436
2712.316, 5.053810
2714.245, 4.712171
2716.173, 4.813493
2718.102, 5.015376
2720.030, 4.992578
2721.959, 4.934361
2723.887, 4.834292
2725.816, 4.742883
2727.744, 4.816949
2729.673, 4.852839
2731.601, 4.788289
2733.530, 4.765181
2735.458, 4.816831
2737.386, 4.880281
2739.315, 4.914253
2741.243, 4.823620
2743.172, 4.600995
2745.100, 4.490642
2747.029, 4.456302
2748.957, 4.445211
2750.886, 4.619470
2752.814, 4.859233
2754.743, 4.873895
2756.671, 4.391173
2758.600, 4.352218
2760.528, 4.467306
2762.457, 4.505403
2764.385, 4.470294
2766.313, 4.473979
2768.242, 4.586111
2770.170, 4.493446
2772.099, 4.394783
2774.027, 4.396558
2775.956, 4.616186
2777.884, 4.464220
2779.813, 4.139110
2781.741, 4.095144
2783.670, 4.129788
2785.598, 4.155333
2787.527, 4.231271
2789.455, 4.247839
2791.384, 4.191707
2793.312, 4.111225
2795.240, 4.204591
2797.169, 4.166273
2799.097, 4.004134
2801.026, 4.076762
2802.954, 4.192639
2804.883, 4.215601
2806.811, 4.021158
2808.740, 4.131079
2810.668, 4.270508
2812.597, 4.092935
2814.525, 4.152198
2816.454, 4.099743
2818.382, 3.780511
2820.311, 3.934713
2822.239, 3.976018
2824.167, 3.862970
2826.096, 3.893185
2828.024, 3.956180
2829.953, 3.990127
2831.881, 3.926044
2833.810, 4.039771
2835.738, 4.045668
2837.667, 3.761307
2839.595, 3.550324
2841.524, 3.747989
2843.452, 4.182371
2845.381, 3.930874
2847.309, 3.673126
2849.238, 3.544827
2851.166, 3.611698
2853.094, 3.523513
2855.023, 3.400644
2856.951, 3.349201
2858.880, 3.312919
2860.808, 3.458809
2862.737, 3.692550
2864.665, 3.439651
2866.594, 3.319187
2868.522, 3.406052
2870.451, 3.668277
2872.379, 3.629396
2874.308, 3.464940
2876.236, 3.327986
2878.165, 3.490752
2880.093, 3.538276
2882.021, 3.406741
2883.950, 3.215590
2885.878, 3.228519
2887.807, 3.318681
2889.735, 3.299687
2891.664, 3.253252
2893.592, 3.201503
2895.521, 3.166773
2897.449, 3.154648
2899.378, 3.099943
2901.306, 3.059216
2903.235, 3.212792
2905.163, 3.178524
2907.092, 3.061291
2909.020, 2.979302
2910.948, 3.154419
2912.877, 3.129383
2914.805, 2.903957
2916.734, 2.993574
2918.662, 3.041261
2920.591, 3.020871
2922.519, 2.959789
2924.448, 3.032620
2926.376, 3.067870
2928.305, 3.000751
2930.233, 2.887242
2932.162, 2.968277
2934.090, 3.067207
2936.019, 2.902920
2937.947, 2.766132
2939.875, 2.685069
2941.804, 2.669728
2943.732, 2.792327
2945.661, 2.826452
2947.589, 2.802897
2949.518, 2.808362
2951.446, 2.820035
2953.375, 2.829777
2955.303, 2.823342
2957.232, 2.785830
2959.160, 2.763133
2961.089, 2.713295
2963.017, 2.541879
2964.946, 2.580224
2966.874, 2.676336
2968.802, 2.728172
2970.731, 2.481638
2972.659, 2.365005
2974.588, 2.406860
2976.516, 2.529697
2978.445, 2.459358
2980.373, 2.474133
2982.302, 2.640254
2984.230, 2.715825
2986.159, 2.654050
2988.087, 2.553654
2990.016, 2.493412
2991.944, 2.435201
2993.873, 2.448619
2995.801, 2.495278
2997.729, 2.497219
2999.658, 2.421060
3001.586, 2.347894
3003.515, 2.361397
3005.443, 2.361326
3007.372, 2.255450
3009.300, 2.146275
3011.229, 2.269942
3013.157, 2.263906
3015.086, 2.234228
3017.014, 2.260636
3018.943, 2.279200
3020.871, 2.381749
3022.800, 2.408527
3024.728, 2.259933
3026.656, 2.146430
3028.585, 2.112264
3030.513, 2.146420
3032.442, 2.098044
3034.370, 2.158792
3036.299, 2.179280
3038.227, 2.091697
3040.156, 2.170496
3042.084, 2.225525
3044.013, 2.211762
3045.941, 2.120314
3047.870, 2.216071
3049.798, 2.227902
3051.727, 2.121481
3053.655, 2.092809
3055.583, 2.195466
3057.512, 2.205209
3059.440, 1.981881
3061.369, 1.956438
3063.297, 2.008604
3065.226, 2.053950
3067.154, 1.938875
3069.083, 1.935766
3071.011, 1.806823
3072.940, 1.672852
3074.868, 2.013719
3076.797, 1.933090
3078.725, 1.802833
3080.654, 1.833960
3082.582, 1.948721
3084.510, 1.838462
3086.439, 1.714917
3088.367, 1.783726
3090.296, 1.945611
3092.224, 1.830831
3094.153, 1.702843
3096.081, 2.076062
3098.010, 2.067551
3099.938, 1.855432
3101.867, 1.672375
3103.795, 1.822181
3105.724, 1.720564
3107.652, 1.635931
3109.581, 1.634435
3111.509, 1.670290
3113.438, 1.736146
3115.366, 1.721476
3117.294, 1.653042
3119.223, 1.743211
3121.151, 1.630879
3123.080, 1.581242
3125.008, 1.731085
3126.937, 1.654904
3128.865, 1.840951
3130.794, 1.913056
3132.722, 1.356614
3134.651, 1.545453
3136.579, 1.723668
3138.508, 1.652681
3140.436, 1.474113
3142.365, 1.563250
3144.293, 1.839597
3146.221, 2.062817
3148.150, 1.893374
3150.078, 1.689766
3152.007, 1.506809
3153.935, 1.369169
3155.864, 1.316285
3157.792, 1.346052
3159.721, 1.496600
3161.649, 1.638815
3163.578, 1.377704
3165.506, 1.544899
3167.435, 1.572192
3169.363, 1.304449
3171.292, 1.459218
3173.220, 1.454375
3175.148, 1.390891
3177.077, 1.394057
3179.005, 1.294727
3180.934, 1.405356
3182.862, 1.541938
3184.791, 1.523378
3186.719, 1.526047
3188.648, 1.472173
3190.576, 1.365159
3192.505, 1.180922
3194.433, 1.014536
3196.362, 1.246870
3198.290, 1.432707
3200.219, 1.291521
3202.147, 1.126323
3204.075, 1.149121
3206.004, 1.215510
3207.932, 1.286286
3209.861, 1.304329
3211.789, 1.468042
3213.718, 1.551147
3215.646, 1.378291
3217.575, 1.106251
3219.503, 1.224288
3221.432, 1.270570
3223.360, 1.104357
3225.289, 1.362578
3227.217, 1.245026
3229.146, 1.208293
3231.074, 1.326213
3233.002, 1.189975
3234.931, 1.110610
3236.859, 1.134156
3238.788, 1.202236
3240.716, 1.266979
3242.645, 1.111829
3244.573, 1.101759
3246.502, 1.218179
3248.430, 1.127134
3250.359, 1.045325
3252.287, 1.019430
3254.216, 1.031580
3256.144, 1.072399
3258.073, 1.107501
3260.001, 0.9844097
3261.929, 0.9784085
3263.858, 1.259859
3265.786, 0.9997793
3267.715, 1.030712
3269.643, 1.146805
3271.572, 1.176701
3273.500, 1.175570
3275.429, 1.219847
3277.357, 1.224260
3279.286, 1.121521
3281.214, 1.051436
3283.143, 1.026732
3285.071, 1.121799
3287.000, 1.242515
3288.928, 1.277172
3290.856, 1.100791
3292.785, 1.110754
3294.713, 1.117312
3296.642, 0.8982046
3298.570, 1.103189
3300.499, 1.181650
3302.427, 1.176870
3304.356, 1.151645
3306.284, 1.067230
3308.213, 0.9770663
3310.141, 1.078633
3312.070, 1.229293
3313.998, 1.013354
3315.927, 0.9890262
3317.855, 1.153661
3319.783, 1.277171
3321.712, 1.109625
3323.640, 1.330343
3325.569, 1.176265
3327.497, 0.9745312
3329.426, 0.9598550
3331.354, 0.9396589
3333.283, 0.8446559
3335.211, 0.7314174
3337.140, 0.7831066
3339.068, 1.142520
3340.997, 1.092651
3342.925, 0.9250472
3344.854, 0.9138866
3346.782, 1.138463
3348.710, 1.093020
3350.639, 1.084651
3352.567, 0.9783688
3354.496, 0.8637262
3356.424, 0.9735785
3358.353, 0.8285918
3360.281, 0.8855210
3362.210, 0.8778029
3364.138, 0.6211584
3366.067, 0.9792135
3367.995, 0.9936264
3369.924, 0.8444157
3371.852, 0.7555270
3373.781, 0.8261242
3375.709, 1.161433
3377.637, 1.134888
3379.566, 0.9867350
3381.494, 1.028357
3383.423, 1.027674
3385.351, 0.9816939
3387.280, 0.9071588
3389.208, 0.8899843
3391.137, 1.055857
3393.065, 1.055436
3394.994, 0.9702521
3396.922, 0.9572083
3398.851, 1.052640
3400.779, 1.069733
3402.708, 1.159516
3404.636, 1.100975
3406.564, 1.013270
3408.493, 1.088205
3410.421, 1.211901
3412.350, 0.9811776
3414.278, 0.8358980
3416.207, 0.8874117
3418.135, 0.8898884
3420.064, 1.036461
3421.992, 0.9003456
3423.921, 0.9168651
3425.849, 1.203454
3427.778, 0.9173623
3429.706, 0.8235843
3431.635, 0.9440764
3433.563, 1.079819
3435.491, 1.057051
3437.420, 0.9807513
3439.348, 0.8297275
3441.277, 0.7904893
3443.205, 0.8127776
3445.134, 0.7351300
3447.062, 0.7681782
3448.991, 0.6024569
3450.919, 0.5574890
3452.848, 0.7072400
3454.776, 0.8325484
3456.705, 0.8030550
3458.633, 0.7267151
3460.562, 0.5920940
3462.490, 0.4776644
3464.418, 0.6375679
3466.347, 0.7248257
3468.275, 0.9318387
3470.204, 0.9829376
3472.132, 0.7717603
3474.061, 0.6738817
3475.989, 0.6613053
3477.918, 0.8007631
3479.846, 0.8442581
3481.775, 0.6875950
3483.703, 0.7108562
3485.632, 0.7885099
3487.560, 1.023268
3489.489, 1.010136
3491.417, 0.5915534
3493.345, 0.5493461
3495.274, 0.7230924
3497.202, 0.5360588
3499.131, 0.3703144
3501.059, 0.5914128
3502.988, 0.7422374
3504.916, 0.7796857
3506.845, 0.6016019
3508.773, 0.4634787
3510.702, 0.5389668
3512.630, 0.5893219
3514.559, 0.4837694
3516.487, 0.5622165
3518.416, 0.6990121
3520.344, 0.7292734
3522.272, 0.6941712
3524.201, 0.7417621
3526.129, 0.7521643
3528.058, 0.6498947
3529.986, 0.4561647
3531.915, 0.2990393
3533.843, 0.4553721
3535.772, 0.5553843
3537.700, 0.6047188
3539.629, 0.6121336
3541.557, 0.5254670
3543.486, 0.6434386
3545.414, 0.8055897
3547.343, 0.6831312
3549.271, 0.5405365
3551.199, 0.8025024
3553.128, 0.6078843
3555.056, 0.6348954
3556.985, 0.6072968
3558.913, 0.5801027
3560.842, 0.6544482
3562.770, 0.3779539
3564.699, 0.5988409
3566.627, 0.5008901
3568.556, 0.4760180
3570.484, 0.7312739
3572.413, 0.5685778
3574.341, 0.4827372
3576.270, 0.5772086
3578.198, 0.4872795
3580.126, 0.3433912
3582.055, 0.6012506
3583.983, 0.5815830
3585.912, 0.7159287
3587.840, 0.5779451
3589.769, 0.3908952
3591.697, 0.4656259
3593.626, 0.6192091
3595.554, 0.4217893
3597.483, 0.6194153
3599.411, 0.7210628
3601.340, 0.5119608
3603.268, 0.3193761
3605.197, 0.4688809
3607.125, 0.4556161
3609.053, 0.5006457
3610.982, 0.5341972
3612.910, 0.4855996
3614.839, 0.6344596
3616.767, 0.7856802
3618.696, 0.6310456
3620.624, 0.4165441
3622.553, 0.3895777
3624.481, 0.5858351
3626.410, 0.6069145
3628.338, 0.5881814
3630.267, 0.5085729
3632.195, 0.5752374
3634.124, 0.7154725
3636.052, 0.4093494
3637.980, 0.5675023
3639.909, 0.5300013
3641.837, 0.3773697
3643.766, 0.4079763
3645.694, 0.6554287
3647.623, 0.5076856
3649.551, 0.5929154
3651.480, 0.3333205
3653.408, 0.3185693
3655.337, 0.5505813
3657.265, 0.6011001
3659.194, 0.5282654
3661.122, 0.4129166
3663.051, 0.4626163
3664.979, 0.5886340
3666.907, 0.6735249
3668.836, 0.6500835
3670.764, 0.4527230
3672.693, 0.5620858
3674.621, 0.5664521
3676.550, 0.6009343
3678.478, 0.6024560
3680.407, 0.3720044
3682.335, 0.5236977
3684.264, 0.4395720
3686.192, 0.4598435
3688.121, 0.3563777
3690.049, 0.2295965
3691.978, 0.4228283
3693.906, 0.3487462
3695.834, 0.6717209
3697.763, 0.5682489
3699.691, 0.3728795
3701.620, 0.3679381
3703.548, 0.4307329
3705.477, 0.2599173
3707.405, 0.4471231
3709.334, 0.5942640
3711.262, 0.5240191
3713.191, 0.3689029
3715.119, 0.3227535
3717.048, 0.3483493
3718.976, 0.4666764
3720.905, 0.3139176
3722.833, 0.1839200
3724.761, 0.2122350
3726.690, 0.2713599
3728.618, 0.1515496
3730.547, 0.2087459
3732.475, 0.3235145
3734.404, 0.4796155
3736.332, 0.4097508
3738.261, 0.2588764
3740.189, 0.4865692
3742.118, 0.5446144
3744.046, 0.3319830
3745.975, 0.2819963
3747.903, 0.4036011
3749.832, 0.5189468
3751.760, 0.5159425
3753.688, 0.4398367
3755.617, 0.5126341
3757.545, 0.2885953
3759.474, 0.1993189
3761.402, 0.2598144
3763.331, 0.2988048
3765.259, 0.2493267
3767.188, 0.1785376
3769.116, 0.1331829
3771.045, 0.2094059
3772.973, 0.3273402
3774.902, 0.4915220
3776.830, 0.6722947
3778.759, 0.6521894
3780.687, 0.5787648
3782.615, 0.5675943
3784.544, 0.5678840
3786.472, 0.5626431
3788.401, 0.3686939
3790.329, 3.3528809E-03
3792.258, 0.2432614
3794.186, 0.4051707
3796.115, 0.3435980
3798.043, 0.3256428
3799.972, 0.4328923
3801.900, 0.4977810
3803.829, 0.4081681
3805.757, 0.5835223
3807.686, 0.2465879
3809.614, 0.1509697
3811.542, 0.1044673
3813.471, 0.1585275
3815.399, 0.2778384
3817.328, 0.2957256
3819.256, 0.4773360
3821.185, 0.3925245
3823.113, 0.3121155
3825.042, 0.1284160
3826.970, 7.7645190E-02
3828.899, 0.2195958
3830.827, 0.3117105
3832.756, 0.1466324
3834.684, 0.1666698
3836.613, 0.5766330
3838.541, 0.4657468
3840.469, 0.3283305
3842.398, 0.3743055
3844.326, 0.3388020
3846.255, 0.3030864
3848.183, 0.5269502
3850.112, 0.4412665
3852.040, 0.4083420
3853.969, 0.2426604
3855.897, 0.2639861
3857.826, 0.5403255
3859.754, 0.5340029
3861.683, 0.5017544
3863.611, 0.4420085
3865.540, 0.4034564
3867.468, 0.4433427
3869.396, 0.3909822
3871.325, 0.2634845
3873.253, 0.2348052
3875.182, 0.3784231
3877.110, 0.4560581
3879.039, 0.3825553
3880.967, 0.5541418
3882.896, 0.4588567
3884.824, 0.4775105
3886.753, 0.5707266
3888.681, 0.2583722
3890.610, 0.3172660
3892.538, 0.1624177
3894.467, 0.2193933
3896.395, 0.4603566
3898.323, 0.3342209
3900.252, 0.1635177
3902.180, 0.2361472
3904.109, 0.2612435
3906.037, 0.1438545
3907.966, -4.2499769E-02
3909.894, 0.3281569
3911.823, 0.6006541
3913.751, 0.4806437
3915.680, 0.3815392
3917.608, 0.3910634
3919.537, 0.2182054
3921.465, 0.2086764
3923.394, 0.3434826
3925.322, 0.6038705
3927.250, 0.2588131
3929.179, 0.3894265
3931.107, 0.2825025
3933.036, -1.2914560E-02
3934.964, 0.2251387
3936.893, 0.3035860
3938.821, 0.2323527
3940.750, 0.4968472
3942.678, 0.4532908
3944.607, 0.2037821
3946.535, 0.1779584
3948.464, 0.3502832
3950.392, 0.3835267
3952.321, 0.1896259
3954.249, 0.2357755
3956.177, 0.1947941
3958.106, 0.4667622
3960.034, 8.6064339E-02
3961.963, 0.1367768
3963.891, 0.2556952
3965.820, 0.2071653
3967.748, 0.1860642
3969.677, 0.1965882
3971.605, 0.2638881
3973.534, 0.3591914
3975.462, 0.2036931
3977.391, 7.8702658E-02
3979.319, 0.1319461
3981.248, 0.2291614
3983.176, 0.1564604
3985.104, 1.9327620E-02
3987.033, 8.7730542E-02
3988.961, 0.1619032
3990.890, 2.6114469E-02
3992.818, 0.1793231
3994.747, 0.1060529
3996.675, 0.1891789
3998.604, 9.1521300E-02
4000.532, -8.3386280E-02
4002.461, -3.2799471E-02
4004.389, 0.2463577
4006.318, 0.4095314
4008.246, -3.7682548E-02
4010.175, -2.8882001E-02
4012.103, 8.9289278E-02
4014.031, 0.2991639
4015.960, 6.2392551E-02
4017.888, 0.1423783
4019.817, 0.3120785
4021.745, 9.6659727E-02
4023.674, -1.1076001E-03
4025.602, -8.1698887E-02
4027.531, -4.6234202E-02
4029.459, 0.1725295
4031.388, -3.6627930E-02
4033.316, 0.2336958
4035.245, 0.2611206
4037.173, 0.1924539
4039.102, 0.1588687
4041.030, 2.7165071E-03
4042.958, 2.0898649E-02
4044.887, 1.6687989E-02
4046.815, 0.1145979
4048.744, 0.1002365
4050.672, 0.2002988
4052.601, 0.1258981
4054.529, -1.3524020E-02
4056.458, -0.1361528
4058.386, -6.2232550E-02
4060.315, 5.1307801E-02
4062.243, -0.1655143
4064.172, 0.2066007
4066.100, 0.3160795
4068.029, 1.8364260E-02
4069.957, 0.1922234
4071.885, -3.4872681E-02
4073.814, -8.4702797E-02
4075.742, -4.6133362E-03
4077.671, 3.7518408E-02
4079.599, 1.3721500E-02
4081.528, -5.0861221E-02
4083.456, 3.7921071E-02
4085.385, 6.0602691E-02
4087.313, 0.1030831
4089.242, 8.5969917E-02
4091.170, 0.1119799
4093.099, 0.1662546
4095.027, 0.1275584
4096.956, 4.2513721E-02
4098.884, 0.2015104
4100.813, 0.3061722
4102.741, 8.5062973E-02
4104.669, 0.1467717
4106.598, 7.2352849E-02
4108.526, -1.1236930E-03
4110.455, 0.1170817
4112.383, 3.4303151E-02
4114.312, 0.1038947
4116.240, 0.1877971
4118.169, 0.1706058
4120.097, 2.7424511E-02
4122.026, -5.3682640E-02
4123.954, 0.1062639
4125.883, 0.2823332
4127.811, 6.9311857E-02
4129.740, 0.1519839
4131.668, -3.1952240E-02
4133.597, 0.1117508
4135.525, 4.1144781E-02
4137.454, -0.1035740
4139.382, 0.1089350
4141.311, 0.4515828
4143.239, 0.3530439
4145.167, 0.1231142
4147.096, 0.1157519
4149.024, 9.0589277E-02
4150.953, 3.8156449E-03
4152.881, 8.7463029E-02
4154.810, 0.2551699
4156.738, 0.1155789
4158.667, 3.2373369E-02
4160.595, 4.5507479E-02
4162.523, -3.9640229E-02
4164.452, 0.1688079
4166.380, 0.3919152
4168.309, 0.1450233
4170.237, 4.9540538E-02
4172.166, 0.1684116
4174.094, 9.9224843E-02
4176.023, 0.1781504
4177.951, 5.3342089E-02
4179.880, 3.3067469E-02
4181.808, -0.2108796
4183.737, -1.9571951E-02
4185.665, 0.3086989
4187.594, 3.1086531E-02
4189.522, 0.2526449
4191.451, 8.9092463E-02
4193.379, 0.2009755
4195.308, 0.2274262
4197.236, 0.1928739
4199.165, 0.1559498
4201.093, 0.1357678
4203.021, 0.3028314
4204.950, -4.7721159E-02
4206.878, -0.1135093
4208.807, 0.1556814
4210.735, 0.2007014
4212.664, 0.1544368
4214.592, -3.6188441E-03
4216.521, 0.2680102
4218.449, 7.3574431E-02
4220.377, -0.1211936
4222.306, 0.1051758
4224.234, -9.0449698E-02
4226.163, -0.1495273
4228.091, 5.6019008E-02
4230.020, 0.1042110
4231.948, 0.1268246
4233.877, 8.5937247E-02
4235.805, 3.7051059E-02
4237.734, -1.7776661E-02
4239.662, 8.2287163E-02
4241.591, 0.2047028
4243.519, -3.1950390E-03
4245.448, 0.1018508
4247.376, -2.2092950E-02
4249.305, 2.7480001E-02
4251.233, 0.1642905
4253.162, -7.1671776E-02
4255.090, -2.8533541E-02
4257.019, 0.2657603
4258.947, 0.1993024
4260.875, -1.4665940E-02
4262.804, 2.0501560E-02
4264.732, -5.5286210E-02
4266.661, -0.1756070
4268.589, 0.1792075
4270.518, 0.2013593
4272.446, 0.1309991
4274.375, -6.2808067E-02
4276.303, 4.2817261E-02
4278.231, -9.0786546E-02
4280.160, 0.1285708
4282.088, 0.1401002
4284.017, -0.3079238
4285.945, 0.3044260
4287.874, 0.1123348
4289.802, 0.1706176
4291.731, -0.1526955
4293.659, 0.1290073
4295.588, -6.6605113E-02
4297.516, -7.5334713E-02
4299.445, 0.2762303
4301.373, 0.3086979
4303.302, 8.6495154E-02
4305.230, -0.1091565
4307.159, -5.3130250E-02
4309.087, 7.1210369E-02
4311.016, 0.1690719
4312.944, -1.4772110E-02
4314.873, -0.1573001
4316.801, 9.3686901E-02
4318.729, -0.1211367
4320.658, -0.1131974
4322.586, 0.1808067
4324.515, 6.1509710E-02
4326.443, 0.1588802
4328.372, -0.2219644
4330.300, -0.2010276
4332.229, 8.3945341E-02
4334.157, -0.1345903
4336.085, -4.3805011E-02
4338.014, -4.2167898E-02
4339.942, -2.5232140E-02
4341.871, -1.2702260E-02
4343.799, -2.0099459E-02
4345.728, -8.5073179E-03
4347.656, -0.1712458
4349.585, -0.1762714
4351.513, -2.7169529E-02
4353.442, 5.9734650E-02
4355.370, 9.4454393E-02
4357.299, -8.8649139E-02
4359.227, -0.1212181
4361.156, 8.9235522E-02
4363.084, 0.2168207
4365.013, 0.1820865
4366.941, -0.1428865
4368.870, -0.1839160
4370.798, 0.3979157
4372.727, 0.1985247
4374.655, -7.2770372E-02
4376.583, -3.7239071E-02
4378.512, -0.3583334
4380.440, -0.4451856
4382.369, 0.1073164
##END=



