##NAMES=Caledonite
##RRUFFID=R060506
##IDEAL CHEMISTRY=Cu_2_Pb_5_(SO_4_)_3_(CO_3_)(OH)_6_
##LOCALITY=Rowley mine, Maricopa County, Arizona, USA
##OWNER=RRUFF
##SOURCE=Jim Ricker
##DESCRIPTION=Blue prismatic crystals
##STATUS=The identification of this mineral has been confirmed by single-crystal X-ray diffraction
##URL=https://www.rruff.net/odr/rruff_sample/R060506
##DIFFRACTION SAMPLE DESCRIPTION=Single crystal, powder profile is calculated
##CELL PARAMETERS=a: 20.1 b: 7.149 c: 6.567 alpha: 90 beta: 90 gamma: 90 volume: 943.6 crystal system: orthorhombic
##FILETYPE=Raman Processed
##RAMAN WAVELENGTH=780

94.23413, 2570.319
96.16260, 2565.319
98.09106, 2581.318
100.0195, 2608.217
101.9480, 2645.746
103.8765, 2692.405
105.8049, 2749.614
107.7334, 2812.545
109.6619, 2887.943
111.5903, 2962.476
113.5188, 3024.659
115.4473, 3074.931
117.3757, 3095.078
119.3042, 3082.086
121.2327, 3036.868
123.1611, 2946.492
125.0896, 2827.981
127.0181, 2698.164
128.9465, 2556.469
130.8750, 2420.319
132.8035, 2285.714
134.7319, 2162.982
136.6604, 2054.028
138.5889, 1958.844
140.5173, 1877.909
142.4458, 1810.609
144.3743, 1746.207
146.3027, 1686.728
148.2312, 1626.184
150.1597, 1561.260
152.0881, 1497.046
154.0166, 1436.522
155.9451, 1379.694
157.8735, 1327.287
159.8020, 1280.107
161.7305, 1236.538
163.6589, 1197.244
165.5874, 1161.111
167.5159, 1127.324
169.4443, 1095.888
171.3728, 1067.301
173.3013, 1041.583
175.2297, 1019.012
177.1582, 999.6512
179.0867, 983.4321
181.0151, 971.5969
182.9436, 962.2909
184.8721, 952.5045
186.8005, 941.7929
188.7290, 932.4494
190.6575, 924.8549
192.5859, 917.9186
194.5144, 911.0880
196.4429, 904.8186
198.3713, 899.6122
200.2998, 895.4784
202.2283, 891.9548
204.1567, 888.7467
206.0852, 886.7557
208.0137, 886.3621
209.9421, 887.2299
211.8706, 889.2139
213.7991, 892.2704
215.7275, 896.6176
217.6560, 902.6396
219.5845, 907.3716
221.5129, 909.3443
223.4414, 911.8101
225.3699, 917.4116
227.2983, 923.5067
229.2268, 926.3194
231.1553, 925.7394
233.0837, 924.9198
235.0122, 924.4271
236.9407, 922.0204
238.8691, 916.4518
240.7976, 909.1771
242.7261, 900.8050
244.6545, 891.4045
246.5830, 881.3055
248.5115, 870.5795
250.4399, 858.7673
252.3684, 845.6221
254.2969, 831.5442
256.2253, 815.9333
258.1538, 800.0641
260.0823, 785.0260
262.0107, 770.9946
263.9392, 758.9171
265.8677, 749.1583
267.7961, 740.1401
269.7246, 731.3749
271.6531, 723.3053
273.5815, 715.9135
275.5100, 709.5402
277.4385, 704.8319
279.3669, 701.6899
281.2954, 699.2977
283.2239, 697.7604
285.1523, 696.6716
287.0808, 696.2474
289.0093, 695.9094
290.9377, 694.8672
292.8662, 693.7360
294.7947, 693.6664
296.7231, 694.7142
298.6516, 696.3605
300.5801, 698.8140
302.5085, 701.5053
304.4370, 704.4110
306.3655, 707.4543
308.2939, 710.7789
310.2224, 714.1427
312.1509, 717.2874
314.0793, 720.8007
316.0078, 721.4244
317.9363, 717.6364
319.8647, 713.0209
321.7932, 708.5888
323.7217, 703.6224
325.6501, 697.2994
327.5786, 690.0562
329.5071, 683.1550
331.4355, 676.6409
333.3640, 670.5272
335.2925, 664.7379
337.2209, 659.4111
339.1494, 655.1623
341.0779, 650.7835
343.0063, 645.6926
344.9348, 639.7372
346.8633, 632.2792
348.7917, 622.5839
350.7202, 613.7798
352.6487, 607.1262
354.5771, 598.9657
356.5056, 586.6625
358.4341, 574.2701
360.3625, 564.4416
362.2910, 556.5682
364.2195, 549.2267
366.1479, 542.4039
368.0764, 536.3854
370.0049, 531.2117
371.9333, 526.6093
373.8618, 522.3127
375.7903, 518.8235
377.7188, 516.1785
379.6472, 514.5275
381.5757, 514.2014
383.5042, 515.2294
385.4326, 516.9624
387.3611, 519.2971
389.2896, 522.6860
391.2180, 526.9365
393.1465, 532.9023
395.0750, 541.2003
397.0034, 551.0292
398.9319, 561.0811
400.8604, 571.9417
402.7888, 586.0734
404.7173, 603.3120
406.6458, 623.3372
408.5742, 645.9443
410.5027, 671.7831
412.4312, 701.1794
414.3596, 733.5877
416.2881, 769.2418
418.2166, 807.5436
420.1450, 848.0175
422.0735, 890.4435
424.0020, 934.1306
425.9304, 979.7050
427.8589, 1022.484
429.7874, 1061.912
431.7158, 1097.358
433.6443, 1125.128
435.5728, 1152.126
437.5012, 1182.382
439.4297, 1217.002
441.3582, 1260.636
443.2866, 1312.157
445.2151, 1357.519
447.1436, 1396.737
449.0720, 1425.045
451.0005, 1439.555
452.9290, 1446.694
454.8574, 1456.252
456.7859, 1453.329
458.7144, 1422.832
460.6428, 1368.107
462.5713, 1290.951
464.4998, 1190.991
466.4282, 1093.372
468.3567, 996.6940
470.2852, 910.6886
472.2136, 836.6176
474.1421, 772.4338
476.0706, 718.7426
477.9990, 673.4642
479.9275, 636.1452
481.8560, 605.1636
483.7844, 577.9741
485.7129, 554.5794
487.6414, 534.4117
489.5698, 518.5252
491.4983, 504.3969
493.4268, 492.1930
495.3552, 481.4911
497.2837, 472.7856
499.2122, 464.9808
501.1406, 457.1151
503.0691, 449.6509
504.9976, 443.4622
506.9260, 438.5497
508.8545, 434.1893
510.7830, 430.6884
512.7114, 426.8745
514.6399, 422.3578
516.5684, 418.2310
518.4968, 414.7243
520.4253, 411.8205
522.3538, 409.7110
524.2822, 408.0366
526.2107, 406.6849
528.1392, 405.4679
530.0676, 403.3658
531.9961, 400.1418
533.9246, 398.1532
535.8530, 397.7203
537.7815, 397.2757
539.7100, 396.6394
541.6384, 395.6950
543.5669, 393.7651
545.4954, 392.1817
547.4238, 391.9799
549.3523, 392.4840
551.2808, 392.8309
553.2092, 393.0010
555.1377, 392.8041
557.0662, 392.2388
558.9946, 391.9393
560.9231, 391.9442
562.8516, 392.2722
564.7800, 393.0263
566.7085, 393.9301
568.6370, 394.4138
570.5654, 395.5155
572.4939, 398.2849
574.4224, 401.8439
576.3508, 404.7760
578.2793, 407.4447
580.2078, 411.3577
582.1362, 416.4052
584.0647, 420.8022
585.9932, 424.1335
587.9216, 428.1234
589.8501, 433.2651
591.7786, 438.9128
593.7070, 444.0758
595.6355, 450.7155
597.5640, 460.4387
599.4924, 471.7067
601.4209, 483.8595
603.3494, 495.8957
605.2778, 505.9943
607.2063, 514.2548
609.1348, 521.5328
611.0632, 528.1355
612.9917, 531.1619
614.9202, 530.1071
616.8486, 525.5602
618.7771, 515.8095
620.7056, 505.3954
622.6340, 495.0458
624.5625, 485.3083
626.4910, 476.7217
628.4194, 468.7896
630.3479, 460.9685
632.2764, 453.3724
634.2048, 445.9227
636.1333, 438.7594
638.0618, 433.6451
639.9902, 431.1497
641.9187, 428.8719
643.8472, 426.7940
645.7756, 424.9005
647.7041, 423.8090
649.6326, 421.9330
651.5610, 418.5611
653.4895, 414.5904
655.4180, 409.8473
657.3464, 405.4373
659.2749, 402.4851
661.2034, 400.3711
663.1318, 397.8923
665.0603, 395.2880
666.9888, 393.9717
668.9172, 394.1234
670.8457, 393.7123
672.7742, 392.3971
674.7026, 391.8036
676.6311, 392.0900
678.5596, 392.8667
680.4880, 394.1683
682.4165, 395.6665
684.3450, 397.1466
686.2734, 398.9196
688.2019, 400.8786
690.1304, 403.4935
692.0588, 407.3243
693.9873, 412.0234
695.9158, 417.0966
697.8442, 422.4998
699.7727, 427.9249
701.7012, 433.4035
703.6296, 439.6071
705.5581, 446.4742
707.4866, 454.9225
709.4150, 464.8310
711.3435, 477.6761
713.2720, 494.6983
715.2004, 512.3658
717.1289, 531.9108
719.0574, 548.3726
720.9858, 561.4016
722.9143, 568.9965
724.8428, 570.0223
726.7712, 564.8690
728.6997, 552.0995
730.6282, 534.5352
732.5566, 515.0355
734.4851, 495.2415
736.4136, 479.7038
738.3420, 468.2052
740.2705, 460.1516
742.1990, 455.4608
744.1274, 450.8267
746.0559, 445.6495
747.9844, 441.9702
749.9128, 440.3723
751.8413, 439.7232
753.7698, 440.2260
755.6982, 441.0756
757.6267, 441.9189
759.5552, 443.3589
761.4836, 445.7053
763.4121, 448.7162
765.3406, 452.8630
767.2690, 456.9686
769.1975, 459.2994
771.1260, 461.2276
773.0544, 464.8056
774.9829, 469.2735
776.9114, 473.0130
778.8398, 476.0891
780.7683, 479.1067
782.6968, 482.0803
784.6252, 484.3833
786.5537, 485.7514
788.4822, 487.4358
790.4106, 489.5350
792.3391, 491.9110
794.2676, 495.2717
796.1960, 497.5689
798.1245, 498.0502
800.0530, 498.4641
801.9814, 498.6827
803.9099, 500.0428
805.8384, 504.0084
807.7668, 507.8669
809.6953, 509.6937
811.6238, 511.2045
813.5522, 513.7822
815.4807, 516.4244
817.4092, 518.3209
819.3376, 519.5256
821.2661, 519.3625
823.1946, 518.9354
825.1230, 521.3506
827.0515, 525.6461
828.9800, 527.9171
830.9084, 528.3771
832.8369, 528.8942
834.7654, 529.4962
836.6938, 530.2296
838.6223, 531.1304
840.5508, 531.6152
842.4792, 531.6429
844.4077, 531.0963
846.3362, 529.8727
848.2646, 528.3934
850.1931, 526.6704
852.1216, 524.9190
854.0500, 523.4935
855.9785, 521.3369
857.9070, 518.1428
859.8354, 514.1882
861.7639, 509.2138
863.6924, 504.0750
865.6208, 498.8582
867.5493, 493.9127
869.4778, 489.4608
871.4063, 485.2682
873.3347, 481.4038
875.2632, 477.4280
877.1917, 472.4856
879.1201, 467.6094
881.0486, 464.4737
882.9771, 461.8826
884.9055, 457.8135
886.8340, 453.1751
888.7625, 449.5536
890.6909, 446.6928
892.6194, 444.1204
894.5479, 441.8364
896.4763, 439.9292
898.4048, 438.3428
900.3333, 436.6915
902.2617, 435.0634
904.1902, 434.2451
906.1187, 434.2709
908.0471, 434.5247
909.9756, 434.9044
911.9041, 436.1832
913.8325, 438.2448
915.7610, 441.7934
917.6895, 447.3158
919.6179, 452.9294
921.5464, 457.6654
923.4749, 464.3668
925.4033, 472.9601
927.3318, 483.7687
929.2603, 497.2671
931.1887, 512.0435
933.1172, 527.6550
935.0457, 545.1075
936.9741, 564.2905
938.9026, 585.8279
940.8311, 608.4734
942.7595, 636.6177
944.6880, 670.2599
946.6165, 712.5927
948.5449, 764.0506
950.4734, 826.2500
952.4019, 903.4473
954.3303, 984.7762
956.2588, 1065.992
958.1873, 1148.614
960.1157, 1228.235
962.0442, 1317.354
963.9727, 1416.131
965.9011, 1535.842
967.8296, 1686.076
969.7581, 1854.808
971.6865, 2051.202
973.6150, 2242.249
975.5435, 2421.532
977.4719, 2565.851
979.4004, 2667.063
981.3289, 2714.125
983.2573, 2700.304
985.1858, 2625.018
987.1143, 2469.652
989.0427, 2272.287
990.9712, 2049.650
992.8997, 1825.945
994.8281, 1621.637
996.7566, 1436.243
998.6851, 1269.442
1000.614, 1121.463
1002.542, 993.4014
1004.470, 883.9682
1006.399, 793.4892
1008.327, 719.2101
1010.256, 660.1436
1012.184, 612.8912
1014.113, 574.5027
1016.041, 543.8112
1017.970, 521.0868
1019.898, 503.4911
1021.827, 487.8371
1023.755, 474.4547
1025.684, 464.4358
1027.612, 456.3930
1029.541, 448.0891
1031.469, 440.8640
1033.397, 436.5185
1035.326, 434.3136
1037.254, 434.2448
1039.183, 434.8528
1041.111, 433.7938
1043.040, 432.7067
1044.968, 433.9536
1046.897, 436.1678
1048.825, 437.5459
1050.754, 438.9807
1052.682, 441.4086
1054.611, 444.6923
1056.539, 449.0713
1058.468, 453.7908
1060.396, 458.2386
1062.324, 462.2475
1064.253, 465.4057
1066.181, 468.2764
1068.110, 470.7130
1070.038, 473.9943
1071.967, 478.5754
1073.895, 485.6332
1075.824, 497.9068
1077.752, 511.3947
1079.681, 524.5657
1081.609, 534.7067
1083.538, 540.3243
1085.466, 540.8132
1087.395, 534.1490
1089.323, 524.0836
1091.251, 511.4580
1093.180, 498.9771
1095.108, 487.1371
1097.037, 477.8899
1098.965, 473.9143
1100.894, 470.8638
1102.822, 467.0656
1104.751, 462.5069
1106.679, 456.9526
1108.608, 450.9834
1110.536, 444.0782
1112.465, 437.9670
1114.393, 433.5891
1116.322, 429.6101
1118.250, 425.4417
1120.178, 421.8816
1122.107, 419.3160
1124.035, 417.0748
1125.964, 414.8868
1127.892, 413.3119
1129.821, 412.7207
1131.749, 412.1154
1133.678, 410.9424
1135.606, 410.8737
1137.535, 412.4761
1139.463, 414.0721
1141.392, 415.4577
1143.320, 416.8000
1145.249, 418.1051
1147.177, 419.5726
1149.105, 421.3342
1151.034, 422.3097
1152.962, 422.3630
1154.891, 423.1326
1156.819, 424.6717
1158.748, 425.5414
1160.676, 425.6950
1162.605, 425.7754
1164.533, 425.4382
1166.462, 422.0085
1168.390, 416.0060
1170.319, 409.2823
1172.247, 402.2777
1174.176, 396.6835
1176.104, 391.4907
1178.032, 383.9533
1179.961, 375.7337
1181.889, 369.1125
1183.818, 363.8336
1185.746, 360.4319
1187.675, 357.2151
1189.603, 351.9710
1191.532, 346.9980
1193.460, 344.1079
1195.389, 341.8783
1197.317, 339.6811
1199.246, 337.4621
1201.174, 335.1507
1203.103, 332.8603
1205.031, 330.4726
1206.959, 328.6119
1208.888, 327.6797
1210.816, 326.6544
1212.745, 325.3142
1214.673, 323.7318
1216.602, 321.8186
1218.530, 320.5178
1220.459, 319.9937
1222.387, 319.1709
1224.316, 317.9526
1226.244, 316.6997
1228.173, 315.4537
1230.101, 314.6042
1232.030, 314.0455
1233.958, 313.2549
1235.886, 312.2373
1237.815, 310.8898
1239.743, 309.4276
1241.672, 308.1703
1243.600, 307.1807
1245.529, 306.8223
1247.457, 306.4623
1249.386, 305.2792
1251.314, 304.0775
1253.243, 303.3703
1255.171, 302.9705
1257.100, 303.2408
1259.028, 302.9953
1260.957, 301.2061
1262.885, 299.8969
1264.813, 299.6939
1266.742, 299.4976
1268.670, 299.0763
1270.599, 299.2181
1272.527, 300.1718
1274.456, 300.0742
1276.384, 298.8779
1278.313, 299.2245
1280.241, 300.8599
1282.170, 301.7786
1284.098, 302.0878
1286.027, 301.8086
1287.955, 301.5249
1289.884, 302.6075
1291.812, 303.9008
1293.740, 303.9905
1295.669, 304.0020
1297.597, 304.8062
1299.526, 305.7650
1301.454, 306.5319
1303.383, 307.3910
1305.311, 308.4388
1307.240, 309.6163
1309.168, 310.9286
1311.097, 312.3100
1313.025, 313.7990
1314.954, 315.1884
1316.882, 316.4901
1318.811, 317.6187
1320.739, 318.6164
1322.667, 319.5604
1324.596, 320.6232
1326.524, 322.4427
1328.453, 324.5588
1330.381, 326.2461
1332.310, 327.7628
1334.238, 329.3392
1336.167, 330.8759
1338.095, 332.2691
1340.024, 333.6704
1341.952, 335.1468
1343.881, 336.5673
1345.809, 337.8612
1347.738, 339.4161
1349.666, 341.3092
1351.594, 342.7722
1353.523, 343.9233
1355.451, 346.7649
1357.380, 350.8092
1359.308, 353.6094
1361.237, 356.0849
1363.165, 359.9900
1365.094, 364.6686
1367.022, 369.0241
1368.951, 374.2726
1370.879, 381.3410
1372.808, 389.4468
1374.736, 398.2350
1376.665, 408.0527
1378.593, 418.9909
1380.521, 430.8006
1382.450, 443.3613
1384.378, 458.8690
1386.307, 476.8647
1388.235, 491.1318
1390.164, 501.8638
1392.092, 511.0786
1394.021, 516.4018
1395.949, 514.4185
1397.878, 506.9667
1399.806, 493.6651
1401.735, 478.5713
1403.663, 463.3704
1405.592, 447.6935
1407.520, 430.5482
1409.448, 415.4447
1411.377, 403.0843
1413.305, 391.9632
1415.234, 382.0642
1417.162, 372.8203
1419.091, 364.5156
1421.019, 358.3166
1422.948, 353.5300
1424.876, 349.4263
1426.805, 345.7705
1428.733, 342.2016
1430.662, 339.3840
1432.590, 337.5531
1434.519, 336.7032
1436.447, 336.9282
1438.375, 337.5184
1440.304, 338.3916
1442.232, 338.5462
1444.161, 338.0871
1446.089, 337.7472
1448.018, 337.1932
1449.946, 335.7092
1451.875, 333.7130
1453.803, 331.1439
1455.732, 328.9652
1457.660, 327.7792
1459.589, 326.7736
1461.517, 325.8872
1463.446, 324.5261
1465.374, 322.6450
1467.302, 320.7209
1469.231, 318.8912
1471.159, 317.4770
1473.088, 316.5246
1475.016, 316.7677
1476.945, 316.6199
1478.873, 313.9440
1480.802, 311.5254
1482.730, 311.0301
1484.659, 310.3319
1486.587, 309.0549
1488.516, 307.8437
1490.444, 306.7351
1492.373, 305.6876
1494.301, 304.8028
1496.229, 304.7293
1498.158, 304.6323
1500.086, 303.2575
1502.015, 301.8321
1503.943, 301.0729
1505.872, 300.6710
1507.800, 301.1021
1509.729, 300.4171
1511.657, 298.2330
1513.586, 296.9337
1515.514, 296.4082
1517.443, 296.2752
1519.371, 296.2569
1521.300, 295.6995
1523.228, 295.3801
1525.156, 296.3444
1527.085, 296.2732
1529.013, 293.9225
1530.942, 292.3388
1532.870, 292.0742
1534.799, 291.9942
1536.727, 291.9725
1538.656, 291.2596
1540.584, 290.3723
1542.513, 290.2637
1544.441, 290.2330
1546.370, 289.6834
1548.298, 289.3304
1550.227, 289.3459
1552.155, 289.6295
1554.083, 290.1425
1556.012, 291.0093
1557.940, 291.7718
1559.869, 290.4339
1561.797, 288.6134
1563.726, 288.6326
1565.654, 288.8339
1567.583, 288.4008
1569.511, 287.5810
1571.440, 286.3018
1573.368, 285.7422
1575.297, 285.8775
1577.225, 285.8265
1579.154, 285.6489
1581.082, 285.5858
1583.010, 285.4286
1584.939, 284.7253
1586.867, 284.3534
1588.796, 284.8806
1590.724, 285.2695
1592.653, 285.4569
1594.581, 285.7935
1596.510, 285.9785
1598.438, 284.6576
1600.367, 282.9447
1602.295, 281.7164
1604.224, 281.1625
1606.152, 281.7768
1608.081, 282.2800
1610.009, 282.5991
1611.938, 282.0236
1613.866, 280.8534
1615.794, 281.3975
1617.723, 282.1377
1619.651, 280.5538
1621.580, 279.1518
1623.508, 279.4823
1625.437, 279.4597
1627.365, 278.5172
1629.294, 277.6682
1631.222, 277.0044
1633.151, 277.0755
1635.079, 277.3903
1637.008, 277.5881
1638.936, 276.9706
1640.865, 274.7477
1642.793, 273.4327
1644.721, 273.6230
1646.650, 273.7604
1648.578, 273.7719
1650.507, 273.8044
1652.435, 273.8267
1654.364, 273.6870
1656.292, 273.7079
1658.221, 274.2028
1660.149, 273.9214
1662.078, 272.6821
1664.006, 273.0695
1665.935, 274.7121
1667.863, 276.3141
1669.792, 277.5470
1671.720, 277.6757
1673.648, 278.1425
1675.577, 280.0030
1677.505, 280.0732
1679.434, 278.2179
1681.362, 276.2559
1683.291, 274.2560
1685.219, 271.9132
1687.148, 269.9632
1689.076, 268.9581
1691.005, 268.5924
1692.933, 269.1315
1694.862, 268.3513
1696.790, 266.5258
1698.719, 265.4297
1700.647, 264.7650
1702.575, 264.3138
1704.504, 263.8301
1706.432, 263.0773
1708.361, 262.7576
1710.289, 263.0082
1712.218, 261.8950
1714.146, 260.2115
1716.075, 259.7859
1718.003, 259.7294
1719.932, 259.6097
1721.860, 259.2937
1723.789, 258.7362
1725.717, 257.8221
1727.646, 256.7094
1729.574, 255.9164
1731.502, 255.5501
1733.431, 255.9374
1735.359, 256.2704
1737.288, 256.3579
1739.216, 255.8276
1741.145, 254.7254
1743.073, 253.5754
1745.002, 252.5627
1746.930, 252.1190
1748.859, 251.6130
1750.787, 250.7568
1752.716, 250.3422
1754.644, 250.3404
1756.573, 249.0142
1758.501, 247.2911
1760.429, 246.8765
1762.358, 246.5806
1764.286, 245.5482
1766.215, 245.3091
1768.143, 245.9195
1770.072, 245.5554
1772.000, 244.7173
1773.929, 244.5525
1775.857, 244.3366
1777.786, 243.4591
1779.714, 242.8332
1781.643, 242.5602
1783.571, 242.2696
1785.500, 242.1565
1787.428, 243.1176
1789.356, 243.4720
1791.285, 241.4365
1793.213, 240.1746
1795.142, 240.0529
1797.070, 239.9322
1798.999, 239.5922
1800.927, 238.4911
1802.856, 237.2915
1804.784, 236.2272
1806.713, 235.6546
1808.641, 235.6335
1810.570, 235.1249
1812.498, 234.3770
1814.427, 233.8116
1816.355, 233.2652
1818.283, 232.7584
1820.212, 231.7243
1822.140, 230.2038
1824.069, 229.9712
1825.997, 230.1328
1827.926, 229.3460
1829.854, 228.3856
1831.783, 227.4190
1833.711, 226.8106
1835.640, 226.4925
1837.568, 225.9843
1839.497, 225.3232
1841.425, 224.3487
1843.354, 223.7918
1845.282, 223.8528
1847.210, 223.5335
1849.139, 222.8640
1851.067, 221.9707
1852.996, 221.2093
1854.924, 221.0707
1856.853, 220.4827
1858.781, 219.3523
1860.710, 218.5533
1862.638, 217.9662
1864.567, 217.1708
1866.495, 216.8028
1868.424, 217.4661
1870.352, 217.3628
1872.281, 216.5473
1874.209, 215.7429
1876.137, 215.1369
1878.066, 215.1114
1879.994, 214.8402
1881.923, 214.0434
1883.851, 213.8080
1885.780, 213.8548
1887.708, 213.7176
1889.637, 213.0870
1891.565, 211.2764
1893.494, 210.4562
1895.422, 210.6530
1897.351, 210.1019
1899.279, 209.2919
1901.208, 208.6190
1903.136, 208.2091
1905.064, 208.1895
1906.993, 207.5944
1908.921, 206.7724
1910.850, 206.8458
1912.778, 206.8266
1914.707, 206.2589
1916.635, 205.3970
1918.564, 204.3940
1920.492, 203.9345
1922.421, 203.7867
1924.349, 203.8313
1926.278, 203.7768
1928.206, 203.5425
1930.135, 202.8042
1932.063, 201.7895
1933.991, 200.5932
1935.920, 200.0471
1937.848, 200.5389
1939.777, 200.3801
1941.705, 199.5677
1943.634, 198.3539
1945.562, 197.4084
1947.491, 197.4350
1949.419, 197.0764
1951.348, 196.3289
1953.276, 196.0336
1955.205, 196.0340
1957.133, 196.5192
1959.062, 196.2556
1960.990, 195.0373
1962.918, 194.6150
1964.847, 194.5752
1966.775, 194.4149
1968.704, 193.8673
1970.632, 192.6199
1972.561, 192.3850
1974.489, 192.6817
1976.418, 192.1002
1978.346, 191.5748
1980.275, 191.7615
1982.203, 191.3480
1984.132, 190.4874
1986.060, 190.3033
1987.989, 190.1334
1989.917, 189.5027
1991.845, 189.1708
1993.774, 189.0910
1995.702, 187.8023
1997.631, 186.5558
1999.559, 186.3173
2001.488, 186.5449
2003.416, 187.0096
2005.345, 185.0598
2007.273, 183.1492
2009.202, 184.3647
2011.130, 185.0408
2013.059, 184.4393
2014.987, 183.5020
2016.916, 182.4947
2018.844, 181.5490
2020.772, 181.1978
2022.701, 181.5238
2024.629, 181.6325
2026.558, 181.3659
2028.486, 180.2737
2030.415, 179.2116
2032.343, 178.3775
2034.272, 179.2661
2036.200, 180.2935
2038.129, 178.2601
2040.057, 176.9748
2041.986, 177.4307
2043.914, 177.5554
2045.843, 177.2298
2047.771, 176.3388
2049.699, 175.2425
2051.628, 173.9446
2053.556, 174.3755
2055.485, 175.1419
2057.413, 173.4041
2059.342, 172.6741
2061.270, 174.4691
2063.199, 173.9414
2065.127, 172.3716
2067.056, 171.4148
2068.984, 171.1882
2070.913, 171.9562
2072.841, 170.9609
2074.770, 169.3749
2076.698, 168.6271
2078.626, 168.4283
2080.555, 168.7453
2082.483, 168.5107
2084.412, 168.0438
2086.340, 167.6147
2088.269, 167.5738
2090.197, 167.9547
2092.126, 167.4075
2094.054, 166.8116
2095.983, 167.3479
2097.911, 166.5723
2099.840, 164.4359
2101.768, 164.1586
2103.697, 164.1358
2105.625, 162.9406
2107.553, 162.5847
2109.482, 162.9261
2111.410, 162.1511
2113.339, 161.2682
2115.267, 160.8077
2117.196, 161.0437
2119.124, 161.5148
2121.053, 160.9612
2122.981, 160.0164
2124.910, 158.8161
2126.838, 158.8023
2128.767, 159.2762
2130.695, 158.9966
2132.624, 158.3630
2134.552, 157.4893
2136.480, 157.1176
2138.409, 156.8808
2140.337, 156.2866
2142.266, 155.7079
2144.194, 155.2166
2146.123, 155.4471
2148.051, 155.5893
2149.980, 154.7658
2151.908, 154.9136
2153.837, 155.6272
2155.765, 154.2184
2157.694, 153.1172
2159.622, 153.5799
2161.551, 153.5606
2163.479, 153.1044
2165.407, 152.2672
2167.336, 151.6657
2169.264, 151.4481
2171.193, 150.5932
2173.121, 149.9253
2175.050, 150.4387
2176.978, 150.6355
2178.907, 150.2093
2180.835, 148.5338
2182.764, 147.2486
2184.692, 147.1752
2186.621, 147.3079
2188.549, 147.4435
2190.478, 147.5143
2192.406, 147.0825
2194.334, 146.0976
2196.263, 145.3762
2198.191, 144.7504
2200.120, 143.8589
2202.048, 143.6113
2203.977, 143.8778
2205.905, 144.0055
2207.834, 143.8080
2209.762, 143.1196
2211.691, 142.8536
2213.619, 142.5865
2215.548, 141.4644
2217.476, 140.5753
2219.405, 140.0777
2221.333, 139.6787
2223.261, 139.2538
2225.190, 138.4032
2227.118, 139.1884
2229.047, 140.4750
2230.975, 139.1253
2232.904, 138.0225
2234.832, 138.0585
2236.761, 137.0031
2238.689, 136.0846
2240.618, 136.4511
2242.546, 136.1895
2244.475, 135.4183
2246.403, 135.1788
2248.332, 134.8419
2250.260, 134.2192
2252.188, 134.3922
2254.117, 134.5329
2256.045, 133.6644
2257.974, 133.2992
2259.902, 133.3493
2261.831, 132.7530
2263.759, 132.2282
2265.688, 131.9959
2267.616, 131.5361
2269.545, 131.1367
2271.473, 131.3460
2273.402, 130.9382
2275.330, 130.1582
2277.259, 130.2681
2279.187, 130.0883
2281.115, 129.2672
2283.044, 128.7419
2284.972, 128.2617
2286.901, 127.3957
2288.829, 127.0260
2290.758, 127.0345
2292.686, 127.1390
2294.615, 126.9038
2296.543, 126.2247
2298.472, 125.5539
2300.400, 125.0663
2302.329, 124.9726
2304.257, 125.0020
2306.186, 124.7804
2308.114, 123.3203
2310.042, 122.6495
2311.971, 123.0494
2313.899, 123.2236
2315.828, 123.1371
2317.756, 122.7620
2319.685, 121.8184
2321.613, 121.0946
2323.542, 121.5456
2325.470, 122.4253
2327.399, 123.4580
2329.327, 124.4444
2331.256, 124.5862
2333.184, 123.6641
2335.113, 122.1031
2337.041, 120.6383
2338.969, 119.8063
2340.898, 118.4547
2342.826, 117.2546
2344.755, 117.9485
2346.683, 117.9499
2348.612, 117.1161
2350.540, 116.5389
2352.469, 116.1484
2354.397, 115.9062
2356.326, 116.0406
2358.254, 116.0030
2360.183, 115.0918
2362.111, 114.7932
2364.040, 114.7047
2365.968, 113.9058
2367.896, 113.4173
2369.825, 113.2339
2371.753, 112.5352
2373.682, 112.0618
2375.610, 112.1447
2377.539, 111.4256
2379.467, 110.8916
2381.396, 111.4769
2383.324, 110.9910
2385.253, 110.2865
2387.181, 110.7935
2389.110, 110.6994
2391.038, 110.0473
2392.967, 109.6352
2394.895, 109.5873
2396.823, 109.8443
2398.752, 109.2302
2400.680, 108.4107
2402.609, 107.6989
2404.537, 107.2175
2406.466, 106.7853
2408.394, 106.2101
2410.323, 106.1992
2412.251, 106.3633
2414.180, 106.0455
2416.108, 105.0003
2418.037, 103.7656
2419.965, 104.3085
2421.894, 104.6454
2423.822, 104.3510
2425.750, 104.3741
2427.679, 103.9311
2429.607, 102.6664
2431.536, 101.7110
2433.464, 101.3904
2435.393, 102.4704
2437.321, 101.9231
2439.250, 100.7572
2441.178, 100.3864
2443.107, 100.1591
2445.035, 99.92391
2446.964, 99.47764
2448.892, 99.18376
2450.821, 99.05305
2452.749, 98.80416
2454.677, 98.70084
2456.606, 98.78932
2458.534, 98.68305
2460.463, 98.18629
2462.391, 97.16436
2464.320, 96.60000
2466.248, 96.29206
2468.177, 96.09195
2470.105, 96.22305
2472.034, 95.91560
2473.962, 94.28285
2475.891, 93.36733
2477.819, 93.07639
2479.748, 92.79992
2481.676, 94.60046
2483.604, 96.95013
2485.533, 95.28345
2487.461, 93.65447
2489.390, 92.67849
2491.318, 91.65365
2493.247, 91.48487
2495.175, 92.01653
2497.104, 91.43559
2499.032, 90.94534
2500.961, 90.84709
2502.889, 89.40996
2504.818, 89.12556
2506.746, 91.19535
2508.675, 90.31609
2510.603, 88.84489
2512.531, 88.34538
2514.460, 88.11612
2516.388, 87.84631
2518.317, 87.09521
2520.245, 87.30209
2522.174, 87.48174
2524.102, 86.36757
2526.031, 86.91915
2527.959, 87.54636
2529.888, 85.86272
2531.816, 86.01172
2533.745, 86.71043
2535.673, 85.15598
2537.602, 85.10042
2539.530, 85.75726
2541.458, 84.44288
2543.387, 84.47337
2545.315, 85.42516
2547.244, 85.06747
2549.172, 84.41299
2551.101, 83.87427
2553.029, 84.25864
2554.958, 84.53410
2556.886, 84.64190
2558.815, 85.25526
2560.743, 85.18179
2562.672, 84.54712
2564.600, 84.74483
2566.529, 84.99815
2568.457, 85.06508
2570.385, 85.10104
2572.314, 83.86303
2574.242, 81.68052
2576.171, 81.04110
2578.099, 81.08402
2580.028, 81.37379
2581.956, 81.19730
2583.885, 80.73566
2585.813, 80.04613
2587.742, 78.86014
2589.670, 78.19093
2591.599, 78.17988
2593.527, 77.44048
2595.456, 76.53242
2597.384, 75.70793
2599.313, 75.74960
2601.241, 75.73266
2603.169, 75.39540
2605.098, 74.81377
2607.026, 74.50780
2608.955, 74.41304
2610.883, 72.76746
2612.812, 72.29740
2614.740, 73.28832
2616.669, 72.95065
2618.597, 72.72353
2620.526, 72.90710
2622.454, 73.09105
2624.383, 73.00049
2626.311, 72.59901
2628.240, 71.92387
2630.168, 71.37934
2632.096, 71.05420
2634.025, 70.86826
2635.953, 71.27122
2637.882, 71.76700
2639.810, 70.83099
2641.739, 69.81102
2643.667, 69.06792
2645.596, 68.88195
2647.524, 68.59323
2649.453, 68.13577
2651.381, 67.32913
2653.310, 67.67902
2655.238, 68.45640
2657.167, 68.53663
2659.095, 67.08651
2661.023, 65.64301
2662.952, 66.19689
2664.880, 65.87723
2666.809, 65.32059
2668.737, 65.39785
2670.666, 65.00323
2672.594, 64.56181
2674.523, 64.44673
2676.451, 63.72002
2678.380, 63.55735
2680.308, 64.50685
2682.237, 63.99584
2684.165, 63.17246
2686.094, 62.63612
2688.022, 61.65147
2689.950, 62.78436
2691.879, 65.71402
2693.807, 64.14410
2695.736, 62.49833
2697.664, 61.80652
2699.593, 60.95587
2701.521, 60.45626
2703.450, 60.28049
2705.378, 60.20896
2707.307, 59.89272
2709.235, 59.36671
2711.164, 58.52841
2713.092, 58.80994
2715.021, 59.29494
2716.949, 58.66491
2718.877, 58.49357
2720.806, 58.52892
2722.734, 58.56165
2724.663, 58.15142
2726.591, 57.68111
2728.520, 57.35334
2730.448, 56.52327
2732.377, 56.53068
2734.305, 57.34924
2736.234, 55.46788
2738.162, 54.86251
2740.091, 55.61543
2742.019, 55.39302
2743.948, 55.46436
2745.876, 55.38614
2747.804, 53.98969
2749.733, 53.79637
2751.661, 53.92440
2753.590, 53.38905
2755.518, 52.20153
2757.447, 52.00572
2759.375, 53.38137
2761.304, 52.83611
2763.232, 52.13944
2765.161, 51.84319
2767.089, 51.30736
2769.018, 51.02379
2770.946, 51.12746
2772.875, 51.95649
2774.803, 51.85822
2776.731, 51.05841
2778.660, 49.73681
2780.588, 50.29840
2782.517, 50.89797
2784.445, 50.00907
2786.374, 49.82494
2788.302, 49.41530
2790.231, 48.54192
2792.159, 48.18664
2794.088, 48.58331
2796.016, 49.03537
2797.945, 47.56793
2799.873, 47.95235
2801.802, 48.48239
2803.730, 46.85107
2805.658, 47.18394
2807.587, 47.50140
2809.515, 46.67282
2811.444, 46.43594
2813.372, 45.59176
2815.301, 44.43330
2817.229, 45.36308
2819.158, 47.32163
2821.086, 48.63353
2823.015, 46.47718
2824.943, 44.77505
2826.872, 43.75360
2828.800, 43.39648
2830.729, 43.01957
2832.657, 42.67607
2834.585, 42.49559
2836.514, 42.84716
2838.442, 44.37417
2840.371, 45.32461
2842.299, 41.70577
2844.228, 44.62498
2846.156, 46.92188
2848.085, 41.66721
2850.013, 43.62531
2851.942, 46.27751
2853.870, 46.78432
2855.799, 43.23046
2857.727, 41.03141
2859.656, 40.23454
2861.584, 39.62070
2863.512, 39.03956
2865.441, 38.81820
2867.369, 39.05750
2869.298, 39.12104
2871.226, 38.75454
2873.155, 38.19001
2875.083, 38.34608
2877.012, 38.13311
2878.940, 37.79520
2880.869, 37.70857
2882.797, 37.63741
2884.726, 37.22418
2886.654, 36.50338
2888.583, 36.13665
2890.511, 36.29598
2892.439, 36.66273
2894.368, 36.83375
2896.296, 36.12101
2898.225, 35.62289
2900.153, 36.00734
2902.082, 35.72284
2904.010, 34.84315
2905.939, 34.56446
2907.867, 37.91626
2909.796, 36.80494
2911.724, 34.33959
2913.653, 33.58527
2915.581, 34.65839
2917.510, 34.79200
2919.438, 33.82769
2921.366, 33.89289
2923.295, 33.53323
2925.223, 33.08144
2927.152, 32.93566
2929.080, 32.51706
2931.009, 32.32946
2932.937, 32.44826
2934.866, 32.65509
2936.794, 32.25505
2938.723, 31.71011
2940.651, 31.51603
2942.580, 31.81574
2944.508, 31.48260
2946.437, 30.75436
2948.365, 31.42134
2950.293, 31.38087
2952.222, 30.97411
2954.150, 30.71878
2956.079, 31.14808
2958.007, 30.74552
2959.936, 29.72011
2961.864, 29.74875
2963.793, 30.04028
2965.721, 30.16388
2967.650, 29.87520
2969.578, 29.33092
2971.507, 29.07979
2973.435, 28.96564
2975.364, 28.40195
2977.292, 28.39745
2979.220, 28.15473
2981.149, 27.53567
2983.077, 29.90432
2985.006, 29.72308
2986.934, 27.89804
2988.863, 27.07516
2990.791, 28.48367
2992.720, 29.16387
2994.648, 28.29547
2996.577, 26.75706
2998.505, 28.00803
3000.434, 29.08978
3002.362, 27.27539
3004.291, 26.72913
3006.219, 26.83273
3008.147, 26.90451
3010.076, 25.94734
3012.004, 25.91843
3013.933, 26.02283
3015.861, 25.80652
3017.790, 25.60504
3019.718, 25.45144
3021.647, 25.33921
3023.575, 25.25935
3025.504, 25.07921
3027.432, 24.68066
3029.361, 24.27411
3031.289, 24.35081
3033.218, 24.49017
3035.146, 24.34037
3037.074, 23.89414
3039.003, 24.04876
3040.931, 23.41996
3042.860, 24.12017
3044.788, 27.78288
3046.717, 30.62477
3048.645, 30.65110
3050.574, 28.29436
3052.502, 24.71987
3054.431, 23.61374
3056.359, 23.11627
3058.288, 22.53126
3060.216, 22.55359
3062.145, 22.14386
3064.073, 22.12342
3066.001, 22.89528
3067.930, 22.20332
3069.858, 22.21859
3071.787, 22.32431
3073.715, 21.27991
3075.644, 21.55302
3077.572, 22.44654
3079.501, 23.01154
3081.429, 22.07773
3083.358, 21.51517
3085.286, 21.20163
3087.215, 21.11441
3089.143, 21.58152
3091.072, 20.92059
3093.000, 20.32804
3094.928, 20.40728
3096.857, 20.30077
3098.785, 20.79094
3100.714, 20.93114
3102.642, 20.18789
3104.571, 19.87955
3106.499, 19.75340
3108.428, 19.64552
3110.356, 19.48083
3112.285, 19.67917
3114.213, 19.67768
3116.142, 19.35846
3118.070, 18.69729
3119.999, 18.58005
3121.927, 18.73973
3123.855, 19.04814
3125.784, 19.54209
3127.712, 19.44345
3129.641, 19.35596
3131.569, 19.29961
3133.498, 18.78936
3135.426, 18.46565
3137.355, 18.35959
3139.283, 18.36240
3141.212, 18.24494
3143.140, 17.99099
3145.069, 18.01066
3146.997, 18.25128
3148.926, 17.92661
3150.854, 17.44987
3152.782, 17.53822
3154.711, 18.22108
3156.639, 18.54664
3158.568, 18.39566
3160.496, 17.97431
3162.425, 17.52851
3164.353, 17.46019
3166.282, 17.30383
3168.210, 17.58276
3170.139, 18.20779
3172.067, 17.51881
3173.996, 17.16907
3175.924, 16.85501
3177.853, 16.53095
3179.781, 17.50945
3181.709, 17.71625
3183.638, 17.07440
3185.566, 16.26131
3187.495, 17.50200
3189.423, 17.79445
3191.352, 17.37844
3193.280, 16.98873
3195.209, 17.96331
3197.137, 16.71802
3199.066, 15.89502
3200.994, 17.69592
3202.923, 24.81353
3204.851, 20.45991
3206.780, 16.29807
3208.708, 16.19227
3210.636, 15.22965
3212.565, 15.55148
3214.493, 15.71407
3216.422, 15.87358
3218.350, 17.74028
3220.279, 17.26965
3222.207, 16.76556
3224.136, 16.50783
3226.064, 15.57796
3227.993, 15.86535
3229.921, 16.39225
3231.850, 16.64274
3233.778, 16.34321
3235.707, 16.06219
3237.635, 15.81600
3239.563, 15.66194
3241.492, 15.62025
3243.420, 15.32958
3245.349, 15.80705
3247.277, 16.01130
3249.206, 15.51669
3251.134, 15.88666
3253.063, 15.47255
3254.991, 15.29802
3256.920, 15.64276
3258.848, 15.71175
3260.777, 15.94141
3262.705, 15.91168
3264.634, 15.69632
3266.562, 15.65256
3268.490, 15.96480
3270.419, 15.90780
3272.347, 15.76333
3274.276, 15.96103
3276.204, 15.85713
3278.133, 15.76765
3280.061, 15.98555
3281.990, 16.47775
3283.918, 16.39545
3285.847, 16.33512
3287.775, 16.45650
3289.704, 16.64792
3291.632, 16.61834
3293.561, 16.13140
3295.489, 16.38633
3297.417, 16.98409
3299.346, 17.12979
3301.274, 17.42332
3303.203, 16.80204
3305.131, 17.83268
3307.060, 20.86511
3308.988, 20.91475
3310.917, 19.02655
3312.845, 17.56082
3314.774, 17.17245
3316.702, 17.38494
3318.631, 16.02026
3320.559, 16.04018
3322.488, 16.74237
3324.416, 16.86981
3326.344, 16.85337
3328.273, 16.91431
3330.201, 16.65069
3332.130, 16.26912
3334.058, 16.77954
3335.987, 15.55513
3337.915, 16.16517
3339.844, 17.22324
3341.772, 16.59481
3343.701, 16.07130
3345.629, 16.16008
3347.558, 15.96900
3349.486, 15.59974
3351.415, 16.28881
3353.343, 15.75525
3355.271, 15.42499
3357.200, 15.69578
3359.128, 16.19141
3361.057, 15.24086
3362.985, 15.57877
3364.914, 16.28322
3366.842, 16.31016
3368.771, 14.84893
3370.699, 15.47085
3372.628, 16.18888
3374.556, 16.04888
3376.485, 15.12708
3378.413, 15.15785
3380.342, 15.22117
3382.270, 15.91229
3384.198, 16.42790
3386.127, 15.44707
3388.055, 14.86735
3389.984, 15.44244
3391.912, 15.60091
3393.841, 15.83937
3395.769, 19.10162
3397.698, 15.87813
3399.626, 18.59363
3401.555, 20.47735
3403.483, 15.87501
3405.412, 15.49662
3407.340, 16.56811
3409.269, 16.68110
3411.197, 16.33379
3413.125, 16.82986
3415.054, 16.56958
3416.982, 17.39260
3418.911, 17.85715
3420.839, 17.67561
3422.768, 17.75740
3424.696, 17.02419
3426.625, 16.29168
3428.553, 16.20701
3430.482, 16.57667
3432.410, 16.25933
3434.339, 16.14253
3436.267, 16.42512
3438.196, 16.37488
3440.124, 15.80532
3442.052, 15.81156
3443.981, 15.30777
3445.909, 15.06465
3447.838, 14.93549
3449.766, 14.59899
3451.695, 14.09522
3453.623, 14.33899
3455.552, 14.35168
##END=



