##NAMES=Carrollite
##RRUFFID=R040165
##IDEAL CHEMISTRY=CuCo_2_S_4_
##LOCALITY=Katanga, Democratic Republic of the Congo
##OWNER=RRUFF
##SOURCE=University of Arizona Mineral Museum
##DESCRIPTION=Steel gray octahedral crystals that have a tarnished exterior
##STATUS=The identification of this mineral has been confirmed by X-ray diffraction and chemical analysis
##URL=https://www.rruff.net/odr/rruff_sample/R040165
##MEASURED CHEMISTRY=(Cu_0.97_Fe_0.03_)Co_1.98_S_4_
##DIFFRACTION SAMPLE DESCRIPTION=Powder
##CELL PARAMETERS=a: 9.4784 b: 9.4784 c: 9.4784 alpha: 90 beta: 90 gamma: 90 volume: 851.54 crystal system: cubic
##FILETYPE=Raman RAW
##RAMAN WAVELENGTH=780

7.931860e+001, 0.000000e+000
8.124707e+001, 5.764707e+002
8.317554e+001, 5.239910e+002
8.510400e+001, 5.393564e+002
8.703247e+001, 6.293420e+002
8.896094e+001, 7.278036e+002
9.088940e+001, 8.391921e+002
9.281787e+001, 9.493995e+002
9.474634e+001, 1.033125e+003
9.667480e+001, 1.028848e+003
9.860327e+001, 1.011536e+003
1.005317e+002, 9.908002e+002
1.024602e+002, 9.728514e+002
1.043887e+002, 9.566514e+002
1.063171e+002, 9.427723e+002
1.082456e+002, 9.296415e+002
1.101741e+002, 9.180295e+002
1.121025e+002, 9.082086e+002
1.140310e+002, 8.993453e+002
1.159595e+002, 8.922908e+002
1.178879e+002, 8.860605e+002
1.198164e+002, 8.809042e+002
1.217449e+002, 8.765469e+002
1.236733e+002, 8.725731e+002
1.256018e+002, 8.686213e+002
1.275303e+002, 8.644649e+002
1.294587e+002, 8.604995e+002
1.313872e+002, 8.567724e+002
1.333157e+002, 8.525641e+002
1.352441e+002, 8.478942e+002
1.371726e+002, 8.423184e+002
1.391011e+002, 8.346033e+002
1.410295e+002, 8.252391e+002
1.429580e+002, 8.184500e+002
1.448865e+002, 8.148636e+002
1.468149e+002, 8.114597e+002
1.487434e+002, 8.071710e+002
1.506719e+002, 8.028555e+002
1.526003e+002, 7.989736e+002
1.545288e+002, 7.954943e+002
1.564573e+002, 7.922695e+002
1.583857e+002, 7.892986e+002
1.603142e+002, 7.864866e+002
1.622427e+002, 7.838240e+002
1.641711e+002, 7.813295e+002
1.660996e+002, 7.790549e+002
1.680281e+002, 7.769880e+002
1.699565e+002, 7.749716e+002
1.718850e+002, 7.729736e+002
1.738135e+002, 7.715187e+002
1.757419e+002, 7.712291e+002
1.776704e+002, 7.709141e+002
1.795989e+002, 7.702637e+002
1.815273e+002, 7.693344e+002
1.834558e+002, 7.683129e+002
1.853843e+002, 7.671777e+002
1.873127e+002, 7.654084e+002
1.892412e+002, 7.620877e+002
1.911697e+002, 7.594985e+002
1.930981e+002, 7.586404e+002
1.950266e+002, 7.583221e+002
1.969551e+002, 7.574680e+002
1.988835e+002, 7.562087e+002
2.008120e+002, 7.548010e+002
2.027405e+002, 7.527910e+002
2.046689e+002, 7.518308e+002
2.065974e+002, 7.530438e+002
2.085259e+002, 7.543262e+002
2.104543e+002, 7.539779e+002
2.123828e+002, 7.530123e+002
2.143113e+002, 7.533603e+002
2.162397e+002, 7.554960e+002
2.181682e+002, 7.567393e+002
2.200967e+002, 7.561432e+002
2.220251e+002, 7.556168e+002
2.239536e+002, 7.557766e+002
2.258821e+002, 7.562863e+002
2.278105e+002, 7.568613e+002
2.297390e+002, 7.575011e+002
2.316675e+002, 7.580417e+002
2.335959e+002, 7.582457e+002
2.355244e+002, 7.586805e+002
2.374529e+002, 7.592732e+002
2.393813e+002, 7.602016e+002
2.413098e+002, 7.618113e+002
2.432383e+002, 7.637562e+002
2.451667e+002, 7.653200e+002
2.470952e+002, 7.664398e+002
2.490237e+002, 7.673203e+002
2.509521e+002, 7.679397e+002
2.528806e+002, 7.684448e+002
2.548091e+002, 7.691579e+002
2.567375e+002, 7.695563e+002
2.586660e+002, 7.692791e+002
2.605945e+002, 7.683102e+002
2.625229e+002, 7.664467e+002
2.644514e+002, 7.634119e+002
2.663799e+002, 7.601277e+002
2.683083e+002, 7.564418e+002
2.702368e+002, 7.528506e+002
2.721653e+002, 7.496049e+002
2.740938e+002, 7.466389e+002
2.760222e+002, 7.438382e+002
2.779507e+002, 7.412186e+002
2.798792e+002, 7.392806e+002
2.818076e+002, 7.384055e+002
2.837361e+002, 7.371513e+002
2.856646e+002, 7.345726e+002
2.875930e+002, 7.321097e+002
2.895215e+002, 7.306003e+002
2.914500e+002, 7.298015e+002
2.933784e+002, 7.293334e+002
2.953069e+002, 7.292465e+002
2.972354e+002, 7.285039e+002
2.991638e+002, 7.267433e+002
3.010923e+002, 7.250878e+002
3.030208e+002, 7.241058e+002
3.049492e+002, 7.232864e+002
3.068777e+002, 7.225202e+002
3.088062e+002, 7.216530e+002
3.107346e+002, 7.197660e+002
3.126631e+002, 7.167809e+002
3.145916e+002, 7.151172e+002
3.165200e+002, 7.159198e+002
3.184485e+002, 7.162462e+002
3.203770e+002, 7.144574e+002
3.223054e+002, 7.123624e+002
3.242339e+002, 7.115181e+002
3.261624e+002, 7.115756e+002
3.280908e+002, 7.114781e+002
3.300193e+002, 7.112770e+002
3.319477e+002, 7.103973e+002
3.338762e+002, 7.085126e+002
3.358047e+002, 7.064073e+002
3.377331e+002, 7.036920e+002
3.396616e+002, 7.014576e+002
3.415901e+002, 7.012067e+002
3.435185e+002, 7.020379e+002
3.454470e+002, 7.012312e+002
3.473755e+002, 6.986918e+002
3.493039e+002, 6.973219e+002
3.512324e+002, 6.986943e+002
3.531609e+002, 6.993486e+002
3.550893e+002, 6.986830e+002
3.570178e+002, 6.968862e+002
3.589463e+002, 6.932209e+002
3.608747e+002, 6.888564e+002
3.628032e+002, 6.860740e+002
3.647317e+002, 6.848876e+002
3.666601e+002, 6.838954e+002
3.685886e+002, 6.830277e+002
3.705171e+002, 6.821945e+002
3.724455e+002, 6.815492e+002
3.743740e+002, 6.807042e+002
3.763025e+002, 6.792644e+002
3.782309e+002, 6.775330e+002
3.801594e+002, 6.759142e+002
3.820879e+002, 6.744007e+002
3.840163e+002, 6.729512e+002
3.859448e+002, 6.714592e+002
3.878733e+002, 6.702958e+002
3.898017e+002, 6.698298e+002
3.917302e+002, 6.692936e+002
3.936587e+002, 6.684951e+002
3.955871e+002, 6.673914e+002
3.975156e+002, 6.658577e+002
3.994441e+002, 6.639866e+002
4.013725e+002, 6.620823e+002
4.033010e+002, 6.596656e+002
4.052295e+002, 6.585848e+002
4.071579e+002, 6.599822e+002
4.090864e+002, 6.608210e+002
4.110149e+002, 6.600691e+002
4.129433e+002, 6.589146e+002
4.148718e+002, 6.579608e+002
4.168003e+002, 6.572267e+002
4.187287e+002, 6.566809e+002
4.206572e+002, 6.563063e+002
4.225857e+002, 6.568058e+002
4.245141e+002, 6.591926e+002
4.264426e+002, 6.597938e+002
4.283711e+002, 6.568580e+002
4.302995e+002, 6.545162e+002
4.322280e+002, 6.550184e+002
4.341565e+002, 6.566481e+002
4.360849e+002, 6.584244e+002
4.380134e+002, 6.601884e+002
4.399419e+002, 6.614355e+002
4.418703e+002, 6.621148e+002
4.437988e+002, 6.623860e+002
4.457273e+002, 6.619082e+002
4.476557e+002, 6.620940e+002
4.495842e+002, 6.632449e+002
4.515127e+002, 6.652010e+002
4.534411e+002, 6.680219e+002
4.553696e+002, 6.713586e+002
4.572981e+002, 6.750836e+002
4.592265e+002, 6.790243e+002
4.611550e+002, 6.826846e+002
4.630835e+002, 6.861149e+002
4.650119e+002, 6.885516e+002
4.669404e+002, 6.903774e+002
4.688689e+002, 6.896276e+002
4.707973e+002, 6.845256e+002
4.727258e+002, 6.782893e+002
4.746543e+002, 6.718799e+002
4.765827e+002, 6.654907e+002
4.785112e+002, 6.590378e+002
4.804397e+002, 6.527947e+002
4.823681e+002, 6.476744e+002
4.842966e+002, 6.436248e+002
4.862251e+002, 6.404681e+002
4.881535e+002, 6.382880e+002
4.900820e+002, 6.365714e+002
4.920105e+002, 6.353317e+002
4.939389e+002, 6.342775e+002
4.958674e+002, 6.336776e+002
4.977959e+002, 6.328351e+002
4.997243e+002, 6.306949e+002
5.016528e+002, 6.279772e+002
5.035813e+002, 6.262990e+002
5.055097e+002, 6.255877e+002
5.074382e+002, 6.253380e+002
5.093667e+002, 6.257063e+002
5.112951e+002, 6.257974e+002
5.132236e+002, 6.256249e+002
5.151521e+002, 6.248776e+002
5.170806e+002, 6.229606e+002
5.190090e+002, 6.209475e+002
5.209375e+002, 6.194439e+002
5.228660e+002, 6.183031e+002
5.247944e+002, 6.176360e+002
5.267229e+002, 6.171418e+002
5.286514e+002, 6.156403e+002
5.305798e+002, 6.129307e+002
5.325083e+002, 6.109532e+002
5.344368e+002, 6.104573e+002
5.363652e+002, 6.098782e+002
5.382937e+002, 6.087670e+002
5.402222e+002, 6.079845e+002
5.421506e+002, 6.082726e+002
5.440791e+002, 6.086296e+002
5.460076e+002, 6.080262e+002
5.479360e+002, 6.069668e+002
5.498645e+002, 6.062241e+002
5.517930e+002, 6.057535e+002
5.537214e+002, 6.051566e+002
5.556499e+002, 6.043506e+002
5.575784e+002, 6.036049e+002
5.595068e+002, 6.029433e+002
5.614353e+002, 6.023152e+002
5.633638e+002, 6.015577e+002
5.652922e+002, 6.010616e+002
5.672207e+002, 6.010447e+002
5.691492e+002, 6.013196e+002
5.710776e+002, 6.022174e+002
5.730061e+002, 6.030097e+002
5.749345e+002, 6.020726e+002
5.768630e+002, 5.995947e+002
5.787914e+002, 5.980319e+002
5.807199e+002, 5.975891e+002
5.826484e+002, 5.975146e+002
5.845768e+002, 5.981295e+002
5.865053e+002, 5.982681e+002
5.884338e+002, 5.975634e+002
5.903622e+002, 5.966418e+002
5.922907e+002, 5.955714e+002
5.942192e+002, 5.946304e+002
5.961476e+002, 5.940175e+002
5.980761e+002, 5.936115e+002
6.000046e+002, 5.931710e+002
6.019330e+002, 5.928018e+002
6.038615e+002, 5.931563e+002
6.057900e+002, 5.943255e+002
6.077184e+002, 5.943795e+002
6.096469e+002, 5.931381e+002
6.115754e+002, 5.919276e+002
6.135038e+002, 5.908141e+002
6.154323e+002, 5.901355e+002
6.173608e+002, 5.904000e+002
6.192892e+002, 5.905052e+002
6.212177e+002, 5.898157e+002
6.231462e+002, 5.889262e+002
6.250746e+002, 5.881403e+002
6.270031e+002, 5.875898e+002
6.289316e+002, 5.876879e+002
6.308600e+002, 5.882324e+002
6.327885e+002, 5.885058e+002
6.347170e+002, 5.884792e+002
6.366454e+002, 5.871490e+002
6.385739e+002, 5.840980e+002
6.405024e+002, 5.827419e+002
6.424308e+002, 5.847906e+002
6.443593e+002, 5.859715e+002
6.462878e+002, 5.843813e+002
6.482162e+002, 5.827768e+002
6.501447e+002, 5.821494e+002
6.520732e+002, 5.818943e+002
6.540016e+002, 5.818317e+002
6.559301e+002, 5.816628e+002
6.578586e+002, 5.807139e+002
6.597870e+002, 5.794335e+002
6.617155e+002, 5.790241e+002
6.636440e+002, 5.792903e+002
6.655724e+002, 5.789681e+002
6.675009e+002, 5.779066e+002
6.694294e+002, 5.772483e+002
6.713578e+002, 5.772180e+002
6.732863e+002, 5.773416e+002
6.752148e+002, 5.778728e+002
6.771432e+002, 5.780400e+002
6.790717e+002, 5.773651e+002
6.810002e+002, 5.766740e+002
6.829286e+002, 5.766833e+002
6.848571e+002, 5.764977e+002
6.867856e+002, 5.748990e+002
6.887141e+002, 5.730566e+002
6.906425e+002, 5.726850e+002
6.925710e+002, 5.730658e+002
6.944995e+002, 5.723719e+002
6.964279e+002, 5.707012e+002
6.983564e+002, 5.694481e+002
7.002849e+002, 5.686967e+002
7.022133e+002, 5.681562e+002
7.041418e+002, 5.680604e+002
7.060703e+002, 5.677525e+002
7.079987e+002, 5.668755e+002
7.099272e+002, 5.664509e+002
7.118557e+002, 5.672739e+002
7.137841e+002, 5.675605e+002
7.157126e+002, 5.661937e+002
7.176411e+002, 5.646003e+002
7.195695e+002, 5.633775e+002
7.214980e+002, 5.626784e+002
7.234265e+002, 5.629567e+002
7.253549e+002, 5.636300e+002
7.272834e+002, 5.639496e+002
7.292119e+002, 5.638895e+002
7.311403e+002, 5.631713e+002
7.330688e+002, 5.618500e+002
7.349973e+002, 5.611713e+002
7.369257e+002, 5.612822e+002
7.388542e+002, 5.609200e+002
7.407827e+002, 5.598426e+002
7.427111e+002, 5.596334e+002
7.446396e+002, 5.609545e+002
7.465681e+002, 5.611810e+002
7.484965e+002, 5.590533e+002
7.504250e+002, 5.572952e+002
7.523535e+002, 5.573137e+002
7.542819e+002, 5.573451e+002
7.562104e+002, 5.563649e+002
7.581389e+002, 5.554399e+002
7.600673e+002, 5.554215e+002
7.619958e+002, 5.557004e+002
7.639243e+002, 5.556835e+002
7.658527e+002, 5.555141e+002
7.677812e+002, 5.556325e+002
7.697097e+002, 5.556932e+002
7.716381e+002, 5.543201e+002
7.735666e+002, 5.518832e+002
7.754951e+002, 5.508066e+002
7.774235e+002, 5.509649e+002
7.793520e+002, 5.510430e+002
7.812805e+002, 5.509677e+002
7.832089e+002, 5.503284e+002
7.851374e+002, 5.488477e+002
7.870659e+002, 5.482686e+002
7.889943e+002, 5.495153e+002
7.909228e+002, 5.501710e+002
7.928513e+002, 5.491967e+002
7.947797e+002, 5.483536e+002
7.967082e+002, 5.485125e+002
7.986367e+002, 5.482295e+002
8.005651e+002, 5.462462e+002
8.024936e+002, 5.444893e+002
8.044221e+002, 5.446686e+002
8.063505e+002, 5.450527e+002
8.082790e+002, 5.436198e+002
8.102075e+002, 5.419962e+002
8.121359e+002, 5.422854e+002
8.140644e+002, 5.436038e+002
8.159929e+002, 5.448460e+002
8.179213e+002, 5.458682e+002
8.198498e+002, 5.464053e+002
8.217783e+002, 5.464097e+002
8.237067e+002, 5.454871e+002
8.256352e+002, 5.437027e+002
8.275637e+002, 5.426657e+002
8.294921e+002, 5.424913e+002
8.314206e+002, 5.424776e+002
8.333491e+002, 5.428368e+002
8.352775e+002, 5.426818e+002
8.372060e+002, 5.416467e+002
8.391345e+002, 5.408322e+002
8.410629e+002, 5.401987e+002
8.429914e+002, 5.400036e+002
8.449199e+002, 5.407882e+002
8.468483e+002, 5.410613e+002
8.487768e+002, 5.397065e+002
8.507053e+002, 5.391638e+002
8.526337e+002, 5.412499e+002
8.545622e+002, 5.426677e+002
8.564907e+002, 5.410866e+002
8.584191e+002, 5.393152e+002
8.603476e+002, 5.393757e+002
8.622761e+002, 5.395621e+002
8.642045e+002, 5.386696e+002
8.661330e+002, 5.373371e+002
8.680615e+002, 5.359962e+002
8.699899e+002, 5.347130e+002
8.719184e+002, 5.336075e+002
8.738469e+002, 5.326132e+002
8.757753e+002, 5.314266e+002
8.777038e+002, 5.303482e+002
8.796323e+002, 5.301857e+002
8.815607e+002, 5.306979e+002
8.834892e+002, 5.309495e+002
8.854177e+002, 5.310590e+002
8.873461e+002, 5.320983e+002
8.892746e+002, 5.339039e+002
8.912031e+002, 5.342331e+002
8.931315e+002, 5.331224e+002
8.950600e+002, 5.314691e+002
8.969885e+002, 5.292905e+002
8.989169e+002, 5.282292e+002
9.008454e+002, 5.284366e+002
9.027739e+002, 5.282735e+002
9.047023e+002, 5.275883e+002
9.066308e+002, 5.262409e+002
9.085593e+002, 5.240173e+002
9.104877e+002, 5.226010e+002
9.124162e+002, 5.225114e+002
9.143447e+002, 5.224120e+002
9.162731e+002, 5.220160e+002
9.182016e+002, 5.218071e+002
9.201301e+002, 5.219180e+002
9.220585e+002, 5.221995e+002
9.239870e+002, 5.225502e+002
9.259155e+002, 5.230920e+002
9.278439e+002, 5.244623e+002
9.297724e+002, 5.249198e+002
9.317009e+002, 5.232274e+002
9.336293e+002, 5.214777e+002
9.355578e+002, 5.202877e+002
9.374863e+002, 5.194847e+002
9.394147e+002, 5.190812e+002
9.413432e+002, 5.189936e+002
9.432717e+002, 5.198593e+002
9.452001e+002, 5.202220e+002
9.471286e+002, 5.186526e+002
9.490571e+002, 5.169636e+002
9.509855e+002, 5.168485e+002
9.529140e+002, 5.167068e+002
9.548425e+002, 5.149073e+002
9.567709e+002, 5.128450e+002
9.586994e+002, 5.113487e+002
9.606279e+002, 5.105808e+002
9.625563e+002, 5.112791e+002
9.644848e+002, 5.121652e+002
9.664133e+002, 5.116887e+002
9.683417e+002, 5.108225e+002
9.702702e+002, 5.107940e+002
9.721987e+002, 5.109222e+002
9.741271e+002, 5.103306e+002
9.760556e+002, 5.093865e+002
9.779841e+002, 5.084980e+002
9.799125e+002, 5.077320e+002
9.818410e+002, 5.073194e+002
9.837695e+002, 5.070107e+002
9.856979e+002, 5.061158e+002
9.876264e+002, 5.050960e+002
9.895549e+002, 5.051519e+002
9.914833e+002, 5.056715e+002
9.934118e+002, 5.053904e+002
9.953403e+002, 5.043924e+002
9.972687e+002, 5.023373e+002
9.991972e+002, 5.000003e+002
1.001126e+003, 4.997970e+002
1.003054e+003, 5.010326e+002
1.004983e+003, 5.019565e+002
1.006911e+003, 5.024147e+002
1.008840e+003, 5.015681e+002
1.010768e+003, 4.998658e+002
1.012696e+003, 4.987021e+002
1.014625e+003, 4.980377e+002
1.016553e+003, 4.978001e+002
1.018482e+003, 4.979384e+002
1.020410e+003, 4.985014e+002
1.022339e+003, 4.992865e+002
1.024267e+003, 4.996639e+002
1.026196e+003, 4.996206e+002
1.028124e+003, 4.989854e+002
1.030053e+003, 4.979338e+002
1.031981e+003, 4.969859e+002
1.033910e+003, 4.961636e+002
1.035838e+003, 4.954223e+002
1.037767e+003, 4.948090e+002
1.039695e+003, 4.945200e+002
1.041624e+003, 4.944696e+002
1.043552e+003, 4.945055e+002
1.045480e+003, 4.945130e+002
1.047409e+003, 4.942049e+002
1.049337e+003, 4.935954e+002
1.051266e+003, 4.925169e+002
1.053194e+003, 4.912894e+002
1.055123e+003, 4.907328e+002
1.057051e+003, 4.908185e+002
1.058980e+003, 4.919239e+002
1.060908e+003, 4.933485e+002
1.062837e+003, 4.931351e+002
1.064765e+003, 4.918410e+002
1.066694e+003, 4.906457e+002
1.068622e+003, 4.895748e+002
1.070550e+003, 4.886501e+002
1.072479e+003, 4.878798e+002
1.074407e+003, 4.872989e+002
1.076336e+003, 4.868835e+002
1.078264e+003, 4.865710e+002
1.080193e+003, 4.863993e+002
1.082121e+003, 4.866723e+002
1.084050e+003, 4.869708e+002
1.085978e+003, 4.863243e+002
1.087907e+003, 4.854048e+002
1.089835e+003, 4.853022e+002
1.091764e+003, 4.856309e+002
1.093692e+003, 4.859251e+002
1.095620e+003, 4.862109e+002
1.097549e+003, 4.865284e+002
1.099477e+003, 4.868531e+002
1.101406e+003, 4.873722e+002
1.103334e+003, 4.876395e+002
1.105263e+003, 4.868637e+002
1.107191e+003, 4.859090e+002
1.109120e+003, 4.855473e+002
1.111048e+003, 4.854736e+002
1.112977e+003, 4.856496e+002
1.114905e+003, 4.857276e+002
1.116834e+003, 4.849932e+002
1.118762e+003, 4.846709e+002
1.120691e+003, 4.860263e+002
1.122619e+003, 4.874432e+002
1.124547e+003, 4.882077e+002
1.126476e+003, 4.882793e+002
1.128404e+003, 4.869962e+002
1.130333e+003, 4.860672e+002
1.132261e+003, 4.866285e+002
1.134190e+003, 4.870837e+002
1.136118e+003, 4.867270e+002
1.138047e+003, 4.862708e+002
1.139975e+003, 4.859950e+002
1.141904e+003, 4.856626e+002
1.143832e+003, 4.850424e+002
1.145761e+003, 4.848719e+002
1.147689e+003, 4.855038e+002
1.149618e+003, 4.860780e+002
1.151546e+003, 4.864695e+002
1.153474e+003, 4.863664e+002
1.155403e+003, 4.855210e+002
1.157331e+003, 4.853958e+002
1.159260e+003, 4.864171e+002
1.161188e+003, 4.867159e+002
1.163117e+003, 4.860489e+002
1.165045e+003, 4.848651e+002
1.166974e+003, 4.831887e+002
1.168902e+003, 4.821150e+002
1.170831e+003, 4.816856e+002
1.172759e+003, 4.817659e+002
1.174688e+003, 4.822024e+002
1.176616e+003, 4.818976e+002
1.178545e+003, 4.810458e+002
1.180473e+003, 4.810178e+002
1.182401e+003, 4.814783e+002
1.184330e+003, 4.809359e+002
1.186258e+003, 4.798526e+002
1.188187e+003, 4.793559e+002
1.190115e+003, 4.792201e+002
1.192044e+003, 4.792387e+002
1.193972e+003, 4.790351e+002
1.195901e+003, 4.775233e+002
1.197829e+003, 4.760193e+002
1.199758e+003, 4.764381e+002
1.201686e+003, 4.770846e+002
1.203615e+003, 4.763912e+002
1.205543e+003, 4.753371e+002
1.207472e+003, 4.741327e+002
1.209400e+003, 4.736327e+002
1.211328e+003, 4.752580e+002
1.213257e+003, 4.761940e+002
1.215185e+003, 4.746984e+002
1.217114e+003, 4.733101e+002
1.219042e+003, 4.726440e+002
1.220971e+003, 4.727223e+002
1.222899e+003, 4.741984e+002
1.224828e+003, 4.744091e+002
1.226756e+003, 4.722349e+002
1.228685e+003, 4.712484e+002
1.230613e+003, 4.722622e+002
1.232542e+003, 4.721852e+002
1.234470e+003, 4.706964e+002
1.236399e+003, 4.696501e+002
1.238327e+003, 4.690546e+002
1.240255e+003, 4.696688e+002
1.242184e+003, 4.711437e+002
1.244112e+003, 4.709142e+002
1.246041e+003, 4.695974e+002
1.247969e+003, 4.690115e+002
1.249898e+003, 4.690200e+002
1.251826e+003, 4.695569e+002
1.253755e+003, 4.702747e+002
1.255683e+003, 4.707939e+002
1.257612e+003, 4.710655e+002
1.259540e+003, 4.707739e+002
1.261469e+003, 4.705140e+002
1.263397e+003, 4.707907e+002
1.265326e+003, 4.710276e+002
1.267254e+003, 4.710102e+002
1.269182e+003, 4.708423e+002
1.271111e+003, 4.705299e+002
1.273039e+003, 4.702235e+002
1.274968e+003, 4.699249e+002
1.276896e+003, 4.698119e+002
1.278825e+003, 4.698672e+002
1.280753e+003, 4.706068e+002
1.282682e+003, 4.720279e+002
1.284610e+003, 4.722314e+002
1.286539e+003, 4.712795e+002
1.288467e+003, 4.706223e+002
1.290396e+003, 4.702200e+002
1.292324e+003, 4.696187e+002
1.294253e+003, 4.690209e+002
1.296181e+003, 4.688881e+002
1.298109e+003, 4.689960e+002
1.300038e+003, 4.692001e+002
1.301966e+003, 4.692396e+002
1.303895e+003, 4.687107e+002
1.305823e+003, 4.680971e+002
1.307752e+003, 4.675107e+002
1.309680e+003, 4.672386e+002
1.311609e+003, 4.673890e+002
1.313537e+003, 4.678894e+002
1.315466e+003, 4.693435e+002
1.317394e+003, 4.698752e+002
1.319323e+003, 4.687253e+002
1.321251e+003, 4.681449e+002
1.323180e+003, 4.683148e+002
1.325108e+003, 4.679356e+002
1.327036e+003, 4.670401e+002
1.328965e+003, 4.667640e+002
1.330893e+003, 4.668685e+002
1.332822e+003, 4.662712e+002
1.334750e+003, 4.654810e+002
1.336679e+003, 4.658305e+002
1.338607e+003, 4.660815e+002
1.340536e+003, 4.641674e+002
1.342464e+003, 4.626497e+002
1.344393e+003, 4.636205e+002
1.346321e+003, 4.643551e+002
1.348250e+003, 4.635123e+002
1.350178e+003, 4.627661e+002
1.352107e+003, 4.626775e+002
1.354035e+003, 4.623980e+002
1.355964e+003, 4.617432e+002
1.357892e+003, 4.616191e+002
1.359820e+003, 4.621036e+002
1.361749e+003, 4.621528e+002
1.363677e+003, 4.618176e+002
1.365606e+003, 4.615112e+002
1.367534e+003, 4.610664e+002
1.369463e+003, 4.595787e+002
1.371391e+003, 4.583193e+002
1.373320e+003, 4.593929e+002
1.375248e+003, 4.607816e+002
1.377177e+003, 4.611897e+002
1.379105e+003, 4.609724e+002
1.381034e+003, 4.597214e+002
1.382962e+003, 4.592222e+002
1.384891e+003, 4.601136e+002
1.386819e+003, 4.604303e+002
1.388747e+003, 4.599117e+002
1.390676e+003, 4.601237e+002
1.392604e+003, 4.609441e+002
1.394533e+003, 4.600817e+002
1.396461e+003, 4.582602e+002
1.398390e+003, 4.576549e+002
1.400318e+003, 4.577745e+002
1.402247e+003, 4.580684e+002
1.404175e+003, 4.583686e+002
1.406104e+003, 4.585369e+002
1.408032e+003, 4.585822e+002
1.409961e+003, 4.585313e+002
1.411889e+003, 4.582837e+002
1.413818e+003, 4.574605e+002
1.415746e+003, 4.573149e+002
1.417674e+003, 4.580530e+002
1.419603e+003, 4.589140e+002
1.421531e+003, 4.598336e+002
1.423460e+003, 4.601320e+002
1.425388e+003, 4.599415e+002
1.427317e+003, 4.592755e+002
1.429245e+003, 4.588362e+002
1.431174e+003, 4.600905e+002
1.433102e+003, 4.610805e+002
1.435031e+003, 4.602336e+002
1.436959e+003, 4.590044e+002
1.438888e+003, 4.575895e+002
1.440816e+003, 4.569432e+002
1.442745e+003, 4.574630e+002
1.444673e+003, 4.580489e+002
1.446601e+003, 4.586681e+002
1.448530e+003, 4.589771e+002
1.450458e+003, 4.589041e+002
1.452387e+003, 4.576193e+002
1.454315e+003, 4.561835e+002
1.456244e+003, 4.570234e+002
1.458172e+003, 4.579146e+002
1.460101e+003, 4.567633e+002
1.462029e+003, 4.555990e+002
1.463958e+003, 4.551332e+002
1.465886e+003, 4.552431e+002
1.467815e+003, 4.560204e+002
1.469743e+003, 4.563308e+002
1.471672e+003, 4.560751e+002
1.473600e+003, 4.567578e+002
1.475528e+003, 4.579153e+002
1.477457e+003, 4.575665e+002
1.479385e+003, 4.565871e+002
1.481314e+003, 4.564234e+002
1.483242e+003, 4.561967e+002
1.485171e+003, 4.549609e+002
1.487099e+003, 4.538669e+002
1.489028e+003, 4.531056e+002
1.490956e+003, 4.532210e+002
1.492885e+003, 4.543814e+002
1.494813e+003, 4.552937e+002
1.496742e+003, 4.557341e+002
1.498670e+003, 4.546407e+002
1.500599e+003, 4.526344e+002
1.502527e+003, 4.505309e+002
1.504455e+003, 4.490465e+002
1.506384e+003, 4.492824e+002
1.508312e+003, 4.498861e+002
1.510241e+003, 4.504208e+002
1.512169e+003, 4.506163e+002
1.514098e+003, 4.504434e+002
1.516026e+003, 4.496385e+002
1.517955e+003, 4.482251e+002
1.519883e+003, 4.484239e+002
1.521812e+003, 4.495358e+002
1.523740e+003, 4.495111e+002
1.525669e+003, 4.489488e+002
1.527597e+003, 4.486750e+002
1.529526e+003, 4.480182e+002
1.531454e+003, 4.461142e+002
1.533382e+003, 4.447652e+002
1.535311e+003, 4.445242e+002
1.537239e+003, 4.447934e+002
1.539168e+003, 4.455905e+002
1.541096e+003, 4.454592e+002
1.543025e+003, 4.445978e+002
1.544953e+003, 4.432881e+002
1.546882e+003, 4.421928e+002
1.548810e+003, 4.424881e+002
1.550739e+003, 4.424307e+002
1.552667e+003, 4.407521e+002
1.554596e+003, 4.400107e+002
1.556524e+003, 4.410640e+002
1.558453e+003, 4.412604e+002
1.560381e+003, 4.405080e+002
1.562309e+003, 4.410998e+002
1.564238e+003, 4.421046e+002
1.566166e+003, 4.414355e+002
1.568095e+003, 4.399147e+002
1.570023e+003, 4.375542e+002
1.571952e+003, 4.361724e+002
1.573880e+003, 4.368178e+002
1.575809e+003, 4.363610e+002
1.577737e+003, 4.342981e+002
1.579666e+003, 4.331544e+002
1.581594e+003, 4.327730e+002
1.583523e+003, 4.317755e+002
1.585451e+003, 4.306306e+002
1.587380e+003, 4.297186e+002
1.589308e+003, 4.294018e+002
1.591236e+003, 4.306466e+002
1.593165e+003, 4.308678e+002
1.595093e+003, 4.295210e+002
1.597022e+003, 4.277868e+002
1.598950e+003, 4.258393e+002
1.600879e+003, 4.239273e+002
1.602807e+003, 4.223705e+002
1.604736e+003, 4.223338e+002
1.606664e+003, 4.220371e+002
1.608593e+003, 4.195292e+002
1.610521e+003, 4.174010e+002
1.612450e+003, 4.164523e+002
1.614378e+003, 4.159145e+002
1.616307e+003, 4.156888e+002
1.618235e+003, 4.145506e+002
1.620163e+003, 4.130701e+002
1.622092e+003, 4.128195e+002
1.624020e+003, 4.126141e+002
1.625949e+003, 4.112997e+002
1.627877e+003, 4.099667e+002
1.629806e+003, 4.087056e+002
1.631734e+003, 4.082858e+002
1.633663e+003, 4.087772e+002
1.635591e+003, 4.087835e+002
1.637520e+003, 4.083838e+002
1.639448e+003, 4.077108e+002
1.641377e+003, 4.068790e+002
1.643305e+003, 4.060468e+002
1.645234e+003, 4.050003e+002
1.647162e+003, 4.036524e+002
1.649090e+003, 4.020342e+002
1.651019e+003, 4.001596e+002
1.652947e+003, 4.001717e+002
1.654876e+003, 4.008605e+002
1.656804e+003, 3.989702e+002
1.658733e+003, 3.971324e+002
1.660661e+003, 3.973869e+002
1.662590e+003, 3.975693e+002
1.664518e+003, 3.971703e+002
1.666447e+003, 3.960628e+002
1.668375e+003, 3.944438e+002
1.670304e+003, 3.937431e+002
1.672232e+003, 3.936661e+002
1.674161e+003, 3.936071e+002
1.676089e+003, 3.941074e+002
1.678017e+003, 3.960520e+002
1.679946e+003, 3.963415e+002
1.681874e+003, 3.943583e+002
1.683803e+003, 3.935244e+002
1.685731e+003, 3.936603e+002
1.687660e+003, 3.934000e+002
1.689588e+003, 3.926841e+002
1.691517e+003, 3.908582e+002
1.693445e+003, 3.897368e+002
1.695374e+003, 3.902314e+002
1.697302e+003, 3.904218e+002
1.699231e+003, 3.901490e+002
1.701159e+003, 3.898889e+002
1.703088e+003, 3.895450e+002
1.705016e+003, 3.887236e+002
1.706944e+003, 3.880391e+002
1.708873e+003, 3.879669e+002
1.710801e+003, 3.881319e+002
1.712730e+003, 3.885665e+002
1.714658e+003, 3.887140e+002
1.716587e+003, 3.885332e+002
1.718515e+003, 3.875304e+002
1.720444e+003, 3.865356e+002
1.722372e+003, 3.863893e+002
1.724301e+003, 3.864659e+002
1.726229e+003, 3.868488e+002
1.728158e+003, 3.863631e+002
1.730086e+003, 3.850339e+002
1.732015e+003, 3.844720e+002
1.733943e+003, 3.840752e+002
1.735871e+003, 3.826711e+002
1.737800e+003, 3.816354e+002
1.739728e+003, 3.818823e+002
1.741657e+003, 3.817382e+002
1.743585e+003, 3.809308e+002
1.745514e+003, 3.813705e+002
1.747442e+003, 3.820643e+002
1.749371e+003, 3.800147e+002
1.751299e+003, 3.782994e+002
1.753228e+003, 3.788731e+002
1.755156e+003, 3.794608e+002
1.757085e+003, 3.795809e+002
1.759013e+003, 3.795504e+002
1.760942e+003, 3.791561e+002
1.762870e+003, 3.772011e+002
1.764798e+003, 3.754167e+002
1.766727e+003, 3.753776e+002
1.768655e+003, 3.751032e+002
1.770584e+003, 3.741692e+002
1.772512e+003, 3.743195e+002
1.774441e+003, 3.751791e+002
1.776369e+003, 3.751912e+002
1.778298e+003, 3.750257e+002
1.780226e+003, 3.754335e+002
1.782155e+003, 3.755481e+002
1.784083e+003, 3.752085e+002
1.786012e+003, 3.739924e+002
1.787940e+003, 3.724971e+002
1.789869e+003, 3.731172e+002
1.791797e+003, 3.737806e+002
1.793725e+003, 3.719178e+002
1.795654e+003, 3.711749e+002
1.797582e+003, 3.725260e+002
1.799511e+003, 3.715984e+002
1.801439e+003, 3.693555e+002
1.803368e+003, 3.695029e+002
1.805296e+003, 3.700008e+002
1.807225e+003, 3.691779e+002
1.809153e+003, 3.681422e+002
1.811082e+003, 3.669409e+002
1.813010e+003, 3.674046e+002
1.814939e+003, 3.686659e+002
1.816867e+003, 3.680472e+002
1.818796e+003, 3.671245e+002
1.820724e+003, 3.670724e+002
1.822652e+003, 3.665539e+002
1.824581e+003, 3.652126e+002
1.826509e+003, 3.650584e+002
1.828438e+003, 3.654251e+002
1.830366e+003, 3.647254e+002
1.832295e+003, 3.640219e+002
1.834223e+003, 3.638535e+002
1.836152e+003, 3.637941e+002
1.838080e+003, 3.637384e+002
1.840009e+003, 3.621229e+002
1.841937e+003, 3.602997e+002
1.843866e+003, 3.608350e+002
1.845794e+003, 3.612682e+002
1.847723e+003, 3.608661e+002
1.849651e+003, 3.593474e+002
1.851579e+003, 3.571561e+002
1.853508e+003, 3.566617e+002
1.855436e+003, 3.570608e+002
1.857365e+003, 3.580934e+002
1.859293e+003, 3.582477e+002
1.861222e+003, 3.571690e+002
1.863150e+003, 3.563439e+002
1.865079e+003, 3.558678e+002
1.867007e+003, 3.559446e+002
1.868936e+003, 3.559251e+002
1.870864e+003, 3.551864e+002
1.872793e+003, 3.551989e+002
1.874721e+003, 3.558980e+002
1.876650e+003, 3.543047e+002
1.878578e+003, 3.523054e+002
1.880506e+003, 3.529215e+002
1.882435e+003, 3.534532e+002
1.884363e+003, 3.529326e+002
1.886292e+003, 3.526830e+002
1.888220e+003, 3.525189e+002
1.890149e+003, 3.513742e+002
1.892077e+003, 3.501199e+002
1.894006e+003, 3.493754e+002
1.895934e+003, 3.489930e+002
1.897863e+003, 3.489371e+002
1.899791e+003, 3.480325e+002
1.901720e+003, 3.470381e+002
1.903648e+003, 3.471952e+002
1.905577e+003, 3.474205e+002
1.907505e+003, 3.474468e+002
1.909433e+003, 3.466006e+002
1.911362e+003, 3.452260e+002
1.913290e+003, 3.449358e+002
1.915219e+003, 3.447171e+002
1.917147e+003, 3.438034e+002
1.919076e+003, 3.431628e+002
1.921004e+003, 3.429435e+002
1.922933e+003, 3.426168e+002
1.924861e+003, 3.421127e+002
1.926790e+003, 3.408334e+002
1.928718e+003, 3.408405e+002
1.930647e+003, 3.430533e+002
1.932575e+003, 3.428737e+002
1.934504e+003, 3.412043e+002
1.936432e+003, 3.410776e+002
1.938360e+003, 3.403583e+002
1.940289e+003, 3.376213e+002
1.942217e+003, 3.372892e+002
1.944146e+003, 3.392272e+002
1.946074e+003, 3.395909e+002
1.948003e+003, 3.389161e+002
1.949931e+003, 3.372238e+002
1.951860e+003, 3.359909e+002
1.953788e+003, 3.354398e+002
1.955717e+003, 3.352577e+002
1.957645e+003, 3.353217e+002
1.959574e+003, 3.358253e+002
1.961502e+003, 3.356944e+002
1.963431e+003, 3.346188e+002
1.965359e+003, 3.342120e+002
1.967287e+003, 3.341953e+002
1.969216e+003, 3.338872e+002
1.971144e+003, 3.333058e+002
1.973073e+003, 3.322074e+002
1.975001e+003, 3.321329e+002
1.976930e+003, 3.326783e+002
1.978858e+003, 3.322325e+002
1.980787e+003, 3.315223e+002
1.982715e+003, 3.312352e+002
1.984644e+003, 3.301375e+002
1.986572e+003, 3.284049e+002
1.988501e+003, 3.280982e+002
1.990429e+003, 3.282379e+002
1.992358e+003, 3.282287e+002
1.994286e+003, 3.276450e+002
1.996214e+003, 3.264657e+002
1.998143e+003, 3.261711e+002
2.000071e+003, 3.260479e+002
2.002000e+003, 3.252296e+002
2.003928e+003, 3.247671e+002
2.005857e+003, 3.249734e+002
2.007785e+003, 3.237374e+002
2.009714e+003, 3.223228e+002
2.011642e+003, 3.227975e+002
2.013571e+003, 3.229810e+002
2.015499e+003, 3.222426e+002
2.017428e+003, 3.220302e+002
2.019356e+003, 3.218481e+002
2.021285e+003, 3.204034e+002
2.023213e+003, 3.192930e+002
2.025141e+003, 3.189717e+002
2.027070e+003, 3.187779e+002
2.028998e+003, 3.186502e+002
2.030927e+003, 3.187657e+002
2.032855e+003, 3.184659e+002
2.034784e+003, 3.175303e+002
2.036712e+003, 3.161531e+002
2.038641e+003, 3.149318e+002
2.040569e+003, 3.151921e+002
2.042498e+003, 3.158996e+002
2.044426e+003, 3.167721e+002
2.046355e+003, 3.166895e+002
2.048283e+003, 3.157585e+002
2.050212e+003, 3.137634e+002
2.052140e+003, 3.125276e+002
2.054068e+003, 3.128460e+002
2.055997e+003, 3.128042e+002
2.057925e+003, 3.123571e+002
2.059854e+003, 3.118016e+002
2.061782e+003, 3.106426e+002
2.063711e+003, 3.082882e+002
2.065639e+003, 3.083110e+002
2.067568e+003, 3.095811e+002
2.069496e+003, 3.100429e+002
2.071425e+003, 3.098268e+002
2.073353e+003, 3.086503e+002
2.075281e+003, 3.084785e+002
2.077210e+003, 3.084199e+002
2.079138e+003, 3.065391e+002
2.081067e+003, 3.053167e+002
2.082995e+003, 3.058972e+002
2.084924e+003, 3.051632e+002
2.086852e+003, 3.040488e+002
2.088781e+003, 3.041021e+002
2.090709e+003, 3.036511e+002
2.092638e+003, 3.021211e+002
2.094566e+003, 3.030015e+002
2.096495e+003, 3.039309e+002
2.098423e+003, 3.015305e+002
2.100352e+003, 3.000064e+002
2.102280e+003, 3.002775e+002
2.104208e+003, 3.016862e+002
2.106137e+003, 3.025097e+002
2.108065e+003, 3.008246e+002
2.109994e+003, 2.991974e+002
2.111922e+003, 2.980727e+002
2.113851e+003, 2.973260e+002
2.115779e+003, 2.970980e+002
2.117708e+003, 2.977708e+002
2.119636e+003, 2.972998e+002
2.121565e+003, 2.959550e+002
2.123493e+003, 2.955933e+002
2.125422e+003, 2.952966e+002
2.127350e+003, 2.945381e+002
2.129279e+003, 2.942982e+002
2.131207e+003, 2.942826e+002
2.133135e+003, 2.936078e+002
2.135064e+003, 2.930687e+002
2.136992e+003, 2.929740e+002
2.138921e+003, 2.919032e+002
2.140849e+003, 2.907343e+002
2.142778e+003, 2.908339e+002
2.144706e+003, 2.911919e+002
2.146635e+003, 2.915599e+002
2.148563e+003, 2.912846e+002
2.150492e+003, 2.907696e+002
2.152420e+003, 2.906064e+002
2.154349e+003, 2.895700e+002
2.156277e+003, 2.878765e+002
2.158206e+003, 2.873062e+002
2.160134e+003, 2.872220e+002
2.162063e+003, 2.874811e+002
2.163991e+003, 2.870537e+002
2.165919e+003, 2.862403e+002
2.167848e+003, 2.856326e+002
2.169776e+003, 2.856610e+002
2.171705e+003, 2.865741e+002
2.173633e+003, 2.868853e+002
2.175562e+003, 2.865602e+002
2.177490e+003, 2.854138e+002
2.179419e+003, 2.844681e+002
2.181347e+003, 2.838291e+002
2.183276e+003, 2.827733e+002
2.185204e+003, 2.816981e+002
2.187133e+003, 2.808427e+002
2.189061e+003, 2.797251e+002
2.190990e+003, 2.788348e+002
2.192918e+003, 2.800939e+002
2.194846e+003, 2.806011e+002
2.196775e+003, 2.795791e+002
2.198703e+003, 2.790004e+002
2.200632e+003, 2.784162e+002
2.202560e+003, 2.768357e+002
2.204489e+003, 2.760118e+002
2.206417e+003, 2.759539e+002
2.208346e+003, 2.756380e+002
2.210274e+003, 2.756199e+002
2.212203e+003, 2.764165e+002
2.214131e+003, 2.762077e+002
2.216060e+003, 2.752180e+002
2.217988e+003, 2.737296e+002
2.219917e+003, 2.726690e+002
2.221845e+003, 2.721933e+002
2.223773e+003, 2.721327e+002
2.225702e+003, 2.719775e+002
2.227630e+003, 2.711317e+002
2.229559e+003, 2.705974e+002
2.231487e+003, 2.703474e+002
2.233416e+003, 2.701276e+002
2.235344e+003, 2.702130e+002
2.237273e+003, 2.708582e+002
2.239201e+003, 2.697601e+002
2.241130e+003, 2.683998e+002
2.243058e+003, 2.683026e+002
2.244987e+003, 2.674406e+002
2.246915e+003, 2.659978e+002
2.248844e+003, 2.657935e+002
2.250772e+003, 2.656610e+002
2.252700e+003, 2.651844e+002
2.254629e+003, 2.643836e+002
2.256557e+003, 2.635085e+002
2.258486e+003, 2.627585e+002
2.260414e+003, 2.625222e+002
2.262343e+003, 2.626278e+002
2.264271e+003, 2.620225e+002
2.266200e+003, 2.614088e+002
2.268128e+003, 2.610268e+002
2.270057e+003, 2.612931e+002
2.271985e+003, 2.616007e+002
2.273914e+003, 2.613086e+002
2.275842e+003, 2.603753e+002
2.277771e+003, 2.590970e+002
2.279699e+003, 2.583391e+002
2.281627e+003, 2.582560e+002
2.283556e+003, 2.588481e+002
2.285484e+003, 2.591856e+002
2.287413e+003, 2.587500e+002
2.289341e+003, 2.562419e+002
2.291270e+003, 2.551293e+002
2.293198e+003, 2.552048e+002
2.295127e+003, 2.553118e+002
2.297055e+003, 2.549568e+002
2.298984e+003, 2.540116e+002
2.300912e+003, 2.532554e+002
2.302841e+003, 2.525347e+002
2.304769e+003, 2.515617e+002
2.306698e+003, 2.512105e+002
2.308626e+003, 2.511240e+002
2.310554e+003, 2.503408e+002
2.312483e+003, 2.500568e+002
2.314411e+003, 2.504185e+002
2.316340e+003, 2.493359e+002
2.318268e+003, 2.481047e+002
2.320197e+003, 2.473777e+002
2.322125e+003, 2.474426e+002
2.324054e+003, 2.478499e+002
2.325982e+003, 2.482277e+002
2.327911e+003, 2.475464e+002
2.329839e+003, 2.460740e+002
2.331768e+003, 2.454089e+002
2.333696e+003, 2.448229e+002
2.335625e+003, 2.440874e+002
2.337553e+003, 2.437226e+002
2.339481e+003, 2.432115e+002
2.341410e+003, 2.420678e+002
2.343338e+003, 2.422236e+002
2.345267e+003, 2.426489e+002
2.347195e+003, 2.405707e+002
2.349124e+003, 2.398920e+002
2.351052e+003, 2.406943e+002
2.352981e+003, 2.404865e+002
2.354909e+003, 2.394661e+002
2.356838e+003, 2.377777e+002
2.358766e+003, 2.374949e+002
2.360695e+003, 2.377852e+002
2.362623e+003, 2.382306e+002
2.364552e+003, 2.372884e+002
2.366480e+003, 2.362124e+002
2.368408e+003, 2.381617e+002
2.370337e+003, 2.378592e+002
2.372265e+003, 2.355141e+002
2.374194e+003, 2.363667e+002
2.376122e+003, 2.370417e+002
2.378051e+003, 2.361175e+002
2.379979e+003, 2.359202e+002
2.381908e+003, 2.355154e+002
2.383836e+003, 2.338219e+002
2.385765e+003, 2.339027e+002
2.387693e+003, 2.346173e+002
2.389622e+003, 2.342264e+002
2.391550e+003, 2.335533e+002
2.393479e+003, 2.327788e+002
2.395407e+003, 2.318647e+002
2.397335e+003, 2.312784e+002
2.399264e+003, 2.310654e+002
2.401192e+003, 2.297591e+002
2.403121e+003, 2.290424e+002
2.405049e+003, 2.297180e+002
2.406978e+003, 2.295497e+002
2.408906e+003, 2.284998e+002
2.410835e+003, 2.263828e+002
2.412763e+003, 2.261087e+002
2.414692e+003, 2.268754e+002
2.416620e+003, 2.272448e+002
2.418549e+003, 2.266290e+002
2.420477e+003, 2.252915e+002
2.422406e+003, 2.243058e+002
2.424334e+003, 2.234879e+002
2.426262e+003, 2.227435e+002
2.428191e+003, 2.219021e+002
2.430119e+003, 2.210297e+002
2.432048e+003, 2.201452e+002
2.433976e+003, 2.207835e+002
2.435905e+003, 2.213743e+002
2.437833e+003, 2.205249e+002
2.439762e+003, 2.192341e+002
2.441690e+003, 2.178399e+002
2.443619e+003, 2.166960e+002
2.445547e+003, 2.155190e+002
2.447476e+003, 2.147065e+002
2.449404e+003, 2.154962e+002
2.451333e+003, 2.157717e+002
2.453261e+003, 2.152315e+002
2.455189e+003, 2.136418e+002
2.457118e+003, 2.131401e+002
2.459046e+003, 2.141971e+002
2.460975e+003, 2.138806e+002
2.462903e+003, 2.133819e+002
2.464832e+003, 2.132566e+002
2.466760e+003, 2.122883e+002
2.468689e+003, 2.113605e+002
2.470617e+003, 2.111139e+002
2.472546e+003, 2.102357e+002
2.474474e+003, 2.090193e+002
2.476403e+003, 2.077253e+002
2.478331e+003, 2.071353e+002
2.480260e+003, 2.070615e+002
2.482188e+003, 2.073470e+002
2.484116e+003, 2.072622e+002
2.486045e+003, 2.065491e+002
2.487973e+003, 2.043694e+002
2.489902e+003, 2.031539e+002
2.491830e+003, 2.029589e+002
2.493759e+003, 2.025207e+002
2.495687e+003, 2.021128e+002
2.497616e+003, 2.017759e+002
2.499544e+003, 2.010771e+002
2.501473e+003, 2.012052e+002
2.503401e+003, 2.022016e+002
2.505330e+003, 2.010309e+002
2.507258e+003, 2.000853e+002
2.509187e+003, 2.004606e+002
2.511115e+003, 1.998456e+002
2.513043e+003, 1.987929e+002
2.514972e+003, 1.975068e+002
2.516900e+003, 1.973614e+002
2.518829e+003, 1.974542e+002
2.520757e+003, 1.970980e+002
2.522686e+003, 1.962348e+002
2.524614e+003, 1.954660e+002
2.526543e+003, 1.953636e+002
2.528471e+003, 1.950334e+002
2.530400e+003, 1.949391e+002
2.532328e+003, 1.959761e+002
2.534257e+003, 1.946457e+002
2.536185e+003, 1.927987e+002
2.538114e+003, 1.937773e+002
2.540042e+003, 1.928591e+002
2.541970e+003, 1.909937e+002
2.543899e+003, 1.908137e+002
2.545827e+003, 1.909427e+002
2.547756e+003, 1.909771e+002
2.549684e+003, 1.903656e+002
2.551613e+003, 1.899617e+002
2.553541e+003, 1.898457e+002
2.555470e+003, 1.902680e+002
2.557398e+003, 1.893950e+002
2.559327e+003, 1.876406e+002
2.561255e+003, 1.872276e+002
2.563184e+003, 1.867886e+002
2.565112e+003, 1.860098e+002
2.567041e+003, 1.847902e+002
2.568969e+003, 1.836190e+002
2.570897e+003, 1.827508e+002
2.572826e+003, 1.827997e+002
2.574754e+003, 1.826809e+002
2.576683e+003, 1.823194e+002
2.578611e+003, 1.828587e+002
2.580540e+003, 1.821722e+002
2.582468e+003, 1.802586e+002
2.584397e+003, 1.795895e+002
2.586325e+003, 1.795826e+002
2.588254e+003, 1.798856e+002
2.590182e+003, 1.795670e+002
2.592111e+003, 1.788575e+002
2.594039e+003, 1.778983e+002
2.595968e+003, 1.769971e+002
2.597896e+003, 1.763109e+002
2.599824e+003, 1.758376e+002
2.601753e+003, 1.750937e+002
2.603681e+003, 1.750933e+002
2.605610e+003, 1.757941e+002
2.607538e+003, 1.754832e+002
2.609467e+003, 1.745820e+002
2.611395e+003, 1.733633e+002
2.613324e+003, 1.724734e+002
2.615252e+003, 1.719502e+002
2.617181e+003, 1.717096e+002
2.619109e+003, 1.713896e+002
2.621038e+003, 1.712947e+002
2.622966e+003, 1.711435e+002
2.624895e+003, 1.693248e+002
2.626823e+003, 1.686195e+002
2.628751e+003, 1.690059e+002
2.630680e+003, 1.686903e+002
2.632608e+003, 1.675561e+002
2.634537e+003, 1.660730e+002
2.636465e+003, 1.653070e+002
2.638394e+003, 1.650822e+002
2.640322e+003, 1.651492e+002
2.642251e+003, 1.651752e+002
2.644179e+003, 1.648714e+002
2.646108e+003, 1.642366e+002
2.648036e+003, 1.632122e+002
2.649965e+003, 1.627024e+002
2.651893e+003, 1.623260e+002
2.653822e+003, 1.612510e+002
2.655750e+003, 1.604273e+002
2.657678e+003, 1.598102e+002
2.659607e+003, 1.592065e+002
2.661535e+003, 1.586413e+002
2.663464e+003, 1.579575e+002
2.665392e+003, 1.569558e+002
2.667321e+003, 1.564955e+002
2.669249e+003, 1.561176e+002
2.671178e+003, 1.553876e+002
2.673106e+003, 1.549559e+002
2.675035e+003, 1.548041e+002
2.676963e+003, 1.548584e+002
2.678892e+003, 1.547260e+002
2.680820e+003, 1.541874e+002
2.682749e+003, 1.531631e+002
2.684677e+003, 1.511740e+002
2.686605e+003, 1.498053e+002
2.688534e+003, 1.495086e+002
2.690462e+003, 1.493335e+002
2.692391e+003, 1.489835e+002
2.694319e+003, 1.484383e+002
2.696248e+003, 1.477121e+002
2.698176e+003, 1.477124e+002
2.700105e+003, 1.480485e+002
2.702033e+003, 1.468649e+002
2.703962e+003, 1.465334e+002
2.705890e+003, 1.464682e+002
2.707819e+003, 1.444587e+002
2.709747e+003, 1.436696e+002
2.711676e+003, 1.433798e+002
2.713604e+003, 1.419171e+002
2.715532e+003, 1.418293e+002
2.717461e+003, 1.415686e+002
2.719389e+003, 1.392520e+002
2.721318e+003, 1.386473e+002
2.723246e+003, 1.387240e+002
2.725175e+003, 1.386985e+002
2.727103e+003, 1.392961e+002
2.729032e+003, 1.391286e+002
2.730960e+003, 1.376678e+002
2.732889e+003, 1.359481e+002
2.734817e+003, 1.352094e+002
2.736746e+003, 1.352955e+002
2.738674e+003, 1.336707e+002
2.740603e+003, 1.330932e+002
2.742531e+003, 1.334956e+002
2.744459e+003, 1.338481e+002
2.746388e+003, 1.329380e+002
2.748316e+003, 1.318400e+002
2.750245e+003, 1.322108e+002
2.752173e+003, 1.317947e+002
2.754102e+003, 1.307624e+002
2.756030e+003, 1.293687e+002
2.757959e+003, 1.292589e+002
2.759887e+003, 1.291513e+002
2.761816e+003, 1.284903e+002
2.763744e+003, 1.276559e+002
2.765673e+003, 1.270776e+002
2.767601e+003, 1.266517e+002
2.769530e+003, 1.253879e+002
2.771458e+003, 1.253126e+002
2.773386e+003, 1.257349e+002
2.775315e+003, 1.248552e+002
2.777243e+003, 1.239368e+002
2.779172e+003, 1.232299e+002
2.781100e+003, 1.229390e+002
2.783029e+003, 1.217102e+002
2.784957e+003, 1.208277e+002
2.786886e+003, 1.210272e+002
2.788814e+003, 1.205146e+002
2.790743e+003, 1.198476e+002
2.792671e+003, 1.192298e+002
2.794600e+003, 1.185815e+002
2.796528e+003, 1.187003e+002
2.798457e+003, 1.191458e+002
2.800385e+003, 1.190141e+002
2.802313e+003, 1.177047e+002
2.804242e+003, 1.163284e+002
2.806170e+003, 1.158057e+002
2.808099e+003, 1.154219e+002
2.810027e+003, 1.151535e+002
2.811956e+003, 1.148773e+002
2.813884e+003, 1.135167e+002
2.815813e+003, 1.133363e+002
2.817741e+003, 1.139046e+002
2.819670e+003, 1.126459e+002
2.821598e+003, 1.107602e+002
2.823527e+003, 1.092932e+002
2.825455e+003, 1.097066e+002
2.827384e+003, 1.089259e+002
2.829312e+003, 1.079040e+002
2.831240e+003, 1.072878e+002
2.833169e+003, 1.079222e+002
2.835097e+003, 1.078276e+002
2.837026e+003, 1.068029e+002
2.838954e+003, 1.060337e+002
2.840883e+003, 1.051565e+002
2.842811e+003, 1.045246e+002
2.844740e+003, 1.047366e+002
2.846668e+003, 1.032026e+002
2.848597e+003, 1.018860e+002
2.850525e+003, 1.020091e+002
2.852454e+003, 1.016971e+002
2.854382e+003, 1.009801e+002
2.856311e+003, 1.000653e+002
2.858239e+003, 9.949174e+001
2.860167e+003, 9.893590e+001
2.862096e+003, 9.859542e+001
2.864024e+003, 9.870669e+001
2.865953e+003, 9.878456e+001
2.867881e+003, 9.793844e+001
2.869810e+003, 9.626205e+001
2.871738e+003, 9.629923e+001
2.873667e+003, 9.616164e+001
2.875595e+003, 9.558990e+001
2.877524e+003, 9.488718e+001
2.879452e+003, 9.485755e+001
2.881381e+003, 9.468043e+001
2.883309e+003, 9.365670e+001
2.885238e+003, 9.357840e+001
2.887166e+003, 9.274541e+001
2.889094e+003, 9.118690e+001
2.891023e+003, 9.105446e+001
2.892951e+003, 9.046748e+001
2.894880e+003, 8.968484e+001
2.896808e+003, 8.938667e+001
2.898737e+003, 8.847573e+001
2.900665e+003, 8.800249e+001
2.902594e+003, 8.825758e+001
2.904522e+003, 8.753857e+001
2.906451e+003, 8.695149e+001
2.908379e+003, 8.651890e+001
2.910308e+003, 8.595285e+001
2.912236e+003, 8.515813e+001
2.914165e+003, 8.471825e+001
2.916093e+003, 8.477829e+001
2.918021e+003, 8.383283e+001
2.919950e+003, 8.317014e+001
2.921878e+003, 8.289658e+001
2.923807e+003, 8.260721e+001
2.925735e+003, 8.256190e+001
2.927664e+003, 8.244273e+001
2.929592e+003, 8.203437e+001
2.931521e+003, 8.124318e+001
2.933449e+003, 8.054674e+001
2.935378e+003, 8.003614e+001
2.937306e+003, 7.965721e+001
2.939235e+003, 7.825418e+001
2.941163e+003, 8.017289e+001
2.943092e+003, 8.748094e+001
2.945020e+003, 8.481576e+001
2.946948e+003, 8.012656e+001
2.948877e+003, 7.678130e+001
2.950805e+003, 7.730343e+001
2.952734e+003, 7.674707e+001
2.954662e+003, 7.564413e+001
2.956591e+003, 7.463393e+001
2.958519e+003, 7.415807e+001
2.960448e+003, 7.392850e+001
2.962376e+003, 7.368005e+001
2.964305e+003, 7.312532e+001
2.966233e+003, 7.244205e+001
2.968162e+003, 7.151219e+001
2.970090e+003, 7.044538e+001
2.972019e+003, 7.059145e+001
2.973947e+003, 7.044462e+001
2.975875e+003, 7.015872e+001
2.977804e+003, 7.029655e+001
2.979732e+003, 6.925590e+001
2.981661e+003, 6.880708e+001
2.983589e+003, 6.926408e+001
2.985518e+003, 6.892947e+001
2.987446e+003, 6.841952e+001
2.989375e+003, 6.760556e+001
2.991303e+003, 6.633482e+001
2.993232e+003, 6.567760e+001
2.995160e+003, 6.557494e+001
2.997089e+003, 6.568636e+001
2.999017e+003, 6.537314e+001
3.000946e+003, 6.536317e+001
3.002874e+003, 6.495157e+001
3.004802e+003, 6.378352e+001
3.006731e+003, 6.325817e+001
3.008659e+003, 6.274847e+001
3.010588e+003, 6.224789e+001
3.012516e+003, 6.190159e+001
3.014445e+003, 6.169107e+001
3.016373e+003, 6.168009e+001
3.018302e+003, 6.165440e+001
3.020230e+003, 6.087895e+001
3.022159e+003, 6.043897e+001
3.024087e+003, 6.011885e+001
3.026016e+003, 5.970501e+001
3.027944e+003, 5.956542e+001
3.029873e+003, 5.897594e+001
3.031801e+003, 5.817426e+001
3.033729e+003, 5.767243e+001
3.035658e+003, 5.747015e+001
3.037586e+003, 5.764667e+001
3.039515e+003, 5.790000e+001
3.041443e+003, 5.735802e+001
3.043372e+003, 5.657813e+001
3.045300e+003, 5.556570e+001
3.047229e+003, 5.450198e+001
3.049157e+003, 5.476660e+001
3.051086e+003, 5.433945e+001
3.053014e+003, 5.351818e+001
3.054943e+003, 5.307936e+001
3.056871e+003, 5.278371e+001
3.058800e+003, 5.246420e+001
3.060728e+003, 5.211885e+001
3.062656e+003, 5.179382e+001
3.064585e+003, 5.190448e+001
3.066513e+003, 5.184818e+001
3.068442e+003, 5.144593e+001
3.070370e+003, 5.124026e+001
3.072299e+003, 5.073561e+001
3.074227e+003, 5.029987e+001
3.076156e+003, 5.021249e+001
3.078084e+003, 5.017167e+001
3.080013e+003, 5.007845e+001
3.081941e+003, 4.966378e+001
3.083870e+003, 4.873932e+001
3.085798e+003, 4.799469e+001
3.087727e+003, 4.769482e+001
3.089655e+003, 4.751411e+001
3.091583e+003, 4.683204e+001
3.093512e+003, 4.689242e+001
3.095440e+003, 4.661913e+001
3.097369e+003, 4.603082e+001
3.099297e+003, 4.638173e+001
3.101226e+003, 4.637419e+001
3.103154e+003, 4.590232e+001
3.105083e+003, 4.513622e+001
3.107011e+003, 4.457625e+001
3.108940e+003, 4.441113e+001
3.110868e+003, 4.420177e+001
3.112797e+003, 4.371082e+001
3.114725e+003, 4.361704e+001
3.116654e+003, 4.302130e+001
3.118582e+003, 4.242107e+001
3.120510e+003, 4.236070e+001
3.122439e+003, 4.287577e+001
3.124367e+003, 4.222344e+001
3.126296e+003, 4.129062e+001
3.128224e+003, 4.127157e+001
3.130153e+003, 4.143441e+001
3.132081e+003, 4.121382e+001
3.134010e+003, 4.078238e+001
3.135938e+003, 4.051996e+001
3.137867e+003, 4.030829e+001
3.139795e+003, 3.983876e+001
3.141724e+003, 3.934490e+001
3.143652e+003, 3.928648e+001
3.145581e+003, 3.865156e+001
3.147509e+003, 3.802163e+001
3.149438e+003, 3.771640e+001
3.151366e+003, 3.797063e+001
3.153294e+003, 3.740875e+001
3.155223e+003, 3.704887e+001
3.157151e+003, 3.703205e+001
3.159080e+003, 3.694882e+001
3.161008e+003, 3.647268e+001
3.162937e+003, 3.623347e+001
3.164865e+003, 3.621498e+001
3.166794e+003, 3.589816e+001
3.168722e+003, 3.541085e+001
3.170651e+003, 3.496145e+001
3.172579e+003, 3.473843e+001
3.174508e+003, 3.500121e+001
3.176436e+003, 3.447367e+001
3.178365e+003, 3.423634e+001
3.180293e+003, 3.427625e+001
3.182221e+003, 3.358614e+001
3.184150e+003, 3.358207e+001
3.186078e+003, 3.356490e+001
3.188007e+003, 3.316843e+001
3.189935e+003, 3.235688e+001
3.191864e+003, 3.237178e+001
3.193792e+003, 3.247591e+001
3.195721e+003, 3.228396e+001
3.197649e+003, 3.167680e+001
3.199578e+003, 3.100419e+001
3.201506e+003, 3.061791e+001
3.203435e+003, 3.054834e+001
3.205363e+003, 3.071589e+001
3.207292e+003, 3.005114e+001
3.209220e+003, 2.946618e+001
3.211148e+003, 2.937502e+001
3.213077e+003, 3.003651e+001
3.215005e+003, 2.934967e+001
3.216934e+003, 2.860134e+001
3.218862e+003, 2.822142e+001
3.220791e+003, 2.831498e+001
3.222719e+003, 2.759207e+001
3.224648e+003, 2.728095e+001
3.226576e+003, 2.732470e+001
3.228505e+003, 2.741460e+001
3.230433e+003, 2.726828e+001
3.232362e+003, 2.664846e+001
3.234290e+003, 2.626623e+001
3.236219e+003, 2.636478e+001
3.238147e+003, 2.534128e+001
3.240075e+003, 2.546361e+001
3.242004e+003, 2.541715e+001
3.243932e+003, 2.481785e+001
3.245861e+003, 2.530637e+001
3.247789e+003, 2.458268e+001
3.249718e+003, 2.405526e+001
3.251646e+003, 2.403772e+001
3.253575e+003, 2.375279e+001
3.255503e+003, 2.401904e+001
3.257432e+003, 2.384921e+001
3.259360e+003, 2.323883e+001
3.261289e+003, 2.262022e+001
3.263217e+003, 2.296338e+001
3.265146e+003, 2.262250e+001
3.267074e+003, 2.234161e+001
3.269002e+003, 2.298545e+001
3.270931e+003, 2.218539e+001
3.272859e+003, 2.212108e+001
3.274788e+003, 2.220067e+001
3.276716e+003, 2.198859e+001
3.278645e+003, 2.221939e+001
3.280573e+003, 2.143975e+001
3.282502e+003, 2.108633e+001
3.284430e+003, 2.135826e+001
3.286359e+003, 2.129292e+001
3.288287e+003, 2.119552e+001
3.290216e+003, 2.078761e+001
3.292144e+003, 2.070737e+001
3.294073e+003, 2.144686e+001
3.296001e+003, 2.069141e+001
3.297929e+003, 2.053953e+001
3.299858e+003, 2.036837e+001
3.301786e+003, 1.979247e+001
3.303715e+003, 1.993459e+001
3.305643e+003, 2.014175e+001
3.307572e+003, 1.990409e+001
3.309500e+003, 1.947465e+001
3.311429e+003, 1.963905e+001
3.313357e+003, 1.987998e+001
3.315286e+003, 1.909464e+001
3.317214e+003, 1.829166e+001
3.319143e+003, 1.854044e+001
3.321071e+003, 1.851230e+001
3.323000e+003, 1.883814e+001
3.324928e+003, 1.881393e+001
3.326856e+003, 1.836913e+001
3.328785e+003, 1.841360e+001
3.330713e+003, 1.834950e+001
3.332642e+003, 1.774689e+001
3.334570e+003, 1.701413e+001
3.336499e+003, 1.671443e+001
3.338427e+003, 1.672490e+001
3.340356e+003, 1.642796e+001
3.342284e+003, 1.646126e+001
3.344213e+003, 1.681805e+001
3.346141e+003, 1.631748e+001
3.348070e+003, 1.634917e+001
3.349998e+003, 1.645098e+001
3.351927e+003, 1.644395e+001
3.353855e+003, 1.635218e+001
3.355783e+003, 1.624628e+001
3.357712e+003, 1.609675e+001
3.359640e+003, 1.579757e+001
3.361569e+003, 1.549657e+001
3.363497e+003, 1.577580e+001
3.365426e+003, 1.567113e+001
3.367354e+003, 1.571801e+001
3.369283e+003, 1.565174e+001
3.371211e+003, 1.516247e+001
3.373140e+003, 1.517878e+001
3.375068e+003, 1.539558e+001
3.376997e+003, 1.541437e+001
3.378925e+003, 1.522042e+001
3.380854e+003, 1.510269e+001
3.382782e+003, 1.519461e+001
3.384710e+003, 1.489709e+001
3.386639e+003, 1.461760e+001
3.388567e+003, 1.467124e+001
3.390496e+003, 1.478586e+001
3.392424e+003, 1.423600e+001
3.394353e+003, 1.429483e+001
3.396281e+003, 1.464719e+001
3.398210e+003, 1.447394e+001
3.400138e+003, 1.439296e+001
3.402067e+003, 1.416548e+001
3.403995e+003, 1.371671e+001
3.405924e+003, 1.332244e+001
3.407852e+003, 1.350830e+001
3.409781e+003, 1.374948e+001
3.411709e+003, 1.362090e+001
3.413637e+003, 1.351433e+001
3.415566e+003, 1.367940e+001
3.417494e+003, 1.388170e+001
3.419423e+003, 1.378975e+001
3.421351e+003, 1.350211e+001
3.423280e+003, 1.325684e+001
3.425208e+003, 1.315253e+001
3.427137e+003, 1.284702e+001
3.429065e+003, 1.273814e+001
3.430994e+003, 1.277663e+001
3.432922e+003, 1.282225e+001
3.434851e+003, 1.278137e+001
3.436779e+003, 1.281447e+001
3.438708e+003, 1.242148e+001
3.440636e+003, 1.259795e+001
3.442564e+003, 1.278286e+001
3.444493e+003, 1.180995e+001
3.446421e+003, 1.197952e+001
3.448350e+003, 1.198542e+001
3.450278e+003, 1.218717e+001
3.452207e+003, 1.245313e+001
3.454135e+003, 1.205624e+001
3.456064e+003, 1.247484e+001
##END=



