##NAMES=Cavansite
##RRUFFID=R050400
##IDEAL CHEMISTRY=Ca(V^4+^O)(Si_4_O_10_)·4H_2_O
##LOCALITY=Poona, India
##OWNER=RRUFF
##SOURCE=Eugene Schlepp
##DESCRIPTION=Spray of blue crystals
##STATUS=The identification of this mineral has been confirmed by X-ray diffraction and chemical analysis
##URL=https://www.rruff.net/odr/rruff_sample/R050400
##MEASURED CHEMISTRY=(Ca_0.99_Mg_0.01_)(V^4+^_1.00_O)Si_4.00_O_10_·4H_2_O
##DIFFRACTION SAMPLE DESCRIPTION=Powder
##CELL PARAMETERS=a: 9.7876 b: 13.6606 c: 9.6342 alpha: 90 beta: 90 gamma: 90 volume: 1288.15 crystal system: orthorhombic
##FILETYPE=Raman Processed
##RAMAN WAVELENGTH=532

120.1033, 1786.077
122.0317, 1997.063
123.9602, 2201.163
125.8887, 2342.039
127.8171, 2388.802
129.7456, 2423.462
131.6741, 2455.681
133.6025, 2484.402
135.5310, 2498.732
137.4595, 2498.699
139.3879, 2490.284
141.3164, 2474.404
143.2449, 2444.313
145.1733, 2423.785
147.1018, 2417.538
149.0303, 2424.748
150.9587, 2431.537
152.8872, 2433.986
154.8157, 2438.246
156.7441, 2448.716
158.6726, 2475.590
160.6011, 2498.515
162.5295, 2517.332
164.4580, 2531.963
166.3865, 2535.118
168.3149, 2515.667
170.2434, 2487.148
172.1719, 2465.139
174.1003, 2438.815
176.0288, 2427.914
177.9573, 2437.323
179.8857, 2464.333
181.8142, 2513.722
183.7427, 2588.561
185.6711, 2683.070
187.5996, 2786.738
189.5281, 2913.348
191.4565, 3030.291
193.3850, 3131.383
195.3135, 3233.078
197.2419, 3280.228
199.1704, 3254.508
201.0989, 3171.518
203.0273, 3074.407
204.9558, 2944.365
206.8843, 2817.134
208.8127, 2708.623
210.7412, 2620.399
212.6697, 2549.077
214.5981, 2495.380
216.5266, 2458.824
218.4551, 2443.857
220.3835, 2456.667
222.3120, 2486.896
224.2405, 2534.391
226.1689, 2600.733
228.0974, 2672.758
230.0259, 2753.997
231.9543, 2841.939
233.8828, 2914.860
235.8113, 2982.927
237.7397, 3031.433
239.6682, 3052.497
241.5967, 3049.515
243.5251, 3015.511
245.4536, 2940.798
247.3821, 2829.458
249.3105, 2724.586
251.2390, 2625.983
253.1675, 2533.414
255.0959, 2444.823
257.0244, 2358.039
258.9529, 2281.479
260.8813, 2216.440
262.8098, 2163.731
264.7383, 2119.076
266.6667, 2083.444
268.5952, 2056.384
270.5237, 2036.454
272.4521, 2024.305
274.3806, 2020.254
276.3091, 2024.725
278.2375, 2038.087
280.1660, 2058.702
282.0945, 2089.054
284.0229, 2125.332
285.9514, 2165.833
287.8799, 2212.477
289.8083, 2260.318
291.7368, 2315.313
293.6653, 2371.089
295.5938, 2413.795
297.5222, 2444.789
299.4507, 2458.939
301.3792, 2449.033
303.3076, 2411.057
305.2361, 2367.828
307.1646, 2317.308
309.0930, 2264.376
311.0215, 2219.360
312.9500, 2185.058
314.8784, 2156.677
316.8069, 2134.448
318.7354, 2118.261
320.6638, 2104.267
322.5923, 2091.260
324.5208, 2079.831
326.4492, 2071.482
328.3777, 2061.991
330.3062, 2058.764
332.2346, 2068.970
334.1631, 2090.898
336.0915, 2107.109
338.0200, 2122.272
339.9485, 2127.771
341.8769, 2110.316
343.8054, 2061.659
345.7339, 2006.964
347.6623, 1947.705
349.5908, 1884.913
351.5193, 1830.358
353.4477, 1788.260
355.3762, 1751.610
357.3047, 1716.206
359.2331, 1681.482
361.1616, 1649.137
363.0901, 1620.005
365.0185, 1593.678
366.9470, 1569.436
368.8755, 1545.759
370.8039, 1525.241
372.7324, 1510.144
374.6609, 1500.151
376.5893, 1492.111
378.5178, 1484.377
380.4463, 1478.091
382.3747, 1475.785
384.3032, 1480.873
386.2317, 1485.913
388.1601, 1488.703
390.0886, 1489.601
392.0171, 1490.776
393.9455, 1492.388
395.8740, 1494.623
397.8025, 1497.800
399.7309, 1502.099
401.6594, 1507.101
403.5879, 1511.666
405.5163, 1516.652
407.4448, 1525.721
409.3733, 1539.860
411.3017, 1557.561
413.2302, 1579.400
415.1587, 1605.795
417.0871, 1632.629
419.0156, 1661.510
420.9441, 1689.697
422.8725, 1713.258
424.8010, 1731.988
426.7295, 1745.486
428.6579, 1753.450
430.5864, 1755.505
432.5149, 1750.792
434.4433, 1737.108
436.3718, 1717.276
438.3003, 1693.034
440.2287, 1663.404
442.1572, 1630.144
444.0857, 1591.400
446.0141, 1549.273
447.9426, 1507.603
449.8711, 1464.460
451.7995, 1424.603
453.7280, 1388.823
455.6565, 1357.250
457.5849, 1332.200
459.5134, 1315.529
461.4419, 1304.619
463.3703, 1296.939
465.2988, 1293.572
467.2273, 1291.561
469.1557, 1290.144
471.0842, 1289.643
473.0127, 1291.100
474.9411, 1297.179
476.8696, 1301.582
478.7981, 1301.570
480.7265, 1296.772
482.6550, 1290.543
484.5835, 1282.154
486.5119, 1273.141
488.4404, 1265.048
490.3689, 1258.128
492.2973, 1251.262
494.2258, 1243.171
496.1543, 1234.783
498.0827, 1229.275
500.0112, 1229.207
501.9397, 1229.406
503.8681, 1227.434
505.7966, 1223.514
507.7251, 1221.377
509.6535, 1221.405
511.5820, 1223.649
513.5105, 1228.225
515.4390, 1235.008
517.3674, 1244.673
519.2959, 1255.613
521.2244, 1270.194
523.1528, 1291.668
525.0813, 1323.485
527.0098, 1357.617
528.9382, 1391.704
530.8667, 1425.651
532.7952, 1459.252
534.7236, 1498.007
536.6521, 1532.126
538.5806, 1555.488
540.5090, 1567.100
542.4375, 1576.027
544.3660, 1580.323
546.2944, 1584.252
548.2229, 1594.464
550.1514, 1612.206
552.0798, 1632.747
554.0083, 1655.115
555.9368, 1679.188
557.8652, 1705.557
559.7937, 1731.467
561.7222, 1762.190
563.6506, 1799.505
565.5791, 1844.133
567.5076, 1894.794
569.4360, 1959.100
571.3645, 2024.469
573.2930, 2086.885
575.2214, 2159.143
577.1499, 2194.533
579.0783, 2184.737
581.0068, 2137.566
582.9352, 2064.719
584.8637, 1956.339
586.7922, 1845.088
588.7206, 1738.136
590.6491, 1635.428
592.5776, 1544.492
594.5060, 1466.606
596.4345, 1398.908
598.3630, 1342.175
600.2914, 1296.369
602.2199, 1258.788
604.1484, 1231.884
606.0768, 1211.928
608.0053, 1196.145
609.9338, 1184.992
611.8622, 1177.987
613.7907, 1174.593
615.7192, 1175.484
617.6476, 1181.118
619.5761, 1191.271
621.5046, 1206.277
623.4330, 1230.197
625.3615, 1259.638
627.2900, 1282.256
629.2184, 1293.186
631.1469, 1302.665
633.0754, 1313.760
635.0038, 1325.810
636.9323, 1335.636
638.8608, 1340.775
640.7892, 1345.639
642.7177, 1351.219
644.6462, 1355.316
646.5746, 1367.975
648.5031, 1389.719
650.4316, 1419.161
652.3600, 1455.806
654.2885, 1499.689
656.2170, 1548.073
658.1454, 1600.752
660.0739, 1657.519
662.0024, 1718.642
663.9308, 1791.625
665.8593, 1860.508
667.7878, 1935.565
669.7162, 2002.716
671.6447, 2040.122
673.5732, 2048.364
675.5016, 2020.249
677.4301, 1946.566
679.3586, 1831.144
681.2870, 1718.826
683.2155, 1602.230
685.1440, 1495.029
687.0724, 1402.738
689.0009, 1324.228
690.9294, 1258.426
692.8578, 1208.449
694.7863, 1169.551
696.7148, 1140.243
698.6432, 1122.338
700.5717, 1109.760
702.5002, 1105.784
704.4286, 1104.647
706.3571, 1101.867
708.2856, 1097.098
710.2141, 1093.710
712.1425, 1094.649
714.0710, 1096.235
715.9995, 1094.889
717.9279, 1086.851
719.8564, 1081.692
721.7849, 1081.247
723.7133, 1083.551
725.6418, 1085.753
727.5703, 1087.635
729.4987, 1089.610
731.4272, 1090.883
733.3557, 1092.147
735.2841, 1095.238
737.2126, 1101.290
739.1411, 1107.556
741.0695, 1113.695
742.9980, 1119.745
744.9265, 1125.645
746.8549, 1130.717
748.7834, 1137.172
750.7119, 1146.612
752.6403, 1158.619
754.5688, 1168.848
756.4973, 1175.504
758.4257, 1182.554
760.3542, 1191.722
762.2827, 1202.446
764.2111, 1212.628
766.1396, 1222.267
768.0681, 1230.873
769.9965, 1237.549
771.9250, 1241.991
773.8535, 1248.873
775.7819, 1258.828
777.7104, 1270.432
779.6389, 1283.875
781.5673, 1298.868
783.4958, 1313.138
785.4243, 1325.127
787.3527, 1337.500
789.2812, 1351.647
791.2097, 1367.911
793.1381, 1383.999
795.0666, 1402.845
796.9951, 1419.155
798.9235, 1427.429
800.8520, 1428.312
802.7805, 1432.701
804.7089, 1442.397
806.6374, 1456.517
808.5659, 1475.154
810.4943, 1500.369
812.4228, 1523.717
814.3513, 1543.077
816.2797, 1562.084
818.2082, 1583.565
820.1367, 1607.382
822.0651, 1630.080
823.9936, 1651.359
825.9221, 1670.878
827.8505, 1689.095
829.7790, 1706.871
831.7075, 1720.267
833.6359, 1728.128
835.5644, 1733.402
837.4929, 1737.431
839.4213, 1740.147
841.3498, 1743.690
843.2783, 1748.491
845.2067, 1754.011
847.1352, 1760.266
849.0637, 1767.686
850.9921, 1773.006
852.9206, 1773.068
854.8491, 1773.273
856.7775, 1778.086
858.7060, 1788.378
860.6345, 1794.561
862.5629, 1792.305
864.4914, 1788.889
866.4199, 1788.922
868.3483, 1792.599
870.2768, 1795.290
872.2053, 1794.684
874.1337, 1794.963
876.0622, 1797.615
877.9907, 1802.807
879.9191, 1812.515
881.8476, 1830.424
883.7761, 1849.400
885.7045, 1866.736
887.6330, 1882.383
889.5615, 1895.053
891.4899, 1902.676
893.4184, 1909.299
895.3469, 1915.854
897.2753, 1922.469
899.2038, 1931.623
901.1323, 1939.021
903.0607, 1953.169
904.9892, 1978.184
906.9177, 2012.647
908.8461, 2052.862
910.7746, 2100.173
912.7031, 2150.210
914.6315, 2201.802
916.5600, 2254.515
918.4885, 2306.163
920.4169, 2350.054
922.3454, 2400.839
924.2739, 2465.246
926.2023, 2538.586
928.1308, 2610.324
930.0593, 2680.917
931.9877, 2749.223
933.9162, 2811.418
935.8447, 2872.596
937.7731, 2940.024
939.7016, 3007.889
941.6301, 3093.784
943.5585, 3204.232
945.4870, 3330.833
947.4155, 3469.594
949.3439, 3629.473
951.2724, 3766.246
953.2009, 3881.902
955.1293, 3961.922
957.0578, 3988.821
958.9863, 3952.657
960.9147, 3927.968
962.8432, 3901.284
964.7717, 3908.093
966.7001, 3967.137
968.6286, 4081.461
970.5571, 4250.356
972.4855, 4496.993
974.4140, 4773.660
976.3425, 5069.519
978.2709, 5379.562
980.1994, 5684.003
982.1279, 5989.454
984.0563, 6276.601
985.9848, 6577.837
987.9133, 6865.979
989.8417, 7019.966
991.7702, 7088.439
993.6987, 6964.468
995.6271, 6566.097
997.5556, 5976.482
999.4841, 5324.660
1001.413, 4576.598
1003.341, 3895.145
1005.269, 3315.321
1007.198, 2828.335
1009.126, 2428.820
1011.055, 2125.011
1012.983, 1888.205
1014.912, 1732.130
1016.840, 1620.928
1018.769, 1537.456
1020.697, 1485.172
1022.626, 1442.830
1024.554, 1411.710
1026.483, 1389.612
1028.411, 1378.961
1030.340, 1377.086
1032.268, 1376.113
1034.197, 1374.754
1036.125, 1375.657
1038.053, 1380.546
1039.982, 1387.860
1041.910, 1394.088
1043.839, 1400.716
1045.767, 1404.162
1047.696, 1403.547
1049.624, 1400.136
1051.553, 1394.626
1053.481, 1386.881
1055.410, 1380.383
1057.338, 1375.130
1059.267, 1372.027
1061.195, 1370.777
1063.124, 1371.180
1065.052, 1376.364
1066.980, 1388.892
1068.909, 1403.373
1070.837, 1420.789
1072.766, 1439.213
1074.694, 1451.372
1076.623, 1457.992
1078.551, 1458.151
1080.480, 1450.214
1082.408, 1436.090
1084.337, 1417.583
1086.265, 1393.794
1088.193, 1371.031
1090.122, 1351.429
1092.050, 1332.688
1093.979, 1312.998
1095.907, 1291.786
1097.836, 1273.923
1099.764, 1260.720
1101.693, 1248.923
1103.621, 1238.208
1105.550, 1228.054
1107.478, 1216.691
1109.407, 1203.509
1111.335, 1190.833
1113.264, 1179.009
1115.192, 1168.399
1117.120, 1159.866
1119.049, 1154.151
1120.977, 1147.056
1122.906, 1136.062
1124.834, 1125.409
1126.763, 1117.533
1128.691, 1112.414
1130.620, 1106.936
1132.548, 1101.386
1134.477, 1094.983
1136.405, 1085.036
1138.334, 1074.873
1140.262, 1070.729
1142.191, 1074.073
1144.119, 1076.875
1146.047, 1077.324
1147.976, 1076.331
1149.904, 1074.516
1151.833, 1071.920
1153.761, 1068.500
1155.690, 1062.741
1157.618, 1057.920
1159.547, 1054.660
1161.475, 1053.106
1163.404, 1054.298
1165.332, 1060.726
1167.261, 1064.254
1169.189, 1061.507
1171.118, 1056.313
1173.046, 1051.819
1174.974, 1048.002
1176.903, 1045.304
1178.831, 1043.899
1180.760, 1043.827
1182.688, 1046.220
1184.617, 1050.284
1186.545, 1052.175
1188.474, 1050.038
1190.402, 1048.644
1192.331, 1048.958
1194.259, 1049.827
1196.188, 1049.815
1198.116, 1048.453
1200.045, 1048.052
1201.973, 1049.873
1203.901, 1051.180
1205.830, 1050.625
1207.758, 1048.683
1209.687, 1046.116
1211.615, 1042.440
1213.544, 1040.009
1215.472, 1040.297
1217.401, 1041.683
1219.329, 1042.942
1221.258, 1044.003
1223.186, 1045.691
1225.115, 1048.737
1227.043, 1051.672
1228.972, 1054.077
1230.900, 1056.011
1232.828, 1057.564
1234.757, 1058.623
1236.685, 1059.352
1238.614, 1058.977
1240.542, 1058.722
1242.471, 1059.841
1244.399, 1062.015
1246.328, 1063.438
1248.256, 1063.666
1250.185, 1063.858
1252.113, 1064.625
1254.042, 1065.682
1255.970, 1066.336
1257.899, 1065.898
1259.827, 1067.316
1261.755, 1074.175
1263.684, 1079.147
1265.612, 1076.825
1267.541, 1068.809
1269.469, 1064.318
1271.398, 1064.848
1273.326, 1065.843
1275.255, 1066.893
1277.183, 1068.115
1279.112, 1070.337
1281.040, 1073.434
1282.969, 1074.141
1284.897, 1069.979
1286.826, 1067.415
1288.754, 1070.870
1290.682, 1076.932
1292.611, 1080.499
1294.539, 1081.137
1296.468, 1080.982
1298.396, 1078.083
1300.325, 1076.633
1302.253, 1079.724
1304.182, 1086.101
1306.110, 1090.018
1308.039, 1089.374
1309.967, 1089.034
1311.896, 1089.893
1313.824, 1090.667
1315.753, 1089.828
1317.681, 1087.601
1319.609, 1087.097
1321.538, 1089.303
1323.466, 1091.500
1325.395, 1092.283
1327.323, 1092.884
1329.252, 1095.499
1331.180, 1100.238
1333.109, 1101.381
1335.037, 1094.684
1336.966, 1089.813
1338.894, 1091.627
1340.823, 1097.339
1342.751, 1101.946
1344.680, 1105.777
1346.608, 1107.204
1348.536, 1103.271
1350.465, 1099.842
1352.393, 1100.260
1354.322, 1103.391
1356.250, 1105.154
1358.179, 1104.164
1360.107, 1104.775
1362.036, 1109.442
1363.964, 1114.044
1365.893, 1115.364
1367.821, 1114.176
1369.750, 1114.110
1371.678, 1115.764
1373.607, 1116.767
1375.535, 1114.817
1377.464, 1113.272
1379.392, 1115.178
1381.320, 1119.913
1383.249, 1123.711
1385.177, 1126.508
1387.106, 1128.027
1389.034, 1127.821
1390.963, 1126.735
1392.891, 1124.744
1394.820, 1121.483
1396.748, 1121.554
1398.677, 1128.668
1400.605, 1134.144
1402.534, 1135.958
1404.462, 1135.532
1406.391, 1133.989
1408.319, 1131.070
1410.247, 1129.011
1412.176, 1126.594
1414.104, 1126.623
1416.033, 1132.686
1417.961, 1139.962
1419.890, 1141.749
1421.818, 1138.144
1423.747, 1136.616
1425.675, 1138.398
1427.604, 1141.140
1429.532, 1145.179
1431.461, 1148.979
1433.389, 1150.295
1435.318, 1149.187
1437.246, 1149.428
1439.174, 1152.229
1441.103, 1154.519
1443.031, 1154.769
1444.960, 1153.913
1446.888, 1152.465
1448.817, 1150.335
1450.745, 1150.144
1452.674, 1153.904
1454.602, 1157.159
1456.531, 1159.808
1458.459, 1161.008
1460.388, 1158.646
1462.316, 1151.711
1464.245, 1149.819
1466.173, 1156.619
1468.101, 1163.324
1470.030, 1169.399
1471.958, 1173.582
1473.887, 1173.057
1475.815, 1167.536
1477.744, 1167.030
1479.672, 1176.221
1481.601, 1183.360
1483.529, 1185.355
1485.458, 1185.699
1487.386, 1187.551
1489.315, 1190.576
1491.243, 1191.817
1493.172, 1189.705
1495.100, 1189.490
1497.028, 1195.435
1498.957, 1200.730
1500.885, 1198.629
1502.814, 1192.147
1504.742, 1190.098
1506.671, 1193.842
1508.599, 1197.685
1510.528, 1199.956
1512.456, 1202.774
1514.385, 1209.126
1516.313, 1216.545
1518.242, 1218.357
1520.170, 1212.957
1522.099, 1211.587
1524.027, 1219.314
1525.955, 1226.561
1527.884, 1228.903
1529.812, 1228.585
1531.741, 1228.652
1533.669, 1228.896
1535.598, 1231.237
1537.526, 1238.112
1539.455, 1243.867
1541.383, 1246.721
1543.312, 1248.126
1545.240, 1248.660
1547.169, 1248.171
1549.097, 1250.894
1551.026, 1260.761
1552.954, 1267.851
1554.882, 1269.050
1556.811, 1269.140
1558.739, 1272.167
1560.668, 1276.997
1562.596, 1278.590
1564.525, 1273.888
1566.453, 1272.191
1568.382, 1276.829
1570.310, 1280.974
1572.239, 1279.704
1574.167, 1276.913
1576.096, 1279.675
1578.024, 1289.048
1579.953, 1297.143
1581.881, 1302.579
1583.809, 1308.268
1585.738, 1314.769
1587.666, 1321.744
1589.595, 1327.893
1591.523, 1333.874
1593.452, 1344.395
1595.380, 1361.863
1597.309, 1376.798
1599.237, 1385.124
1601.166, 1393.026
1603.094, 1405.329
1605.023, 1419.058
1606.951, 1428.183
1608.880, 1432.475
1610.808, 1437.096
1612.736, 1440.487
1614.665, 1448.216
1616.593, 1463.959
1618.522, 1483.736
1620.450, 1504.774
1622.379, 1526.670
1624.307, 1547.141
1626.236, 1564.824
1628.164, 1586.747
1630.093, 1620.492
1632.021, 1651.236
1633.950, 1671.973
1635.878, 1683.665
1637.807, 1687.336
1639.735, 1683.066
1641.663, 1671.239
1643.592, 1651.443
1645.520, 1625.190
1647.449, 1588.760
1649.377, 1549.860
1651.306, 1512.807
1653.234, 1477.877
1655.163, 1445.764
1657.091, 1416.047
1659.020, 1392.275
1660.948, 1377.079
1662.877, 1364.796
1664.805, 1353.729
1666.734, 1343.874
1668.662, 1335.208
1670.590, 1327.863
1672.519, 1321.742
1674.447, 1316.344
1676.376, 1314.258
1678.304, 1318.413
1680.233, 1322.840
1682.161, 1324.995
1684.090, 1325.053
1686.018, 1322.626
1687.947, 1317.701
1689.875, 1314.343
1691.804, 1313.387
1693.732, 1312.919
1695.661, 1311.378
1697.589, 1311.540
1699.517, 1316.519
1701.446, 1324.009
1703.374, 1328.588
1705.303, 1330.091
1707.231, 1330.370
1709.160, 1328.918
1711.088, 1327.609
1713.017, 1326.636
1714.945, 1326.468
1716.874, 1328.411
1718.802, 1331.383
1720.731, 1331.383
1722.659, 1327.800
1724.588, 1327.420
1726.516, 1333.151
1728.444, 1337.972
1730.373, 1338.271
1732.301, 1337.583
1734.230, 1338.315
1736.158, 1340.197
1738.087, 1343.096
1740.015, 1347.474
1741.944, 1348.323
1743.872, 1341.980
1745.801, 1338.146
1747.729, 1343.397
1749.658, 1349.689
1751.586, 1350.318
1753.515, 1347.163
1755.443, 1345.509
1757.371, 1345.584
1759.300, 1345.276
1761.228, 1343.435
1763.157, 1343.153
1765.085, 1347.153
1767.014, 1351.538
1768.942, 1353.388
1770.871, 1353.509
1772.799, 1353.879
1774.728, 1354.579
1776.656, 1353.706
1778.585, 1350.461
1780.513, 1347.338
1782.442, 1344.852
1784.370, 1343.287
1786.298, 1342.451
1788.227, 1342.822
1790.155, 1345.590
1792.084, 1350.580
1794.012, 1355.318
1795.941, 1359.389
1797.869, 1363.263
1799.798, 1368.459
1801.726, 1371.743
1803.655, 1369.362
1805.583, 1365.327
1807.512, 1366.472
1809.440, 1371.910
1811.369, 1373.562
1813.297, 1369.859
1815.225, 1367.140
1817.154, 1366.163
1819.082, 1366.550
1821.011, 1369.377
1822.939, 1372.270
1824.868, 1372.152
1826.796, 1369.962
1828.725, 1370.239
1830.653, 1374.292
1832.582, 1375.746
1834.510, 1370.729
1836.439, 1368.482
1838.367, 1375.897
1840.296, 1381.634
1842.224, 1374.161
1844.152, 1360.970
1846.081, 1357.348
1848.009, 1364.110
1849.938, 1370.442
1851.866, 1378.648
1853.795, 1382.662
1855.723, 1378.289
1857.652, 1374.529
1859.580, 1375.198
1861.509, 1377.889
1863.437, 1380.795
1865.366, 1383.650
1867.294, 1385.177
1869.223, 1385.439
1871.151, 1384.548
1873.079, 1380.848
1875.008, 1379.411
1876.936, 1382.976
1878.865, 1387.425
1880.793, 1391.438
1882.722, 1394.328
1884.650, 1394.730
1886.579, 1392.827
1888.507, 1390.432
1890.436, 1387.386
1892.364, 1384.517
1894.293, 1380.271
1896.221, 1379.791
1898.150, 1390.130
1900.078, 1399.723
1902.006, 1397.424
1903.935, 1389.910
1905.863, 1388.975
1907.792, 1393.965
1909.720, 1396.931
1911.649, 1396.702
1913.577, 1397.305
1915.506, 1400.289
1917.434, 1402.892
1919.363, 1404.600
1921.291, 1404.927
1923.220, 1402.345
1925.148, 1398.485
1927.077, 1396.804
1929.005, 1397.401
1930.933, 1399.932
1932.862, 1406.330
1934.790, 1411.150
1936.719, 1412.167
1938.647, 1414.062
1940.576, 1419.997
1942.504, 1425.648
1944.433, 1426.918
1946.361, 1425.575
1948.290, 1425.607
1950.218, 1427.237
1952.147, 1427.873
1954.075, 1427.425
1956.004, 1426.334
1957.932, 1423.280
1959.860, 1421.836
1961.789, 1424.135
1963.717, 1427.356
1965.646, 1430.113
1967.574, 1432.316
1969.503, 1433.586
1971.431, 1434.184
1973.360, 1435.426
1975.288, 1437.476
1977.217, 1439.563
1979.145, 1442.172
1981.074, 1443.339
1983.002, 1439.465
1984.931, 1437.397
1986.859, 1444.089
1988.787, 1452.469
1990.716, 1453.689
1992.644, 1449.188
1994.573, 1444.177
1996.501, 1438.052
1998.430, 1434.996
2000.358, 1435.978
2002.287, 1438.525
2004.215, 1443.865
2006.144, 1448.643
2008.072, 1452.074
2010.001, 1453.732
2011.929, 1451.312
2013.858, 1447.605
2015.786, 1449.240
2017.714, 1455.405
2019.643, 1458.369
2021.571, 1457.753
2023.500, 1455.282
2025.428, 1449.714
2027.357, 1446.798
2029.285, 1450.411
2031.214, 1454.267
2033.142, 1453.964
2035.071, 1452.963
2036.999, 1455.763
2038.928, 1460.244
2040.856, 1460.350
2042.785, 1455.856
2044.713, 1454.944
2046.641, 1460.363
2048.570, 1463.651
2050.499, 1463.247
2052.427, 1463.129
2054.355, 1463.888
2056.284, 1465.447
2058.212, 1467.803
2060.141, 1470.655
2062.069, 1473.504
2063.998, 1476.377
2065.926, 1480.199
2067.854, 1484.676
2069.783, 1487.040
2071.711, 1487.339
2073.640, 1484.092
2075.568, 1474.818
2077.497, 1468.255
2079.425, 1468.594
2081.354, 1470.905
2083.282, 1473.800
2085.211, 1476.485
2087.139, 1477.350
2089.068, 1477.599
2090.996, 1480.781
2092.925, 1486.562
2094.853, 1488.370
2096.781, 1484.140
2098.710, 1482.000
2100.638, 1483.391
2102.567, 1484.353
2104.495, 1483.005
2106.424, 1483.173
2108.352, 1488.566
2110.281, 1493.406
2112.209, 1491.935
2114.138, 1488.713
2116.066, 1490.847
2117.995, 1496.012
2119.923, 1496.827
2121.852, 1493.234
2123.780, 1490.237
2125.708, 1487.938
2127.637, 1487.209
2129.565, 1489.975
2131.494, 1491.827
2133.422, 1489.664
2135.351, 1489.324
2137.279, 1496.510
2139.208, 1503.573
2141.136, 1500.999
2143.065, 1495.330
2144.993, 1500.259
2146.922, 1512.342
2148.850, 1514.097
2150.779, 1505.538
2152.707, 1503.245
2154.635, 1510.405
2156.564, 1514.114
2158.492, 1510.424
2160.421, 1506.917
2162.349, 1507.399
2164.278, 1506.710
2166.206, 1499.486
2168.135, 1493.088
2170.063, 1494.122
2171.992, 1499.537
2173.920, 1505.839
2175.849, 1512.331
2177.777, 1515.770
2179.706, 1516.175
2181.634, 1517.044
2183.563, 1518.547
2185.491, 1520.662
2187.419, 1524.365
2189.348, 1525.210
2191.276, 1515.324
2193.205, 1521.235
2195.133, 1524.870
2197.062, 1526.355
2198.990, 1519.244
2200.919, 1523.232
2202.847, 1522.772
2204.776, 1522.130
2206.704, 1527.681
2208.633, 1521.820
2210.561, 1527.272
2212.490, 1528.208
2214.418, 1531.211
2216.346, 1529.739
2218.275, 1529.649
2220.203, 1534.036
2222.132, 1535.944
2224.060, 1533.956
2225.989, 1537.091
2227.917, 1531.073
2229.846, 1533.087
2231.774, 1538.565
2233.703, 1536.803
2235.631, 1540.019
2237.560, 1541.339
2239.488, 1534.041
2241.417, 1541.731
2243.345, 1542.939
2245.273, 1537.492
2247.202, 1544.668
2249.130, 1540.138
2251.059, 1539.787
2252.987, 1542.580
2254.916, 1542.095
2256.844, 1546.778
2258.773, 1547.425
2260.701, 1546.965
2262.630, 1546.912
2264.558, 1550.619
2266.487, 1554.381
2268.415, 1555.200
2270.344, 1554.894
2272.272, 1556.126
2274.200, 1557.897
2276.129, 1556.101
2278.057, 1552.451
2279.986, 1556.109
2281.914, 1566.892
2283.843, 1571.447
2285.771, 1567.461
2287.700, 1563.295
2289.628, 1556.604
2291.557, 1555.299
2293.485, 1565.005
2295.414, 1572.972
2297.342, 1576.555
2299.271, 1577.893
2301.199, 1575.132
2303.127, 1573.199
2305.056, 1576.547
2306.984, 1580.689
2308.913, 1581.585
2310.841, 1580.267
2312.770, 1576.941
2314.698, 1573.370
2316.627, 1575.220
2318.555, 1582.340
2320.484, 1589.614
2322.412, 1597.190
2324.341, 1603.062
2326.269, 1606.891
2328.198, 1609.586
2330.126, 1611.589
2332.054, 1610.136
2333.983, 1602.878
2335.911, 1595.937
2337.840, 1589.715
2339.768, 1586.694
2341.697, 1591.272
2343.625, 1595.465
2345.554, 1592.779
2347.482, 1589.665
2349.411, 1592.261
2351.339, 1597.162
2353.268, 1601.051
2355.196, 1603.289
2357.125, 1600.964
2359.053, 1595.998
2360.981, 1596.074
2362.910, 1600.752
2364.838, 1604.406
2366.767, 1607.090
2368.695, 1609.020
2370.624, 1610.430
2372.552, 1611.455
2374.481, 1612.203
2376.409, 1613.323
2378.338, 1614.944
2380.266, 1617.226
2382.195, 1621.209
2384.123, 1623.669
2386.052, 1623.156
2387.980, 1620.658
2389.908, 1612.655
2391.837, 1607.452
2393.765, 1614.517
2395.694, 1623.123
2397.622, 1622.211
2399.551, 1618.404
2401.479, 1619.651
2403.408, 1624.111
2405.336, 1629.120
2407.265, 1634.258
2409.193, 1638.387
2411.122, 1641.444
2413.050, 1644.227
2414.979, 1646.766
2416.907, 1646.599
2418.835, 1643.290
2420.764, 1642.366
2422.692, 1644.576
2424.621, 1646.329
2426.549, 1647.367
2428.478, 1647.174
2430.406, 1643.849
2432.335, 1642.837
2434.263, 1646.337
2436.192, 1650.468
2438.120, 1654.672
2440.049, 1658.708
2441.977, 1664.213
2443.906, 1666.913
2445.834, 1662.122
2447.762, 1656.921
2449.691, 1653.614
2451.619, 1655.048
2453.548, 1670.143
2455.476, 1685.815
2457.405, 1683.729
2459.333, 1672.952
2461.262, 1666.780
2463.190, 1664.227
2465.119, 1664.051
2467.047, 1665.371
2468.976, 1665.413
2470.904, 1664.564
2472.833, 1665.390
2474.761, 1667.941
2476.689, 1668.217
2478.618, 1665.309
2480.546, 1666.875
2482.475, 1673.567
2484.403, 1678.032
2486.332, 1679.341
2488.260, 1680.743
2490.189, 1682.624
2492.117, 1684.363
2494.046, 1684.734
2495.974, 1686.646
2497.903, 1693.770
2499.831, 1696.611
2501.760, 1690.200
2503.688, 1686.883
2505.616, 1692.546
2507.545, 1697.792
2509.473, 1698.424
2511.402, 1697.874
2513.330, 1697.517
2515.259, 1696.679
2517.187, 1693.309
2519.116, 1691.198
2521.044, 1694.357
2522.973, 1698.475
2524.901, 1699.663
2526.830, 1700.667
2528.758, 1705.423
2530.687, 1710.430
2532.615, 1710.268
2534.543, 1708.154
2536.472, 1709.416
2538.400, 1712.285
2540.329, 1712.142
2542.257, 1711.206
2544.186, 1717.927
2546.114, 1727.811
2548.043, 1725.499
2549.971, 1714.457
2551.900, 1710.541
2553.828, 1713.233
2555.757, 1716.994
2557.685, 1721.776
2559.614, 1725.521
2561.542, 1728.304
2563.470, 1733.103
2565.399, 1740.106
2567.327, 1741.977
2569.256, 1736.505
2571.184, 1734.156
2573.113, 1735.476
2575.041, 1737.587
2576.970, 1740.571
2578.898, 1744.274
2580.827, 1749.812
2582.755, 1749.426
2584.684, 1738.300
2586.612, 1733.199
2588.541, 1739.368
2590.469, 1746.542
2592.397, 1756.120
2594.326, 1760.472
2596.254, 1755.715
2598.183, 1753.816
2600.111, 1760.168
2602.040, 1764.264
2603.968, 1760.399
2605.897, 1758.840
2607.825, 1763.606
2609.754, 1768.461
2611.682, 1772.033
2613.611, 1774.538
2615.539, 1775.920
2617.468, 1775.948
2619.396, 1774.293
2621.324, 1771.955
2623.253, 1768.757
2625.181, 1766.580
2627.110, 1766.212
2629.038, 1767.390
2630.967, 1769.402
2632.895, 1773.397
2634.824, 1784.425
2636.752, 1791.047
2638.681, 1781.629
2640.609, 1772.275
2642.538, 1775.341
2644.466, 1779.456
2646.395, 1777.633
2648.323, 1774.650
2650.251, 1772.535
2652.180, 1771.896
2654.108, 1772.594
2656.037, 1775.531
2657.965, 1783.185
2659.894, 1791.234
2661.822, 1798.161
2663.751, 1801.464
2665.679, 1796.970
2667.608, 1790.502
2669.536, 1785.191
2671.465, 1782.417
2673.393, 1784.223
2675.322, 1788.361
2677.250, 1795.540
2679.178, 1800.761
2681.107, 1796.148
2683.035, 1791.279
2684.964, 1797.907
2686.892, 1806.613
2688.821, 1808.058
2690.749, 1806.212
2692.678, 1803.818
2694.606, 1801.966
2696.535, 1800.588
2698.463, 1801.301
2700.392, 1808.295
2702.320, 1815.171
2704.249, 1812.959
2706.177, 1808.723
2708.105, 1809.813
2710.034, 1813.138
2711.962, 1817.455
2713.891, 1820.723
2715.819, 1820.104
2717.748, 1818.381
2719.676, 1816.417
2721.605, 1817.038
2723.533, 1827.652
2725.462, 1837.147
2727.390, 1833.458
2729.319, 1826.470
2731.247, 1823.974
2733.176, 1824.625
2735.104, 1829.371
2737.032, 1834.105
2738.961, 1834.591
2740.889, 1833.782
2742.818, 1831.161
2744.746, 1831.468
2746.675, 1842.521
2748.603, 1853.362
2750.532, 1855.108
2752.460, 1853.333
2754.389, 1850.530
2756.317, 1848.062
2758.246, 1846.264
2760.174, 1846.007
2762.103, 1848.414
2764.031, 1851.714
2765.959, 1856.053
2767.888, 1858.847
2769.816, 1857.531
2771.745, 1856.173
2773.673, 1856.413
2775.602, 1858.460
2777.530, 1863.462
2779.459, 1869.235
2781.387, 1877.153
2783.316, 1881.750
2785.244, 1878.971
2787.173, 1875.330
2789.101, 1872.145
2791.030, 1870.189
2792.958, 1867.628
2794.886, 1869.964
2796.815, 1882.469
2798.743, 1890.090
2800.672, 1885.091
2802.600, 1881.309
2804.529, 1885.091
2806.457, 1885.591
2808.386, 1879.222
2810.314, 1875.755
2812.243, 1877.186
2814.171, 1879.986
2816.100, 1885.973
2818.028, 1886.362
2819.957, 1876.825
2821.885, 1874.114
2823.813, 1880.393
2825.742, 1887.080
2827.670, 1893.430
2829.599, 1898.336
2831.527, 1901.684
2833.456, 1902.713
2835.384, 1901.204
2837.313, 1898.377
2839.241, 1894.381
2841.170, 1892.590
2843.098, 1893.188
2845.027, 1893.496
2846.955, 1893.747
2848.884, 1898.559
2850.812, 1906.147
2852.740, 1905.859
2854.669, 1900.543
2856.597, 1901.653
2858.526, 1906.799
2860.454, 1907.508
2862.383, 1906.793
2864.311, 1914.547
2866.240, 1924.031
2868.168, 1923.286
2870.097, 1917.839
2872.025, 1914.476
2873.954, 1912.917
2875.882, 1913.175
2877.811, 1914.900
2879.739, 1919.220
2881.667, 1922.997
2883.596, 1921.937
2885.524, 1921.531
2887.453, 1928.647
2889.381, 1932.712
2891.310, 1924.703
2893.238, 1918.677
2895.167, 1922.847
2897.095, 1927.968
2899.024, 1932.136
2900.952, 1934.619
2902.881, 1934.863
2904.809, 1934.954
2906.738, 1933.559
2908.666, 1936.775
2910.594, 1947.259
2912.523, 1957.490
2914.451, 1968.061
2916.380, 1966.746
2918.308, 1949.910
2920.237, 1940.052
2922.165, 1938.415
2924.094, 1941.733
2926.022, 1949.461
2927.951, 1953.599
2929.879, 1954.798
2931.808, 1959.280
2933.736, 1965.247
2935.665, 1964.610
2937.593, 1960.550
2939.521, 1961.844
2941.450, 1965.044
2943.378, 1964.341
2945.307, 1962.806
2947.235, 1966.553
2949.164, 1969.122
2951.092, 1960.334
2953.021, 1953.244
2954.949, 1959.874
2956.878, 1967.199
2958.806, 1966.730
2960.735, 1966.466
2962.663, 1969.966
2964.592, 1972.334
2966.520, 1969.687
2968.448, 1970.466
2970.377, 1980.628
2972.305, 1984.948
2974.234, 1980.858
2976.162, 1980.289
2978.091, 1985.632
2980.019, 1986.213
2981.948, 1980.858
2983.876, 1978.493
2985.805, 1979.053
2987.733, 1982.479
2989.662, 1987.495
2991.590, 1989.814
2993.519, 1988.972
2995.447, 1978.738
2997.375, 1968.649
2999.304, 1979.256
3001.232, 1994.746
3003.161, 1997.702
3005.089, 1996.714
3007.018, 2000.043
3008.946, 2000.994
3010.875, 1991.955
3012.803, 1986.605
3014.732, 1996.138
3016.660, 2001.541
3018.589, 1994.396
3020.517, 1992.910
3022.446, 2001.593
3024.374, 2009.886
3026.302, 2017.952
3028.231, 2018.467
3030.159, 2011.036
3032.088, 2008.494
3034.016, 2010.445
3035.945, 2008.499
3037.873, 2004.387
3039.802, 2006.523
3041.730, 2012.705
3043.659, 2020.287
3045.587, 2026.348
3047.516, 2027.508
3049.444, 2025.051
3051.373, 2015.572
3053.301, 2010.283
3055.229, 2019.679
3057.158, 2027.449
3059.086, 2022.828
3061.015, 2019.381
3062.943, 2018.929
3064.872, 2022.838
3066.800, 2032.316
3068.729, 2039.864
3070.657, 2044.905
3072.586, 2046.964
3074.514, 2046.372
3076.443, 2043.793
3078.371, 2040.287
3080.300, 2040.478
3082.228, 2042.237
3084.156, 2037.882
3086.085, 2033.816
3088.013, 2043.693
3089.942, 2052.262
3091.870, 2041.822
3093.799, 2030.372
3095.727, 2027.327
3097.656, 2029.242
3099.584, 2037.844
3101.513, 2044.609
3103.441, 2045.490
3105.370, 2047.929
3107.298, 2052.396
3109.227, 2055.280
3111.155, 2056.030
3113.083, 2056.241
3115.012, 2056.130
3116.940, 2057.849
3118.869, 2060.245
3120.797, 2059.773
3122.726, 2059.027
3124.654, 2062.499
3126.583, 2066.322
3128.511, 2065.458
3130.440, 2066.184
3132.368, 2075.460
3134.297, 2080.516
3136.225, 2074.801
3138.154, 2070.538
3140.082, 2069.340
3142.010, 2072.519
3143.939, 2082.618
3145.867, 2079.547
3147.796, 2065.910
3149.724, 2069.895
3151.653, 2084.119
3153.581, 2085.255
3155.510, 2081.772
3157.438, 2088.107
3159.367, 2096.926
3161.295, 2104.101
3163.224, 2108.159
3165.152, 2105.542
3167.081, 2105.256
3169.009, 2111.498
3170.938, 2113.038
3172.866, 2104.061
3174.794, 2103.558
3176.723, 2112.854
3178.651, 2118.631
3180.580, 2121.647
3182.508, 2127.590
3184.437, 2134.825
3186.365, 2139.801
3188.294, 2142.768
3190.222, 2143.620
3192.151, 2143.283
3194.079, 2140.423
3196.008, 2140.089
3197.936, 2145.354
3199.865, 2149.442
3201.793, 2150.187
3203.721, 2151.772
3205.650, 2154.570
3207.578, 2157.943
3209.507, 2161.108
3211.435, 2157.428
3213.364, 2151.746
3215.292, 2158.203
3217.221, 2168.540
3219.149, 2172.721
3221.078, 2175.673
3223.006, 2181.114
3224.935, 2185.418
3226.863, 2186.529
3228.792, 2188.450
3230.720, 2192.030
3232.648, 2196.191
3234.577, 2200.673
3236.505, 2210.480
3238.434, 2222.506
3240.362, 2220.180
3242.291, 2212.704
3244.219, 2221.258
3246.148, 2231.248
3248.076, 2227.095
3250.005, 2222.438
3251.933, 2224.665
3253.862, 2229.095
3255.790, 2235.752
3257.719, 2239.279
3259.647, 2238.717
3261.575, 2231.800
3263.504, 2219.837
3265.432, 2223.008
3267.361, 2234.859
3269.289, 2243.052
3271.218, 2246.974
3273.146, 2243.586
3275.075, 2238.918
3277.003, 2234.966
3278.932, 2233.726
3280.860, 2236.983
3282.789, 2240.133
3284.717, 2242.553
3286.646, 2249.380
3288.574, 2259.594
3290.502, 2256.717
3292.431, 2247.578
3294.359, 2250.477
3296.288, 2256.896
3298.216, 2256.286
3300.145, 2258.166
3302.073, 2270.461
3304.002, 2278.182
3305.930, 2270.931
3307.859, 2270.354
3309.787, 2277.528
3311.716, 2286.626
3313.644, 2295.389
3315.573, 2291.709
3317.501, 2283.291
3319.429, 2285.174
3321.358, 2290.993
3323.286, 2297.354
3325.215, 2302.493
3327.143, 2305.377
3329.072, 2306.495
3331.000, 2304.308
3332.929, 2310.969
3334.857, 2327.107
3336.786, 2342.704
3338.714, 2355.471
3340.643, 2359.004
3342.571, 2357.566
3344.500, 2352.598
3346.428, 2350.785
3348.356, 2358.575
3350.285, 2364.072
3352.213, 2362.663
3354.142, 2363.042
3356.070, 2365.889
3357.999, 2374.285
3359.927, 2385.551
3361.856, 2386.429
3363.784, 2385.545
3365.713, 2393.364
3367.641, 2406.188
3369.570, 2427.665
3371.498, 2441.187
3373.427, 2440.711
3375.355, 2441.897
3377.283, 2446.735
3379.212, 2456.041
3381.140, 2468.382
3383.069, 2478.647
3384.997, 2487.994
3386.926, 2498.687
3388.854, 2508.521
3390.783, 2515.184
3392.711, 2523.404
3394.640, 2537.816
3396.568, 2545.618
3398.497, 2546.931
3400.425, 2561.000
3402.354, 2583.552
3404.282, 2598.547
3406.210, 2610.401
3408.139, 2626.113
3410.067, 2638.400
3411.996, 2636.336
3413.924, 2643.606
3415.853, 2666.107
3417.781, 2686.872
3419.710, 2704.368
3421.638, 2716.936
3423.567, 2728.030
3425.495, 2745.990
3427.424, 2766.149
3429.352, 2786.755
3431.281, 2802.223
3433.209, 2806.168
3435.137, 2819.111
3437.066, 2846.314
3438.994, 2869.149
3440.923, 2888.883
3442.851, 2913.721
3444.780, 2939.766
3446.708, 2958.905
3448.637, 2978.981
3450.565, 3004.996
3452.494, 3032.783
3454.422, 3061.308
3456.351, 3090.939
3458.279, 3121.612
3460.208, 3150.641
3462.136, 3180.865
3464.064, 3222.460
3465.993, 3265.866
3467.921, 3298.045
3469.850, 3340.625
3471.778, 3403.984
3473.707, 3458.290
3475.635, 3497.611
3477.564, 3543.495
3479.492, 3596.167
3481.421, 3660.400
3483.349, 3725.874
3485.278, 3779.136
3487.206, 3833.534
3489.135, 3893.987
3491.063, 3958.782
3492.991, 4029.096
3494.920, 4096.983
3496.848, 4162.920
3498.777, 4226.868
3500.705, 4291.460
3502.634, 4362.027
3504.562, 4431.091
3506.491, 4494.919
3508.419, 4555.105
3510.348, 4610.954
3512.276, 4676.094
3514.205, 4749.155
3516.133, 4817.135
3518.062, 4888.181
3519.990, 4970.664
3521.918, 5063.956
3523.847, 5168.351
3525.775, 5282.027
3527.704, 5404.177
3529.632, 5549.313
3531.561, 5712.359
3533.489, 5872.690
3535.418, 6035.729
3537.346, 6206.244
3539.275, 6385.962
3541.203, 6580.462
3543.132, 6771.667
3545.060, 6957.805
3546.989, 7123.413
3548.917, 7268.586
3550.845, 7394.706
3552.774, 7495.958
3554.702, 7574.200
3556.631, 7604.008
3558.559, 7579.127
3560.488, 7506.499
3562.416, 7387.535
3564.345, 7221.767
3566.273, 7016.161
3568.202, 6779.495
3570.130, 6532.689
3572.059, 6292.554
3573.987, 6047.251
3575.916, 5786.064
3577.844, 5549.469
3579.772, 5337.774
3581.701, 5142.345
3583.629, 4957.471
3585.558, 4763.310
3587.486, 4596.005
3589.415, 4475.889
3591.343, 4375.013
3593.272, 4287.810
3595.200, 4214.531
3597.129, 4153.101
3599.057, 4093.838
3600.986, 4041.417
3602.914, 4000.977
3604.843, 3967.675
3606.771, 3948.672
3608.699, 3910.028
3610.628, 3853.715
3612.556, 3813.700
3614.485, 3779.781
3616.413, 3731.145
3618.342, 3680.006
3620.270, 3636.836
3622.199, 3583.413
3624.127, 3516.729
3626.056, 3453.321
3627.984, 3393.630
3629.913, 3336.925
3631.841, 3281.405
3633.770, 3224.329
3635.698, 3169.887
3637.626, 3119.491
3639.555, 3071.575
3641.483, 3026.153
3643.412, 2981.173
3645.340, 2939.374
3647.269, 2908.017
3649.197, 2875.307
3651.126, 2826.778
3653.054, 2799.313
3654.983, 2793.476
3656.911, 2768.645
3658.840, 2734.003
3660.768, 2713.832
3662.697, 2691.906
3664.625, 2653.694
3666.553, 2621.239
3668.482, 2597.427
3670.410, 2574.497
3672.339, 2552.464
3674.267, 2532.714
3676.196, 2516.675
3678.124, 2510.721
3680.053, 2496.673
3681.981, 2469.879
3683.910, 2455.948
3685.838, 2452.476
3687.767, 2443.408
3689.695, 2432.931
3691.624, 2424.944
3693.552, 2416.801
3695.480, 2407.774
3697.409, 2398.890
3699.337, 2390.444
3701.266, 2382.892
3703.194, 2375.950
3705.123, 2367.396
3707.051, 2363.334
3708.980, 2367.111
3710.908, 2365.573
3712.837, 2358.599
3714.765, 2353.522
3716.694, 2349.423
3718.622, 2343.096
3720.551, 2342.100
3722.479, 2352.224
3724.407, 2351.121
3726.336, 2338.883
3728.264, 2329.124
3730.193, 2322.247
3732.121, 2318.055
3734.050, 2318.280
3735.978, 2326.224
3737.907, 2323.896
3739.835, 2312.664
3741.764, 2312.160
3743.692, 2314.585
3745.621, 2310.683
3747.549, 2307.021
3749.478, 2305.780
3751.406, 2305.982
3753.334, 2307.082
3755.263, 2305.585
3757.191, 2304.390
3759.120, 2308.683
3761.048, 2308.655
3762.977, 2300.500
3764.905, 2296.747
3766.834, 2296.133
3768.762, 2289.323
3770.691, 2283.557
3772.619, 2285.662
3774.548, 2287.436
3776.476, 2286.784
3778.405, 2286.260
3780.333, 2286.747
3782.261, 2292.455
3784.190, 2297.050
3786.118, 2297.258
3788.047, 2291.484
3789.975, 2279.475
3791.904, 2284.617
3793.832, 2296.120
3795.761, 2291.891
3797.689, 2285.347
3799.618, 2281.484
3801.546, 2284.615
3803.475, 2293.562
3805.403, 2291.848
3807.332, 2285.386
3809.260, 2279.432
3811.188, 2276.782
3813.117, 2280.111
3815.045, 2278.893
3816.974, 2275.040
3818.902, 2279.961
3820.831, 2285.516
3822.759, 2283.501
3824.688, 2281.035
3826.616, 2278.670
3828.545, 2286.694
3830.473, 2296.736
3832.402, 2288.749
3834.330, 2279.142
3836.259, 2276.851
3838.187, 2274.665
3840.115, 2271.774
3842.044, 2267.770
3843.972, 2265.883
3845.901, 2270.372
3847.829, 2277.958
3849.758, 2288.244
3851.686, 2292.436
3853.615, 2291.375
3855.543, 2287.273
3857.472, 2283.566
3859.400, 2282.638
3861.329, 2283.197
3863.257, 2284.737
3865.186, 2280.473
3867.114, 2276.163
3869.042, 2284.221
3870.971, 2288.680
3872.899, 2280.503
3874.828, 2281.610
3876.756, 2289.184
3878.685, 2290.634
3880.613, 2289.131
3882.542, 2284.399
3884.470, 2284.988
3886.399, 2290.708
3888.327, 2283.398
3890.256, 2274.834
3892.184, 2281.494
3894.113, 2285.927
3896.041, 2284.085
3897.969, 2278.349
3899.898, 2271.445
3901.826, 2274.830
3903.755, 2279.627
3905.683, 2279.126
3907.612, 2279.600
3909.540, 2282.048
3911.469, 2281.338
3913.397, 2279.759
3915.326, 2280.730
3917.254, 2282.957
3919.183, 2283.249
3921.111, 2282.870
3923.040, 2283.434
3924.968, 2277.720
3926.896, 2271.365
3928.825, 2273.496
3930.753, 2277.018
3932.682, 2278.316
3934.610, 2277.767
3936.539, 2277.735
3938.467, 2275.396
3940.396, 2274.740
3942.324, 2277.333
3944.253, 2278.856
3946.181, 2278.536
3948.110, 2282.973
3950.038, 2283.875
3951.967, 2272.530
3953.895, 2269.443
3955.823, 2274.515
3957.752, 2275.577
3959.680, 2270.679
3961.609, 2267.940
3963.537, 2271.602
3965.466, 2276.126
3967.394, 2280.041
3969.323, 2278.883
3971.251, 2273.457
3973.180, 2275.424
3975.108, 2278.268
3977.037, 2276.310
3978.965, 2274.005
3980.894, 2271.447
3982.822, 2270.126
3984.750, 2271.916
3986.679, 2274.165
3988.607, 2276.573
3990.536, 2272.842
3992.464, 2266.880
3994.393, 2268.161
3996.321, 2270.679
3998.250, 2271.604
4000.178, 2275.244
4002.107, 2274.842
4004.035, 2271.557
4005.964, 2269.863
4007.892, 2269.274
4009.821, 2272.409
4011.749, 2270.852
4013.677, 2266.548
4015.606, 2269.160
4017.534, 2276.447
4019.463, 2280.135
4021.391, 2274.052
4023.320, 2270.413
4025.248, 2274.362
4027.177, 2270.879
4029.105, 2260.232
4031.034, 2261.541
4032.962, 2269.651
4034.891, 2273.683
4036.819, 2277.508
4038.748, 2275.660
4040.676, 2270.358
4042.604, 2267.588
4044.533, 2269.415
4046.461, 2267.276
4048.390, 2261.164
4050.318, 2260.586
4052.247, 2265.152
4054.175, 2260.448
4056.104, 2255.495
4058.032, 2259.856
4059.961, 2259.800
4061.889, 2256.503
4063.818, 2255.836
4065.746, 2254.844
4067.675, 2248.299
4069.603, 2243.952
4071.531, 2246.968
4073.460, 2246.996
4075.388, 2245.258
4077.317, 2245.587
4079.245, 2243.729
4081.174, 2240.213
4083.102, 2240.079
4085.031, 2240.467
4086.959, 2245.481
4088.888, 2249.316
4090.816, 2248.013
4092.745, 2240.770
4094.673, 2231.015
4096.602, 2234.138
4098.530, 2236.776
4100.458, 2227.131
4102.387, 2225.594
4104.315, 2231.284
4106.244, 2227.977
4108.172, 2222.964
4110.101, 2217.521
4112.029, 2220.139
4113.958, 2229.628
4115.886, 2223.945
4117.814, 2216.236
4119.743, 2217.520
4121.671, 2218.492
4123.600, 2218.007
4125.528, 2217.138
4127.457, 2216.674
4129.385, 2219.492
4131.314, 2214.268
4133.242, 2203.723
4135.171, 2209.505
4137.099, 2217.904
4139.028, 2219.051
4140.956, 2215.792
4142.885, 2209.998
4144.813, 2212.359
4146.742, 2217.506
4148.670, 2221.922
4150.599, 2220.750
4152.527, 2214.779
4154.456, 2206.814
4156.384, 2198.944
4158.313, 2193.071
4160.241, 2190.648
4162.169, 2190.921
4164.098, 2198.516
4166.026, 2203.948
4167.955, 2198.319
4169.883, 2195.092
4171.812, 2194.879
4173.740, 2197.768
4175.668, 2200.312
4177.597, 2200.831
4179.525, 2197.125
4181.454, 2190.019
4183.382, 2183.228
4185.311, 2180.072
4187.239, 2183.387
4189.168, 2188.222
4191.096, 2192.576
4193.025, 2187.421
4194.953, 2181.580
4196.882, 2183.078
4198.810, 2180.438
4200.739, 2175.154
4202.667, 2182.023
4204.596, 2187.147
4206.524, 2181.653
4208.453, 2183.109
4210.381, 2188.000
4212.310, 2184.492
4214.238, 2178.375
4216.167, 2171.114
4218.095, 2172.998
4220.023, 2179.870
4221.952, 2188.283
4223.880, 2187.122
4225.809, 2174.027
4227.737, 2170.798
4229.666, 2171.943
4231.594, 2168.483
4233.522, 2169.086
4235.451, 2174.354
4237.379, 2166.805
4239.308, 2159.700
4241.236, 2168.049
4243.165, 2171.291
4245.093, 2167.786
4247.022, 2171.898
4248.950, 2174.491
4250.879, 2167.855
4252.807, 2166.507
4254.736, 2170.740
4256.664, 2174.375
4258.593, 2175.863
4260.521, 2175.325
4262.450, 2166.317
4264.378, 2168.536
4266.307, 2166.432
4268.235, 2164.273
4270.164, 2168.432
4272.092, 2161.307
4274.021, 2165.621
4275.949, 2165.545
4277.877, 2167.662
4279.806, 2165.430
4281.734, 2164.707
4283.663, 2168.587
4285.591, 2170.114
4287.520, 2167.872
4289.448, 2170.878
4291.376, 2157.541
4293.305, 2155.240
4295.233, 2156.412
4297.162, 2153.180
4299.090, 2148.089
4301.019, 2146.705
4302.947, 2148.515
4304.876, 2153.278
4306.804, 2157.742
4308.733, 2160.345
4310.661, 2160.561
4312.590, 2151.920
4314.518, 2137.321
4316.447, 2144.746
4318.375, 2152.615
4320.304, 2146.129
4322.232, 2149.992
4324.161, 2159.560
4326.089, 2155.307
4328.018, 2154.675
4329.946, 2162.814
4331.875, 2157.718
4333.803, 2151.056
4335.731, 2164.482
4337.660, 2160.417
4339.588, 2140.750
4341.517, 2150.379
4343.445, 2163.799
4345.374, 2164.621
4347.302, 2161.209
4349.230, 2156.181
4351.159, 2154.469
4353.087, 2151.717
4355.016, 2146.909
4356.944, 2152.442
4358.873, 2159.220
4360.801, 2155.922
4362.730, 2151.846
4364.658, 2148.088
4366.587, 2145.769
4368.515, 2143.983
4370.444, 2142.950
4372.372, 2140.828
4374.301, 2139.216
4376.229, 2139.988
4378.158, 2145.275
4380.086, 2154.516
4382.015, 2141.961
4383.943, 2131.432
4385.872, 2142.083
4387.800, 2144.762
4389.729, 2141.080
4391.657, 2139.816
4393.585, 2139.432
4395.514, 2139.403
4397.442, 2133.879
4399.371, 2127.609
4401.299, 2124.146
4403.228, 2125.934
4405.156, 2131.080
4407.084, 2134.390
4409.013, 2134.771
4410.941, 2131.818
4412.870, 2124.147
4414.798, 2118.519
4416.727, 2124.456
4418.655, 2128.586
4420.584, 2129.498
4422.512, 2127.794
4424.441, 2125.367
4426.369, 2122.594
4428.298, 2120.815
4430.226, 2121.674
4432.155, 2128.935
4434.083, 2135.700
4436.012, 2139.785
4437.940, 2131.325
4439.869, 2125.958
4441.797, 2130.322
4443.726, 2130.189
4445.654, 2126.891
4447.583, 2121.508
4449.511, 2118.471
4451.439, 2119.011
4453.368, 2128.998
4455.296, 2133.510
4457.225, 2126.286
4459.153, 2115.567
4461.082, 2109.252
4463.010, 2120.738
4464.938, 2122.138
4466.867, 2115.444
4468.795, 2119.917
4470.724, 2121.922
4472.652, 2116.528
4474.581, 2109.064
4476.509, 2104.401
4478.438, 2107.865
4480.366, 2107.853
4482.295, 2106.088
4484.223, 2111.580
4486.152, 2113.399
4488.080, 2109.320
4490.009, 2101.582
4491.937, 2099.615
4493.866, 2115.128
4495.794, 2115.516
4497.723, 2107.409
4499.651, 2102.641
4501.580, 2102.905
4503.508, 2107.235
4505.437, 2105.087
4507.365, 2102.526
4509.293, 2102.105
4511.222, 2099.601
4513.150, 2097.142
4515.079, 2097.317
4517.007, 2098.000
4518.936, 2098.590
4520.864, 2098.069
4522.792, 2099.708
4524.721, 2104.125
4526.649, 2086.760
4528.578, 2073.917
4530.506, 2088.710
4532.435, 2094.016
4534.363, 2093.009
4536.292, 2092.428
4538.220, 2091.711
4540.149, 2090.547
4542.077, 2086.297
4544.006, 2085.746
4545.934, 2090.885
4547.863, 2090.300
4549.791, 2086.028
4551.720, 2078.126
4553.648, 2074.073
4555.577, 2073.508
4557.505, 2075.316
4559.434, 2081.390
4561.362, 2089.970
4563.291, 2088.429
4565.219, 2082.400
4567.147, 2074.411
4569.076, 2071.999
4571.004, 2070.028
4572.933, 2061.512
4574.861, 2059.754
4576.790, 2063.387
4578.718, 2071.280
4580.646, 2075.854
4582.575, 2076.838
4584.503, 2080.364
4586.432, 2077.000
4588.360, 2064.711
4590.289, 2057.311
4592.217, 2056.866
4594.146, 2067.552
4596.074, 2061.348
4598.003, 2051.327
4599.931, 2062.202
4601.860, 2065.194
4603.788, 2061.183
4605.717, 2063.385
4607.645, 2062.681
4609.574, 2057.920
4611.502, 2059.965
4613.431, 2060.346
4615.359, 2053.973
4617.288, 2055.257
4619.216, 2058.373
4621.145, 2057.739
4623.073, 2057.464
4625.001, 2053.466
4626.930, 2032.491
4628.858, 2026.483
4630.787, 2035.579
4632.715, 2047.635
4634.644, 2054.454
4636.572, 2053.318
4638.500, 2044.075
4640.429, 2032.716
4642.357, 2021.352
4644.286, 2025.559
4646.214, 2034.113
4648.143, 2037.881
4650.071, 2036.953
4652.000, 2035.101
4653.928, 2040.264
4655.857, 2038.281
4657.785, 2030.350
4659.714, 2024.230
4661.642, 2024.156
4663.571, 2029.362
4665.499, 2024.377
4667.428, 2026.103
4669.356, 2040.354
4671.285, 2034.399
4673.213, 2023.725
4675.142, 2018.605
4677.070, 2026.776
4678.999, 2034.488
4680.927, 2025.990
4682.855, 2018.610
4684.784, 2014.333
4686.712, 2013.179
4688.641, 2013.544
4690.569, 2015.033
4692.498, 2017.518
4694.426, 2020.613
4696.354, 2023.270
4698.283, 2016.956
4700.211, 2013.105
4702.140, 2015.203
4704.068, 2009.748
4705.997, 2003.147
4707.925, 1999.727
4709.854, 1992.337
4711.782, 1990.134
4713.711, 2002.143
4715.639, 2002.384
4717.568, 1996.954
4719.496, 1996.338
4721.425, 1994.382
4723.353, 1992.570
4725.282, 1995.915
4727.210, 1994.280
4729.139, 1989.323
4731.067, 1990.600
4732.996, 1994.053
4734.924, 1997.148
4736.853, 1991.931
4738.781, 1985.646
4740.709, 1980.641
4742.638, 1974.890
4744.566, 1970.223
4746.495, 1967.695
4748.423, 1977.948
4750.352, 1986.907
4752.280, 1985.427
4754.208, 1974.739
4756.137, 1968.017
4758.065, 1975.981
4759.994, 1974.660
4761.922, 1970.597
4763.851, 1973.410
4765.779, 1975.920
4767.708, 1978.905
4769.636, 1985.555
4771.565, 1981.689
4773.493, 1970.700
4775.422, 1957.120
4777.350, 1957.118
4779.279, 1966.953
4781.207, 1976.329
4783.136, 1969.355
4785.064, 1952.427
4786.993, 1955.043
4788.921, 1958.744
4790.850, 1957.914
4792.778, 1942.477
4794.707, 1942.451
4796.635, 1960.317
4798.563, 1956.832
4800.492, 1950.677
4802.420, 1948.798
4804.349, 1948.050
4806.277, 1952.924
4808.206, 1963.980
4810.134, 1953.556
4812.063, 1944.815
4813.991, 1948.340
4815.919, 1941.503
4817.848, 1938.214
4819.776, 1946.954
4821.705, 1947.861
4823.633, 1943.038
4825.562, 1933.729
4827.490, 1934.646
4829.419, 1939.076
4831.347, 1942.234
4833.276, 1940.127
4835.204, 1934.619
4837.133, 1926.558
4839.061, 1923.489
4840.990, 1923.671
4842.918, 1925.472
4844.847, 1927.302
4846.775, 1929.198
4848.704, 1932.179
4850.632, 1926.995
4852.561, 1921.782
4854.489, 1927.227
4856.417, 1922.271
4858.346, 1914.366
4860.274, 1913.307
4862.203, 1904.876
4864.131, 1899.144
4866.060, 1910.854
4867.988, 1914.084
4869.917, 1911.842
4871.845, 1908.137
4873.773, 1911.649
4875.702, 1915.477
4877.630, 1909.595
4879.559, 1912.090
4881.487, 1915.742
4883.416, 1909.728
4885.344, 1903.478
4887.273, 1897.364
4889.201, 1890.615
4891.130, 1891.841
4893.058, 1894.387
4894.987, 1887.163
4896.915, 1894.837
4898.844, 1901.105
4900.772, 1885.927
4902.701, 1880.567
4904.629, 1883.007
4906.558, 1891.204
4908.486, 1889.764
4910.415, 1886.087
4912.343, 1887.521
4914.271, 1889.870
4916.200, 1888.963
4918.128, 1879.209
4920.057, 1880.786
4921.985, 1885.344
4923.914, 1886.392
4925.842, 1874.717
4927.771, 1868.730
4929.699, 1883.637
4931.627, 1880.218
4933.556, 1874.840
4935.484, 1878.585
4937.413, 1883.070
4939.341, 1882.135
4941.270, 1873.093
4943.198, 1872.700
4945.127, 1873.054
4947.055, 1869.875
4948.984, 1870.106
4950.912, 1870.478
4952.841, 1869.490
4954.769, 1865.237
4956.698, 1859.227
4958.626, 1853.816
4960.555, 1869.803
4962.483, 1878.359
4964.412, 1873.608
4966.340, 1864.854
4968.269, 1856.639
4970.197, 1850.064
4972.125, 1843.300
4974.054, 1844.875
4975.982, 1852.321
4977.911, 1857.533
4979.839, 1852.345
4981.768, 1842.273
4983.696, 1840.427
4985.625, 1831.903
4987.553, 1824.492
4989.481, 1832.178
4991.410, 1843.210
4993.338, 1848.688
4995.267, 1837.196
4997.195, 1837.928
4999.124, 1838.287
5001.052, 1826.374
5002.981, 1828.900
5004.909, 1831.545
5006.838, 1824.885
5008.766, 1817.692
5010.695, 1819.619
5012.623, 1834.069
5014.552, 1827.162
5016.480, 1819.815
5018.409, 1817.544
5020.337, 1810.763
5022.266, 1809.022
5024.194, 1811.800
5026.123, 1804.870
5028.051, 1807.911
5029.979, 1818.308
5031.908, 1824.717
5033.836, 1820.182
5035.765, 1810.750
5037.693, 1803.489
5039.622, 1809.059
5041.550, 1818.712
5043.479, 1824.189
5045.407, 1813.438
5047.335, 1803.532
5049.264, 1805.994
5051.192, 1805.214
5053.121, 1803.054
5055.049, 1800.694
5056.978, 1800.193
5058.906, 1789.841
5060.835, 1775.547
5062.763, 1796.721
5064.692, 1806.473
5066.620, 1802.868
5068.549, 1805.758
5070.477, 1800.478
5072.406, 1791.607
5074.334, 1787.368
5076.263, 1794.917
5078.191, 1797.548
5080.120, 1774.252
5082.048, 1781.579
5083.977, 1790.292
5085.905, 1785.946
5087.833, 1786.955
5089.762, 1789.547
5091.690, 1790.928
5093.619, 1782.782
5095.547, 1783.151
5097.476, 1788.094
5099.404, 1776.796
5101.333, 1769.949
5103.261, 1770.811
5105.189, 1782.086
5107.118, 1778.167
5109.046, 1771.263
5110.975, 1773.094
5112.903, 1767.797
5114.832, 1769.277
5116.760, 1779.388
5118.689, 1764.256
5120.617, 1760.498
5122.546, 1771.920
5124.474, 1780.083
5126.403, 1776.857
5128.331, 1768.413
5130.260, 1766.020
5132.188, 1760.498
5134.117, 1756.506
5136.045, 1758.917
5137.974, 1759.522
5139.902, 1759.127
5141.831, 1758.046
5143.759, 1748.716
5145.688, 1750.638
5147.616, 1761.537
5149.544, 1761.706
5151.473, 1757.879
5153.401, 1753.482
5155.330, 1751.196
5157.258, 1753.218
5159.187, 1756.018
5161.115, 1756.966
5163.043, 1749.913
5164.972, 1745.867
5166.900, 1748.201
5168.829, 1753.351
5170.757, 1752.812
5172.686, 1748.751
5174.614, 1749.533
5176.543, 1743.420
5178.471, 1740.311
5180.400, 1750.557
5182.328, 1750.531
5184.257, 1746.212
5186.185, 1741.856
5188.114, 1741.186
5190.042, 1750.600
5191.971, 1758.364
5193.899, 1726.941
5195.828, 1734.611
5197.756, 1752.609
5199.685, 1738.029
5201.613, 1736.996
5203.542, 1733.510
5205.470, 1720.624
5207.398, 1722.745
5209.327, 1721.812
5211.255, 1718.381
5213.184, 1725.649
5215.112, 1732.599
5217.041, 1733.632
5218.969, 1721.601
5220.897, 1717.350
5222.826, 1715.503
5224.754, 1713.528
5226.683, 1711.788
5228.611, 1716.304
5230.540, 1721.374
5232.468, 1709.834
5234.397, 1707.441
5236.325, 1710.763
5238.254, 1715.279
5240.182, 1708.218
5242.111, 1701.996
5244.039, 1702.670
5245.968, 1721.125
5247.896, 1714.042
5249.825, 1696.002
5251.753, 1701.044
5253.682, 1696.379
5255.610, 1695.738
5257.539, 1705.329
5259.467, 1694.344
5261.396, 1682.775
5263.324, 1677.654
5265.252, 1684.511
5267.181, 1685.163
5269.109, 1683.181
5271.038, 1683.359
5272.966, 1685.677
5274.895, 1685.027
5276.823, 1680.837
5278.751, 1677.640
5280.680, 1679.212
5282.608, 1678.854
5284.537, 1662.571
5286.465, 1670.533
5288.394, 1674.915
5290.322, 1665.376
5292.251, 1677.153
5294.179, 1673.301
5296.108, 1662.512
5298.036, 1674.142
5299.965, 1670.610
5301.893, 1662.448
5303.822, 1658.301
5305.750, 1665.149
5307.679, 1669.035
5309.607, 1665.134
5311.536, 1648.878
5313.464, 1653.609
5315.393, 1664.376
5317.321, 1667.412
5319.250, 1653.585
5321.178, 1650.839
5323.106, 1660.051
5325.035, 1664.129
5326.963, 1661.182
5328.892, 1657.623
5330.820, 1657.799
5332.749, 1651.745
5334.677, 1641.891
5336.605, 1634.065
5338.534, 1643.848
5340.462, 1640.405
5342.391, 1637.337
5344.319, 1646.644
5346.248, 1644.965
5348.176, 1636.622
5350.105, 1629.934
5352.033, 1642.915
5353.962, 1638.795
5355.890, 1634.225
5357.819, 1643.626
5359.747, 1642.100
5361.676, 1640.159
5363.604, 1641.217
5365.533, 1646.963
5367.461, 1643.387
5369.390, 1636.050
5371.318, 1630.455
5373.247, 1636.073
5375.175, 1632.913
5377.104, 1625.622
5379.032, 1630.771
5380.960, 1631.332
5382.889, 1630.672
5384.817, 1631.793
5386.746, 1642.896
5388.674, 1634.138
5390.603, 1618.662
5392.531, 1616.958
5394.459, 1621.116
5396.388, 1617.687
5398.316, 1608.504
5400.245, 1621.212
5402.173, 1617.908
5404.102, 1611.884
5406.030, 1616.654
5407.959, 1614.051
5409.887, 1605.882
5411.816, 1599.315
5413.744, 1609.646
5415.673, 1610.189
5417.601, 1598.022
5419.530, 1578.073
5421.458, 1593.953
5423.387, 1597.941
5425.315, 1595.886
5427.244, 1604.035
5429.172, 1603.373
5431.101, 1598.627
5433.029, 1593.058
5434.958, 1588.192
5436.886, 1588.602
5438.814, 1592.751
5440.743, 1599.082
5442.671, 1606.338
5444.600, 1598.793
5446.528, 1590.984
5448.457, 1605.273
5450.385, 1600.180
5452.313, 1594.940
5454.242, 1593.525
5456.170, 1576.844
5458.099, 1581.141
5460.027, 1586.498
5461.956, 1579.354
5463.884, 1592.588
5465.813, 1594.503
5467.741, 1585.755
5469.670, 1575.887
5471.598, 1582.976
5473.527, 1584.762
5475.455, 1579.075
5477.384, 1581.941
5479.312, 1589.034
5481.241, 1588.725
5483.169, 1577.576
5485.098, 1578.985
5487.026, 1574.626
5488.955, 1568.734
5490.883, 1568.130
5492.812, 1557.092
5494.740, 1561.901
5496.668, 1572.965
5498.597, 1561.796
5500.525, 1551.570
5502.454, 1551.893
5504.382, 1561.647
5506.311, 1567.053
5508.239, 1565.681
5510.167, 1563.358
5512.096, 1563.282
5514.024, 1558.783
5515.953, 1554.546
5517.881, 1552.280
5519.810, 1552.720
5521.738, 1558.222
5523.667, 1553.795
5525.595, 1544.034
5527.524, 1543.000
5529.452, 1544.156
5531.381, 1549.080
5533.309, 1554.639
5535.238, 1551.359
5537.166, 1548.397
5539.095, 1547.962
5541.023, 1548.427
5542.952, 1539.531
5544.880, 1533.270
5546.809, 1533.342
5548.737, 1539.704
5550.666, 1532.209
5552.594, 1552.576
5554.522, 1568.318
5556.451, 1538.543
5558.379, 1530.065
5560.308, 1535.131
5562.236, 1542.275
5564.165, 1540.043
5566.093, 1536.763
5568.021, 1541.883
5569.950, 1548.217
5571.878, 1536.979
5573.807, 1533.002
5575.735, 1537.506
5577.664, 1544.035
5579.592, 1533.937
5581.521, 1533.192
5583.449, 1534.129
5585.378, 1531.451
5587.306, 1521.280
5589.235, 1541.888
5591.163, 1545.029
5593.092, 1515.895
5595.020, 1526.463
5596.949, 1520.266
5598.877, 1512.526
5600.806, 1517.140
5602.734, 1525.646
5604.663, 1516.822
5606.591, 1508.887
5608.520, 1516.714
5610.448, 1515.461
5612.376, 1513.659
5614.305, 1513.703
5616.233, 1515.385
5618.162, 1510.209
5620.090, 1510.622
5622.019, 1514.584
5623.947, 1517.709
5625.875, 1522.165
5627.804, 1516.065
5629.732, 1508.646
5631.661, 1512.487
5633.589, 1507.331
5635.518, 1507.592
5637.446, 1508.986
5639.375, 1503.006
5641.303, 1494.200
5643.232, 1498.464
5645.160, 1505.163
5647.089, 1500.023
5649.017, 1507.404
5650.946, 1501.251
5652.874, 1490.262
5654.803, 1490.325
5656.731, 1497.851
5658.660, 1501.109
5660.588, 1497.945
5662.517, 1488.647
5664.445, 1493.153
5666.374, 1501.670
5668.302, 1507.667
5670.230, 1507.043
5672.159, 1501.828
5674.087, 1495.249
5676.016, 1493.258
5677.944, 1498.824
5679.873, 1494.270
5681.801, 1497.045
5683.729, 1495.778
5685.658, 1481.517
5687.586, 1487.786
5689.515, 1484.212
5691.443, 1482.668
5693.372, 1493.736
5695.300, 1493.164
5697.229, 1496.971
5699.157, 1498.686
5701.086, 1494.175
5703.014, 1493.672
5704.943, 1491.313
5706.871, 1488.877
5708.800, 1487.586
5710.728, 1485.590
5712.657, 1489.512
5714.585, 1493.688
5716.514, 1494.082
5718.442, 1487.371
5720.371, 1487.945
5722.299, 1495.371
5724.228, 1501.658
5726.156, 1488.681
5728.084, 1491.394
5730.013, 1495.391
5731.941, 1494.158
5733.870, 1485.493
5735.798, 1495.181
5737.727, 1484.857
5739.655, 1469.889
5741.583, 1476.121
5743.512, 1489.834
5745.440, 1484.299
5747.369, 1476.562
5749.297, 1481.601
5751.226, 1485.460
5753.154, 1485.753
5755.083, 1476.330
5757.011, 1461.386
5758.940, 1471.018
5760.868, 1474.817
5762.797, 1475.203
5764.725, 1476.374
5766.654, 1484.852
5768.582, 1476.372
5770.511, 1475.973
5772.439, 1482.969
5774.368, 1485.041
5776.296, 1482.811
5778.225, 1474.768
5780.153, 1472.973
5782.082, 1483.633
5784.010, 1476.525
5785.938, 1478.244
5787.867, 1475.542
5789.795, 1465.734
5791.724, 1473.841
5793.652, 1476.522
5795.581, 1479.890
5797.509, 1483.984
5799.438, 1482.994
5801.366, 1477.399
5803.294, 1474.364
5805.223, 1477.276
5807.151, 1486.826
5809.080, 1498.306
5811.008, 1495.761
5812.937, 1486.926
5814.865, 1478.763
5816.794, 1468.825
5818.722, 1479.023
5820.651, 1483.949
5822.579, 1479.925
5824.508, 1479.208
5826.436, 1476.162
5828.365, 1485.020
5830.293, 1491.182
5832.222, 1481.843
5834.150, 1478.400
5836.079, 1487.955
5838.007, 1491.615
5839.936, 1484.883
5841.864, 1485.845
5843.792, 1481.782
5845.721, 1478.825
5847.649, 1477.367
5849.578, 1474.935
5851.506, 1471.128
5853.435, 1474.377
5855.363, 1473.768
5857.292, 1468.669
5859.220, 1494.421
5861.148, 1479.128
5863.077, 1478.970
5865.005, 1491.168
5866.934, 1478.349
5868.862, 1472.790
5870.791, 1485.587
5872.719, 1496.315
5874.648, 1493.856
5876.576, 1500.912
5878.505, 1501.153
5880.433, 1494.385
5882.362, 1487.988
5884.290, 1490.136
5886.219, 1485.349
5888.147, 1493.058
5890.076, 1504.983
5892.004, 1510.568
5893.933, 1501.580
5895.861, 1498.761
5897.790, 1497.173
5899.718, 1497.590
5901.646, 1503.963
5903.575, 1501.898
5905.503, 1499.468
5907.432, 1499.058
5909.360, 1500.449
5911.289, 1501.244
5913.217, 1504.060
5915.146, 1507.709
5917.074, 1511.252
5919.002, 1514.327
5920.931, 1518.746
5922.859, 1519.620
5924.788, 1517.169
5926.716, 1515.519
5928.645, 1520.916
5930.573, 1511.827
5932.502, 1517.196
5934.430, 1518.879
5936.359, 1507.331
5938.287, 1518.341
5940.216, 1526.340
5942.144, 1527.578
5944.073, 1525.432
5946.001, 1523.530
5947.930, 1516.218
5949.858, 1524.664
5951.787, 1533.911
5953.715, 1537.022
5955.644, 1539.053
5957.572, 1536.067
5959.500, 1531.735
5961.429, 1548.494
5963.357, 1552.184
5965.286, 1553.854
5967.214, 1553.628
5969.143, 1545.059
5971.071, 1547.845
5973.000, 1546.437
5974.928, 1545.101
5976.856, 1550.212
5978.785, 1544.167
5980.713, 1549.688
5982.642, 1550.949
5984.570, 1554.530
5986.499, 1553.891
5988.427, 1554.887
5990.356, 1560.617
5992.284, 1564.121
5994.213, 1563.984
5996.141, 1569.223
5998.070, 1565.565
5999.998, 1570.192
6001.927, 1573.436
6003.855, 1563.226
6005.784, 1559.953
6007.712, 1562.453
6009.641, 1564.454
6011.569, 1575.119
6013.498, 1579.647
6015.426, 1579.135
6017.354, 1577.389
6019.283, 1577.538
6021.211, 1580.536
6023.140, 1583.089
6025.068, 1590.245
6026.997, 1593.181
6028.925, 1586.222
6030.854, 1588.655
6032.782, 1603.889
6034.710, 1606.998
6036.639, 1600.618
6038.567, 1595.024
6040.496, 1582.837
6042.424, 1588.693
6044.353, 1599.272
6046.281, 1602.001
6048.210, 1594.447
6050.138, 1597.641
6052.067, 1603.510
6053.995, 1607.434
6055.924, 1610.093
6057.852, 1613.982
6059.781, 1621.177
6061.709, 1627.380
6063.638, 1630.747
6065.566, 1633.681
6067.495, 1637.822
6069.423, 1636.798
6071.352, 1640.255
6073.280, 1634.489
6075.208, 1632.457
6077.137, 1645.085
6079.065, 1649.830
6080.994, 1644.525
6082.922, 1649.144
6084.851, 1656.503
6086.779, 1654.790
6088.708, 1642.198
6090.636, 1646.636
6092.564, 1644.837
6094.493, 1645.760
6096.421, 1656.134
6098.350, 1662.163
6100.278, 1657.679
6102.207, 1664.097
6104.135, 1671.402
6106.064, 1672.285
6107.992, 1671.947
6109.921, 1666.017
6111.849, 1676.702
6113.778, 1688.627
6115.706, 1688.488
6117.635, 1676.725
6119.563, 1692.264
6121.492, 1693.296
6123.420, 1687.502
6125.349, 1689.564
6127.277, 1703.440
6129.206, 1696.801
6131.134, 1719.265
6133.063, 1715.016
6134.991, 1703.336
6136.919, 1710.613
6138.848, 1712.145
6140.776, 1722.956
6142.705, 1714.205
6144.633, 1705.155
6146.562, 1708.396
6148.490, 1715.341
6150.418, 1736.839
6152.347, 1750.580
6154.275, 1753.112
6156.204, 1746.384
6158.132, 1736.081
6160.061, 1742.857
6161.989, 1741.565
6163.918, 1747.847
6165.846, 1749.209
6167.775, 1741.155
6169.703, 1751.249
6171.632, 1765.879
6173.560, 1758.842
6175.489, 1760.739
6177.417, 1779.402
6179.346, 1792.617
6181.274, 1771.639
6183.203, 1776.633
6185.131, 1782.535
6187.060, 1785.855
6188.988, 1790.856
6190.917, 1787.221
6192.845, 1798.638
6194.773, 1800.954
6196.702, 1803.419
6198.630, 1806.463
6200.559, 1801.108
6202.487, 1812.397
6204.416, 1814.866
6206.344, 1824.542
6208.272, 1828.121
6210.201, 1821.376
6212.129, 1837.434
6214.058, 1842.662
6215.986, 1835.754
6217.915, 1832.242
6219.843, 1835.592
6221.772, 1840.246
6223.700, 1845.007
6225.629, 1844.424
6227.557, 1857.907
6229.486, 1871.046
6231.414, 1875.736
6233.343, 1881.995
6235.271, 1871.076
6237.200, 1872.083
6239.128, 1878.493
6241.057, 1874.525
6242.985, 1866.810
6244.914, 1906.960
6246.842, 1903.727
6248.771, 1907.140
6250.699, 1917.216
6252.627, 1924.168
6254.556, 1924.484
6256.484, 1928.059
6258.413, 1922.426
6260.341, 1925.893
6262.270, 1930.618
6264.198, 1937.308
6266.126, 1953.576
6268.055, 1944.377
6269.983, 1948.094
6271.912, 1957.244
6273.840, 1966.298
6275.769, 1972.329
6277.697, 1973.510
6279.626, 1973.189
6281.554, 1980.787
6283.483, 1990.980
6285.411, 1996.859
6287.340, 1994.568
6289.268, 1986.501
6291.197, 2000.580
6293.125, 1999.133
6295.054, 2003.466
6296.982, 2009.893
6298.911, 2012.267
6300.839, 2016.252
6302.768, 2032.160
6304.696, 2035.159
6306.625, 2046.428
6308.553, 2049.325
6310.481, 2043.578
6312.410, 2054.775
6314.338, 2043.940
6316.267, 2060.040
6318.195, 2072.513
6320.124, 2079.454
6322.052, 2084.808
6323.980, 2084.855
6325.909, 2087.047
6327.837, 2093.079
6329.766, 2113.376
6331.694, 2113.169
6333.623, 2105.784
6335.551, 2132.610
6337.480, 2118.336
6339.408, 2110.617
6341.337, 2121.211
6343.265, 2134.897
6345.194, 2143.684
6347.122, 2150.424
6349.051, 2161.773
6350.979, 2161.016
6352.908, 2157.408
6354.836, 2170.489
6356.765, 2186.498
6358.693, 2187.543
6360.622, 2180.905
6362.550, 2195.609
6364.479, 2210.180
6366.407, 2211.172
6368.335, 2203.385
6370.264, 2206.614
6372.192, 2233.192
6374.121, 2223.817
6376.049, 2245.632
6377.978, 2246.494
6379.906, 2244.336
6381.834, 2250.378
6383.763, 2257.222
6385.691, 2265.141
6387.620, 2270.087
6389.548, 2280.210
6391.477, 2287.118
6393.405, 2289.839
6395.334, 2291.083
6397.262, 2292.220
6399.191, 2304.872
6401.119, 2314.155
6403.048, 2323.910
6404.976, 2333.471
6406.905, 2334.264
6408.833, 2328.780
6410.762, 2344.325
6412.690, 2360.511
6414.619, 2368.913
6416.547, 2371.460
6418.476, 2379.698
6420.404, 2386.471
6422.333, 2379.471
6424.261, 2402.876
6426.189, 2417.012
6428.118, 2410.983
6430.046, 2407.438
6431.975, 2413.238
6433.903, 2425.043
6435.832, 2442.482
6437.760, 2441.255
6439.688, 2450.889
6441.617, 2460.423
6443.545, 2468.430
6445.474, 2479.648
6447.402, 2488.861
6449.331, 2479.853
6451.259, 2509.189
6453.188, 2502.985
6455.116, 2504.890
6457.045, 2518.142
6458.973, 2531.141
6460.902, 2539.452
6462.830, 2546.686
6464.759, 2544.548
6466.687, 2551.502
6468.616, 2567.971
6470.544, 2572.903
6472.473, 2577.306
6474.401, 2596.072
6476.330, 2601.804
6478.258, 2612.086
6480.187, 2610.821
6482.115, 2616.231
6484.043, 2638.652
6485.972, 2649.086
6487.900, 2637.583
6489.829, 2649.208
6491.757, 2650.690
6493.686, 2662.006
6495.614, 2657.787
6497.542, 2669.686
6499.471, 2683.032
6501.399, 2686.270
6503.328, 2711.799
6505.256, 2730.978
6507.185, 2718.949
6509.113, 2724.268
6511.042, 2746.206
6512.970, 2757.970
6514.899, 2759.328
6516.827, 2769.472
6518.756, 2760.588
6520.684, 2777.595
6522.613, 2780.522
6524.541, 2792.964
6526.470, 2806.349
6528.398, 2816.017
6530.327, 2826.031
6532.255, 2830.868
6534.184, 2845.321
6536.112, 2870.334
6538.041, 2875.524
6539.969, 2885.893
6541.897, 2904.798
6543.826, 2917.387
6545.754, 2915.924
6547.683, 2908.438
6549.611, 2933.908
6551.540, 2920.053
6553.468, 2929.749
6555.396, 2954.064
6557.325, 2965.573
6559.253, 2966.023
6561.182, 2979.667
6563.110, 2999.166
6565.039, 3021.679
6566.967, 3013.591
6568.896, 3029.290
6570.824, 3046.214
6572.753, 3056.921
6574.681, 3077.140
6576.610, 3082.437
6578.538, 3088.721
6580.467, 3087.219
6582.395, 3089.483
6584.324, 3095.357
6586.252, 3109.289
6588.181, 3123.375
6590.109, 3129.713
6592.038, 3145.488
6593.966, 3158.013
6595.895, 3172.421
6597.823, 3180.806
6599.751, 3198.264
6601.680, 3198.789
6603.608, 3201.014
6605.537, 3228.457
6607.465, 3224.635
6609.394, 3239.463
6611.322, 3243.612
6613.250, 3268.209
6615.179, 3276.417
6617.107, 3292.446
6619.036, 3312.163
6620.964, 3314.958
6622.893, 3319.863
6624.821, 3326.608
6626.750, 3350.337
##END=



