##NAMES=Clinoptilolite-K
##RRUFFID=R110201
##IDEAL CHEMISTRY=K_6_(Si_30_Al_6_)O_72_·20H_2_O
##LOCALITY=Conejo Volcanics, Agoura, Santa Monica Mountains, Los Angeles County, California, USA
##OWNER=RRUFF
##SOURCE=Donald Doell
##DESCRIPTION=Colorless tabular crystals associated with ferrierite-K R110200
##STATUS=The identification of this mineral has been confirmed only by single crystal X-ray diffraction
##URL=https://www.rruff.net/odr/rruff_sample/R110201
##DIFFRACTION SAMPLE DESCRIPTION=Single crystal, powder profile is calculated
##CELL PARAMETERS=a: 17.672 b: 17.931 c: 7.4102 alpha: 90 beta: 116.386 gamma: 90 volume: 2103.5 crystal system: monoclinic
##FILETYPE=Raman Processed
##RAMAN WAVELENGTH=532

231.1646, 1007.729
233.0931, 1013.989
235.0216, 1022.584
236.9500, 1035.166
238.8785, 1046.007
240.8070, 1053.239
242.7354, 1057.497
244.6639, 1063.089
246.5924, 1071.182
248.5208, 1079.231
250.4493, 1085.986
252.3778, 1090.665
254.3062, 1094.951
256.2347, 1099.315
258.1632, 1103.374
260.0916, 1106.228
262.0201, 1106.014
263.9486, 1105.891
265.8770, 1107.790
267.8055, 1112.731
269.7340, 1116.568
271.6624, 1117.712
273.5909, 1117.230
275.5194, 1117.381
277.4478, 1120.032
279.3763, 1122.293
281.3048, 1122.013
283.2332, 1119.299
285.1617, 1118.423
287.0902, 1121.309
289.0186, 1125.121
290.9471, 1127.723
292.8756, 1129.236
294.8040, 1130.734
296.7325, 1131.546
298.6610, 1131.705
300.5894, 1132.263
302.5179, 1133.389
304.4464, 1135.066
306.3748, 1137.418
308.3033, 1140.345
310.2318, 1144.010
312.1602, 1148.979
314.0887, 1154.658
316.0172, 1158.906
317.9456, 1160.627
319.8741, 1162.862
321.8026, 1166.963
323.7310, 1172.843
325.6595, 1178.042
327.5880, 1182.406
329.5164, 1186.105
331.4449, 1188.996
333.3734, 1189.660
335.3018, 1191.309
337.2303, 1195.894
339.1588, 1203.539
341.0872, 1211.770
343.0157, 1219.240
344.9442, 1226.038
346.8727, 1232.544
348.8011, 1239.183
350.7296, 1245.730
352.6581, 1251.952
354.5865, 1258.344
356.5150, 1266.818
358.4435, 1276.983
360.3719, 1288.276
362.3004, 1300.319
364.2289, 1312.741
366.1573, 1325.864
368.0858, 1340.932
370.0143, 1357.312
371.9427, 1374.037
373.8712, 1389.635
375.7997, 1405.742
377.7281, 1423.104
379.6566, 1441.956
381.5851, 1463.035
383.5135, 1486.951
385.4420, 1512.232
387.3705, 1538.476
389.2989, 1565.997
391.2274, 1595.852
393.1559, 1628.255
395.0843, 1661.724
397.0128, 1695.087
398.9413, 1732.235
400.8697, 1764.695
402.7982, 1789.078
404.7267, 1805.287
406.6551, 1813.667
408.5836, 1812.330
410.5121, 1802.876
412.4405, 1784.410
414.3690, 1758.012
416.2975, 1726.449
418.2259, 1687.938
420.1544, 1647.150
422.0829, 1609.720
424.0113, 1578.016
425.9398, 1547.795
427.8683, 1518.162
429.7967, 1490.742
431.7252, 1467.761
433.6537, 1450.111
435.5821, 1435.997
437.5106, 1424.784
439.4391, 1415.610
441.3675, 1408.748
443.2960, 1404.029
445.2245, 1401.576
447.1529, 1401.338
449.0814, 1403.775
451.0099, 1408.490
452.9383, 1415.348
454.8668, 1424.929
456.7953, 1437.143
458.7237, 1453.869
460.6522, 1471.589
462.5807, 1488.320
464.5091, 1502.375
466.4376, 1517.830
468.3661, 1535.365
470.2945, 1553.636
472.2230, 1572.099
474.1515, 1590.976
476.0799, 1606.644
478.0084, 1619.768
479.9369, 1628.956
481.8653, 1630.578
483.7938, 1622.619
485.7223, 1608.938
487.6507, 1588.465
489.5792, 1563.838
491.5077, 1537.719
493.4361, 1509.712
495.3646, 1483.302
497.2931, 1459.852
499.2215, 1440.296
501.1500, 1423.561
503.0785, 1409.487
505.0069, 1397.264
506.9354, 1387.767
508.8639, 1383.931
510.7923, 1380.492
512.7208, 1376.295
514.6493, 1371.599
516.5778, 1368.492
518.5062, 1367.155
520.4347, 1366.513
522.3632, 1366.492
524.2916, 1367.126
526.2201, 1367.106
528.1486, 1365.407
530.0770, 1364.593
532.0055, 1366.876
533.9340, 1372.102
535.8624, 1376.032
537.7909, 1376.910
539.7194, 1377.138
541.6478, 1379.011
543.5763, 1381.583
545.5048, 1384.458
547.4332, 1387.883
549.3617, 1391.990
551.2902, 1395.363
553.2186, 1398.086
555.1471, 1400.278
557.0756, 1401.663
559.0040, 1401.730
560.9325, 1402.646
562.8610, 1405.377
564.7894, 1408.451
566.7179, 1410.688
568.6464, 1411.494
570.5748, 1414.220
572.5033, 1420.199
574.4318, 1427.328
576.3602, 1433.663
578.2887, 1438.704
580.2172, 1442.864
582.1456, 1445.654
584.0741, 1448.104
586.0026, 1450.789
587.9310, 1454.206
589.8595, 1457.950
591.7880, 1462.250
593.7164, 1466.378
595.6449, 1470.511
597.5734, 1474.490
599.5018, 1479.510
601.4303, 1485.765
603.3588, 1492.635
605.2872, 1499.397
607.2157, 1505.547
609.1442, 1512.266
611.0726, 1520.408
613.0011, 1530.022
614.9296, 1538.241
616.8580, 1544.602
618.7865, 1549.392
620.7150, 1553.469
622.6434, 1557.193
624.5719, 1558.371
626.5004, 1555.329
628.4288, 1550.558
630.3573, 1546.161
632.2858, 1542.174
634.2142, 1538.926
636.1427, 1536.420
638.0712, 1534.349
639.9996, 1532.347
641.9281, 1530.310
643.8566, 1528.025
645.7850, 1524.650
647.7135, 1520.903
649.6420, 1518.652
651.5704, 1520.117
653.4989, 1520.734
655.4274, 1518.470
657.3558, 1514.878
659.2843, 1514.105
661.2128, 1518.327
663.1412, 1522.850
665.0697, 1525.602
666.9982, 1526.319
668.9266, 1527.769
670.8551, 1529.930
672.7836, 1532.491
674.7120, 1535.608
676.6405, 1539.011
678.5690, 1541.716
680.4974, 1542.981
682.4259, 1544.341
684.3544, 1546.064
686.2828, 1548.252
688.2113, 1550.667
690.1398, 1553.614
692.0682, 1556.320
693.9967, 1559.070
695.9252, 1562.133
697.8536, 1564.522
699.7821, 1564.312
701.7106, 1564.270
703.6390, 1567.254
705.5675, 1574.553
707.4960, 1580.706
709.4244, 1584.818
711.3529, 1587.167
713.2814, 1588.641
715.2098, 1588.655
717.1383, 1590.184
719.0668, 1593.950
720.9952, 1599.039
722.9237, 1603.478
724.8522, 1606.272
726.7806, 1608.891
728.7091, 1612.409
730.6376, 1616.855
732.5660, 1620.591
734.4945, 1622.706
736.4230, 1625.096
738.3514, 1628.309
740.2799, 1631.393
742.2084, 1634.415
744.1368, 1637.354
746.0653, 1640.285
747.9938, 1643.233
749.9222, 1646.771
751.8507, 1650.403
753.7792, 1654.032
755.7076, 1657.020
757.6361, 1659.836
759.5646, 1665.043
761.4930, 1670.316
763.4215, 1674.617
765.3500, 1677.816
767.2784, 1681.693
769.2069, 1687.461
771.1354, 1693.156
773.0638, 1697.098
774.9923, 1700.824
776.9208, 1706.711
778.8492, 1714.650
780.7777, 1722.027
782.7062, 1728.585
784.6346, 1735.077
786.5631, 1742.330
788.4916, 1749.647
790.4200, 1753.950
792.3485, 1752.899
794.2770, 1750.657
796.2054, 1749.597
798.1339, 1749.421
800.0624, 1749.114
801.9908, 1748.285
803.9193, 1748.005
805.8478, 1748.768
807.7762, 1751.209
809.7047, 1754.594
811.6332, 1759.629
813.5616, 1761.582
815.4901, 1759.018
817.4186, 1756.664
819.3470, 1756.711
821.2755, 1759.676
823.2040, 1760.567
825.1324, 1756.771
827.0609, 1749.902
828.9894, 1744.564
830.9178, 1742.655
832.8463, 1742.099
834.7748, 1741.714
836.7032, 1740.773
838.6317, 1739.580
840.5602, 1738.503
842.4886, 1739.837
844.4171, 1744.423
846.3456, 1747.381
848.2740, 1749.132
850.2025, 1750.771
852.1310, 1753.760
854.0594, 1755.349
855.9879, 1754.667
857.9164, 1754.671
859.8448, 1756.188
861.7733, 1758.212
863.7018, 1759.508
865.6302, 1761.528
867.5587, 1763.570
869.4872, 1765.162
871.4156, 1765.682
873.3441, 1764.702
875.2726, 1763.792
877.2010, 1765.080
879.1295, 1768.411
881.0580, 1772.068
882.9865, 1775.591
884.9149, 1776.933
886.8434, 1775.873
888.7719, 1774.016
890.7003, 1774.585
892.6288, 1777.708
894.5573, 1781.792
896.4857, 1787.535
898.4142, 1794.705
900.3427, 1801.756
902.2711, 1807.360
904.1996, 1811.681
906.1281, 1814.550
908.0565, 1815.149
909.9850, 1813.681
911.9135, 1810.417
913.8419, 1807.745
915.7704, 1807.905
917.6989, 1810.681
919.6273, 1813.560
921.5558, 1814.945
923.4843, 1815.849
925.4127, 1819.205
927.3412, 1823.355
929.2697, 1825.820
931.1981, 1825.514
933.1266, 1824.739
935.0551, 1826.993
936.9835, 1832.364
938.9120, 1839.479
940.8405, 1846.229
942.7689, 1851.253
944.6974, 1855.169
946.6259, 1857.738
948.5543, 1858.603
950.4828, 1859.411
952.4113, 1862.484
954.3397, 1868.001
956.2682, 1871.457
958.1967, 1873.094
960.1251, 1874.382
962.0536, 1875.670
963.9821, 1876.429
965.9105, 1878.245
967.8390, 1884.313
969.7675, 1891.691
971.6959, 1897.609
973.6244, 1898.992
975.5529, 1896.778
977.4813, 1895.960
979.4098, 1897.202
981.3383, 1899.867
983.2667, 1902.034
985.1952, 1903.690
987.1237, 1904.214
989.0521, 1903.682
990.9806, 1904.316
992.9091, 1907.366
994.8375, 1912.286
996.7660, 1915.984
998.6945, 1921.390
1000.623, 1928.761
1002.551, 1935.009
1004.480, 1937.314
1006.408, 1938.381
1008.337, 1940.085
1010.265, 1942.481
1012.194, 1945.982
1014.122, 1951.313
1016.051, 1957.769
1017.979, 1962.560
1019.908, 1964.076
1021.836, 1966.997
1023.765, 1972.269
1025.693, 1978.329
1027.621, 1984.109
1029.550, 1989.106
1031.478, 1992.892
1033.407, 1995.647
1035.335, 1997.348
1037.264, 1997.073
1039.192, 1997.087
1041.121, 1999.663
1043.049, 2004.318
1044.978, 2009.800
1046.906, 2016.487
1048.835, 2022.792
1050.763, 2026.215
1052.692, 2027.628
1054.620, 2030.195
1056.548, 2035.051
1058.477, 2039.811
1060.405, 2043.704
1062.334, 2047.301
1064.262, 2051.071
1066.191, 2054.044
1068.119, 2056.100
1070.048, 2056.932
1071.976, 2060.428
1073.905, 2065.636
1075.833, 2069.949
1077.762, 2074.155
1079.690, 2078.366
1081.619, 2084.311
1083.547, 2093.531
1085.475, 2105.234
1087.404, 2115.007
1089.332, 2121.302
1091.261, 2125.828
1093.189, 2129.217
1095.118, 2132.962
1097.046, 2135.897
1098.975, 2137.838
1100.903, 2139.291
1102.832, 2140.095
1104.760, 2140.202
1106.689, 2140.723
1108.617, 2141.709
1110.546, 2143.177
1112.474, 2145.578
1114.402, 2148.643
1116.331, 2150.868
1118.259, 2152.582
1120.188, 2156.387
1122.116, 2163.415
1124.045, 2169.108
1125.973, 2171.044
1127.902, 2172.262
1129.830, 2175.936
1131.759, 2180.580
1133.687, 2184.733
1135.616, 2189.398
1137.544, 2193.403
1139.473, 2194.096
1141.401, 2193.120
1143.329, 2194.539
1145.258, 2201.196
1147.186, 2206.007
1149.115, 2206.620
1151.043, 2206.254
1152.972, 2208.454
1154.900, 2213.349
1156.829, 2216.974
1158.757, 2218.143
1160.686, 2219.626
1162.614, 2223.906
1164.543, 2229.193
1166.471, 2231.570
1168.400, 2229.731
1170.328, 2228.261
1172.256, 2228.307
1174.185, 2229.673
1176.113, 2231.384
1178.042, 2232.952
1179.970, 2234.326
1181.899, 2235.688
1183.827, 2236.582
1185.756, 2236.198
1187.684, 2234.765
1189.613, 2233.712
1191.541, 2233.494
1193.470, 2233.050
1195.398, 2232.156
1197.327, 2231.282
1199.255, 2230.496
1201.183, 2229.771
1203.112, 2230.448
1205.040, 2233.561
1206.969, 2236.302
1208.897, 2237.048
1210.826, 2236.415
1212.754, 2236.873
1214.683, 2240.312
1216.611, 2242.502
1218.540, 2242.802
1220.468, 2242.831
1222.397, 2244.227
1224.325, 2247.200
1226.254, 2249.577
1228.182, 2249.842
1230.110, 2251.085
1232.039, 2254.457
1233.967, 2259.158
1235.896, 2264.591
1237.824, 2270.954
1239.753, 2275.351
1241.681, 2275.937
1243.610, 2275.935
1245.538, 2277.370
1247.467, 2280.150
1249.395, 2281.425
1251.324, 2279.185
1253.252, 2278.685
1255.181, 2282.515
1257.109, 2288.219
1259.037, 2291.488
1260.966, 2291.784
1262.894, 2293.799
1264.823, 2299.528
1266.751, 2304.727
1268.680, 2306.504
1270.608, 2306.417
1272.537, 2307.387
1274.465, 2309.759
1276.394, 2313.105
1278.322, 2317.791
1280.251, 2322.664
1282.179, 2328.179
1284.108, 2332.760
1286.036, 2337.643
1287.964, 2342.435
1289.893, 2346.781
1291.821, 2351.543
1293.750, 2355.678
1295.678, 2361.500
1297.607, 2371.286
1299.535, 2378.453
1301.464, 2381.406
1303.392, 2382.452
1305.321, 2381.678
1307.249, 2380.505
1309.178, 2381.375
1311.106, 2384.152
1313.035, 2387.900
1314.963, 2393.204
1316.891, 2399.615
1318.820, 2406.517
1320.748, 2413.708
1322.677, 2419.326
1324.605, 2421.784
1326.534, 2424.845
1328.462, 2430.106
1330.391, 2435.790
1332.319, 2440.320
1334.248, 2443.806
1336.176, 2445.541
1338.105, 2443.708
1340.033, 2443.258
1341.962, 2447.405
1343.890, 2453.573
1345.818, 2456.557
1347.747, 2455.257
1349.675, 2455.613
1351.604, 2458.221
1353.532, 2462.900
1355.461, 2471.032
1357.389, 2479.974
1359.318, 2485.176
1361.246, 2485.495
1363.175, 2485.779
1365.103, 2488.075
1367.032, 2491.527
1368.960, 2495.489
1370.889, 2498.905
1372.817, 2501.950
1374.745, 2505.421
1376.674, 2509.263
1378.602, 2512.911
1380.531, 2515.490
1382.459, 2516.231
1384.388, 2515.713
1386.316, 2517.667
1388.245, 2525.484
1390.173, 2531.679
1392.102, 2533.579
1394.030, 2534.270
1395.959, 2537.316
1397.887, 2543.521
1399.816, 2547.957
1401.744, 2547.616
1403.672, 2548.103
1405.601, 2551.816
1407.529, 2556.955
1409.458, 2561.877
1411.386, 2566.635
1413.315, 2569.765
1415.243, 2571.211
1417.172, 2573.504
1419.100, 2577.045
1421.029, 2580.509
1422.957, 2583.024
1424.886, 2585.406
1426.814, 2590.415
1428.743, 2598.925
1430.671, 2606.440
1432.599, 2612.274
1434.528, 2617.124
1436.456, 2621.133
1438.385, 2623.777
1440.313, 2625.683
1442.242, 2628.162
1444.170, 2629.785
1446.099, 2627.078
1448.027, 2624.066
1449.956, 2627.728
1451.884, 2640.414
1453.813, 2647.774
1455.741, 2645.180
1457.670, 2644.296
1459.598, 2650.188
1461.526, 2658.623
1463.455, 2663.802
1465.383, 2664.914
1467.312, 2667.039
1469.240, 2672.333
1471.169, 2677.239
1473.097, 2679.890
1475.026, 2682.031
1476.954, 2685.353
1478.883, 2688.613
1480.811, 2689.761
1482.740, 2689.117
1484.668, 2690.076
1486.597, 2694.793
1488.525, 2700.717
1490.453, 2705.389
1492.382, 2711.790
1494.310, 2715.806
1496.239, 2724.313
1498.167, 2731.755
1500.096, 2737.501
1502.024, 2742.960
1503.953, 2748.518
1505.881, 2752.909
1507.810, 2753.813
1509.738, 2752.336
1511.667, 2751.441
1513.595, 2749.083
1515.524, 2748.867
1517.452, 2754.504
1519.380, 2764.326
1521.309, 2772.028
1523.237, 2776.189
1525.166, 2780.021
1527.094, 2783.665
1529.023, 2787.432
1530.951, 2791.331
1532.880, 2794.251
1534.808, 2794.455
1536.737, 2790.815
1538.665, 2791.344
1540.594, 2799.360
1542.522, 2806.887
1544.451, 2812.319
1546.379, 2815.911
1548.307, 2816.693
1550.236, 2814.349
1552.164, 2815.972
1554.093, 2825.070
1556.021, 2832.317
1557.950, 2831.913
1559.878, 2831.003
1561.807, 2837.734
1563.735, 2849.509
1565.664, 2854.310
1567.592, 2849.824
1569.521, 2846.906
1571.449, 2848.322
1573.378, 2851.105
1575.306, 2855.091
1577.234, 2859.046
1579.163, 2860.520
1581.091, 2859.480
1583.020, 2858.917
1584.948, 2858.783
1586.877, 2860.224
1588.805, 2865.436
1590.734, 2871.725
1592.662, 2875.360
1594.591, 2877.059
1596.519, 2881.855
1598.448, 2890.622
1600.376, 2900.530
1602.305, 2911.882
1604.233, 2921.511
1606.161, 2927.220
1608.090, 2930.103
1610.018, 2932.836
1611.947, 2935.545
1613.875, 2937.065
1615.804, 2937.950
1617.732, 2937.728
1619.661, 2934.740
1621.589, 2932.472
1623.518, 2935.367
1625.446, 2942.991
1627.375, 2947.815
1629.303, 2946.754
1631.232, 2949.553
1633.160, 2963.920
1635.089, 2975.429
1637.017, 2972.735
1638.945, 2962.451
1640.874, 2960.617
1642.802, 2969.157
1644.731, 2975.016
1646.659, 2975.644
1648.588, 2976.999
1650.516, 2982.781
1652.445, 2988.710
1654.373, 2990.222
1656.302, 2987.949
1658.230, 2987.244
1660.159, 2987.414
1662.087, 2990.200
1664.016, 2998.908
1665.944, 3006.353
1667.872, 3009.632
1669.801, 3010.388
1671.729, 3010.859
1673.658, 3011.240
1675.586, 3010.492
1677.515, 3006.757
1679.443, 3006.016
1681.372, 3011.454
1683.300, 3017.736
1685.229, 3021.337
1687.157, 3023.746
1689.086, 3028.690
1691.014, 3037.019
1692.943, 3041.613
1694.871, 3037.694
1696.799, 3036.627
1698.728, 3042.733
1700.656, 3050.555
1702.585, 3058.796
1704.513, 3065.945
1706.442, 3064.991
1708.370, 3051.775
1710.299, 3046.709
1712.227, 3058.114
1714.156, 3067.409
1716.084, 3067.649
1718.013, 3065.744
1719.941, 3066.647
1721.870, 3070.192
1723.798, 3076.964
1725.726, 3089.813
1727.655, 3096.429
1729.583, 3089.459
1731.512, 3085.120
1733.440, 3090.281
1735.369, 3098.161
1737.297, 3102.635
1739.226, 3104.426
1741.154, 3107.544
1743.083, 3112.529
1745.011, 3116.960
1746.940, 3119.397
1748.868, 3122.682
1750.797, 3127.724
1752.725, 3133.372
1754.653, 3139.359
1756.582, 3144.932
1758.510, 3146.144
1760.439, 3141.152
1762.367, 3140.723
1764.296, 3152.285
1766.224, 3159.049
1768.153, 3150.649
1770.081, 3140.634
1772.010, 3139.785
1773.938, 3146.641
1775.867, 3156.654
1777.795, 3170.877
1779.724, 3178.868
1781.652, 3175.852
1783.580, 3173.129
1785.509, 3174.417
1787.437, 3176.966
1789.366, 3178.100
1791.294, 3179.056
1793.223, 3183.670
1795.151, 3192.024
1797.080, 3198.638
1799.008, 3203.069
1800.937, 3205.710
1802.865, 3204.606
1804.794, 3204.790
1806.722, 3212.576
1808.651, 3222.232
1810.579, 3223.165
1812.507, 3216.597
1814.436, 3215.917
1816.364, 3223.337
1818.293, 3230.762
1820.221, 3237.246
1822.150, 3241.446
1824.078, 3240.815
1826.007, 3239.085
1827.935, 3241.344
1829.864, 3246.592
1831.792, 3249.848
1833.721, 3250.914
1835.649, 3251.917
1837.578, 3251.544
1839.506, 3253.598
1841.434, 3260.280
1843.363, 3268.352
1845.291, 3277.250
1847.220, 3284.853
1849.148, 3284.772
1851.077, 3275.321
1853.005, 3273.827
1854.934, 3288.196
1856.862, 3296.926
1858.791, 3293.882
1860.719, 3289.246
1862.648, 3286.184
1864.576, 3285.288
1866.505, 3287.570
1868.433, 3292.788
1870.361, 3299.627
1872.290, 3311.510
1874.218, 3316.770
1876.147, 3307.773
1878.075, 3303.467
1880.004, 3311.038
1881.932, 3320.922
1883.861, 3327.766
1885.789, 3332.408
1887.718, 3335.728
1889.646, 3337.441
1891.575, 3339.699
1893.503, 3342.353
1895.432, 3344.609
1897.360, 3347.179
1899.288, 3348.127
1901.217, 3346.731
1903.145, 3344.609
1905.074, 3342.724
1907.002, 3341.758
1908.931, 3342.002
1910.859, 3343.593
1912.788, 3349.162
1914.716, 3359.734
1916.645, 3368.146
1918.573, 3371.495
1920.502, 3373.140
1922.430, 3373.100
1924.359, 3373.274
1926.287, 3376.966
1928.215, 3376.922
1930.144, 3383.250
1932.072, 3380.145
1934.001, 3379.656
1935.929, 3382.440
1937.858, 3387.115
1939.786, 3398.106
1941.715, 3404.718
1943.643, 3396.377
1945.572, 3387.917
1947.500, 3395.462
1949.429, 3411.884
1951.357, 3419.370
1953.286, 3416.728
1955.214, 3415.879
1957.143, 3418.519
1959.071, 3418.748
1961.000, 3413.575
1962.928, 3409.802
1964.856, 3410.616
1966.785, 3412.942
1968.713, 3415.148
1970.642, 3417.404
1972.570, 3419.145
1974.499, 3420.758
1976.427, 3425.479
1978.356, 3433.763
1980.284, 3442.144
1982.213, 3451.159
1984.141, 3456.976
1986.070, 3453.538
1987.998, 3451.510
1989.927, 3460.094
1991.855, 3471.585
1993.783, 3475.448
1995.712, 3473.592
1997.640, 3474.495
1999.569, 3478.970
2001.497, 3483.216
2003.426, 3488.250
2005.354, 3491.654
2007.283, 3492.752
2009.211, 3492.588
2011.140, 3489.364
2013.068, 3487.048
2014.997, 3491.529
2016.925, 3498.370
2018.854, 3496.817
2020.782, 3487.668
2022.710, 3485.411
2024.639, 3491.534
2026.567, 3497.925
2028.496, 3504.114
2030.424, 3508.708
2032.353, 3510.229
2034.281, 3511.097
2036.210, 3512.885
2038.138, 3512.643
2040.067, 3513.640
2041.995, 3511.771
2043.924, 3510.173
2045.852, 3508.864
2047.781, 3512.950
2049.709, 3526.321
2051.637, 3534.292
2053.566, 3531.358
2055.494, 3529.637
2057.423, 3534.268
2059.351, 3538.046
2061.280, 3535.328
2063.208, 3532.067
2065.137, 3536.406
2067.065, 3545.186
2068.994, 3547.343
2070.922, 3543.339
2072.851, 3547.654
2074.779, 3562.697
2076.708, 3569.542
2078.636, 3559.706
2080.564, 3554.005
2082.493, 3561.409
2084.421, 3570.859
2086.350, 3581.077
2088.278, 3587.262
2090.207, 3582.272
2092.135, 3571.968
2094.064, 3567.312
2095.992, 3568.187
2097.921, 3570.651
2099.849, 3575.833
2101.778, 3577.729
2103.706, 3573.988
2105.635, 3569.907
2107.563, 3562.469
2109.491, 3559.803
2111.420, 3570.480
2113.348, 3580.918
2115.277, 3580.144
2117.205, 3588.326
2119.134, 3581.773
2121.062, 3592.166
2122.991, 3594.426
2124.919, 3588.732
2126.848, 3588.458
2128.776, 3595.417
2130.705, 3601.468
2132.633, 3605.802
2134.562, 3608.319
2136.490, 3606.735
2138.418, 3606.581
2140.347, 3613.833
2142.275, 3620.199
2144.204, 3617.321
2146.132, 3610.666
2148.061, 3607.617
2149.989, 3608.302
2151.918, 3614.403
2153.846, 3625.556
2155.775, 3630.993
2157.703, 3628.268
2159.632, 3630.400
2161.560, 3641.922
2163.489, 3651.219
2165.417, 3654.347
2167.345, 3654.837
2169.274, 3653.147
2171.202, 3650.659
2173.131, 3647.712
2175.059, 3645.647
2176.988, 3647.972
2178.916, 3652.703
2180.845, 3651.340
2182.773, 3644.301
2184.702, 3643.685
2186.630, 3650.183
2188.559, 3657.213
2190.487, 3663.965
2192.416, 3670.424
2194.344, 3677.544
2196.272, 3681.946
2198.201, 3681.295
2200.129, 3679.067
2202.058, 3676.192
2203.986, 3673.980
2205.915, 3674.462
2207.843, 3676.041
2209.772, 3675.255
2211.700, 3677.009
2213.629, 3674.341
2215.557, 3679.353
2217.486, 3682.384
2219.414, 3683.298
2221.343, 3682.889
2223.271, 3679.988
2225.199, 3680.486
2227.128, 3687.907
2229.056, 3694.430
2230.985, 3693.734
2232.913, 3695.265
2234.842, 3709.554
2236.770, 3723.041
2238.699, 3719.227
2240.627, 3709.781
2242.556, 3714.223
2244.484, 3728.168
2246.413, 3736.153
2248.341, 3738.628
2250.270, 3741.456
2252.198, 3744.720
2254.126, 3746.714
2256.055, 3750.621
2257.983, 3748.741
2259.912, 3758.179
2261.840, 3765.713
2263.769, 3770.304
2265.697, 3770.857
2267.626, 3762.824
2269.554, 3755.665
2271.483, 3758.380
2273.411, 3762.643
2275.340, 3761.114
2277.268, 3755.769
2279.197, 3746.595
2281.125, 3736.892
2283.053, 3736.346
2284.982, 3743.937
2286.910, 3751.172
2288.839, 3757.313
2290.767, 3762.915
2292.696, 3768.373
2294.624, 3771.452
2296.553, 3769.875
2298.481, 3769.765
2300.410, 3773.659
2302.338, 3776.737
2304.267, 3776.862
2306.195, 3777.516
2308.124, 3782.108
2310.052, 3786.570
2311.980, 3786.540
2313.909, 3785.693
2315.837, 3787.830
2317.766, 3792.303
2319.694, 3798.748
2321.623, 3806.219
2323.551, 3810.999
2325.480, 3812.844
2327.408, 3815.736
2329.337, 3819.759
2331.265, 3822.641
2333.194, 3824.299
2335.122, 3824.141
2337.051, 3821.539
2338.979, 3819.733
2340.907, 3820.843
2342.836, 3821.917
2344.764, 3823.110
2346.693, 3823.548
2348.621, 3819.122
2350.550, 3817.896
2352.478, 3828.711
2354.407, 3839.496
2356.335, 3836.663
2358.264, 3829.322
2360.192, 3830.120
2362.121, 3834.646
2364.049, 3835.492
2365.978, 3833.438
2367.906, 3827.762
2369.834, 3830.399
2371.763, 3831.617
2373.691, 3831.995
2375.620, 3839.214
2377.548, 3839.997
2379.477, 3842.834
2381.405, 3848.989
2383.334, 3852.182
2385.262, 3849.825
2387.191, 3848.390
2389.119, 3851.453
2391.048, 3853.986
2392.976, 3854.468
2394.905, 3855.099
2396.833, 3857.666
2398.761, 3859.451
2400.690, 3854.909
2402.618, 3852.350
2404.547, 3862.184
2406.475, 3873.443
2408.404, 3872.125
2410.332, 3865.781
2412.261, 3866.970
2414.189, 3873.128
2416.118, 3878.216
2418.046, 3882.167
2419.975, 3883.145
2421.903, 3881.352
2423.832, 3879.063
2425.760, 3876.333
2427.688, 3879.206
2429.617, 3888.544
2431.545, 3896.276
2433.474, 3901.632
2435.402, 3904.939
2437.331, 3908.049
2439.259, 3906.071
2441.188, 3892.951
2443.116, 3886.995
2445.045, 3895.635
2446.973, 3903.833
2448.902, 3905.395
2450.830, 3907.094
2452.759, 3911.880
2454.687, 3917.295
2456.615, 3923.647
2458.544, 3927.819
2460.472, 3924.618
2462.401, 3921.708
2464.329, 3927.777
2466.258, 3937.258
2468.186, 3945.604
2470.115, 3951.468
2472.043, 3950.121
2473.972, 3945.716
2475.900, 3947.900
2477.829, 3953.881
2479.757, 3955.458
2481.686, 3953.097
2483.614, 3950.152
2485.542, 3947.074
2487.471, 3945.677
2489.399, 3946.328
2491.328, 3946.579
2493.256, 3948.950
2495.185, 3949.098
2497.113, 3956.099
2499.042, 3962.754
2500.970, 3968.552
2502.899, 3973.589
2504.827, 3978.391
2506.756, 3978.263
2508.684, 3969.871
2510.613, 3965.845
2512.541, 3972.991
2514.469, 3977.708
2516.398, 3973.713
2518.326, 3971.813
2520.255, 3977.328
2522.183, 3982.171
2524.112, 3982.824
2526.040, 3982.975
2527.969, 3983.499
2529.897, 3984.579
2531.826, 3985.344
2533.754, 3988.258
2535.683, 3997.489
2537.611, 4006.889
2539.540, 4012.070
2541.468, 4014.522
2543.396, 4013.133
2545.325, 4011.630
2547.253, 4013.365
2549.182, 4017.138
2551.110, 4023.813
2553.039, 4030.094
2554.967, 4030.618
2556.896, 4027.708
2558.824, 4025.296
2560.753, 4023.679
2562.681, 4022.171
2564.610, 4021.969
2566.538, 4026.548
2568.467, 4034.146
2570.395, 4038.418
2572.323, 4039.849
2574.252, 4044.044
2576.180, 4050.253
2578.109, 4053.273
2580.037, 4053.370
2581.966, 4051.313
2583.894, 4047.930
2585.823, 4046.822
2587.751, 4048.463
2589.680, 4054.856
2591.608, 4067.337
2593.537, 4075.322
2595.465, 4077.682
2597.394, 4080.541
2599.322, 4083.792
2601.250, 4086.297
2603.179, 4087.663
2605.107, 4089.205
2607.036, 4091.901
2608.964, 4092.684
2610.893, 4090.153
2612.821, 4091.275
2614.750, 4097.563
2616.678, 4104.072
2618.607, 4110.722
2620.535, 4114.279
2622.464, 4112.792
2624.392, 4110.680
2626.321, 4106.375
2628.249, 4105.628
2630.177, 4111.698
2632.106, 4113.933
2634.034, 4108.753
2635.963, 4106.148
2637.891, 4110.702
2639.820, 4114.136
2641.748, 4112.899
2643.677, 4112.955
2645.605, 4115.601
2647.534, 4118.786
2649.462, 4121.932
2651.391, 4125.061
2653.319, 4126.834
2655.248, 4130.562
2657.176, 4140.208
2659.104, 4146.904
2661.033, 4147.999
2662.961, 4146.281
2664.890, 4141.318
2666.818, 4137.295
2668.747, 4136.446
2670.675, 4136.354
2672.604, 4137.056
2674.532, 4137.065
2676.461, 4132.271
2678.389, 4131.911
2680.318, 4141.127
2682.246, 4148.836
2684.175, 4149.661
2686.103, 4149.667
2688.031, 4150.805
2689.960, 4152.817
2691.888, 4159.558
2693.817, 4161.959
2695.745, 4154.883
2697.674, 4148.744
2699.602, 4145.396
2701.531, 4147.826
2703.459, 4163.057
2705.388, 4174.752
2707.316, 4172.870
2709.245, 4171.969
2711.173, 4179.165
2713.102, 4181.954
2715.030, 4169.864
2716.958, 4163.359
2718.887, 4177.186
2720.815, 4187.631
2722.744, 4182.983
2724.672, 4180.068
2726.601, 4183.727
2728.529, 4190.159
2730.458, 4200.882
2732.386, 4208.538
2734.315, 4208.584
2736.243, 4207.690
2738.172, 4205.666
2740.100, 4205.850
2742.029, 4210.828
2743.957, 4213.278
2745.885, 4209.096
2747.814, 4207.698
2749.742, 4214.634
2751.671, 4220.759
2753.599, 4224.020
2755.528, 4227.577
2757.456, 4232.167
2759.385, 4234.737
2761.313, 4231.986
2763.242, 4231.593
2765.170, 4235.261
2767.099, 4240.423
2769.027, 4248.881
2770.956, 4251.577
2772.884, 4246.240
2774.813, 4241.083
2776.741, 4236.775
2778.669, 4237.765
2780.598, 4238.601
2782.526, 4239.817
2784.455, 4246.991
2786.383, 4245.622
2788.312, 4251.367
2790.240, 4254.278
2792.169, 4250.892
2794.097, 4251.650
2796.026, 4257.433
2797.954, 4259.348
2799.883, 4257.245
2801.811, 4254.928
2803.740, 4252.931
2805.668, 4252.002
2807.596, 4252.365
2809.525, 4254.632
2811.453, 4258.623
2813.382, 4261.319
2815.310, 4262.868
2817.239, 4265.405
2819.167, 4268.504
2821.096, 4269.835
2823.024, 4269.325
2824.953, 4264.722
2826.881, 4258.479
2828.810, 4258.958
2830.738, 4263.338
2832.667, 4266.183
2834.595, 4267.799
2836.523, 4268.659
2838.452, 4269.459
2840.380, 4272.570
2842.309, 4275.480
2844.237, 4274.220
2846.166, 4271.540
2848.094, 4267.761
2850.023, 4267.049
2851.951, 4277.649
2853.880, 4287.883
2855.808, 4288.286
2857.737, 4285.792
2859.665, 4284.085
2861.594, 4283.421
2863.522, 4282.489
2865.450, 4285.425
2867.379, 4296.868
2869.307, 4306.407
2871.236, 4307.726
2873.164, 4308.562
2875.093, 4312.428
2877.021, 4313.237
2878.950, 4307.077
2880.878, 4307.205
2882.807, 4320.798
2884.735, 4327.750
2886.664, 4319.431
2888.592, 4313.440
2890.521, 4309.332
2892.449, 4314.933
2894.377, 4310.867
2896.306, 4310.916
2898.234, 4315.789
2900.163, 4312.315
2902.091, 4324.322
2904.020, 4333.372
2905.948, 4339.346
2907.877, 4338.704
2909.805, 4334.231
2911.734, 4338.035
2913.662, 4346.813
2915.591, 4351.702
2917.519, 4353.162
2919.448, 4351.993
2921.376, 4348.301
2923.304, 4337.371
2925.233, 4329.392
2927.161, 4342.522
2929.090, 4357.432
2931.018, 4357.749
2932.947, 4354.087
2934.875, 4351.745
2936.804, 4350.543
2938.732, 4352.447
2940.661, 4351.444
2942.589, 4341.851
2944.518, 4338.002
2946.446, 4349.636
2948.375, 4358.784
2950.303, 4362.053
2952.231, 4362.581
2954.160, 4359.997
2956.088, 4357.930
2958.017, 4356.163
2959.945, 4358.639
2961.874, 4366.355
2963.802, 4368.471
2965.731, 4365.556
2967.659, 4362.077
2969.588, 4358.298
2971.516, 4351.694
2973.445, 4345.243
2975.373, 4347.232
2977.302, 4355.440
2979.230, 4370.591
2981.158, 4383.568
2983.087, 4380.448
2985.015, 4372.853
2986.944, 4372.505
2988.872, 4372.761
2990.801, 4368.705
2992.729, 4366.232
2994.658, 4369.183
2996.586, 4373.077
2998.515, 4375.486
3000.443, 4379.902
3002.372, 4388.701
3004.300, 4391.197
3006.229, 4391.441
3008.157, 4378.151
3010.085, 4383.748
3012.014, 4379.575
3013.942, 4366.362
3015.871, 4367.384
3017.799, 4380.618
3019.728, 4386.399
3021.656, 4387.119
3023.585, 4391.487
3025.513, 4396.875
3027.442, 4397.872
3029.370, 4397.841
3031.299, 4400.445
3033.227, 4404.382
3035.156, 4409.541
3037.084, 4413.714
3039.012, 4416.092
3040.941, 4416.589
3042.869, 4413.932
3044.798, 4412.819
3046.726, 4415.226
3048.655, 4415.722
3050.583, 4412.899
3052.512, 4407.975
3054.440, 4414.432
3056.369, 4405.151
3058.297, 4424.147
3060.226, 4434.362
3062.154, 4435.776
3064.083, 4425.229
3066.011, 4411.198
3067.939, 4419.555
3069.868, 4410.317
3071.796, 4422.648
3073.725, 4411.424
3075.653, 4424.001
3077.582, 4434.563
3079.510, 4427.557
3081.439, 4420.752
3083.367, 4421.569
3085.296, 4424.622
3087.224, 4428.853
3089.153, 4434.166
3091.081, 4440.097
3093.010, 4448.685
3094.938, 4460.405
3096.866, 4464.578
3098.795, 4461.845
3100.723, 4455.882
3102.652, 4449.444
3104.580, 4448.614
3106.509, 4451.513
3108.437, 4457.470
3110.366, 4462.580
3112.294, 4464.303
3114.223, 4462.843
3116.151, 4454.947
3118.080, 4450.651
3120.008, 4455.614
3121.937, 4459.565
3123.865, 4461.538
3125.793, 4457.392
3127.722, 4442.233
3129.650, 4440.978
3131.579, 4452.196
3133.507, 4466.677
3135.436, 4480.109
3137.364, 4476.122
3139.293, 4465.356
3141.221, 4468.382
3143.150, 4475.907
3145.078, 4480.498
3147.007, 4482.954
3148.935, 4480.306
3150.864, 4481.048
3152.792, 4489.368
3154.720, 4494.943
3156.649, 4493.731
3158.577, 4494.059
3160.506, 4496.904
3162.434, 4501.873
3164.363, 4507.918
3166.291, 4503.088
3168.220, 4492.916
3170.148, 4494.085
3172.077, 4501.243
3174.005, 4506.734
3175.934, 4513.667
3177.862, 4532.438
3179.791, 4541.103
3181.719, 4520.143
3183.647, 4511.128
3185.576, 4530.948
3187.504, 4544.961
3189.433, 4544.250
3191.361, 4554.013
3193.290, 4572.217
3195.218, 4576.650
3197.147, 4570.767
3199.075, 4567.523
3201.004, 4565.943
3202.932, 4565.585
3204.861, 4565.482
3206.789, 4563.589
3208.718, 4563.870
3210.646, 4569.079
3212.574, 4572.132
3214.503, 4566.977
3216.431, 4572.138
3218.360, 4594.553
3220.288, 4603.654
3222.217, 4600.760
3224.145, 4594.343
3226.074, 4588.599
3228.002, 4594.901
3229.931, 4606.769
3231.859, 4619.182
3233.788, 4626.659
3235.716, 4619.838
3237.645, 4615.715
3239.573, 4621.315
3241.501, 4627.568
3243.430, 4633.612
3245.358, 4633.509
3247.287, 4625.950
3249.215, 4627.915
3251.144, 4636.889
3253.072, 4647.546
3255.001, 4654.469
3256.929, 4642.502
3258.858, 4630.881
3260.786, 4635.808
3262.715, 4644.719
3264.643, 4656.761
3266.572, 4659.518
3268.500, 4648.206
3270.428, 4645.931
3272.357, 4655.570
3274.285, 4662.127
3276.214, 4665.947
3278.142, 4667.664
3280.071, 4670.297
3281.999, 4680.778
3283.928, 4690.836
3285.856, 4692.167
3287.785, 4692.763
3289.713, 4696.124
3291.642, 4699.464
3293.570, 4703.203
3295.499, 4704.695
3297.427, 4704.183
3299.355, 4707.671
3301.284, 4712.752
3303.212, 4710.686
3305.141, 4706.926
3307.069, 4709.007
3308.998, 4713.271
3310.926, 4720.826
3312.855, 4724.552
3314.783, 4722.876
3316.712, 4718.133
3318.640, 4723.536
3320.569, 4713.728
3322.497, 4730.688
3324.426, 4740.880
3326.354, 4745.922
3328.282, 4745.590
3330.211, 4746.903
3332.139, 4762.537
3334.068, 4771.808
3335.996, 4757.883
3337.925, 4757.300
3339.853, 4780.701
3341.782, 4786.459
3343.710, 4775.835
3345.639, 4786.972
3347.567, 4788.085
3349.496, 4806.642
3351.424, 4800.284
3353.353, 4811.659
3355.281, 4822.174
3357.209, 4819.388
3359.138, 4820.289
3361.066, 4829.455
3362.995, 4832.300
3364.923, 4841.046
3366.852, 4848.070
3368.780, 4856.532
3370.709, 4862.049
3372.637, 4863.625
3374.566, 4867.348
3376.494, 4875.862
3378.423, 4892.934
3380.351, 4906.799
3382.280, 4913.383
3384.208, 4920.545
3386.136, 4928.240
3388.065, 4934.428
3389.993, 4939.619
3391.922, 4943.263
3393.850, 4949.429
3395.779, 4965.576
3397.707, 4978.833
3399.636, 4980.009
3401.564, 4986.394
3403.493, 5000.987
3405.421, 5005.439
3407.350, 5001.094
3409.278, 5004.084
3411.207, 5012.306
3413.135, 5023.332
3415.063, 5035.153
3416.992, 5047.247
3418.920, 5057.706
3420.849, 5065.159
3422.777, 5075.745
3424.706, 5082.500
3426.634, 5088.318
3428.563, 5095.796
3430.491, 5099.003
3432.420, 5104.592
3434.348, 5112.128
3436.277, 5119.372
3438.205, 5125.407
3440.134, 5131.749
3442.062, 5139.322
3443.990, 5144.675
3445.919, 5147.386
3447.847, 5142.976
3449.776, 5138.760
3451.704, 5153.002
3453.633, 5166.147
3455.561, 5162.737
3457.490, 5160.378
3459.418, 5164.175
3461.347, 5166.245
3463.275, 5165.908
3465.204, 5158.629
3467.132, 5163.304
3469.061, 5157.912
3470.989, 5168.349
3472.917, 5168.193
3474.846, 5173.032
3476.774, 5189.615
3478.703, 5194.290
3480.631, 5181.837
3482.560, 5183.670
3484.488, 5195.309
3486.417, 5210.741
3488.345, 5219.991
3490.274, 5206.837
3492.202, 5196.577
3494.131, 5197.893
3496.059, 5202.510
3497.988, 5208.566
3499.916, 5215.528
3501.844, 5222.571
3503.773, 5229.901
3505.701, 5235.633
3507.630, 5238.558
3509.558, 5238.725
3511.487, 5234.235
3513.415, 5235.119
3515.344, 5242.451
3517.272, 5247.049
3519.201, 5250.472
3521.129, 5259.427
3523.058, 5267.239
3524.986, 5264.829
3526.915, 5265.486
3528.843, 5279.327
3530.771, 5283.551
3532.700, 5278.040
3534.628, 5281.490
3536.557, 5290.509
3538.485, 5299.082
3540.414, 5305.372
3542.342, 5307.950
3544.271, 5309.297
3546.199, 5310.306
3548.128, 5310.805
3550.056, 5310.886
3551.985, 5311.914
3553.913, 5313.077
3555.842, 5314.057
3557.770, 5313.224
3559.698, 5310.332
3561.627, 5303.779
3563.555, 5293.204
3565.484, 5283.643
3567.412, 5273.997
3569.341, 5255.771
3571.269, 5236.641
3573.198, 5228.800
3575.126, 5217.258
3577.055, 5195.391
3578.983, 5173.311
3580.912, 5152.833
3582.840, 5134.742
3584.769, 5119.413
3586.697, 5107.438
3588.625, 5097.413
3590.554, 5088.312
3592.482, 5080.350
3594.411, 5064.240
3596.339, 5057.582
3598.268, 5032.515
3600.196, 5014.049
3602.125, 4999.724
3604.053, 4988.764
3605.982, 4976.915
3607.910, 4962.367
3609.839, 4949.330
3611.767, 4938.638
3613.696, 4930.146
3615.624, 4922.589
3617.552, 4912.970
3619.481, 4903.280
3621.409, 4894.604
3623.338, 4887.849
3625.266, 4883.717
3627.195, 4880.193
3629.123, 4876.241
3631.052, 4865.046
3632.980, 4853.131
3634.909, 4847.423
3636.837, 4842.383
3638.766, 4838.346
3640.694, 4820.866
3642.623, 4791.706
3644.551, 4776.646
3646.479, 4766.786
3648.408, 4749.442
3650.336, 4732.546
3652.265, 4719.617
3654.193, 4704.318
3656.122, 4685.497
3658.050, 4673.867
3659.979, 4657.341
3661.907, 4646.656
3663.836, 4628.080
3665.764, 4612.150
3667.693, 4597.916
3669.621, 4585.490
3671.550, 4574.731
3673.478, 4564.265
3675.406, 4549.631
3677.335, 4534.972
3679.263, 4524.756
3681.192, 4509.557
3683.120, 4498.462
3685.049, 4489.633
3686.977, 4477.286
3688.906, 4473.751
3690.834, 4468.034
3692.763, 4461.255
3694.691, 4453.926
3696.620, 4446.046
3698.548, 4436.079
3700.477, 4426.323
3702.405, 4429.529
3704.333, 4433.452
3706.262, 4423.583
3708.190, 4420.657
3710.119, 4429.722
3712.047, 4428.784
3713.976, 4419.109
3715.904, 4406.338
3717.833, 4394.571
3719.761, 4388.205
3721.690, 4384.012
3723.618, 4381.745
3725.547, 4376.298
3727.475, 4369.645
3729.404, 4371.817
3731.332, 4373.968
3733.260, 4365.923
3735.189, 4363.749
3737.117, 4370.580
3739.046, 4370.531
3740.974, 4365.600
3742.903, 4362.017
3744.831, 4358.342
3746.760, 4353.034
3748.688, 4348.856
3750.617, 4346.015
3752.545, 4329.634
3754.474, 4334.393
3756.402, 4321.664
3758.331, 4335.598
3760.259, 4338.581
3762.188, 4336.958
3764.116, 4331.725
3766.044, 4335.897
3767.973, 4332.567
3769.901, 4337.482
3771.830, 4331.409
3773.758, 4328.211
3775.687, 4328.413
3777.615, 4331.937
3779.544, 4336.816
3781.472, 4339.303
3783.401, 4333.171
3785.329, 4324.937
3787.258, 4314.341
3789.186, 4307.637
3791.115, 4305.230
3793.043, 4311.898
3794.971, 4317.173
3796.900, 4311.278
3798.828, 4305.757
3800.757, 4303.823
3802.685, 4298.627
3804.614, 4294.240
3806.542, 4301.092
3808.471, 4307.170
3810.399, 4305.350
3812.328, 4303.738
3814.256, 4303.012
3816.185, 4291.209
3818.113, 4280.311
3820.042, 4292.269
3821.970, 4296.886
3823.898, 4284.209
3825.827, 4280.670
3827.755, 4285.377
3829.684, 4293.021
3831.612, 4294.854
3833.541, 4293.736
3835.469, 4293.551
3837.398, 4285.057
3839.326, 4285.586
3841.255, 4277.539
3843.183, 4270.965
3845.112, 4267.401
3847.040, 4268.953
3848.969, 4269.876
3850.897, 4269.994
3852.825, 4270.003
3854.754, 4270.094
3856.682, 4270.825
3858.611, 4270.838
3860.539, 4269.911
3862.468, 4267.616
3864.396, 4264.609
3866.325, 4262.297
3868.253, 4258.905
3870.182, 4257.491
3872.110, 4251.364
3874.039, 4254.931
3875.967, 4257.581
3877.896, 4257.444
3879.824, 4250.904
3881.752, 4243.721
3883.681, 4236.746
3885.609, 4248.287
3887.538, 4263.419
3889.466, 4258.672
3891.395, 4252.201
3893.323, 4249.880
3895.252, 4251.174
3897.180, 4253.294
3899.109, 4248.313
3901.037, 4241.095
3902.966, 4233.121
3904.894, 4228.077
3906.823, 4225.713
3908.751, 4223.654
3910.679, 4223.252
3912.608, 4225.667
3914.536, 4226.248
3916.465, 4223.955
3918.393, 4229.044
3920.322, 4235.395
3922.250, 4229.763
3924.179, 4225.635
3926.107, 4231.326
3928.036, 4230.407
3929.964, 4222.660
3931.893, 4219.065
3933.821, 4215.391
3935.750, 4211.982
3937.678, 4212.358
3939.606, 4208.173
3941.535, 4211.745
3943.463, 4210.845
3945.392, 4204.938
3947.320, 4198.045
3949.249, 4189.917
3951.177, 4185.569
3953.106, 4183.996
3955.034, 4182.167
3956.963, 4182.263
3958.891, 4177.615
3960.820, 4176.529
3962.748, 4171.031
3964.677, 4171.666
3966.605, 4173.437
3968.533, 4170.992
3970.462, 4165.615
3972.390, 4158.335
3974.319, 4156.729
3976.247, 4156.042
3978.176, 4153.292
3980.104, 4150.474
3982.033, 4148.431
3983.961, 4149.758
3985.890, 4148.517
3987.818, 4150.117
3989.747, 4151.176
3991.675, 4149.904
3993.604, 4151.843
3995.532, 4143.542
3997.460, 4137.845
3999.389, 4134.400
4001.317, 4133.089
4003.246, 4128.562
4005.174, 4121.347
4007.103, 4115.535
4009.031, 4115.015
4010.960, 4119.053
4012.888, 4116.365
4014.817, 4112.894
4016.745, 4110.669
4018.674, 4106.224
4020.602, 4107.076
4022.531, 4111.138
4024.459, 4109.826
4026.387, 4107.144
4028.316, 4103.619
4030.244, 4096.674
4032.173, 4094.148
4034.101, 4092.096
4036.030, 4094.010
4037.958, 4093.723
4039.887, 4084.782
4041.815, 4075.315
4043.744, 4064.215
4045.672, 4060.462
4047.601, 4059.807
4049.529, 4056.418
4051.458, 4053.467
4053.386, 4057.476
4055.314, 4062.550
4057.243, 4059.707
4059.171, 4055.025
4061.100, 4056.745
4063.028, 4055.044
4064.957, 4054.874
4066.885, 4053.409
4068.814, 4045.631
4070.742, 4042.527
4072.671, 4043.647
4074.599, 4047.255
4076.528, 4040.015
4078.456, 4023.745
4080.385, 4014.699
4082.313, 4015.987
4084.241, 4018.873
4086.170, 4019.190
4088.098, 4020.178
4090.027, 4020.419
4091.955, 4020.548
4093.884, 4016.767
4095.812, 4015.976
4097.741, 4007.901
4099.669, 4001.584
4101.598, 3998.040
4103.526, 3990.960
4105.455, 3987.980
4107.383, 3989.039
4109.312, 3985.951
4111.240, 3989.335
4113.168, 3997.371
4115.097, 3996.063
4117.025, 3988.292
4118.954, 3981.489
4120.882, 3974.916
4122.811, 3970.598
4124.739, 3969.647
4126.668, 3979.823
4128.596, 3971.750
4130.525, 3972.385
4132.453, 3975.048
4134.382, 3965.855
4136.310, 3956.551
4138.239, 3956.316
4140.167, 3963.461
4142.096, 3967.767
4144.024, 3960.031
4145.953, 3953.433
4147.881, 3950.096
4149.810, 3945.795
4151.738, 3943.655
4153.667, 3943.309
4155.595, 3941.438
4157.523, 3936.340
4159.452, 3937.251
4161.380, 3940.145
4163.309, 3930.347
4165.237, 3925.054
4167.166, 3927.155
4169.094, 3927.360
4171.022, 3927.355
4172.951, 3925.917
4174.879, 3919.279
4176.808, 3918.129
4178.736, 3909.047
4180.665, 3910.056
4182.593, 3905.865
4184.522, 3899.526
4186.450, 3891.434
4188.379, 3896.707
4190.307, 3903.905
4192.236, 3891.913
4194.164, 3884.942
4196.093, 3889.357
4198.021, 3884.738
4199.950, 3876.002
4201.878, 3871.133
4203.807, 3865.865
4205.735, 3859.178
4207.664, 3861.103
4209.592, 3863.661
4211.521, 3859.709
4213.449, 3851.739
4215.377, 3841.511
4217.306, 3835.195
4219.234, 3835.291
4221.163, 3830.508
4223.091, 3844.769
4225.020, 3829.953
4226.948, 3832.159
4228.876, 3834.856
4230.805, 3827.946
4232.733, 3823.144
4234.662, 3820.425
4236.590, 3814.690
4238.519, 3813.652
4240.447, 3821.296
4242.376, 3827.664
4244.304, 3829.410
4246.233, 3817.283
4248.161, 3808.678
4250.090, 3809.440
4252.018, 3810.254
4253.947, 3810.240
4255.875, 3810.290
4257.804, 3803.032
4259.732, 3801.251
4261.661, 3799.391
4263.589, 3792.614
4265.518, 3794.612
4267.446, 3792.464
4269.375, 3786.574
4271.303, 3779.042
4273.231, 3777.553
4275.160, 3789.521
4277.088, 3797.494
4279.017, 3798.158
4280.945, 3797.554
4282.874, 3794.871
4284.802, 3784.035
4286.730, 3783.208
4288.659, 3772.428
4290.587, 3766.959
4292.516, 3765.011
4294.444, 3759.910
4296.373, 3761.815
4298.301, 3757.042
4300.230, 3757.276
4302.158, 3758.367
4304.087, 3758.732
4306.015, 3751.415
4307.944, 3746.440
4309.872, 3750.035
4311.801, 3749.309
4313.729, 3745.698
4315.658, 3744.210
4317.586, 3742.702
4319.515, 3740.741
4321.443, 3735.627
4323.372, 3728.194
4325.300, 3727.750
4327.229, 3715.320
4329.157, 3724.419
4331.085, 3722.335
4333.014, 3721.048
4334.942, 3729.717
4336.871, 3717.872
4338.799, 3696.896
4340.728, 3698.383
4342.656, 3702.245
4344.584, 3702.736
4346.513, 3697.066
4348.441, 3692.105
4350.370, 3695.461
4352.298, 3701.208
4354.227, 3704.923
4356.155, 3686.971
4358.084, 3674.584
4360.012, 3686.693
4361.941, 3684.451
4363.869, 3676.410
4365.798, 3683.192
4367.726, 3684.547
4369.655, 3675.510
4371.583, 3670.439
4373.512, 3668.002
4375.440, 3667.929
4377.369, 3669.441
4379.297, 3670.888
4381.226, 3667.192
4383.154, 3659.997
4385.083, 3648.641
4387.011, 3644.280
4388.939, 3644.003
4390.868, 3645.789
4392.796, 3646.897
4394.725, 3646.723
4396.653, 3644.614
4398.582, 3637.699
4400.510, 3624.000
4402.438, 3619.647
4404.367, 3619.928
4406.295, 3615.994
4408.224, 3615.983
4410.152, 3619.446
4412.081, 3618.476
4414.009, 3612.938
4415.938, 3615.094
4417.866, 3603.555
4419.795, 3610.491
4421.723, 3601.245
4423.652, 3590.991
4425.580, 3583.747
4427.509, 3590.334
4429.437, 3592.532
4431.366, 3590.954
4433.294, 3593.581
4435.223, 3589.174
4437.151, 3589.544
4439.080, 3583.231
4441.008, 3572.814
4442.937, 3564.895
4444.865, 3563.597
4446.793, 3572.544
4448.722, 3573.162
4450.650, 3569.251
4452.579, 3571.842
4454.507, 3571.228
4456.436, 3565.265
4458.364, 3547.497
4460.292, 3534.245
4462.221, 3537.612
4464.149, 3542.719
4466.078, 3546.000
4468.006, 3539.784
4469.935, 3536.144
4471.863, 3536.133
4473.792, 3535.476
4475.720, 3531.418
4477.649, 3522.011
4479.577, 3519.933
4481.506, 3523.080
4483.434, 3530.695
4485.363, 3531.917
4487.291, 3525.999
4489.220, 3513.015
4491.148, 3503.998
4493.077, 3503.366
4495.005, 3505.144
4496.934, 3505.500
4498.862, 3499.306
4500.791, 3493.831
4502.719, 3490.768
4504.647, 3497.772
4506.576, 3495.739
4508.504, 3480.424
4510.433, 3474.185
4512.361, 3473.782
4514.290, 3478.344
4516.218, 3479.519
4518.146, 3475.919
4520.075, 3463.224
4522.003, 3453.726
4523.932, 3449.580
4525.860, 3454.632
4527.789, 3455.928
4529.717, 3446.767
4531.646, 3446.320
4533.574, 3447.966
4535.503, 3446.400
4537.431, 3441.681
4539.360, 3437.206
4541.288, 3439.931
4543.217, 3445.455
4545.145, 3450.243
4547.074, 3439.920
4549.002, 3429.698
4550.931, 3428.276
4552.859, 3422.967
4554.788, 3415.285
4556.716, 3404.541
4558.645, 3402.878
4560.573, 3407.279
4562.501, 3408.378
4564.430, 3412.207
4566.358, 3417.266
4568.287, 3399.167
4570.215, 3384.981
4572.144, 3388.190
4574.072, 3393.482
4576.000, 3396.566
4577.929, 3392.136
4579.857, 3386.191
4581.786, 3381.566
4583.714, 3387.344
4585.643, 3384.858
4587.571, 3373.146
4589.500, 3367.628
4591.428, 3362.565
4593.357, 3355.710
4595.285, 3349.608
4597.214, 3345.436
4599.142, 3342.704
4601.071, 3348.233
4602.999, 3355.798
4604.928, 3355.700
4606.856, 3349.855
4608.785, 3340.374
4610.713, 3333.089
4612.642, 3323.439
4614.570, 3312.037
4616.499, 3321.155
4618.427, 3332.196
4620.355, 3333.610
4622.284, 3329.892
4624.212, 3322.603
4626.141, 3311.316
4628.069, 3309.531
4629.998, 3313.063
4631.926, 3311.148
4633.854, 3311.820
4635.783, 3314.023
4637.711, 3306.849
4639.640, 3300.687
4641.568, 3299.483
4643.497, 3291.423
4645.425, 3285.126
4647.354, 3285.211
4649.282, 3286.261
4651.211, 3285.698
4653.139, 3279.414
4655.068, 3276.822
4656.996, 3276.404
4658.925, 3276.597
4660.853, 3270.353
4662.782, 3261.181
4664.710, 3266.441
4666.639, 3265.856
4668.567, 3256.755
4670.496, 3256.485
4672.424, 3254.801
4674.353, 3246.168
4676.281, 3240.669
4678.209, 3240.855
4680.138, 3249.813
4682.066, 3245.200
4683.995, 3234.299
4685.923, 3222.297
4687.852, 3227.036
4689.780, 3237.746
4691.708, 3232.028
4693.637, 3222.003
4695.565, 3211.430
4697.494, 3204.667
4699.422, 3204.484
4701.351, 3209.297
4703.279, 3210.228
4705.208, 3204.350
4707.136, 3190.070
4709.065, 3196.280
4710.993, 3200.057
4712.922, 3189.102
4714.850, 3181.322
4716.779, 3178.907
4718.707, 3185.082
4720.636, 3184.016
4722.564, 3178.992
4724.493, 3173.950
4726.421, 3173.118
4728.350, 3172.451
4730.278, 3161.364
4732.207, 3158.914
4734.135, 3162.290
4736.063, 3155.824
4737.992, 3152.397
4739.920, 3152.231
4741.849, 3139.160
4743.777, 3135.143
4745.706, 3142.534
4747.634, 3138.998
4749.563, 3134.094
4751.491, 3131.948
4753.419, 3128.204
4755.348, 3125.747
4757.276, 3125.732
4759.205, 3112.812
4761.133, 3103.351
4763.062, 3113.150
4764.990, 3119.221
4766.919, 3116.998
4768.847, 3100.137
4770.776, 3098.088
4772.704, 3101.355
4774.633, 3096.351
4776.561, 3087.879
4778.490, 3081.251
4780.418, 3086.815
4782.347, 3084.332
4784.275, 3078.844
4786.204, 3086.661
4788.132, 3092.017
4790.061, 3091.517
4791.989, 3082.348
4793.917, 3071.818
4795.846, 3062.758
4797.774, 3062.552
4799.703, 3056.464
4801.631, 3044.558
4803.560, 3042.171
4805.488, 3041.391
4807.417, 3039.268
4809.345, 3033.353
4811.273, 3027.446
4813.202, 3023.617
4815.130, 3027.465
4817.059, 3027.415
4818.987, 3018.875
4820.916, 3026.859
4822.844, 3033.131
4824.773, 3030.081
4826.701, 3020.767
4828.630, 3013.053
4830.558, 3011.694
4832.487, 3003.262
4834.415, 2999.579
4836.344, 3006.446
4838.272, 3012.995
4840.201, 3011.829
4842.129, 2996.634
4844.058, 2997.643
4845.986, 2998.586
4847.915, 2988.586
4849.843, 2982.932
4851.771, 2978.026
4853.700, 2969.968
4855.628, 2970.383
4857.557, 2970.838
4859.485, 2964.674
4861.414, 2961.508
4863.342, 2960.142
4865.271, 2959.239
4867.199, 2959.162
4869.127, 2958.258
4871.056, 2955.284
4872.984, 2952.820
4874.913, 2947.758
4876.841, 2935.497
4878.770, 2939.337
4880.698, 2948.825
4882.627, 2957.208
4884.555, 2938.439
4886.484, 2917.396
4888.412, 2916.254
4890.341, 2915.271
4892.269, 2913.710
4894.198, 2912.019
4896.126, 2908.320
4898.055, 2904.815
4899.983, 2903.146
4901.912, 2902.574
4903.840, 2900.976
4905.769, 2896.321
4907.697, 2892.455
4909.625, 2892.184
4911.554, 2897.297
4913.482, 2889.861
4915.411, 2880.458
4917.339, 2877.152
4919.268, 2872.139
4921.196, 2871.931
4923.125, 2879.351
4925.053, 2870.895
4926.981, 2867.345
4928.910, 2881.606
4930.838, 2866.943
4932.767, 2850.258
4934.695, 2843.484
4936.624, 2836.406
4938.552, 2829.500
4940.481, 2823.655
4942.409, 2829.640
4944.338, 2834.117
4946.266, 2832.608
4948.195, 2833.299
4950.123, 2826.984
4952.052, 2814.653
4953.980, 2813.793
4955.909, 2816.809
4957.837, 2818.398
4959.766, 2800.830
4961.694, 2795.893
4963.623, 2801.377
4965.551, 2790.211
4967.479, 2784.588
4969.408, 2784.578
4971.336, 2779.832
4973.265, 2778.642
4975.193, 2780.209
4977.122, 2782.248
4979.050, 2778.223
4980.979, 2772.056
4982.907, 2771.315
4984.835, 2765.372
4986.764, 2756.281
4988.692, 2746.075
4990.621, 2750.374
4992.549, 2756.585
4994.478, 2751.956
4996.406, 2748.399
4998.335, 2745.768
5000.263, 2743.798
5002.192, 2743.769
5004.120, 2736.860
5006.049, 2720.681
5007.977, 2723.157
5009.906, 2722.578
5011.834, 2713.061
5013.763, 2713.797
5015.691, 2717.489
5017.620, 2720.841
5019.548, 2721.636
5021.477, 2714.969
5023.405, 2703.160
5025.333, 2690.045
5027.262, 2691.460
5029.190, 2699.829
5031.119, 2701.476
5033.047, 2692.056
5034.976, 2679.286
5036.904, 2671.250
5038.833, 2667.718
5040.761, 2667.444
5042.689, 2669.374
5044.618, 2668.546
5046.546, 2662.883
5048.475, 2651.711
5050.403, 2645.262
5052.332, 2640.001
5054.260, 2634.848
5056.189, 2629.131
5058.117, 2631.025
5060.046, 2636.850
5061.974, 2632.575
5063.903, 2622.433
5065.831, 2613.151
5067.760, 2616.251
5069.688, 2614.741
5071.617, 2608.877
5073.545, 2600.399
5075.474, 2598.867
5077.402, 2599.688
5079.331, 2599.765
5081.259, 2591.679
5083.188, 2592.419
5085.116, 2604.476
5087.044, 2600.523
5088.973, 2589.902
5090.901, 2578.681
5092.830, 2580.249
5094.758, 2574.698
5096.687, 2565.795
5098.615, 2566.431
5100.543, 2563.522
5102.472, 2561.999
5104.400, 2569.047
5106.329, 2571.636
5108.257, 2570.090
5110.186, 2564.832
5112.114, 2553.263
5114.043, 2547.015
5115.971, 2546.457
5117.900, 2531.520
5119.828, 2524.482
5121.757, 2526.615
5123.685, 2530.168
5125.614, 2530.940
5127.542, 2531.392
5129.471, 2535.526
5131.399, 2529.397
5133.328, 2520.408
5135.256, 2514.469
5137.185, 2506.038
5139.113, 2502.160
5141.042, 2504.016
5142.970, 2503.695
5144.898, 2499.675
5146.827, 2493.907
5148.755, 2491.950
5150.684, 2482.701
5152.612, 2476.411
5154.541, 2487.714
5156.469, 2482.816
5158.397, 2478.330
5160.326, 2482.527
5162.254, 2478.080
5164.183, 2471.788
5166.111, 2466.722
5168.040, 2464.945
5169.968, 2460.727
5171.897, 2456.037
5173.825, 2455.509
5175.754, 2450.858
5177.682, 2449.016
5179.611, 2455.282
5181.539, 2438.793
5183.468, 2430.000
5185.396, 2437.091
5187.325, 2437.512
5189.253, 2432.361
5191.182, 2424.364
5193.110, 2416.849
5195.039, 2417.336
5196.967, 2419.289
5198.896, 2416.781
5200.824, 2407.629
5202.752, 2401.500
5204.681, 2401.134
5206.609, 2401.091
5208.538, 2400.339
5210.466, 2397.270
5212.395, 2386.765
5214.323, 2387.510
5216.251, 2388.148
5218.180, 2377.815
5220.108, 2376.320
5222.037, 2371.552
5223.965, 2362.366
5225.894, 2363.392
5227.822, 2366.694
5229.751, 2367.437
5231.679, 2359.081
5233.608, 2352.939
5235.536, 2344.820
5237.465, 2332.547
5239.393, 2336.641
5241.322, 2340.056
5243.250, 2338.016
5245.179, 2333.475
5247.107, 2321.547
5249.036, 2314.022
5250.964, 2328.412
5252.893, 2321.867
5254.821, 2313.043
5256.750, 2309.941
5258.678, 2297.677
5260.606, 2298.402
5262.535, 2305.582
5264.463, 2297.349
5266.392, 2285.977
5268.320, 2283.079
5270.249, 2295.281
5272.177, 2290.038
5274.105, 2291.192
5276.034, 2298.942
5277.962, 2292.577
5279.891, 2281.841
5281.819, 2270.423
5283.748, 2258.331
5285.676, 2265.399
5287.605, 2264.189
5289.533, 2250.129
5291.462, 2254.246
5293.390, 2253.900
5295.319, 2249.008
5297.247, 2244.510
5299.176, 2236.810
5301.104, 2230.504
5303.033, 2227.984
5304.961, 2229.014
5306.890, 2235.608
5308.818, 2241.376
5310.747, 2236.414
5312.675, 2217.773
5314.604, 2206.756
5316.532, 2214.029
5318.460, 2208.951
5320.389, 2204.224
5322.317, 2203.973
5324.246, 2211.694
5326.174, 2193.719
5328.103, 2181.756
5330.031, 2193.082
5331.959, 2189.539
5333.888, 2181.222
5335.816, 2174.514
5337.745, 2178.116
5339.673, 2170.579
5341.602, 2163.883
5343.530, 2164.716
5345.459, 2154.584
5347.387, 2152.952
5349.316, 2154.807
5351.244, 2141.232
5353.173, 2144.473
5355.101, 2150.926
5357.030, 2151.474
5358.958, 2149.322
5360.887, 2145.347
5362.815, 2139.508
5364.744, 2130.973
5366.672, 2131.962
5368.601, 2129.901
5370.529, 2120.313
5372.458, 2119.701
5374.386, 2110.599
5376.314, 2101.429
5378.243, 2108.776
5380.171, 2094.669
5382.100, 2090.506
5384.028, 2099.482
5385.957, 2080.541
5387.885, 2078.824
5389.813, 2085.008
5391.742, 2084.567
5393.670, 2089.956
5395.599, 2085.536
5397.527, 2073.354
5399.456, 2071.715
5401.384, 2064.813
5403.313, 2058.693
5405.241, 2057.822
5407.170, 2058.262
5409.098, 2051.526
5411.027, 2042.431
5412.955, 2041.232
5414.884, 2041.281
5416.812, 2042.514
5418.741, 2042.325
5420.669, 2027.667
5422.598, 2019.175
5424.526, 2017.440
5426.455, 2019.367
5428.383, 2016.656
5430.312, 2011.455
5432.240, 2006.264
5434.168, 2005.167
5436.097, 1998.620
5438.025, 1996.579
5439.954, 2002.492
5441.882, 2005.175
5443.811, 2002.324
5445.739, 1994.794
5447.667, 1984.172
5449.596, 1974.414
5451.524, 1967.901
5453.453, 1966.486
5455.381, 1976.945
5457.310, 1970.116
5459.238, 1960.904
5461.167, 1958.357
5463.095, 1962.424
5465.024, 1957.914
5466.952, 1949.158
5468.881, 1943.045
5470.809, 1937.044
5472.738, 1935.335
5474.666, 1935.429
5476.595, 1929.200
5478.523, 1926.608
5480.452, 1925.548
5482.380, 1922.684
5484.309, 1907.245
5486.237, 1907.313
5488.166, 1911.236
5490.094, 1907.379
5492.022, 1900.849
5493.951, 1898.716
5495.879, 1901.224
5497.808, 1907.995
5499.736, 1896.349
##END=



