##NAMES=Conichalcite
##RRUFFID=R070430
##IDEAL CHEMISTRY=CaCu(AsO_4_)(OH)
##LOCALITY=Maria Catalina mine, Pampa Larga Mining District, Tierra Amarilla, Chile
##OWNER=RRUFF
##SOURCE=Bob Jenkins
##DESCRIPTION=Apple-green prismatic crystals, associated with pale blue blocky rruffite (R070431), and pale blue granular barahonite-(Al)
##STATUS=The identification of this mineral is confirmed by single-crystal X-ray diffraction and chemical analysis
##URL=https://www.rruff.net/odr/rruff_sample/R070430
##MEASURED CHEMISTRY=Ca_1.00_(Cu_0.99_Zn_0.01_)As_1.00_O_4_(OH) ; OH estimated by charge balance
##DIFFRACTION SAMPLE DESCRIPTION=Single crystal, powder profile is calculated
##CELL PARAMETERS=a: 7.3822 b: 5.8146 c: 9.2136 alpha: 90 beta: 90 gamma: 90 volume: 395.49 crystal system: orthorhombic
##FILETYPE=Raman RAW
##RAMAN WAVELENGTH=532

148.4562, 1366.197
150.3847, 1463.558
152.3132, 1557.135
154.2416, 1665.209
156.1701, 1805.022
158.0986, 1951.288
160.0270, 2081.454
161.9555, 2185.769
163.8840, 2282.179
165.8124, 2370.801
167.7409, 2452.261
169.6694, 2531.222
171.5978, 2614.689
173.5263, 2694.438
175.4548, 2755.956
177.3832, 2789.607
179.3117, 2826.701
181.2402, 2878.576
183.1686, 2946.034
185.0971, 3012.646
187.0256, 3076.113
188.9540, 3138.847
190.8825, 3205.394
192.8110, 3282.299
194.7394, 3350.966
196.6679, 3403.333
198.5964, 3432.560
200.5248, 3470.431
202.4533, 3533.347
204.3818, 3597.261
206.3102, 3640.733
208.2387, 3659.124
210.1672, 3656.416
212.0956, 3627.297
214.0241, 3569.861
215.9526, 3511.421
217.8810, 3457.901
219.8095, 3404.420
221.7380, 3341.520
223.6664, 3266.712
225.5949, 3186.454
227.5234, 3093.877
229.4518, 2990.575
231.3803, 2903.953
233.3088, 2849.939
235.2372, 2809.211
237.1657, 2762.734
239.0942, 2707.766
241.0226, 2652.568
242.9511, 2595.518
244.8796, 2535.143
246.8080, 2490.883
248.7365, 2471.143
250.6650, 2462.160
252.5934, 2449.066
254.5219, 2426.756
256.4503, 2413.577
258.3788, 2412.884
260.3073, 2425.041
262.2357, 2449.770
264.1642, 2492.227
266.0927, 2542.732
268.0211, 2593.518
269.9496, 2640.678
271.8781, 2697.670
273.8065, 2771.534
275.7350, 2859.224
277.6635, 2940.911
279.5919, 3012.766
281.5204, 3082.826
283.4489, 3156.502
285.3773, 3241.912
287.3058, 3316.028
289.2343, 3377.423
291.1628, 3425.627
293.0912, 3463.180
295.0197, 3481.903
296.9482, 3498.145
298.8766, 3517.943
300.8051, 3539.757
302.7336, 3568.716
304.6620, 3598.381
306.5905, 3638.649
308.5190, 3698.778
310.4474, 3782.405
312.3759, 3885.577
314.3044, 4007.497
316.2328, 4152.175
318.1613, 4315.246
320.0898, 4526.188
322.0182, 4739.050
323.9467, 4915.966
325.8752, 5028.896
327.8036, 5134.000
329.7321, 5241.905
331.6606, 5342.563
333.5890, 5410.193
335.5175, 5440.843
337.4460, 5432.603
339.3744, 5383.398
341.3029, 5279.427
343.2314, 5159.307
345.1598, 5011.370
347.0883, 4848.209
349.0168, 4697.143
350.9452, 4572.055
352.8737, 4448.165
354.8022, 4314.874
356.7306, 4172.999
358.6591, 4047.861
360.5876, 3948.568
362.5160, 3864.997
364.4445, 3786.759
366.3730, 3714.534
368.3014, 3648.807
370.2299, 3592.292
372.1584, 3538.199
374.0868, 3478.820
376.0153, 3404.884
377.9438, 3336.546
379.8722, 3281.096
381.8007, 3243.189
383.7292, 3202.842
385.6576, 3160.675
387.5861, 3121.159
389.5146, 3082.611
391.4430, 3043.789
393.3715, 3006.092
395.3000, 2968.380
397.2284, 2932.660
399.1569, 2906.726
401.0854, 2896.713
403.0138, 2889.017
404.9423, 2878.590
406.8708, 2856.351
408.7992, 2850.548
410.7277, 2866.769
412.6562, 2898.763
414.5846, 2932.646
416.5131, 2964.539
418.4416, 3002.383
420.3700, 3052.348
422.2985, 3118.718
424.2270, 3196.133
426.1554, 3285.389
428.0839, 3374.930
430.0124, 3460.116
431.9408, 3538.667
433.8693, 3625.888
435.7978, 3726.857
437.7262, 3833.077
439.6547, 3929.410
441.5832, 4017.202
443.5116, 4097.183
445.4401, 4166.978
447.3686, 4226.733
449.2970, 4271.626
451.2255, 4297.025
453.1540, 4315.224
455.0824, 4326.060
457.0109, 4324.553
458.9394, 4329.837
460.8678, 4364.802
462.7963, 4421.430
464.7248, 4493.696
466.6532, 4571.302
468.5817, 4677.101
470.5102, 4818.784
472.4386, 4993.383
474.3671, 5197.338
476.2956, 5449.402
478.2240, 5725.082
480.1525, 6021.051
482.0810, 6359.591
484.0094, 6673.220
485.9379, 6942.804
487.8664, 7128.271
489.7948, 7192.122
491.7233, 7080.253
493.6518, 6869.086
495.5802, 6590.847
497.5087, 6246.999
499.4372, 5884.097
501.3656, 5548.949
503.2941, 5209.086
505.2226, 4860.287
507.1510, 4502.277
509.0795, 4207.799
511.0080, 3950.860
512.9364, 3733.979
514.8649, 3555.454
516.7933, 3406.302
518.7218, 3288.270
520.6503, 3202.234
522.5787, 3135.754
524.5072, 3077.747
526.4357, 3024.855
528.3641, 2996.287
530.2926, 3003.867
532.2211, 3034.573
534.1495, 3059.860
536.0780, 3066.044
538.0065, 3051.185
539.9349, 3013.278
541.8634, 2949.863
543.7919, 2882.479
545.7203, 2816.057
547.6488, 2739.286
549.5773, 2651.062
551.5057, 2563.067
553.4342, 2479.879
555.3627, 2398.806
557.2911, 2324.932
559.2196, 2267.001
561.1481, 2219.388
563.0765, 2180.150
565.0050, 2147.098
566.9335, 2115.630
568.8619, 2080.647
570.7904, 2041.047
572.7189, 2009.196
574.6473, 1991.676
576.5758, 1982.746
578.5043, 1966.758
580.4327, 1935.389
582.3612, 1903.343
584.2897, 1877.763
586.2181, 1862.964
588.1466, 1854.755
590.0751, 1856.311
592.0035, 1858.919
593.9320, 1856.027
595.8605, 1849.500
597.7889, 1841.280
599.7174, 1828.180
601.6459, 1812.662
603.5743, 1799.749
605.5028, 1786.107
607.4313, 1777.970
609.3597, 1782.514
611.2882, 1796.006
613.2167, 1806.591
615.1451, 1803.625
617.0736, 1800.578
619.0021, 1804.423
620.9305, 1817.187
622.8590, 1825.182
624.7875, 1820.967
626.7159, 1813.869
628.6444, 1808.032
630.5729, 1806.066
632.5013, 1804.881
634.4298, 1802.993
636.3583, 1802.557
638.2867, 1806.011
640.2152, 1814.898
642.1437, 1821.457
644.0721, 1820.237
646.0006, 1815.969
647.9291, 1814.027
649.8575, 1820.273
651.7860, 1825.122
653.7145, 1826.718
655.6429, 1826.387
657.5714, 1826.008
659.4999, 1828.574
661.4283, 1829.848
663.3568, 1824.970
665.2853, 1814.989
667.2137, 1810.588
669.1422, 1829.460
671.0707, 1842.031
672.9991, 1837.850
674.9276, 1823.310
676.8561, 1819.458
678.7845, 1830.052
680.7130, 1844.006
682.6415, 1859.312
684.5699, 1876.075
686.4984, 1887.872
688.4269, 1886.731
690.3553, 1889.961
692.2838, 1906.951
694.2123, 1934.161
696.1407, 1956.676
698.0692, 1969.496
699.9977, 1982.472
701.9261, 2001.476
703.8546, 2021.755
705.7831, 2038.783
707.7115, 2049.253
709.6400, 2064.849
711.5685, 2091.060
713.4969, 2127.081
715.4254, 2164.682
717.3539, 2203.676
719.2823, 2242.289
721.2108, 2280.738
723.1393, 2317.592
725.0677, 2362.108
726.9962, 2417.051
728.9247, 2477.841
730.8531, 2542.404
732.7816, 2610.118
734.7101, 2677.828
736.6385, 2738.080
738.5670, 2804.266
740.4955, 2885.201
742.4240, 2988.043
744.3524, 3090.688
746.2809, 3186.490
748.2094, 3285.524
750.1378, 3395.201
752.0663, 3516.518
753.9948, 3645.254
755.9232, 3786.098
757.8517, 3928.649
759.7802, 4063.894
761.7086, 4185.145
763.6371, 4320.703
765.5656, 4464.174
767.4940, 4630.881
769.4225, 4830.833
771.3510, 5069.775
773.2794, 5321.427
775.2079, 5581.250
777.1364, 5851.322
779.0648, 6139.146
780.9933, 6461.107
782.9218, 6764.551
784.8502, 7028.405
786.7787, 7278.841
788.7072, 7529.815
790.6356, 7766.524
792.5641, 8050.307
794.4926, 8360.324
796.4210, 8727.959
798.3495, 9205.054
800.2780, 9766.460
802.2064, 10462.79
804.1349, 11331.02
806.0634, 12339.49
807.9918, 13436.33
809.9203, 14642.76
811.8488, 15886.28
813.7772, 17148.21
815.7057, 18445.38
817.6342, 19763.16
819.5626, 21104.12
821.4911, 22385.99
823.4196, 23566.01
825.3480, 24694.92
827.2765, 25917.40
829.2050, 27355.25
831.1334, 28451.13
833.0619, 29216.91
834.9904, 29592.63
836.9188, 29235.03
838.8473, 27950.78
840.7758, 26390.75
842.7042, 24531.38
844.6327, 22422.34
846.5612, 20277.00
848.4896, 17948.41
850.4181, 15784.58
852.3466, 13939.04
854.2750, 12386.64
856.2035, 10999.06
858.1320, 9846.841
860.0604, 8870.053
861.9889, 8055.985
863.9174, 7370.447
865.8458, 6778.928
867.7743, 6282.411
869.7028, 5844.911
871.6312, 5472.442
873.5597, 5142.688
875.4882, 4850.037
877.4166, 4594.148
879.3451, 4361.308
881.2736, 4144.484
883.2020, 3949.270
885.1305, 3795.043
887.0590, 3674.367
888.9874, 3558.387
890.9159, 3438.711
892.8444, 3328.784
894.7728, 3239.888
896.7013, 3171.527
898.6298, 3107.427
900.5582, 3041.174
902.4867, 2977.072
904.4152, 2927.207
906.3436, 2892.132
908.2721, 2855.100
910.2006, 2810.216
912.1290, 2761.170
914.0575, 2721.648
915.9860, 2695.222
917.9144, 2668.686
919.8429, 2640.708
921.7714, 2612.988
923.6998, 2577.598
925.6283, 2531.246
927.5568, 2486.165
929.4852, 2442.604
931.4137, 2396.226
933.3422, 2348.811
935.2706, 2303.925
937.1991, 2259.588
939.1276, 2214.756
941.0560, 2174.063
942.9845, 2141.251
944.9130, 2118.234
946.8414, 2094.681
948.7699, 2062.340
950.6984, 2029.364
952.6268, 2008.102
954.5553, 2000.293
956.4838, 1987.349
958.4122, 1969.371
960.3407, 1953.192
962.2692, 1943.315
964.1976, 1940.056
966.1261, 1937.052
968.0546, 1929.923
969.9830, 1927.910
971.9115, 1936.789
973.8400, 1949.596
975.7684, 1955.301
977.6969, 1957.409
979.6254, 1961.499
981.5538, 1969.833
983.4823, 1981.205
985.4108, 1989.789
987.3392, 1989.790
989.2677, 1982.827
991.1962, 1973.992
993.1246, 1966.878
995.0531, 1954.645
996.9816, 1930.557
998.9100, 1903.722
1000.839, 1878.113
1002.767, 1853.853
1004.695, 1830.610
1006.624, 1812.476
1008.552, 1799.325
1010.481, 1788.186
1012.409, 1778.099
1014.338, 1770.309
1016.266, 1765.104
1018.195, 1755.619
1020.123, 1744.391
1022.052, 1737.983
1023.980, 1739.901
1025.909, 1748.688
1027.837, 1755.415
1029.766, 1755.322
1031.694, 1754.872
1033.622, 1758.029
1035.551, 1765.003
1037.479, 1769.584
1039.408, 1776.244
1041.336, 1781.146
1043.265, 1780.631
1045.193, 1775.167
1047.122, 1774.725
1049.050, 1782.025
1050.979, 1790.891
1052.907, 1796.394
1054.836, 1798.520
1056.764, 1800.259
1058.693, 1806.148
1060.621, 1806.966
1062.549, 1796.496
1064.478, 1778.849
1066.406, 1764.776
1068.335, 1758.752
1070.263, 1753.713
1072.192, 1746.767
1074.120, 1734.957
1076.049, 1724.143
1077.977, 1719.534
1079.906, 1718.165
1081.834, 1703.236
1083.763, 1676.769
1085.691, 1663.180
1087.620, 1668.656
1089.548, 1673.943
1091.476, 1663.563
1093.405, 1645.693
1095.333, 1632.055
1097.262, 1626.341
1099.190, 1624.805
1101.119, 1625.807
1103.047, 1626.806
1104.976, 1627.471
1106.904, 1620.983
1108.833, 1614.541
1110.761, 1613.939
1112.690, 1619.669
1114.618, 1620.146
1116.547, 1612.379
1118.475, 1611.518
1120.403, 1620.540
1122.332, 1624.628
1124.260, 1614.269
1126.189, 1604.105
1128.117, 1596.080
1130.046, 1587.334
1131.974, 1583.999
1133.903, 1592.036
1135.831, 1604.281
1137.760, 1617.347
1139.688, 1625.940
1141.617, 1625.535
1143.545, 1615.508
1145.474, 1608.676
1147.402, 1609.177
1149.330, 1608.926
1151.259, 1605.270
1153.187, 1598.143
1155.116, 1598.317
1157.044, 1616.136
1158.973, 1632.236
1160.901, 1635.523
1162.830, 1627.097
1164.758, 1621.427
1166.687, 1622.636
1168.615, 1623.308
1170.544, 1620.676
1172.472, 1614.774
1174.401, 1609.641
1176.329, 1607.309
1178.257, 1604.638
1180.186, 1597.248
1182.114, 1591.868
1184.043, 1596.149
1185.971, 1607.810
1187.900, 1616.593
1189.828, 1622.956
1191.757, 1624.760
1193.685, 1616.305
1195.614, 1605.067
1197.542, 1602.169
1199.471, 1614.124
1201.399, 1621.181
1203.328, 1620.748
1205.256, 1616.880
1207.184, 1611.601
1209.113, 1605.344
1211.041, 1600.589
1212.970, 1597.174
1214.898, 1596.141
1216.827, 1598.842
1218.755, 1603.269
1220.684, 1608.750
1222.612, 1616.124
1224.541, 1621.006
1226.469, 1620.786
1228.398, 1619.185
1230.326, 1618.044
1232.255, 1616.899
1234.183, 1614.123
1236.111, 1604.159
1238.040, 1599.509
1239.968, 1608.141
1241.897, 1620.767
1243.825, 1622.233
1245.754, 1608.521
1247.682, 1602.580
1249.611, 1614.948
1251.539, 1626.630
1253.468, 1624.836
1255.396, 1614.469
1257.325, 1609.326
1259.253, 1611.687
1261.182, 1615.023
1263.110, 1617.510
1265.038, 1619.496
1266.967, 1622.585
1268.895, 1627.327
1270.824, 1629.396
1272.752, 1625.941
1274.681, 1622.788
1276.609, 1599.853
1278.538, 1616.433
1280.466, 1625.657
1282.395, 1627.921
1284.323, 1602.378
1286.252, 1612.742
1288.180, 1608.717
1290.109, 1604.101
1292.037, 1619.519
1293.965, 1598.021
1295.894, 1613.120
1297.822, 1613.611
1299.751, 1620.788
1301.679, 1613.487
1303.608, 1610.657
1305.536, 1622.311
1307.465, 1625.945
1309.393, 1616.977
1311.322, 1624.579
1313.250, 1602.574
1315.179, 1606.550
1317.107, 1621.735
1319.036, 1613.495
1320.964, 1621.362
1322.892, 1623.094
1324.821, 1596.947
1326.749, 1619.285
1328.678, 1620.526
1330.606, 1625.392
1332.535, 1619.380
1334.463, 1613.443
1336.392, 1608.277
1338.320, 1606.030
1340.249, 1611.339
1342.177, 1622.757
1344.106, 1626.039
1346.034, 1616.073
1347.963, 1605.369
1349.891, 1596.455
1351.819, 1591.116
1353.748, 1594.299
1355.676, 1605.494
1357.605, 1610.462
1359.533, 1604.664
1361.462, 1598.444
1363.390, 1596.815
1365.319, 1596.579
1367.247, 1591.399
1369.176, 1576.985
1371.104, 1573.610
1373.033, 1594.248
1374.961, 1613.024
1376.890, 1608.458
1378.818, 1583.453
1380.746, 1570.378
1382.675, 1570.761
1384.603, 1573.387
1386.532, 1581.443
1388.460, 1590.890
1390.389, 1592.582
1392.317, 1582.684
1394.246, 1581.091
1396.174, 1595.139
1398.103, 1606.341
1400.031, 1606.783
1401.960, 1601.710
1403.888, 1598.976
1405.817, 1602.914
1407.745, 1604.925
1409.673, 1595.040
1411.602, 1585.170
1413.530, 1586.026
1415.459, 1592.883
1417.387, 1593.292
1419.316, 1586.236
1421.244, 1583.741
1423.173, 1588.884
1425.101, 1593.991
1427.030, 1596.081
1428.958, 1595.958
1430.887, 1594.584
1432.815, 1590.624
1434.744, 1588.122
1436.672, 1594.929
1438.600, 1600.745
1440.529, 1597.791
1442.457, 1587.718
1444.386, 1580.542
1446.314, 1576.253
1448.243, 1575.938
1450.171, 1582.093
1452.100, 1588.017
1454.028, 1588.557
1455.957, 1585.375
1457.885, 1585.811
1459.814, 1598.746
1461.742, 1608.719
1463.671, 1610.062
1465.599, 1605.903
1467.527, 1596.950
1469.456, 1585.712
1471.384, 1578.177
1473.313, 1574.442
1475.241, 1576.470
1477.170, 1585.185
1479.098, 1591.131
1481.027, 1594.212
1482.955, 1597.111
1484.884, 1599.401
1486.812, 1599.297
1488.741, 1595.866
1490.669, 1585.813
1492.598, 1575.272
1494.526, 1566.853
1496.454, 1563.089
1498.383, 1569.146
1500.311, 1585.835
1502.240, 1597.418
1504.168, 1603.751
1506.097, 1600.940
1508.025, 1580.644
1509.954, 1556.328
1511.882, 1551.849
1513.811, 1568.345
1515.739, 1582.232
1517.668, 1591.720
1519.596, 1596.952
1521.525, 1596.945
1523.453, 1594.588
1525.381, 1594.354
1527.310, 1596.737
1529.238, 1601.351
1531.167, 1611.320
1533.095, 1616.273
1535.024, 1610.468
1536.952, 1600.827
1538.881, 1596.156
1540.809, 1597.479
1542.738, 1596.166
1544.666, 1586.432
1546.595, 1581.522
1548.523, 1587.444
1550.452, 1596.008
1552.380, 1600.659
1554.308, 1601.346
1556.237, 1599.992
1558.165, 1593.299
1560.094, 1589.951
1562.022, 1591.585
1563.951, 1594.954
1565.879, 1600.355
1567.808, 1606.254
1569.736, 1606.297
1571.665, 1593.798
1573.593, 1589.989
1575.522, 1604.429
1577.450, 1618.182
1579.379, 1622.716
1581.307, 1620.424
1583.235, 1615.979
1585.164, 1609.431
1587.092, 1602.391
1589.021, 1586.983
1590.949, 1580.887
1592.878, 1600.765
1594.806, 1623.674
1596.735, 1622.185
1598.663, 1598.673
1600.592, 1587.483
1602.520, 1593.865
1604.449, 1600.573
1606.377, 1606.592
1608.306, 1610.073
1610.234, 1607.078
1612.162, 1600.815
1614.091, 1600.146
1616.019, 1606.354
1617.948, 1608.857
1619.876, 1601.932
1621.805, 1597.469
1623.733, 1604.106
1625.662, 1612.829
1627.590, 1611.706
1629.519, 1602.090
1631.447, 1596.059
1633.376, 1594.564
1635.304, 1595.797
1637.233, 1602.193
1639.161, 1608.438
1641.089, 1609.404
1643.018, 1607.942
1644.946, 1612.892
1646.875, 1626.215
1648.803, 1631.190
1650.732, 1619.498
1652.660, 1608.516
1654.589, 1606.684
1656.517, 1608.199
1658.446, 1606.525
1660.374, 1602.305
1662.303, 1599.956
1664.231, 1601.633
1666.160, 1598.870
1668.088, 1583.446
1670.016, 1569.712
1671.945, 1567.299
1673.873, 1571.700
1675.802, 1575.818
1677.730, 1579.796
1679.659, 1577.945
1681.587, 1564.468
1683.516, 1555.613
1685.444, 1559.142
1687.373, 1567.548
1689.301, 1578.848
1691.230, 1589.835
1693.158, 1587.749
1695.087, 1568.584
1697.015, 1558.999
1698.943, 1570.348
1700.872, 1581.769
1702.800, 1585.027
1704.729, 1583.471
1706.657, 1580.915
1708.586, 1577.047
1710.514, 1568.181
1712.443, 1549.904
1714.371, 1540.494
1716.300, 1549.398
1718.228, 1561.519
1720.157, 1573.967
1722.085, 1582.888
1724.014, 1579.645
1725.942, 1564.759
1727.870, 1555.444
1729.799, 1554.554
1731.727, 1554.364
1733.656, 1551.057
1735.584, 1550.294
1737.513, 1556.752
1739.441, 1567.579
1741.370, 1578.463
1743.298, 1589.855
1745.227, 1595.837
1747.155, 1596.012
1749.084, 1591.146
1751.012, 1574.969
1752.941, 1560.392
1754.869, 1555.806
1756.797, 1558.901
1758.726, 1566.149
1760.654, 1579.353
1762.583, 1586.415
1764.511, 1581.606
1766.440, 1579.113
1768.368, 1583.482
1770.297, 1588.557
1772.225, 1589.230
1774.154, 1587.944
1776.082, 1591.722
1778.011, 1603.587
1779.939, 1605.114
1781.868, 1585.582
1783.796, 1571.759
1785.724, 1570.368
1787.653, 1572.434
1789.581, 1573.004
1791.510, 1573.070
1793.438, 1575.523
1795.367, 1581.605
1797.295, 1581.355
1799.224, 1567.157
1801.152, 1560.448
1803.081, 1572.309
1805.009, 1582.913
1806.938, 1578.136
1808.866, 1568.182
1810.795, 1570.807
1812.723, 1586.031
1814.651, 1593.575
1816.580, 1590.326
1818.508, 1587.337
1820.437, 1586.898
1822.365, 1586.772
1824.294, 1585.845
1826.222, 1584.831
1828.151, 1585.957
1830.079, 1587.960
1832.008, 1583.388
1833.936, 1570.465
1835.865, 1561.147
1837.793, 1557.592
1839.722, 1557.629
1841.650, 1564.161
1843.578, 1570.461
1845.507, 1570.438
1847.435, 1566.064
1849.364, 1561.468
1851.292, 1556.721
1853.221, 1551.101
1855.149, 1541.946
1857.078, 1538.070
1859.006, 1549.171
1860.935, 1558.285
1862.863, 1553.138
1864.792, 1541.023
1866.720, 1531.851
1868.649, 1525.698
1870.577, 1524.226
1872.505, 1530.976
1874.434, 1534.088
1876.362, 1528.251
1878.291, 1524.554
1880.219, 1532.544
1882.148, 1539.199
1884.076, 1526.991
1886.005, 1504.187
1887.933, 1499.683
1889.862, 1521.315
1891.790, 1528.751
1893.719, 1512.006
1895.647, 1498.709
1897.576, 1492.875
1899.504, 1491.797
1901.432, 1497.774
1903.361, 1505.336
1905.289, 1506.868
1907.218, 1503.530
1909.146, 1502.803
1911.075, 1505.470
1913.003, 1505.901
1914.932, 1503.673
1916.860, 1498.201
1918.789, 1484.889
1920.717, 1473.353
1922.646, 1470.344
1924.574, 1473.066
1926.503, 1478.755
1928.431, 1486.727
1930.359, 1492.030
1932.288, 1494.562
1934.216, 1494.040
1936.145, 1487.255
1938.073, 1481.961
1940.002, 1482.501
1941.930, 1483.257
1943.859, 1480.535
1945.787, 1474.920
1947.716, 1465.922
1949.644, 1453.397
1951.573, 1447.527
1953.501, 1452.242
1955.429, 1455.431
1957.358, 1453.683
1959.286, 1454.375
1961.215, 1463.857
1963.143, 1471.728
1965.072, 1469.289
1967.000, 1461.141
1968.929, 1454.948
1970.857, 1450.648
1972.786, 1447.471
1974.714, 1445.004
1976.643, 1446.615
1978.571, 1455.619
1980.500, 1462.637
1982.428, 1463.747
1984.356, 1462.219
1986.285, 1459.728
1988.213, 1456.150
1990.142, 1449.137
1992.070, 1440.141
1993.999, 1440.211
1995.927, 1453.312
1997.856, 1459.770
1999.784, 1454.156
2001.713, 1449.119
2003.641, 1446.782
2005.570, 1445.309
2007.498, 1444.214
2009.427, 1443.189
2011.355, 1442.011
2013.283, 1440.621
2015.212, 1438.561
2017.140, 1435.749
2019.069, 1433.789
2020.997, 1432.428
2022.926, 1433.357
2024.854, 1438.444
2026.783, 1443.000
2028.711, 1446.428
2030.640, 1447.160
2032.568, 1442.679
2034.497, 1435.509
2036.425, 1428.930
2038.354, 1423.103
2040.282, 1418.785
2042.210, 1415.071
2044.139, 1416.736
2046.067, 1430.986
2047.996, 1439.628
2049.924, 1440.203
2051.853, 1434.649
2053.781, 1414.048
2055.710, 1396.795
2057.638, 1403.977
2059.567, 1425.540
2061.495, 1441.010
2063.424, 1450.217
2065.352, 1447.431
2067.281, 1429.721
2069.209, 1422.391
2071.137, 1434.244
2073.066, 1442.884
2074.994, 1441.187
2076.923, 1434.660
2078.851, 1418.553
2080.780, 1405.795
2082.708, 1415.267
2084.637, 1435.214
2086.565, 1437.132
2088.494, 1421.331
2090.422, 1413.075
2092.351, 1415.743
2094.279, 1417.481
2096.208, 1419.125
2098.136, 1418.053
2100.064, 1414.281
2101.993, 1407.032
2103.921, 1390.530
2105.850, 1375.839
2107.778, 1372.822
2109.707, 1376.814
2111.635, 1384.632
2113.564, 1393.192
2115.492, 1383.620
2117.421, 1351.888
2119.349, 1337.812
2121.278, 1359.146
2123.206, 1367.011
2125.135, 1339.066
2127.063, 1319.161
2128.991, 1329.492
2130.920, 1342.791
2132.848, 1340.415
2134.777, 1331.898
2136.705, 1329.939
2138.634, 1331.546
2140.562, 1324.894
2142.491, 1311.152
2144.419, 1305.947
2146.348, 1311.537
2148.276, 1314.608
2150.205, 1312.495
2152.133, 1309.417
2154.062, 1304.270
2155.990, 1301.396
2157.918, 1304.833
2159.847, 1308.847
2161.775, 1308.256
2163.704, 1305.958
2165.632, 1305.940
2167.561, 1307.917
2169.489, 1313.592
2171.418, 1322.880
2173.346, 1314.093
2175.275, 1281.987
2177.203, 1263.503
2179.132, 1267.899
2181.060, 1274.896
2182.989, 1280.150
2184.917, 1284.661
2186.845, 1293.130
2188.774, 1296.250
2190.702, 1279.983
2192.631, 1259.974
2194.559, 1260.446
2196.488, 1273.161
2198.416, 1271.730
2200.345, 1256.468
2202.273, 1249.958
2204.202, 1253.185
2206.130, 1258.341
2208.059, 1266.774
2209.987, 1268.443
2211.916, 1257.801
2213.844, 1246.697
2215.772, 1239.021
2217.701, 1232.632
2219.629, 1224.203
2221.558, 1218.675
2223.486, 1224.022
2225.415, 1233.349
2227.343, 1233.464
2229.272, 1227.103
2231.200, 1228.608
2233.129, 1237.452
2235.057, 1235.743
2236.986, 1221.062
2238.914, 1212.225
2240.843, 1211.888
2242.771, 1216.987
2244.699, 1237.028
2246.628, 1246.417
2248.556, 1226.210
2250.485, 1207.353
2252.413, 1208.756
2254.342, 1216.293
2256.270, 1220.480
2258.199, 1220.783
2260.127, 1213.471
2262.056, 1202.219
2263.984, 1199.844
2265.913, 1204.556
2267.841, 1202.692
2269.770, 1193.136
2271.698, 1184.377
2273.626, 1176.695
2275.555, 1171.032
2277.483, 1167.924
2279.412, 1166.115
2281.340, 1164.297
2283.269, 1165.270
2285.197, 1173.850
2287.126, 1180.989
2289.054, 1180.129
2290.983, 1176.476
2292.911, 1173.090
2294.840, 1171.062
2296.768, 1173.809
2298.697, 1179.029
2300.625, 1178.695
2302.553, 1173.019
2304.482, 1168.666
2306.410, 1164.693
2308.339, 1167.810
2310.267, 1184.385
2312.196, 1182.743
2314.124, 1149.096
2316.053, 1128.264
2317.981, 1139.791
2319.910, 1148.998
2321.838, 1136.147
2323.767, 1125.138
2325.695, 1131.310
2327.624, 1141.259
2329.552, 1145.368
2331.480, 1146.171
2333.409, 1145.242
2335.337, 1144.119
2337.266, 1148.439
2339.194, 1155.066
2341.123, 1151.932
2343.051, 1139.803
2344.980, 1125.473
2346.908, 1108.208
2348.837, 1100.253
2350.765, 1108.725
2352.694, 1111.551
2354.622, 1100.709
2356.551, 1097.858
2358.479, 1112.344
2360.407, 1121.814
2362.336, 1119.276
2364.264, 1112.119
2366.193, 1097.803
2368.121, 1087.536
2370.050, 1094.095
2371.978, 1102.221
2373.907, 1096.510
2375.835, 1084.564
2377.764, 1073.688
2379.692, 1066.149
2381.621, 1070.914
2383.549, 1083.472
2385.478, 1082.466
2387.406, 1070.302
2389.334, 1067.590
2391.263, 1075.743
2393.191, 1077.884
2395.120, 1070.838
2397.048, 1064.587
2398.977, 1061.123
2400.905, 1054.852
2402.834, 1041.863
2404.762, 1034.099
2406.691, 1035.713
2408.619, 1039.252
2410.548, 1043.372
2412.476, 1046.649
2414.405, 1049.172
2416.333, 1049.636
2418.261, 1045.860
2420.190, 1041.089
2422.118, 1035.020
2424.047, 1032.362
2425.975, 1045.520
2427.904, 1061.831
2429.832, 1054.895
2431.761, 1035.461
2433.689, 1030.749
2435.618, 1037.058
2437.546, 1035.846
2439.475, 1027.272
2441.403, 1022.331
2443.332, 1021.007
2445.260, 1025.168
2447.188, 1036.364
2449.117, 1038.867
2451.045, 1029.175
2452.974, 1022.693
2454.902, 1022.398
2456.831, 1024.338
2458.759, 1032.261
2460.688, 1034.936
2462.616, 1027.676
2464.545, 1018.612
2466.473, 1008.068
2468.402, 999.0682
2470.330, 991.1767
2472.259, 987.6208
2474.187, 996.2593
2476.115, 1002.880
2478.044, 991.8729
2479.972, 978.9336
2481.901, 982.6530
2483.829, 990.4752
2485.758, 985.9782
2487.686, 975.1956
2489.615, 965.4752
2491.543, 958.2507
2493.472, 957.3572
2495.400, 961.1890
2497.329, 966.8235
2499.257, 972.9116
2501.186, 967.8372
2503.114, 951.6413
2505.042, 944.8249
2506.971, 947.1414
2508.899, 949.1832
2510.828, 950.6349
2512.756, 944.5730
2514.685, 925.0313
2516.613, 920.2589
2518.542, 944.2854
2520.470, 954.2366
2522.399, 941.3081
2524.327, 938.3803
2526.256, 955.9673
2528.184, 964.1207
2530.113, 948.5248
2532.041, 938.3408
2533.969, 949.3456
2535.898, 955.7432
2537.826, 946.2123
2539.755, 936.3004
2541.683, 930.9895
2543.612, 927.1245
2545.540, 923.2424
2547.469, 920.6030
2549.397, 920.6009
2551.326, 921.3138
2553.254, 923.7240
2555.183, 923.6182
2557.111, 913.6556
2559.040, 903.5435
2560.968, 902.7563
2562.896, 906.6343
2564.825, 913.8069
2566.753, 919.5529
2568.682, 914.7503
2570.610, 906.5505
2572.539, 909.4516
2574.467, 916.0788
2576.396, 907.8839
2578.324, 892.7552
2580.253, 891.7664
2582.181, 899.9005
2584.110, 905.4854
2586.038, 907.6262
2587.967, 900.0417
2589.895, 885.2346
2591.823, 882.8553
2593.752, 891.1329
2595.680, 890.8499
2597.609, 883.0870
2599.537, 878.3672
2601.466, 877.1190
2603.394, 877.2166
2605.323, 878.8647
2607.251, 879.4083
2609.180, 878.7826
2611.108, 878.0323
2613.037, 877.3252
2614.965, 872.1987
2616.894, 861.0962
2618.822, 856.4047
2620.750, 862.3988
2622.679, 865.6913
2624.607, 864.1470
2626.536, 868.1964
2628.464, 881.2195
2630.393, 883.5245
2632.321, 869.2663
2634.250, 858.2330
2636.178, 854.7938
2638.107, 852.8601
2640.035, 853.2966
2641.964, 851.4948
2643.892, 844.2464
2645.821, 844.8265
2647.749, 860.5965
2649.677, 869.5189
2651.606, 863.1300
2653.534, 854.4733
2655.463, 839.6593
2657.391, 833.9802
2659.320, 843.6548
2661.248, 852.6800
2663.177, 856.8402
2665.105, 860.3605
2667.034, 867.0477
2668.962, 869.1798
2670.891, 860.8568
2672.819, 854.2546
2674.748, 853.1926
2676.676, 851.8157
2678.604, 848.7232
2680.533, 844.2184
2682.461, 834.1567
2684.390, 829.4989
2686.318, 839.3323
2688.247, 846.2164
2690.175, 843.9261
2692.104, 840.6701
2694.032, 839.0344
2695.961, 837.5370
2697.889, 834.9103
2699.818, 833.3571
2701.746, 836.7491
2703.675, 836.3856
2705.603, 827.6313
2707.531, 818.5034
2709.460, 809.9213
2711.388, 805.4656
2713.317, 809.8541
2715.245, 813.6534
2717.174, 809.2330
2719.102, 810.5229
2721.031, 827.8792
2722.959, 839.5246
2724.888, 833.2014
2726.816, 825.4475
2728.745, 820.1940
2730.673, 818.7228
2732.602, 825.2448
2734.530, 829.5522
2736.458, 827.4312
2738.387, 825.4423
2740.315, 826.4752
2742.244, 827.6150
2744.172, 830.2802
2746.101, 828.8011
2748.029, 818.3958
2749.958, 810.1191
2751.886, 806.5525
2753.815, 806.7782
2755.743, 813.3999
2757.672, 818.8542
2759.600, 821.5275
2761.529, 822.1916
2763.457, 821.3372
2765.385, 817.1039
2767.314, 804.4890
2769.242, 799.8572
2771.171, 816.5916
2773.099, 825.7056
2775.028, 818.9229
2776.956, 813.2281
2778.885, 810.8586
2780.813, 811.0648
2782.742, 815.2208
2784.670, 817.8021
2786.599, 815.8223
2788.527, 816.4764
2790.456, 821.4313
2792.384, 823.9548
2794.313, 823.0901
2796.241, 819.6501
2798.169, 809.8622
2800.098, 809.6700
2802.026, 823.3742
2803.955, 831.3254
2805.883, 832.0195
2807.812, 832.5385
2809.740, 833.6947
2811.669, 834.1152
2813.597, 834.6732
2815.526, 827.7427
2817.454, 812.7103
2819.383, 809.3300
2821.311, 817.7666
2823.240, 823.5320
2825.168, 825.9963
2827.096, 825.7155
2829.025, 822.8910
2830.953, 823.4448
2832.882, 826.8639
2834.810, 830.9006
2836.739, 835.2033
2838.667, 838.5300
2840.596, 841.0306
2842.524, 842.8165
2844.453, 844.4824
2846.381, 849.0765
2848.310, 854.1638
2850.238, 852.7159
2852.167, 849.6409
2854.095, 858.2427
2856.023, 868.1219
2857.952, 860.1206
2859.880, 845.6796
2861.809, 834.3182
2863.737, 828.5721
2865.666, 832.3707
2867.594, 841.8002
2869.523, 856.5784
2871.451, 871.1063
2873.380, 885.1111
2875.308, 892.3246
2877.237, 880.8429
2879.165, 872.3779
2881.094, 882.6898
2883.022, 893.6979
2884.950, 899.3713
2886.879, 902.5117
2888.807, 903.0045
2890.736, 903.2469
2892.664, 900.5079
2894.593, 905.1614
2896.521, 922.1999
2898.450, 935.5858
2900.378, 940.3897
2902.307, 944.8264
2904.235, 950.3418
2906.164, 955.1243
2908.092, 959.9335
2910.021, 952.4716
2911.949, 929.1196
2913.877, 925.8513
2915.806, 945.8306
2917.734, 962.3287
2919.663, 974.8433
2921.591, 973.2294
2923.520, 962.1124
2925.448, 970.6487
2927.377, 991.0676
2929.305, 990.0427
2931.234, 978.7341
2933.162, 987.6157
2935.091, 1005.401
2937.019, 1016.362
2938.948, 1022.384
2940.876, 1021.929
2942.804, 1022.538
2944.733, 1036.835
2946.661, 1049.020
2948.590, 1043.471
2950.518, 1036.680
2952.447, 1039.873
2954.375, 1043.105
2956.304, 1036.925
2958.232, 1041.575
2960.161, 1081.168
2962.089, 1103.492
2964.018, 1080.605
2965.946, 1071.042
2967.875, 1083.106
2969.803, 1098.400
2971.731, 1115.113
2973.660, 1130.192
2975.588, 1144.404
2977.517, 1149.708
2979.445, 1147.036
2981.374, 1158.229
2983.302, 1180.570
2985.231, 1181.754
2987.159, 1169.187
2989.088, 1172.608
2991.016, 1188.158
2992.945, 1213.848
2994.873, 1238.984
2996.802, 1243.746
2998.730, 1243.129
3000.658, 1254.104
3002.587, 1268.263
3004.515, 1275.707
3006.444, 1289.360
3008.372, 1327.776
3010.301, 1356.359
3012.229, 1354.483
3014.158, 1359.223
3016.086, 1385.734
3018.015, 1407.907
3019.943, 1414.450
3021.872, 1427.029
3023.800, 1446.296
3025.729, 1474.461
3027.657, 1512.225
3029.585, 1540.210
3031.514, 1558.140
3033.442, 1567.500
3035.371, 1573.712
3037.299, 1604.692
3039.228, 1647.538
3041.156, 1672.728
3043.085, 1691.307
3045.013, 1723.703
3046.942, 1755.176
3048.870, 1765.497
3050.799, 1778.225
3052.727, 1816.359
3054.656, 1852.510
3056.584, 1874.591
3058.512, 1893.008
3060.441, 1908.223
3062.369, 1927.833
3064.298, 1960.729
3066.226, 1974.688
3068.155, 1964.508
3070.083, 1978.626
3072.012, 2022.965
3073.940, 2067.680
3075.869, 2111.454
3077.797, 2140.630
3079.726, 2159.239
3081.654, 2170.584
3083.583, 2187.063
3085.511, 2241.540
3087.439, 2300.064
3089.368, 2318.096
3091.296, 2334.765
3093.225, 2383.344
3095.153, 2429.027
3097.082, 2442.147
3099.010, 2474.417
3100.939, 2544.180
3102.867, 2610.632
3104.796, 2657.899
3106.724, 2717.363
3108.653, 2789.544
3110.581, 2877.063
3112.510, 2977.986
3114.438, 3070.126
3116.366, 3156.450
3118.295, 3243.356
3120.223, 3338.095
3122.152, 3455.870
3124.080, 3585.704
3126.009, 3723.584
3127.937, 3855.935
3129.866, 3958.941
3131.794, 4079.465
3133.723, 4244.745
3135.651, 4421.396
3137.580, 4611.042
3139.508, 4787.028
3141.437, 4947.621
3143.365, 5088.010
3145.293, 5206.480
3147.222, 5349.480
3149.150, 5508.935
3151.079, 5629.333
3153.007, 5715.322
3154.936, 5771.050
3156.864, 5808.333
3158.793, 5848.069
3160.721, 5868.562
3162.650, 5850.176
3164.578, 5816.157
3166.507, 5780.965
3168.435, 5724.137
3170.364, 5639.606
3172.292, 5544.100
3174.220, 5440.534
3176.149, 5316.633
3178.077, 5171.603
3180.006, 5053.866
3181.934, 4954.397
3183.863, 4836.878
3185.791, 4710.728
3187.720, 4592.417
3189.648, 4477.312
3191.577, 4354.989
3193.505, 4241.801
3195.434, 4152.569
3197.362, 4066.010
3199.291, 3972.274
3201.219, 3894.620
3203.147, 3848.558
3205.076, 3767.420
3207.004, 3643.480
3208.933, 3574.261
3210.861, 3548.441
3212.790, 3509.925
3214.718, 3462.596
3216.647, 3413.644
3218.575, 3364.380
3220.504, 3318.499
3222.432, 3269.045
3224.361, 3202.737
3226.289, 3147.912
3228.218, 3114.052
3230.146, 3084.898
3232.074, 3059.675
3234.003, 3026.168
3235.931, 2983.961
3237.860, 2964.852
3239.788, 2960.440
3241.717, 2941.574
3243.645, 2910.735
3245.574, 2861.893
3247.502, 2816.829
3249.431, 2801.370
3251.359, 2782.862
3253.288, 2739.997
3255.216, 2699.064
3257.145, 2663.164
3259.073, 2639.839
3261.001, 2634.699
3262.930, 2609.234
3264.858, 2566.627
3266.787, 2524.271
3268.715, 2483.904
3270.644, 2452.049
3272.572, 2419.289
3274.501, 2372.332
3276.429, 2325.995
3278.358, 2290.990
3280.286, 2253.819
3282.215, 2211.089
3284.143, 2165.855
3286.072, 2117.843
3288.000, 2081.921
3289.928, 2057.126
3291.857, 2034.047
3293.785, 2010.092
3295.714, 1982.275
3297.642, 1948.641
3299.571, 1897.044
3301.499, 1855.711
3303.428, 1845.815
3305.356, 1829.052
3307.285, 1785.998
3309.213, 1757.973
3311.142, 1746.360
3313.070, 1728.863
3314.999, 1706.163
3316.927, 1685.315
3318.855, 1666.012
3320.784, 1650.086
3322.712, 1631.860
3324.641, 1600.169
3326.569, 1577.297
3328.498, 1575.656
3330.426, 1564.674
3332.355, 1533.421
3334.283, 1506.379
3336.212, 1484.422
3338.140, 1480.677
3340.069, 1482.379
3341.997, 1452.964
3343.926, 1418.141
3345.854, 1407.460
3347.782, 1401.307
3349.711, 1389.302
3351.639, 1380.443
3353.568, 1378.258
3355.496, 1365.411
3357.425, 1340.160
3359.353, 1335.235
3361.282, 1343.362
3363.210, 1338.527
3365.139, 1325.818
3367.067, 1306.380
3368.996, 1289.710
3370.924, 1284.164
3372.853, 1275.684
3374.781, 1259.764
3376.709, 1240.700
3378.638, 1218.607
3380.566, 1204.382
3382.495, 1196.276
3384.423, 1192.043
3386.352, 1183.519
3388.280, 1148.069
3390.209, 1121.236
3392.137, 1134.492
3394.066, 1139.959
3395.994, 1126.281
3397.923, 1113.236
3399.851, 1102.793
3401.780, 1089.827
3403.708, 1075.992
3405.636, 1067.947
3407.565, 1061.560
3409.493, 1054.104
3411.422, 1043.379
3413.350, 1026.309
3415.279, 1012.600
3417.207, 1006.113
3419.136, 996.8226
3421.064, 985.2848
3422.993, 984.6636
3424.921, 986.6340
3426.850, 971.8488
3428.778, 953.1307
3430.707, 939.0669
3432.635, 929.5710
3434.563, 929.1600
3436.492, 921.4000
3438.420, 904.7433
3440.349, 907.1136
3442.277, 920.3445
3444.206, 893.9474
3446.134, 863.0406
3448.063, 883.1122
3449.991, 902.5582
3451.920, 884.8277
3453.848, 868.8330
3455.777, 861.4357
3457.705, 852.5865
3459.634, 842.0073
3461.562, 844.9807
3463.490, 849.2626
3465.419, 825.3244
3467.347, 802.7855
3469.276, 812.0499
3471.204, 819.0925
3473.133, 813.6132
3475.061, 804.5044
3476.990, 792.4804
3478.918, 794.7441
3480.847, 802.4830
3482.775, 789.3893
3484.704, 772.0140
3486.632, 765.4825
3488.561, 762.8938
3490.489, 764.6351
3492.417, 761.9360
3494.346, 754.2110
3496.274, 745.8621
3498.203, 738.7745
3500.131, 743.1936
3502.060, 746.0610
3503.988, 730.0477
3505.917, 715.1927
3507.845, 710.8345
3509.774, 711.1261
3511.702, 715.9521
3513.631, 703.0399
3515.559, 679.2913
3517.488, 677.7813
3519.416, 681.0316
3521.344, 668.6651
3523.273, 656.4903
3525.201, 650.4351
3527.130, 647.5563
3529.058, 648.7307
3530.987, 638.5084
3532.915, 621.8254
3534.844, 616.1856
3536.772, 613.2616
3538.701, 601.2745
3540.629, 595.0304
3542.558, 603.9973
3544.486, 602.6418
3546.415, 587.5910
3548.343, 576.5246
3550.271, 570.2970
3552.200, 574.7473
3554.128, 577.2498
3556.057, 564.4844
3557.985, 551.9305
3559.914, 544.2086
3561.842, 541.1868
3563.771, 542.4571
3565.699, 546.7910
3567.628, 549.1537
3569.556, 534.7745
3571.485, 521.3714
3573.413, 523.5721
3575.342, 522.9023
3577.270, 515.4824
3579.198, 508.2527
3581.127, 502.7792
3583.055, 506.1752
3584.984, 512.1717
3586.912, 515.5585
3588.841, 513.0556
3590.769, 497.3901
3592.698, 488.8783
3594.626, 489.0847
3596.555, 488.0533
3598.483, 484.9786
3600.412, 476.5103
3602.340, 468.3461
3604.269, 467.0880
3606.197, 462.6971
3608.125, 452.1514
3610.054, 447.1192
3611.982, 447.1832
3613.911, 441.7502
3615.839, 434.4442
3617.768, 428.8714
3619.696, 425.4817
3621.625, 424.1953
3623.553, 427.5202
3625.482, 436.5821
3627.410, 427.1987
3629.339, 407.7057
3631.267, 395.7749
3633.196, 388.9406
3635.124, 390.3256
3637.052, 385.8383
3638.981, 371.7971
3640.909, 359.6302
3642.838, 350.1671
3644.766, 344.0751
3646.695, 342.7550
3648.623, 355.3483
3650.552, 357.5532
3652.480, 338.3690
3654.409, 332.7405
3656.337, 341.4555
3658.266, 338.2064
3660.194, 330.1118
3662.123, 325.5211
3664.051, 323.7066
3665.979, 325.4661
3667.908, 323.7073
3669.836, 317.3145
3671.765, 311.0909
3673.693, 306.3213
3675.622, 307.2284
3677.550, 306.5545
3679.479, 298.3411
3681.407, 294.9886
3683.336, 299.8046
3685.264, 302.4087
3687.193, 303.2106
3689.121, 302.8366
3691.050, 302.4361
3692.978, 304.3317
3694.906, 301.2498
3696.835, 288.8978
3698.763, 287.5674
3700.692, 293.3546
3702.620, 297.1922
3704.549, 298.1051
3706.477, 296.2516
3708.406, 287.5424
3710.334, 266.6001
3712.263, 266.3123
3714.191, 279.4851
3716.120, 285.5572
3718.048, 285.3373
3719.977, 275.6068
3721.905, 269.1521
3723.833, 270.2559
3725.762, 264.6342
3727.690, 256.8493
3729.619, 264.6208
3731.547, 275.1375
3733.476, 279.5144
3735.404, 278.6243
3737.333, 271.4850
3739.261, 263.7964
3741.190, 257.7636
3743.118, 260.9586
3745.047, 266.3630
3746.975, 269.6682
3748.904, 270.7203
3750.832, 268.9650
3752.760, 270.8428
3754.689, 272.6110
3756.617, 263.0410
3758.546, 251.5014
3760.474, 241.2418
3762.403, 241.2199
3764.331, 254.5922
3766.260, 253.0735
3768.188, 245.3345
3770.117, 247.8141
3772.045, 254.2104
3773.974, 265.0880
3775.902, 262.2352
3777.831, 243.7534
3779.759, 230.0619
3781.688, 225.2613
3783.616, 241.9814
3785.544, 251.8118
3787.473, 241.3148
3789.401, 239.5197
3791.330, 247.2809
3793.258, 251.2712
3795.187, 252.5625
3797.115, 250.8603
3799.044, 250.7043
3800.972, 253.4447
3802.901, 253.0550
3804.829, 250.7440
3806.758, 253.8361
3808.686, 254.7617
3810.615, 242.3486
3812.543, 240.7269
3814.471, 252.5277
3816.400, 258.3258
3818.328, 257.7210
3820.257, 245.5590
3822.185, 236.3778
3824.114, 239.5533
3826.042, 242.8186
3827.971, 245.6877
3829.899, 251.8657
3831.828, 255.2384
3833.756, 245.7472
3835.685, 239.1509
3837.613, 241.3840
3839.542, 243.5395
3841.470, 245.1173
3843.398, 246.4498
3845.327, 244.3708
3847.255, 234.5880
3849.184, 231.3895
3851.112, 236.6076
3853.041, 243.0529
3854.969, 246.8822
3856.898, 239.1501
3858.826, 233.3934
3860.755, 233.7448
3862.683, 239.5896
3864.612, 248.5130
3866.540, 253.8937
3868.469, 253.6906
3870.397, 242.5000
3872.325, 235.8661
3874.254, 236.4395
3876.182, 239.1373
3878.111, 241.6439
3880.039, 240.4549
3881.968, 238.7234
3883.896, 236.9334
3885.825, 241.6105
3887.753, 248.8172
3889.682, 240.2644
3891.610, 231.4891
3893.539, 235.6799
3895.467, 236.8420
3897.396, 233.4232
3899.324, 233.6213
3901.252, 235.7248
3903.181, 238.0743
3905.109, 238.1093
3907.038, 233.5885
3908.966, 233.3910
3910.895, 235.5487
3912.823, 232.3425
3914.752, 229.1671
3916.680, 228.0430
3918.609, 228.9976
3920.537, 232.3609
3922.466, 229.6691
3924.394, 226.7386
3926.323, 231.5896
3928.251, 234.1797
3930.179, 231.6713
3932.108, 230.5629
3934.036, 230.6992
3935.965, 229.5977
3937.893, 231.0282
3939.822, 237.3229
3941.750, 237.2686
3943.679, 232.8204
3945.607, 234.5545
3947.536, 235.6902
3949.464, 228.9839
3951.393, 218.4572
3953.321, 211.1508
3955.250, 221.1518
3957.178, 230.5573
3959.106, 225.1101
3961.035, 219.0709
3962.963, 215.6020
3964.892, 217.8504
3966.820, 222.4168
3968.749, 229.0891
3970.677, 230.7970
3972.606, 223.3290
3974.534, 222.1794
3976.463, 224.1720
3978.391, 217.8672
3980.320, 215.9680
3982.248, 223.6724
3984.177, 225.9984
3986.105, 221.8258
3988.033, 217.6521
3989.962, 217.3088
3991.890, 215.7970
3993.819, 214.8552
3995.747, 215.0619
3997.676, 214.8392
3999.604, 215.3836
4001.533, 213.8907
4003.461, 214.8352
4005.390, 215.6673
4007.318, 217.6138
4009.247, 219.6485
4011.175, 220.8507
4013.104, 221.9529
4015.032, 216.9526
4016.960, 218.5452
4018.889, 221.6095
4020.817, 219.1576
4022.746, 217.2484
4024.674, 212.3770
4026.603, 209.5634
4028.531, 210.4569
4030.460, 214.2690
4032.388, 217.6857
4034.317, 216.1568
4036.245, 210.9899
4038.174, 208.1656
4040.102, 209.9613
4042.031, 210.6552
4043.959, 207.3666
4045.887, 206.2401
4047.816, 209.0625
4049.744, 215.1981
4051.673, 215.8745
4053.601, 213.1045
4055.530, 211.8353
4057.458, 209.0453
4059.387, 210.1677
4061.315, 212.6915
4063.244, 209.5622
4065.172, 210.9677
4067.101, 214.3762
4069.029, 212.1288
4070.958, 205.8792
4072.886, 197.7217
4074.814, 203.4619
4076.743, 210.5985
4078.671, 201.5570
4080.600, 200.2167
4082.528, 204.4850
4084.457, 199.6856
4086.385, 196.3853
4088.314, 207.2546
4090.242, 213.1955
4092.171, 210.0027
4094.099, 207.1669
4096.027, 204.0380
4097.956, 197.1965
4099.884, 197.4901
4101.813, 204.5355
4103.741, 207.9102
4105.670, 209.5677
4107.598, 210.8942
4109.527, 210.3776
4111.455, 207.7548
4113.384, 201.9616
4115.312, 196.9097
4117.241, 198.9515
4119.169, 200.7241
4121.098, 201.0108
4123.026, 204.3884
4124.955, 209.3848
4126.883, 217.7024
4128.812, 218.2579
4130.740, 206.1243
4132.668, 205.3109
4134.597, 210.2631
4136.525, 215.8371
4138.454, 219.2224
4140.382, 216.7854
4142.311, 218.0209
4144.239, 220.3921
4146.167, 217.7162
4148.096, 216.3822
4150.024, 218.0749
4151.953, 212.3783
4153.881, 206.1904
4155.810, 212.2666
4157.738, 217.0811
4159.667, 218.4213
4161.595, 212.5700
4163.524, 203.8766
4165.452, 210.5036
4167.381, 215.4965
4169.309, 207.1777
4171.238, 204.0813
4173.166, 206.3841
4175.095, 202.1138
4177.023, 198.7723
4178.952, 201.7552
4180.880, 200.7233
4182.809, 197.0592
4184.737, 198.8165
4186.666, 200.9243
4188.594, 202.1602
4190.522, 202.2337
4192.451, 201.9703
4194.379, 196.6726
4196.308, 195.6899
4198.236, 210.7274
4200.165, 205.9653
4202.093, 192.0771
4204.021, 193.4650
4205.950, 197.7870
4207.878, 207.0538
4209.807, 207.8282
4211.735, 201.9268
4213.664, 199.6771
4215.592, 198.4503
4217.521, 198.2828
4219.449, 199.6813
4221.378, 201.0954
4223.306, 204.2260
4225.235, 203.9552
4227.163, 198.8923
4229.092, 195.3741
4231.020, 196.3910
4232.949, 211.6313
4234.877, 215.0613
4236.806, 203.2976
4238.734, 208.1417
4240.663, 212.9160
4242.591, 194.3503
4244.520, 188.0912
4246.448, 196.9321
4248.376, 207.5730
4250.305, 212.7364
4252.233, 203.0863
4254.162, 197.5112
4256.090, 198.0044
4258.019, 208.8836
4259.947, 216.6290
4261.875, 212.0787
4263.804, 207.4712
4265.732, 205.1113
4267.661, 211.4379
4269.589, 214.1776
4271.518, 207.7094
4273.446, 201.4688
4275.375, 197.8051
4277.303, 200.9290
4279.232, 204.9135
4281.160, 208.1857
4283.089, 206.3360
4285.017, 202.4550
4286.946, 198.1370
4288.874, 200.3844
4290.803, 208.2077
4292.731, 200.4704
4294.660, 192.9870
4296.588, 202.4054
4298.517, 201.5505
4300.445, 193.1366
4302.374, 192.8444
4304.302, 195.6783
4306.230, 201.4605
4308.159, 199.8182
4310.087, 195.1130
4312.016, 196.5133
4313.944, 196.6682
4315.873, 193.0659
4317.801, 198.3183
4319.729, 203.9650
4321.658, 198.4403
4323.586, 194.1501
4325.515, 192.8916
4327.443, 198.3466
4329.372, 202.6867
4331.300, 199.8381
4333.229, 200.3020
4335.157, 202.8486
4337.086, 201.1518
4339.014, 203.1246
4340.943, 212.0731
4342.871, 211.9400
4344.800, 208.1241
4346.728, 206.9311
4348.657, 206.5283
4350.585, 206.1492
4352.514, 199.6137
4354.442, 196.0971
4356.371, 201.4736
4358.299, 212.1041
4360.228, 221.2419
4362.156, 210.0393
4364.084, 200.0225
4366.013, 197.5440
4367.941, 198.9273
4369.870, 201.2458
4371.798, 201.5600
4373.727, 201.1396
4375.655, 200.9576
4377.583, 205.7601
4379.512, 209.7980
4381.440, 209.7507
4383.369, 206.3698
4385.297, 202.4147
4387.226, 203.5583
4389.154, 205.1188
4391.083, 205.9091
4393.011, 200.9977
4394.940, 194.4910
4396.868, 187.5941
4398.797, 190.5526
4400.725, 200.7754
4402.654, 213.8153
4404.582, 212.8702
4406.511, 191.7456
4408.439, 191.3935
4410.368, 197.7814
4412.296, 194.0974
4414.225, 195.4365
4416.153, 200.8902
4418.082, 198.4861
4420.010, 192.7840
4421.938, 185.3129
4423.867, 187.1336
4425.795, 192.7575
4427.724, 194.2700
4429.652, 194.8192
4431.581, 195.4594
4433.509, 201.2799
4435.438, 204.4484
4437.366, 198.1850
4439.294, 198.7425
4441.223, 201.9230
4443.151, 200.8678
4445.080, 196.5163
4447.008, 189.8920
4448.937, 189.4087
4450.865, 193.3047
4452.794, 201.4565
4454.722, 203.4441
4456.651, 199.7608
4458.579, 189.4152
4460.508, 183.1701
4462.436, 182.8247
4464.365, 186.1461
4466.293, 191.7784
4468.222, 202.1390
4470.150, 200.6348
4472.079, 194.1671
4474.007, 193.9860
4475.936, 195.4236
4477.864, 197.3837
4479.792, 198.1562
4481.721, 195.6410
4483.649, 188.2325
4485.578, 189.5285
4487.506, 195.5593
4489.435, 203.7002
4491.363, 201.3988
4493.292, 191.6311
4495.220, 194.4878
4497.148, 194.4869
4499.077, 181.8703
4501.005, 187.8539
4502.934, 198.8090
4504.862, 200.6418
4506.791, 198.3761
4508.719, 194.0547
4510.648, 192.3759
4512.576, 189.2894
4514.505, 184.2346
4516.433, 187.0686
4518.362, 190.2323
4520.290, 187.5026
4522.219, 186.2198
4524.147, 187.3201
4526.076, 193.4711
4528.004, 195.2508
4529.933, 192.1171
4531.861, 196.5203
4533.790, 200.5154
4535.718, 200.4154
4537.646, 196.8946
4539.575, 192.8613
4541.503, 190.2919
4543.432, 194.5992
4545.360, 201.6103
4547.289, 198.5375
4549.217, 193.3974
4551.146, 188.7048
4553.074, 186.3775
4555.002, 186.1693
4556.931, 188.8533
4558.859, 186.1344
4560.788, 182.3731
4562.716, 185.3556
4564.645, 184.6981
4566.573, 181.1332
4568.502, 183.8327
4570.430, 184.2296
4572.359, 179.2051
4574.287, 178.3200
4576.216, 181.0645
4578.144, 189.1721
4580.073, 186.5326
4582.001, 181.5397
4583.930, 191.7447
4585.858, 188.6533
4587.787, 175.1470
4589.715, 176.0735
4591.644, 180.5779
4593.572, 184.7512
4595.500, 184.6776
4597.429, 182.7477
4599.357, 179.4321
4601.286, 185.6554
4603.214, 192.1423
4605.143, 182.7602
4607.071, 185.5249
4609.000, 195.3225
4610.928, 183.1834
4612.856, 177.7752
4614.785, 186.3430
4616.713, 190.5461
4618.642, 193.8105
4620.570, 198.7024
4622.499, 189.5889
4624.427, 179.0136
4626.356, 179.9657
4628.284, 180.9993
4630.213, 181.0106
4632.141, 180.4473
4634.070, 179.2352
4635.998, 177.4792
4637.927, 174.0822
4639.855, 175.4628
4641.784, 183.1286
4643.712, 186.6225
4645.641, 186.9063
4647.569, 184.7742
4649.498, 178.7299
4651.426, 174.5212
4653.354, 181.4004
4655.283, 184.3074
4657.211, 183.3491
4659.140, 178.8918
4661.068, 182.0768
4662.997, 190.5619
4664.925, 188.2102
4666.854, 181.8439
4668.782, 174.1581
4670.710, 178.8660
4672.639, 184.3308
4674.567, 183.9679
4676.496, 190.1283
4678.424, 193.1517
4680.353, 180.8803
4682.281, 179.3197
4684.210, 182.4516
4686.138, 174.3922
4688.067, 176.7895
4689.995, 185.0517
4691.924, 172.6037
4693.852, 172.7507
4695.781, 187.0020
4697.709, 187.3883
4699.638, 183.6937
4701.566, 179.8614
4703.495, 177.3896
4705.423, 175.3055
4707.352, 172.9162
4709.280, 184.0091
4711.208, 191.4751
4713.137, 172.6758
4715.065, 173.3713
4716.994, 181.1813
4718.922, 174.6510
4720.851, 168.5500
4722.779, 166.0997
4724.708, 171.6631
4726.636, 178.1264
4728.564, 182.9346
4730.493, 181.4116
4732.421, 178.1847
4734.350, 175.4547
4736.278, 188.5249
4738.207, 190.0832
4740.135, 172.6811
4742.064, 176.9985
4743.992, 185.3286
4745.921, 186.7537
4747.849, 179.0639
4749.778, 173.7131
4751.706, 180.5582
4753.635, 174.9106
4755.563, 167.2895
4757.492, 175.1000
4759.420, 173.1434
4761.349, 168.8797
4763.277, 178.3913
4765.206, 182.2533
4767.134, 181.5063
4769.063, 184.8779
4770.991, 185.7545
4772.919, 183.0233
4774.848, 175.4945
4776.776, 168.7494
4778.705, 165.5340
4780.633, 175.6927
4782.562, 181.3989
4784.490, 177.6168
4786.418, 174.1208
4788.347, 172.2529
4790.275, 172.3123
4792.204, 171.0275
4794.132, 171.1521
4796.061, 174.7544
4797.989, 173.1082
4799.918, 171.2325
4801.846, 172.2884
4803.775, 171.4220
4805.703, 171.1253
4807.632, 173.6189
4809.560, 179.6623
4811.489, 182.0723
4813.417, 172.5148
4815.346, 173.1904
4817.274, 177.0349
4819.203, 172.6344
4821.131, 173.3642
4823.060, 175.6724
4824.988, 173.0870
4826.917, 170.9216
4828.845, 170.2161
4830.773, 171.8951
4832.702, 174.9813
4834.630, 176.2227
4836.559, 165.8947
4838.487, 171.8373
4840.416, 185.3759
4842.344, 177.7150
4844.272, 170.6606
4846.201, 167.9728
4848.129, 171.1117
4850.058, 170.1244
4851.986, 167.4433
4853.915, 179.6224
4855.843, 176.5576
4857.772, 161.0314
4859.700, 168.4550
4861.629, 169.6123
4863.557, 163.8306
4865.486, 172.7150
4867.414, 178.7123
4869.343, 177.9532
4871.271, 170.3350
4873.200, 168.5166
4875.128, 172.5475
4877.057, 168.4478
4878.985, 168.9315
4880.914, 175.0983
4882.842, 174.2593
4884.771, 169.6986
4886.699, 164.5158
4888.627, 171.5615
4890.556, 171.8312
4892.484, 164.3269
4894.413, 177.9850
4896.341, 182.6888
4898.270, 173.6866
4900.198, 171.6727
4902.126, 169.9989
4904.055, 167.1358
4905.983, 162.3668
4907.912, 164.4249
4909.840, 172.6156
4911.769, 170.2280
4913.697, 171.9449
4915.626, 177.0374
4917.554, 167.2007
4919.483, 160.1184
4921.411, 160.0264
4923.340, 167.6632
4925.268, 173.8666
4927.197, 175.8876
4929.125, 169.6812
4931.054, 167.6548
4932.982, 170.6475
4934.911, 174.1676
4936.839, 175.8396
4938.768, 175.8958
4940.696, 176.2991
4942.625, 176.0697
4944.553, 173.9369
4946.481, 165.2419
4948.410, 161.0883
4950.338, 162.5643
4952.267, 170.3351
4954.195, 173.1743
4956.124, 170.9776
4958.052, 163.4926
4959.980, 165.0084
4961.909, 168.7945
4963.837, 161.7127
4965.766, 165.2624
4967.694, 169.9624
4969.623, 159.9080
4971.551, 167.8049
4973.480, 178.0252
4975.408, 169.0495
4977.337, 174.2743
4979.265, 180.7553
4981.194, 177.5756
4983.122, 171.3835
4985.051, 168.3870
4986.979, 172.5316
4988.908, 185.8012
4990.836, 190.0293
4992.765, 177.2846
4994.693, 174.4564
4996.622, 177.0741
4998.550, 181.6865
5000.479, 177.8213
5002.407, 171.7162
5004.335, 166.4302
5006.264, 166.4470
5008.192, 171.3076
5010.121, 177.3976
5012.049, 172.5177
5013.978, 167.9447
5015.906, 166.0975
5017.834, 168.5444
5019.763, 167.2052
5021.691, 164.9207
5023.620, 169.7611
5025.548, 166.7087
5027.477, 163.1995
5029.405, 173.9627
5031.334, 174.9406
5033.262, 170.5617
5035.191, 164.9318
5037.119, 172.3020
5039.048, 177.5228
5040.976, 170.7745
5042.905, 163.9931
5044.833, 160.9908
5046.762, 163.0676
5048.690, 165.1458
5050.619, 166.6287
5052.547, 168.5450
5054.476, 180.1265
5056.404, 178.2900
5058.333, 167.5646
5060.261, 179.8637
5062.189, 178.4409
5064.118, 168.0713
5066.046, 165.5121
5067.975, 174.6466
5069.903, 181.6439
5071.832, 168.6210
5073.760, 163.0850
5075.688, 164.9511
5077.617, 173.7279
5079.545, 178.4626
5081.474, 181.9504
5083.402, 184.6573
5085.331, 177.5153
5087.259, 171.8663
5089.188, 170.8483
5091.116, 172.3089
5093.045, 171.1494
5094.973, 168.2454
5096.902, 167.6213
5098.830, 168.8088
5100.759, 171.0037
5102.687, 174.9369
5104.616, 166.4880
5106.544, 161.6243
5108.473, 174.0405
5110.401, 178.3561
5112.330, 176.3088
5114.258, 170.0901
5116.187, 165.4812
5118.115, 165.0437
5120.043, 167.1929
5121.972, 161.6687
5123.900, 161.4491
5125.829, 163.9052
5127.757, 159.3756
5129.686, 160.4567
5131.614, 162.4585
5133.542, 158.5075
5135.471, 162.1765
5137.399, 166.0673
5139.328, 165.5676
5141.256, 158.4773
5143.185, 157.4363
5145.113, 162.7593
5147.042, 158.9117
5148.970, 157.5793
5150.899, 159.8516
5152.827, 164.6185
5154.756, 167.1211
5156.684, 165.7594
5158.613, 158.9901
5160.541, 166.5220
5162.470, 173.9311
5164.398, 173.2747
5166.327, 171.1532
5168.255, 165.7966
5170.184, 159.5791
5172.112, 164.8039
5174.041, 165.0881
5175.969, 162.4719
5177.897, 163.6551
5179.826, 170.1022
5181.754, 174.2593
5183.683, 170.1276
5185.611, 166.0098
5187.540, 164.3985
5189.468, 165.5313
5191.396, 165.1993
5193.325, 167.0203
5195.253, 170.1321
5197.182, 171.9256
5199.110, 171.4189
5201.039, 168.9583
5202.967, 162.8933
5204.896, 170.1488
5206.824, 174.3343
5208.753, 169.9567
5210.681, 170.4080
5212.610, 165.7736
5214.538, 160.2118
5216.467, 169.2287
5218.395, 173.6355
5220.324, 170.4732
5222.252, 156.6269
5224.181, 158.4066
5226.109, 164.4907
5228.038, 168.9893
5229.966, 169.1996
5231.895, 172.3664
5233.823, 174.7643
5235.751, 162.7808
5237.680, 161.8193
5239.608, 163.5725
5241.537, 159.4825
5243.465, 151.7599
5245.394, 156.9097
5247.322, 173.1994
5249.250, 167.9515
5251.179, 162.9682
5253.107, 162.5433
5255.036, 170.2516
5256.964, 161.3840
5258.893, 156.8842
5260.821, 169.1691
5262.750, 175.9765
5264.678, 174.7985
5266.607, 168.4645
5268.535, 165.6765
5270.464, 156.9289
5272.392, 152.5445
5274.321, 166.4037
5276.249, 177.3494
5278.178, 177.9210
5280.106, 168.9915
5282.035, 170.2047
5283.963, 170.3279
5285.892, 169.6190
5287.820, 171.5324
5289.749, 177.8141
5291.677, 174.4937
5293.605, 155.1892
5295.534, 160.6360
5297.462, 163.4542
5299.391, 163.7831
5301.319, 179.6694
5303.248, 174.0233
5305.176, 162.0777
5307.104, 158.7516
5309.033, 166.5247
5310.961, 171.6062
5312.890, 171.6909
5314.818, 172.3242
5316.747, 184.7854
5318.675, 186.6911
5320.604, 158.5792
5322.532, 174.7561
5324.461, 182.0840
5326.389, 166.7704
5328.318, 156.7841
5330.246, 160.0074
5332.175, 165.6981
5334.103, 161.2928
5336.032, 158.6098
5337.960, 158.7950
5339.889, 162.1482
5341.817, 170.7666
5343.746, 174.8147
5345.674, 174.0108
5347.603, 168.1811
5349.531, 176.7828
5351.459, 173.7530
5353.388, 157.1472
5355.316, 164.3495
5357.245, 175.3757
5359.173, 177.5089
5361.102, 161.9682
5363.030, 164.4330
5364.958, 168.2720
5366.887, 167.2016
5368.815, 166.1311
5370.744, 165.2164
5372.672, 163.7397
5374.601, 160.8679
5376.529, 166.5312
5378.458, 161.4052
5380.386, 151.7928
5382.315, 175.4261
5384.243, 174.0336
5386.172, 162.0857
5388.100, 156.3364
5390.029, 166.4066
5391.957, 166.5274
5393.886, 160.2746
5395.814, 172.8672
5397.743, 169.7040
5399.671, 165.2678
5401.600, 169.5425
5403.528, 177.9269
5405.457, 179.4028
5407.385, 174.4555
5409.313, 165.6154
5411.242, 163.0258
5413.170, 164.4277
5415.099, 166.7829
5417.027, 159.9624
5418.956, 162.6288
5420.884, 170.5747
5422.813, 176.4884
5424.741, 167.5946
5426.669, 162.4572
5428.598, 164.9489
5430.526, 171.0210
5432.455, 175.9337
5434.383, 175.6783
5436.312, 168.8205
5438.240, 160.9267
5440.169, 163.6999
5442.097, 168.0309
5444.026, 159.9886
5445.954, 156.6192
5447.883, 160.5686
5449.811, 168.3880
5451.740, 168.5717
5453.668, 171.8408
5455.597, 173.4607
5457.525, 169.7639
5459.454, 170.3374
5461.382, 171.5060
5463.311, 171.1206
5465.239, 167.6724
5467.167, 150.7814
5469.096, 157.4116
5471.024, 182.4924
5472.953, 167.0940
5474.881, 164.6434
5476.810, 165.4099
5478.738, 160.0517
5480.667, 171.9222
5482.595, 166.8343
5484.523, 156.4423
5486.452, 164.5596
5488.380, 168.7249
5490.309, 169.5296
5492.237, 170.0224
5494.166, 175.7142
5496.094, 181.9724
5498.023, 181.2710
5499.951, 172.0526
5501.880, 165.8211
5503.808, 158.0200
5505.737, 155.1300
5507.665, 163.7730
5509.594, 169.7572
5511.522, 167.1382
5513.451, 163.4993
5515.379, 172.2212
5517.308, 171.5099
5519.236, 169.2104
5521.165, 167.9057
5523.093, 162.9123
5525.021, 169.7158
5526.950, 171.7717
5528.878, 163.1432
5530.807, 177.6620
5532.735, 171.3433
5534.664, 162.6056
5536.592, 172.5697
5538.521, 177.7623
5540.449, 173.7022
5542.377, 169.1885
5544.306, 175.5008
5546.234, 171.5896
5548.163, 173.3916
5550.091, 177.8511
5552.020, 167.3445
5553.948, 167.4845
5555.877, 174.5803
5557.805, 182.5883
5559.734, 180.0677
5561.662, 177.1192
5563.591, 171.5438
5565.519, 164.4127
5567.448, 170.7138
5569.376, 173.2871
5571.305, 177.7987
5573.233, 186.9770
5575.162, 172.1899
5577.090, 167.0240
5579.019, 169.5048
5580.947, 171.3773
5582.875, 162.2345
5584.804, 171.3418
5586.732, 181.6036
5588.661, 156.0871
5590.589, 165.2887
5592.518, 176.7768
5594.446, 180.5086
5596.375, 177.1523
5598.303, 175.9886
5600.231, 172.7606
5602.160, 168.4868
5604.088, 168.3663
5606.017, 165.4845
5607.945, 170.8861
5609.874, 182.3296
5611.802, 181.5163
5613.731, 173.9153
5615.659, 171.5248
5617.588, 176.2640
5619.516, 175.9934
5621.445, 180.2774
5623.373, 182.2384
5625.302, 181.6027
5627.230, 193.7254
5629.159, 182.9878
5631.087, 177.2951
5633.016, 186.6570
5634.944, 175.1141
5636.873, 168.1030
5638.801, 172.2968
5640.729, 184.5204
5642.658, 178.9365
5644.586, 180.4229
5646.515, 181.5880
5648.443, 176.7624
5650.372, 169.1628
5652.300, 179.2006
5654.229, 186.2444
5656.157, 177.6896
5658.085, 166.1516
5660.014, 164.6985
5661.942, 169.1333
5663.871, 174.0748
5665.799, 173.9473
5667.728, 176.7602
5669.656, 183.9285
5671.585, 191.3906
5673.513, 177.2524
5675.442, 177.1999
5677.370, 178.5428
5679.299, 173.6676
5681.227, 175.6244
5683.156, 187.8132
5685.084, 184.7889
5687.013, 167.3362
5688.941, 198.8759
5690.870, 197.8815
5692.798, 184.3732
5694.727, 174.7233
5696.655, 169.5776
5698.583, 172.7780
5700.512, 171.2053
5702.440, 164.4509
5704.369, 166.0952
5706.297, 182.6676
5708.226, 183.6437
5710.154, 168.3432
5712.083, 161.4361
5714.011, 167.5189
5715.939, 168.3867
5717.868, 166.1465
5719.796, 179.4903
5721.725, 174.4615
5723.653, 173.2832
5725.582, 175.8769
5727.510, 172.8032
5729.439, 177.4718
5731.367, 185.9962
5733.296, 187.9090
5735.224, 176.3420
5737.153, 175.2722
5739.081, 186.9634
5741.010, 192.1724
5742.938, 180.9727
5744.867, 185.4776
5746.795, 184.5780
5748.724, 181.1329
5750.652, 180.0084
5752.581, 187.2041
5754.509, 186.2069
5756.438, 183.1188
5758.366, 182.1230
5760.294, 186.2221
5762.223, 177.6267
5764.151, 172.0664
5766.080, 174.3591
5768.008, 182.8445
5769.937, 182.5999
5771.865, 178.9785
5773.793, 175.9012
5775.722, 175.7475
5777.650, 178.1517
5779.579, 179.1063
5781.507, 183.0485
5783.436, 190.6572
5785.364, 188.5734
5787.293, 180.5452
5789.221, 177.5847
5791.150, 181.2418
5793.078, 182.2684
5795.007, 175.0370
5796.935, 176.6846
5798.864, 187.0099
5800.792, 196.9625
5802.721, 182.8548
5804.649, 171.6273
5806.578, 174.4660
5808.506, 190.9406
5810.435, 178.3106
5812.363, 183.3617
5814.292, 186.1747
5816.220, 177.6409
5818.148, 177.2631
5820.077, 186.2893
5822.005, 189.4668
5823.934, 185.8647
5825.862, 182.5709
5827.791, 169.6913
5829.719, 175.2173
5831.647, 185.2682
5833.576, 184.2265
5835.504, 187.1669
5837.433, 185.0514
5839.361, 186.8557
5841.290, 192.6845
5843.218, 190.4187
5845.147, 175.2808
5847.075, 180.4204
5849.004, 189.2233
5850.932, 172.7706
5852.861, 181.8437
5854.789, 179.0497
5856.718, 179.5522
5858.646, 192.4150
5860.575, 195.3098
5862.503, 190.6870
5864.432, 196.3099
5866.360, 203.0468
5868.289, 183.9145
5870.217, 189.1632
5872.146, 199.0138
5874.074, 196.4965
5876.002, 181.3481
5877.931, 194.9789
5879.859, 189.3103
5881.788, 185.2589
5883.716, 187.2245
5885.645, 184.9518
5887.573, 180.2977
5889.501, 178.2937
5891.430, 187.4673
5893.358, 203.4033
5895.287, 187.1076
5897.215, 194.9401
5899.144, 197.8997
5901.072, 196.0305
5903.001, 208.2652
5904.929, 210.0955
5906.858, 196.3498
5908.786, 188.3329
5910.715, 194.5609
5912.643, 193.3258
5914.572, 196.4252
5916.500, 194.9166
5918.429, 187.1836
5920.357, 177.1734
5922.286, 184.6603
5924.214, 181.9769
5926.143, 188.1706
5928.071, 202.2416
5930.000, 185.3303
5931.928, 180.3816
5933.856, 189.2141
5935.785, 194.0654
5937.713, 183.3778
5939.642, 176.7299
5941.570, 182.5105
5943.499, 197.5636
5945.427, 211.5337
5947.355, 211.4866
5949.284, 193.8447
5951.212, 188.3074
5953.141, 189.9229
5955.069, 191.0382
5956.998, 189.0051
5958.926, 196.3302
5960.855, 192.6467
5962.783, 191.1039
5964.712, 199.9620
5966.640, 176.3553
5968.569, 175.0831
5970.497, 183.7154
5972.426, 186.3608
5974.354, 176.4788
5976.283, 191.0513
5978.211, 188.5642
5980.140, 197.4068
5982.068, 212.6707
5983.997, 197.6877
5985.925, 180.7001
5987.854, 187.5929
5989.782, 201.9257
5991.710, 205.2075
5993.639, 189.6770
5995.567, 193.2273
5997.496, 188.5956
5999.424, 182.0338
6001.353, 185.3584
6003.281, 199.0446
6005.209, 194.8355
6007.138, 196.8049
6009.066, 199.9516
6010.995, 194.8164
6012.923, 201.2500
6014.852, 194.0148
6016.780, 191.6405
6018.709, 191.2011
6020.637, 184.0047
6022.566, 201.4475
6024.494, 198.4505
6026.423, 198.8948
6028.351, 202.5418
6030.280, 194.3386
6032.208, 193.4541
6034.137, 202.1354
6036.065, 206.4384
6037.994, 206.3129
6039.922, 210.7106
6041.851, 207.5638
6043.779, 214.5417
6045.708, 210.2929
6047.636, 198.1877
6049.564, 200.9265
6051.493, 196.2095
6053.421, 200.1055
6055.350, 206.0884
6057.278, 207.5106
6059.207, 202.8724
6061.135, 210.5102
6063.063, 214.4665
6064.992, 216.3593
6066.920, 214.4203
6068.849, 204.0493
6070.777, 211.1945
6072.706, 205.2901
6074.634, 202.0779
6076.563, 199.9761
6078.491, 185.0093
6080.420, 199.3130
6082.348, 202.5978
6084.277, 197.1428
6086.205, 194.1570
6088.134, 201.1262
6090.062, 206.6341
6091.991, 204.6800
6093.919, 207.1810
6095.848, 209.9305
6097.776, 205.6535
6099.705, 217.2328
6101.633, 221.7183
6103.562, 208.2388
6105.490, 197.4541
6107.418, 205.7181
6109.347, 207.7778
6111.275, 207.9558
6113.204, 210.6700
6115.132, 206.9353
6117.061, 194.8697
6118.989, 192.1907
6120.917, 199.6109
6122.846, 199.0961
6124.774, 191.4333
6126.703, 186.6532
6128.631, 196.8316
6130.560, 196.3894
6132.488, 200.0269
6134.417, 198.7935
6136.345, 198.4307
6138.274, 211.4358
6140.202, 212.4993
6142.131, 191.9150
6144.059, 192.3066
6145.988, 206.5285
6147.916, 210.9712
6149.845, 211.0581
6151.773, 200.3708
6153.702, 194.6683
6155.630, 193.1711
6157.559, 194.0905
6159.487, 201.2959
6161.416, 204.3103
6163.344, 211.7166
6165.272, 213.6903
6167.201, 209.7976
6169.129, 208.3182
6171.058, 212.2208
6172.986, 203.8396
6174.915, 206.9059
6176.843, 213.1542
6178.771, 210.6941
6180.700, 211.0822
6182.628, 205.4101
6184.557, 204.4191
6186.485, 206.1840
6188.414, 204.2869
6190.342, 195.4280
6192.271, 198.8881
6194.199, 209.8003
6196.128, 219.6872
6198.056, 222.8972
6199.985, 218.4586
6201.913, 212.3843
6203.842, 210.6142
6205.770, 206.5397
6207.699, 203.5285
6209.627, 207.4401
6211.556, 221.0858
6213.484, 219.3305
6215.413, 209.4003
6217.341, 203.6148
6219.270, 202.2084
6221.198, 204.7353
6223.126, 221.4671
6225.055, 211.7439
6226.983, 201.0304
6228.912, 206.1388
6230.840, 211.6395
6232.769, 198.4301
6234.697, 206.5195
6236.625, 210.9787
6238.554, 214.5038
6240.482, 210.2561
6242.411, 204.4552
6244.339, 214.9954
6246.268, 216.1751
6248.196, 227.3013
6250.125, 233.5850
6252.053, 227.8382
6253.982, 212.6796
6255.910, 196.5215
6257.839, 203.0672
6259.767, 192.7083
6261.696, 215.8610
6263.624, 224.5628
6265.553, 185.4806
6267.481, 204.9520
6269.410, 221.2690
6271.338, 220.5548
6273.267, 211.4916
6275.195, 204.8519
6277.124, 204.3135
6279.052, 200.4032
6280.980, 227.4674
6282.909, 228.8017
6284.837, 217.3573
6286.766, 214.4742
6288.694, 221.1457
6290.623, 195.5159
6292.551, 205.5210
6294.479, 211.3778
6296.408, 197.6573
6298.336, 188.6570
6300.265, 212.8755
6302.193, 215.2380
6304.122, 209.8659
6306.050, 206.3416
6307.979, 205.7182
6309.907, 208.2383
6311.836, 214.3398
6313.764, 222.1998
6315.693, 196.9291
6317.621, 198.0456
6319.550, 206.3720
6321.478, 212.3616
6323.407, 220.5824
6325.335, 200.2792
6327.264, 201.2566
6329.192, 210.4429
6331.121, 215.7335
6333.049, 217.9898
6334.978, 223.3018
6336.906, 231.8752
6338.834, 205.2716
6340.763, 211.4726
6342.691, 226.4954
6344.620, 223.8679
6346.548, 208.2076
6348.477, 216.0358
6350.405, 205.0732
6352.333, 211.2749
6354.262, 218.8272
6356.190, 215.0969
6358.119, 203.3702
6360.047, 196.4092
6361.976, 207.3015
6363.904, 219.8629
6365.833, 217.9571
6367.761, 206.2580
6369.690, 203.2587
6371.618, 218.2306
6373.547, 211.4475
6375.475, 207.6021
6377.404, 202.8521
6379.332, 208.0423
6381.261, 210.8128
6383.189, 203.4392
6385.118, 210.5895
6387.046, 219.2460
6388.975, 209.3852
6390.903, 207.0747
6392.832, 212.1785
6394.760, 212.5994
6396.688, 204.9157
6398.617, 226.9743
6400.545, 214.1586
6402.474, 212.2686
6404.402, 207.1391
6406.331, 203.4780
6408.259, 212.8727
6410.188, 220.5722
6412.116, 203.6800
6414.044, 215.7339
6415.973, 220.7883
6417.901, 218.3881
6419.830, 212.4950
6421.758, 204.8810
6423.687, 222.8625
6425.615, 213.9962
6427.544, 205.0083
6429.472, 209.4477
6431.401, 214.5175
6433.329, 214.3359
6435.258, 219.0394
6437.186, 211.9215
6439.115, 222.5056
6441.043, 217.9594
6442.972, 216.6507
6444.900, 218.9652
6446.829, 215.7224
6448.757, 212.2254
6450.686, 220.6610
6452.614, 200.7585
6454.542, 204.3592
6456.471, 221.4466
6458.399, 227.1769
6460.328, 216.2115
6462.256, 206.3960
6464.185, 202.5126
6466.113, 215.3423
6468.042, 210.0446
6469.970, 210.0536
6471.898, 216.4555
6473.827, 215.1281
6475.755, 215.4039
6477.684, 211.7222
6479.612, 199.7737
6481.541, 209.9015
6483.469, 212.2254
6485.398, 211.0665
6487.326, 220.5578
6489.255, 217.7053
6491.183, 218.1820
6493.112, 210.1507
6495.040, 223.8611
6496.969, 217.8300
6498.897, 208.1969
6500.826, 212.3233
6502.754, 198.2344
6504.683, 202.0454
6506.611, 220.1447
6508.540, 225.1369
6510.468, 229.6803
6512.396, 222.6564
6514.325, 210.2305
6516.253, 218.1260
6518.182, 217.0883
6520.110, 213.5703
6522.039, 215.8500
6523.967, 209.8692
6525.896, 195.8384
6527.824, 187.4749
6529.752, 195.2534
6531.681, 210.0289
6533.609, 211.8914
6535.538, 208.2820
6537.466, 211.6465
6539.395, 210.0535
6541.323, 214.7276
6543.252, 226.8874
6545.180, 225.3734
6547.109, 217.2861
6549.037, 210.4595
6550.966, 217.2021
6552.894, 215.6134
6554.823, 213.4727
6556.751, 208.7451
6558.680, 200.5884
6560.608, 207.6846
6562.537, 222.9139
6564.465, 215.7377
6566.394, 210.4188
6568.322, 207.9763
6570.250, 210.6267
6572.179, 211.8969
6574.107, 203.1470
6576.036, 209.5441
6577.964, 207.1113
6579.893, 211.4541
6581.821, 201.1596
6583.750, 205.9449
6585.678, 204.0939
6587.606, 201.4797
6589.535, 211.0016
6591.463, 211.2429
6593.392, 210.1972
6595.320, 202.4244
6597.249, 205.4571
6599.177, 193.5932
6601.106, 196.1491
6603.034, 201.8491
6604.963, 194.8984
6606.891, 188.4323
6608.820, 194.6369
6610.748, 181.1236
6612.677, 199.1148
6614.605, 204.6253
6616.534, 199.3535
6618.462, 194.7552
6620.391, 197.7122
6622.319, 203.0974
6624.248, 189.7890
6626.176, 189.5737
6628.104, 194.9341
6630.033, 180.5356
##END=



