##NAMES=Cornwallite
##RRUFFID=R050469
##IDEAL CHEMISTRY=Cu_5_(AsO_4_)_2_(OH)_4_
##LOCALITY=Carissa mine, Tintic District, Utah, USA
##OWNER=RRUFF
##SOURCE=University of Arizona Mineral Museum
##DESCRIPTION=Dark green botryoidal crust
##STATUS=The identification of this mineral has been confirmed by X-ray diffraction and chemical analysis
##URL=https://www.rruff.net/odr/rruff_sample/R050469
##MEASURED CHEMISTRY=(Cu_4.98_Ca_0.02_)(As_1.00_O_4_)_2_(OH)_4_ ; OH estimated by difference and charge balance
##DIFFRACTION SAMPLE DESCRIPTION=Powder
##CELL PARAMETERS=a: 4.6067 b: 5.772 c: 17.409 alpha: 90 beta: 91.95 gamma: 90 volume: 462.6 crystal system: monoclinic
##FILETYPE=Raman Processed
##RAMAN WAVELENGTH=780

174.1724, 6.718891
176.1008, 6.626596
178.0293, 6.436068
179.9578, 6.330263
181.8862, 6.356267
183.8147, 6.385278
185.7432, 6.434473
187.6716, 6.451707
189.6001, 6.359215
191.5286, 6.234560
193.4570, 6.213667
195.3855, 6.341113
197.3140, 6.405076
199.2424, 6.338543
201.1709, 6.291149
203.0994, 6.339654
205.0278, 6.406369
206.9563, 6.421745
208.8848, 6.385420
210.8132, 6.326308
212.7417, 6.176900
214.6702, 6.108933
216.5986, 6.211064
218.5271, 6.339619
220.4556, 6.402459
222.3840, 6.415971
224.3125, 6.430128
226.2410, 6.450540
228.1694, 6.450499
230.0979, 6.412092
232.0264, 6.381884
233.9548, 6.381769
235.8833, 6.400481
237.8118, 6.426753
239.7402, 6.461905
241.6687, 6.530775
243.5972, 6.683212
245.5256, 6.722013
247.4541, 6.482627
249.3826, 6.249175
251.3110, 6.204431
253.2395, 6.296605
255.1680, 6.390134
257.0964, 6.489944
259.0249, 6.525115
260.9534, 6.470844
262.8818, 6.394343
264.8103, 6.278265
266.7388, 6.187908
268.6672, 6.209611
270.5957, 6.325485
272.5242, 6.380260
274.4526, 6.361105
276.3811, 6.362684
278.3096, 6.416385
280.2380, 6.484695
282.1665, 6.572915
284.0950, 6.650846
286.0234, 6.673353
287.9519, 6.646277
289.8804, 6.594851
291.8088, 6.503312
293.7373, 6.444268
295.6658, 6.458817
297.5942, 6.490486
299.5227, 6.529318
301.4512, 6.556907
303.3796, 6.532701
305.3081, 6.463025
307.2366, 6.408485
309.1650, 6.374215
311.0935, 6.365320
313.0220, 6.391108
314.9504, 6.426821
316.8789, 6.450089
318.8074, 6.473180
320.7358, 6.533017
322.6643, 6.627106
324.5928, 6.700516
326.5212, 6.755716
328.4497, 6.772216
330.3782, 6.732427
332.3066, 6.664782
334.2351, 6.538655
336.1636, 6.423069
338.0920, 6.468095
340.0205, 6.680850
341.9490, 6.760605
343.8774, 6.534404
345.8059, 6.383947
347.7344, 6.386164
349.6628, 6.444147
351.5913, 6.513836
353.5198, 6.580370
355.4482, 6.657941
357.3767, 6.753722
359.3052, 6.742654
361.2336, 6.528662
363.1621, 6.336590
365.0906, 6.140032
367.0190, 6.019340
368.9475, 6.064127
370.8760, 6.176396
372.8044, 6.249322
374.7329, 6.282912
376.6614, 6.304409
378.5898, 6.314495
380.5183, 6.313326
382.4468, 6.324614
384.3752, 6.283247
386.3037, 6.096186
388.2322, 5.911087
390.1606, 5.859662
392.0891, 5.909218
394.0176, 5.937034
395.9460, 5.923168
397.8745, 5.984840
399.8030, 6.195257
401.7314, 6.312891
403.6599, 6.205499
405.5884, 6.046153
407.5168, 5.893100
409.4453, 5.790899
411.3738, 5.843524
413.3022, 6.046784
415.2307, 6.122417
417.1592, 6.035472
419.0876, 6.015975
421.0161, 6.177657
422.9446, 6.280317
424.8730, 6.150237
426.8015, 5.987824
428.7300, 5.946477
430.6584, 5.998015
432.5869, 6.110229
434.5154, 6.278533
436.4438, 6.301194
438.3723, 6.099518
440.3008, 6.001511
442.2292, 6.277074
444.1577, 6.448148
446.0862, 6.204596
448.0146, 5.847105
449.9431, 5.709614
451.8716, 5.746036
453.8000, 5.798255
455.7285, 5.869244
457.6570, 5.924810
459.5854, 5.955149
461.5139, 5.977248
463.4424, 6.038311
465.3708, 6.041641
467.2993, 5.889777
469.2278, 5.696157
471.1563, 5.586756
473.0847, 5.543036
475.0132, 5.535223
476.9417, 5.566147
478.8701, 5.583465
480.7986, 5.578051
482.7271, 5.556720
484.6555, 5.508981
486.5840, 5.467573
488.5125, 5.460268
490.4409, 5.453859
492.3694, 5.369574
494.2979, 5.267487
496.2263, 5.328301
498.1548, 5.569322
500.0833, 5.675079
502.0117, 5.520695
503.9402, 5.409423
505.8687, 5.397495
507.7971, 5.398286
509.7256, 5.367926
511.6541, 5.347390
513.5825, 5.380777
515.5110, 5.437961
517.4395, 5.493685
519.3679, 5.546911
521.2964, 5.516479
523.2249, 5.323487
525.1533, 5.229540
527.0818, 5.307439
529.0103, 5.352882
530.9387, 5.293972
532.8672, 5.236578
534.7957, 5.237467
536.7241, 5.259297
538.6526, 5.288529
540.5811, 5.324229
542.5095, 5.322578
544.4380, 5.263941
546.3665, 5.321665
548.2949, 5.581287
550.2234, 5.663752
552.1519, 5.424016
554.0803, 5.230444
556.0088, 5.261390
557.9373, 5.322558
559.8657, 5.282965
561.7942, 5.226648
563.7227, 5.291152
565.6511, 5.408143
567.5796, 5.328785
569.5081, 5.035899
571.4365, 4.905206
573.3650, 4.970417
575.2935, 5.025848
577.2219, 5.031596
579.1504, 5.029279
581.0789, 5.010748
583.0073, 5.020888
584.9358, 5.132659
586.8643, 5.239614
588.7927, 5.213623
590.7212, 5.106275
592.6497, 5.019237
594.5781, 4.961695
596.5066, 5.008064
598.4351, 5.167936
600.3635, 5.225625
602.2920, 5.105693
604.2205, 5.034864
606.1489, 5.112821
608.0774, 5.185406
610.0059, 5.231320
611.9343, 5.250053
613.8628, 5.190340
615.7913, 5.114752
617.7197, 5.143705
619.6482, 5.244070
621.5767, 5.322252
623.5051, 5.373848
625.4336, 5.333743
627.3621, 5.163838
629.2905, 5.078122
631.2190, 5.149424
633.1475, 5.241592
635.0759, 5.429565
637.0044, 5.493182
638.9329, 5.209778
640.8613, 4.936172
642.7898, 4.945673
644.7183, 5.082282
646.6467, 5.207524
648.5752, 5.307804
650.5037, 5.356351
652.4321, 5.357497
654.3606, 5.315781
656.2891, 5.193765
658.2175, 5.173517
660.1460, 5.369088
662.0745, 5.483140
664.0029, 5.480923
665.9314, 5.425880
667.8599, 5.278974
669.7883, 5.164037
671.7168, 5.144754
673.6453, 5.187495
675.5737, 5.314547
677.5022, 5.432584
679.4307, 5.398030
681.3591, 5.267982
683.2876, 5.200078
685.2161, 5.194673
687.1445, 5.280080
689.0730, 5.501289
691.0015, 5.603102
692.9299, 5.548251
694.8584, 5.485812
696.7869, 5.436876
698.7153, 5.396784
700.6438, 5.351524
702.5723, 5.335152
704.5007, 5.379662
706.4292, 5.436852
708.3577, 5.504218
710.2861, 5.551457
712.2146, 5.537551
714.1431, 5.482718
716.0715, 5.424005
718.0000, 5.370030
719.9285, 5.296503
721.8569, 5.208577
723.7854, 5.305897
725.7139, 5.604126
727.6423, 5.760132
729.5708, 5.722618
731.4993, 5.626251
733.4277, 5.446634
735.3562, 5.324911
737.2847, 5.314705
739.2131, 5.364990
741.1416, 5.535751
743.0701, 5.657118
744.9985, 5.585463
746.9270, 5.471789
748.8555, 5.456422
750.7839, 5.488248
752.7124, 5.486094
754.6409, 5.460974
756.5693, 5.452435
758.4978, 5.455965
760.4263, 5.448602
762.3547, 5.430100
764.2832, 5.431238
766.2117, 5.458563
768.1401, 5.503520
770.0686, 5.581575
771.9971, 5.614766
773.9255, 5.552745
775.8540, 5.520094
777.7825, 5.541829
779.7109, 5.580526
781.6394, 5.642142
783.5679, 5.693085
785.4963, 5.748920
787.4248, 5.746915
789.3533, 5.549525
791.2817, 5.378458
793.2102, 5.516771
795.1387, 5.744999
797.0671, 5.777506
798.9956, 5.693814
800.9241, 5.658824
802.8525, 5.670662
804.7810, 5.725914
806.7095, 5.824919
808.6379, 5.892148
810.5664, 5.920946
812.4949, 5.913716
814.4233, 5.847313
816.3518, 5.839293
818.2803, 5.904319
820.2087, 5.985538
822.1372, 6.108640
824.0657, 6.154480
825.9941, 6.037986
827.9226, 5.984653
829.8511, 6.114237
831.7795, 6.238816
833.7080, 6.272516
835.6365, 6.268068
837.5649, 6.213038
839.4934, 6.195997
841.4219, 6.304013
843.3503, 6.442749
845.2788, 6.514490
847.2073, 6.570300
849.1357, 6.730066
851.0642, 6.875111
852.9927, 6.727046
854.9211, 6.449371
856.8496, 6.473870
858.7781, 6.700299
860.7065, 6.786672
862.6350, 6.738790
864.5635, 6.533129
866.4919, 6.188025
868.4204, 5.940835
870.3489, 5.806391
872.2773, 5.789201
874.2058, 5.891294
876.1343, 5.889567
878.0627, 5.741708
879.9912, 5.620092
881.9197, 5.569753
883.8481, 5.515054
885.7766, 5.435874
887.7051, 5.312651
889.6335, 5.090444
891.5620, 4.950213
893.4905, 4.973216
895.4189, 5.011784
897.3474, 5.014103
899.2759, 5.004064
901.2043, 5.030169
903.1328, 5.040898
905.0613, 4.996627
906.9897, 4.923254
908.9182, 4.826451
910.8467, 4.724831
912.7751, 4.580872
914.7036, 4.495627
916.6321, 4.601079
918.5605, 4.749324
920.4890, 4.846174
922.4175, 4.871390
924.3459, 4.749611
926.2744, 4.583924
928.2029, 4.479779
930.1313, 4.437407
932.0598, 4.465387
933.9883, 4.534677
935.9167, 4.625543
937.8452, 4.701303
939.7737, 4.653343
941.7021, 4.549984
943.6306, 4.594450
945.5591, 4.729372
947.4875, 4.754900
949.4160, 4.702069
951.3445, 4.687207
953.2729, 4.685649
955.2014, 4.591018
957.1299, 4.430897
959.0583, 4.412992
960.9868, 4.524421
962.9153, 4.568738
964.8438, 4.542704
966.7722, 4.564473
968.7007, 4.644807
970.6292, 4.639835
972.5576, 4.538720
974.4861, 4.424973
976.4146, 4.309823
978.3430, 4.332088
980.2715, 4.491013
982.2000, 4.587527
984.1284, 4.608224
986.0569, 4.620194
987.9854, 4.641747
989.9138, 4.655547
991.8423, 4.642798
993.7708, 4.642004
995.6992, 4.668839
997.6277, 4.692326
999.5562, 4.701825
1001.485, 4.711946
1003.413, 4.737885
1005.342, 4.726120
1007.270, 4.636142
1009.198, 4.626953
1011.127, 4.771006
1013.055, 4.833750
1014.984, 4.749822
1016.912, 4.657676
1018.841, 4.547720
1020.769, 4.550241
1022.698, 4.748432
1024.626, 4.872424
1026.555, 4.858166
1028.483, 4.821328
1030.412, 4.760645
1032.340, 4.732690
1034.269, 4.736504
1036.197, 4.791990
1038.125, 4.937029
1040.054, 5.043623
1041.982, 5.120206
1043.911, 5.141586
1045.839, 5.069315
1047.768, 4.986865
1049.696, 4.904436
1051.625, 4.827380
1053.553, 4.696616
1055.482, 4.710447
1057.410, 4.972180
1059.339, 5.080266
1061.267, 4.973603
1063.196, 4.890376
1065.124, 4.816324
1067.052, 4.874134
1068.981, 5.129356
1070.909, 5.215907
1072.838, 5.048796
1074.766, 5.025358
1076.695, 5.241837
1078.623, 5.270977
1080.552, 5.038004
1082.480, 4.900542
1084.409, 4.887014
1086.337, 4.942107
1088.266, 5.061081
1090.194, 5.138074
1092.123, 5.173308
1094.051, 5.107100
1095.979, 4.941308
1097.908, 4.939606
1099.836, 5.100518
1101.765, 5.147605
1103.693, 5.079872
1105.622, 5.163455
1107.550, 5.398015
1109.479, 5.355193
1111.407, 5.047998
1113.336, 4.937532
1115.264, 5.010880
1117.193, 5.067658
1119.121, 5.097062
1121.050, 5.051633
1122.978, 4.986463
1124.906, 5.100286
1126.835, 5.298691
1128.763, 5.329997
1130.692, 5.255002
1132.620, 5.210696
1134.549, 5.188723
1136.477, 5.123219
1138.406, 5.069304
1140.334, 5.172097
1142.263, 5.305540
1144.191, 5.281980
1146.120, 5.210436
1148.048, 5.183471
1149.977, 5.214602
1151.905, 5.381789
1153.833, 5.535685
1155.762, 5.538554
1157.690, 5.481547
1159.619, 5.365179
1161.547, 5.304811
1163.476, 5.428472
1165.404, 5.545667
1167.333, 5.565460
1169.261, 5.548935
1171.190, 5.502765
1173.118, 5.455572
1175.047, 5.392181
1176.975, 5.407355
1178.904, 5.561310
1180.832, 5.638963
1182.760, 5.581143
1184.689, 5.611328
1186.617, 5.767352
1188.546, 5.840139
1190.474, 5.818181
1192.403, 5.803858
1194.331, 5.791980
1196.260, 5.780542
1198.188, 5.774325
1200.117, 5.856622
1202.045, 6.009885
1203.974, 6.120212
1205.902, 6.174988
1207.831, 6.139180
1209.759, 6.056898
1211.688, 6.008570
1213.616, 6.001544
1215.544, 6.031797
1217.473, 6.056330
1219.401, 6.047193
1221.330, 6.092488
1223.258, 6.293718
1225.187, 6.419507
1227.115, 6.288156
1229.044, 6.180750
1230.972, 6.262534
1232.901, 6.317741
1234.829, 6.212814
1236.758, 6.150868
1238.686, 6.219258
1240.615, 6.270425
1242.543, 6.254965
1244.471, 6.264399
1246.400, 6.334628
1248.328, 6.396815
1250.257, 6.425698
1252.185, 6.426199
1254.114, 6.418128
1256.042, 6.427636
1257.971, 6.458780
1259.899, 6.654473
1261.828, 6.904297
1263.756, 6.804654
1265.685, 6.578164
1267.613, 6.614094
1269.542, 6.709610
1271.470, 6.701841
1273.398, 6.688215
1275.327, 6.633163
1277.255, 6.618446
1279.184, 6.795272
1281.112, 6.975563
1283.041, 7.098038
1284.969, 7.126601
1286.898, 6.987293
1288.826, 6.895483
1290.755, 6.915957
1292.683, 6.897630
1294.612, 6.789456
1296.540, 6.910238
1298.469, 7.265511
1300.397, 7.284261
1302.325, 7.037370
1304.254, 7.018517
1306.182, 7.142291
1308.111, 7.152474
1310.039, 7.110162
1311.968, 7.097984
1313.896, 7.136576
1315.825, 7.264610
1317.753, 7.403417
1319.682, 7.562194
1321.610, 7.624836
1323.539, 7.459638
1325.467, 7.393942
1327.396, 7.576159
1329.324, 7.634504
1331.252, 7.494417
1333.181, 7.467482
1335.109, 7.548181
1337.038, 7.631537
1338.966, 7.744074
1340.895, 7.784465
1342.823, 7.755801
1344.752, 7.822258
1346.680, 7.919240
1348.609, 7.779745
1350.537, 7.628105
1352.466, 7.865495
1354.394, 8.078136
1356.323, 7.884513
1358.251, 7.711279
1360.179, 7.749022
1362.108, 7.790817
1364.036, 7.822050
1365.965, 7.746686
1367.893, 7.553676
1369.822, 7.590236
1371.750, 7.830129
1373.679, 7.913596
1375.607, 7.869040
1377.536, 7.876136
1379.464, 7.936895
1381.393, 8.051649
1383.321, 8.128713
1385.250, 7.983815
1387.178, 7.856328
1389.106, 7.999329
1391.035, 8.092777
1392.963, 7.954091
1394.892, 7.880278
1396.820, 7.963515
1398.749, 7.988072
1400.677, 7.937990
1402.606, 7.956432
1404.534, 8.009504
1406.463, 7.850592
1408.391, 7.636415
1410.320, 7.747655
1412.248, 7.971609
1414.177, 8.151364
1416.105, 8.245563
1418.033, 8.107150
1419.962, 8.014569
1421.890, 8.152828
1423.819, 8.167452
1425.747, 7.977224
1427.676, 7.839842
1429.604, 7.756866
1431.533, 7.861064
1433.461, 8.071778
1435.390, 7.995102
1437.318, 7.841664
1439.247, 7.981863
1441.175, 8.146207
1443.104, 8.145616
1445.032, 8.079632
1446.960, 7.925033
1448.889, 7.898118
1450.817, 8.056910
1452.746, 8.146879
1454.674, 8.144514
1456.603, 8.008711
1458.531, 7.776657
1460.460, 7.656449
1462.388, 7.659586
1464.317, 7.867664
1466.245, 8.058949
1468.174, 8.011259
1470.102, 7.933851
1472.031, 7.901126
1473.959, 7.906128
1475.887, 7.954245
1477.816, 7.896266
1479.744, 7.754778
1481.673, 7.784906
1483.601, 7.876309
1485.530, 7.748063
1487.458, 7.628236
1489.387, 7.661041
1491.315, 7.723988
1493.244, 7.893576
1495.172, 7.950279
1497.101, 7.679216
1499.029, 7.528190
1500.958, 7.626367
1502.886, 7.671587
1504.814, 7.629458
1506.743, 7.493155
1508.671, 7.364336
1510.600, 7.452503
1512.528, 7.558529
1514.457, 7.524121
1516.385, 7.431695
1518.314, 7.297998
1520.242, 7.303907
1522.171, 7.481679
1524.099, 7.470662
1526.028, 7.305562
1527.956, 7.265139
1529.885, 7.273860
1531.813, 7.204160
1533.741, 7.181075
1535.670, 7.423102
1537.598, 7.552426
1539.527, 7.352933
1541.455, 7.128031
1543.384, 6.965555
1545.312, 6.972792
1547.241, 7.077342
1549.169, 7.089920
1551.098, 7.045402
1553.026, 6.945104
1554.955, 6.863606
1556.883, 6.814044
1558.812, 6.771679
1560.740, 6.787965
1562.668, 6.786149
1564.597, 6.742221
1566.525, 6.606452
1568.454, 6.440248
1570.382, 6.568960
1572.311, 6.706634
1574.239, 6.360631
1576.168, 6.037177
1578.096, 6.138199
1580.025, 6.244678
1581.953, 6.207135
1583.882, 6.140440
1585.810, 6.092141
1587.739, 6.280961
1589.667, 6.545346
1591.595, 6.365245
1593.524, 6.061050
1595.452, 5.900235
1597.381, 5.826566
1599.309, 5.873696
1601.238, 5.828192
1603.166, 5.658714
1605.095, 5.608348
1607.023, 5.624794
1608.952, 5.569017
1610.880, 5.519641
1612.809, 5.512902
1614.737, 5.447616
1616.666, 5.335352
1618.594, 5.225587
1620.522, 5.101310
1622.451, 5.104498
1624.379, 5.188039
1626.308, 5.245399
1628.236, 5.285645
1630.165, 5.311653
1632.093, 5.262015
1634.022, 5.087157
1635.950, 4.962367
1637.879, 4.926988
1639.807, 4.874568
1641.736, 4.823299
1643.664, 4.845148
1645.593, 4.847762
1647.521, 4.708820
1649.449, 4.608835
1651.378, 4.663326
1653.306, 4.602199
1655.235, 4.425854
1657.163, 4.436729
1659.092, 4.565648
1661.020, 4.501291
1662.949, 4.370106
1664.877, 4.383981
1666.806, 4.469303
1668.734, 4.614302
1670.663, 4.553349
1672.591, 4.264315
1674.520, 4.197534
1676.448, 4.338282
1678.376, 4.295180
1680.305, 4.191532
1682.233, 4.423692
1684.162, 4.547691
1686.090, 4.167449
1688.019, 3.975551
1689.947, 4.059206
1691.876, 4.242059
1693.804, 4.404929
1695.733, 4.170810
1697.661, 3.874092
1699.590, 3.784661
1701.518, 3.788947
1703.447, 3.917221
1705.375, 3.965391
1707.303, 3.924124
1709.232, 3.883638
1711.160, 3.885325
1713.089, 3.960999
1715.017, 3.917339
1716.946, 3.785499
1718.874, 3.737831
1720.803, 3.716424
1722.731, 3.710467
1724.660, 3.681393
1726.588, 3.654763
1728.517, 3.690480
1730.445, 3.765937
1732.374, 3.841669
1734.302, 3.945599
1736.230, 3.933436
1738.159, 3.759223
1740.087, 3.570303
1742.016, 3.495008
1743.944, 3.541463
1745.873, 3.589345
1747.801, 3.614067
1749.730, 3.640637
1751.658, 3.649368
1753.587, 3.616756
1755.515, 3.589905
1757.444, 3.637258
1759.372, 3.622832
1761.301, 3.523662
1763.229, 3.534137
1765.157, 3.576871
1767.086, 3.570776
1769.014, 3.588765
1770.943, 3.644281
1772.871, 3.616123
1774.800, 3.488771
1776.728, 3.473691
1778.657, 3.554539
1780.585, 3.539207
1782.514, 3.463876
1784.442, 3.541996
1786.371, 3.615479
1788.299, 3.475038
1790.228, 3.365124
1792.156, 3.447444
1794.084, 3.569992
1796.013, 3.587567
1797.941, 3.452002
1799.870, 3.293577
1801.798, 3.304409
1803.727, 3.399249
1805.655, 3.470263
1807.584, 3.424352
1809.512, 3.425744
1811.441, 3.556969
1813.369, 3.581724
1815.298, 3.450465
1817.226, 3.410859
1819.155, 3.413002
1821.083, 3.397069
1823.011, 3.440945
1824.940, 3.472799
1826.868, 3.422892
1828.797, 3.367550
1830.725, 3.403033
1832.654, 3.423303
1834.582, 3.365300
1836.511, 3.308619
1838.439, 3.176902
1840.368, 3.141379
1842.296, 3.201220
1844.225, 3.305891
1846.153, 3.436655
1848.082, 3.382741
1850.010, 3.280960
1851.938, 3.136364
1853.867, 3.143962
1855.795, 3.340578
1857.724, 3.367378
1859.652, 3.266906
1861.581, 3.183559
1863.509, 3.193444
1865.438, 3.248372
1867.366, 3.202943
1869.295, 3.185759
1871.223, 3.248506
1873.152, 3.270720
1875.080, 3.138685
1877.009, 3.033224
1878.937, 3.123059
1880.865, 3.089073
1882.794, 2.995123
1884.722, 3.159358
1886.651, 3.211612
1888.579, 3.106034
1890.508, 3.103784
1892.436, 3.138756
1894.365, 3.177021
1896.293, 3.203264
1898.222, 3.164610
1900.150, 3.065504
1902.079, 3.029594
1904.007, 3.114685
1905.936, 3.150418
1907.864, 3.068172
1909.792, 3.051347
1911.721, 3.148608
1913.649, 3.155119
1915.578, 2.933925
1917.506, 2.878815
1919.435, 3.000381
1921.363, 3.047599
1923.292, 3.133995
1925.220, 3.163837
1927.149, 3.103545
1929.077, 3.046952
1931.006, 2.913184
1932.934, 2.828801
1934.863, 3.022491
1936.791, 3.118173
1938.719, 3.052436
1940.648, 3.166871
1942.576, 3.157817
1944.505, 3.012275
1946.433, 3.007286
1948.362, 3.025911
1950.290, 3.055467
1952.219, 3.066178
1954.147, 3.049492
1956.076, 3.030707
1958.004, 3.012127
1959.933, 3.024683
1961.861, 3.080830
1963.790, 3.074391
1965.718, 3.002138
1967.646, 2.932236
1969.575, 2.891045
1971.503, 2.874835
1973.432, 2.931974
1975.360, 2.995544
1977.289, 2.890941
1979.217, 2.720781
1981.146, 2.591021
1983.074, 2.645604
1985.003, 2.762664
1986.931, 2.796552
1988.860, 2.792502
1990.788, 2.776349
1992.717, 2.835262
1994.645, 2.904598
1996.573, 2.911678
1998.502, 2.902772
2000.430, 2.905700
2002.359, 2.920286
2004.287, 2.873653
2006.216, 2.812817
2008.144, 2.861449
2010.073, 2.869075
2012.001, 2.737395
2013.930, 2.780630
2015.858, 2.891053
2017.787, 2.832249
2019.715, 2.725110
2021.644, 2.756251
2023.572, 2.817355
2025.500, 2.916430
2027.429, 2.971285
2029.357, 2.756036
2031.286, 2.546304
2033.214, 2.621931
2035.143, 2.829395
2037.071, 2.802892
2039.000, 2.665669
2040.928, 2.772048
2042.857, 2.857435
2044.785, 2.675284
2046.714, 2.579319
2048.642, 2.760343
2050.571, 2.875216
2052.499, 2.831149
2054.427, 2.779677
2056.356, 2.663643
2058.284, 2.646668
2060.213, 2.734215
2062.141, 2.724530
2064.070, 2.710591
2065.998, 2.710040
2067.927, 2.656802
2069.855, 2.614304
2071.784, 2.688415
2073.712, 2.720989
2075.641, 2.603174
2077.569, 2.634800
2079.498, 2.705143
2081.426, 2.740821
2083.354, 2.812727
2085.283, 2.639452
2087.211, 2.463221
2089.140, 2.508863
2091.068, 2.464472
2092.997, 2.464699
2094.925, 2.643368
2096.854, 2.682051
2098.782, 2.577214
2100.711, 2.571429
2102.639, 2.618509
2104.568, 2.565563
2106.496, 2.548466
2108.425, 2.606349
2110.353, 2.558770
2112.281, 2.542518
2114.210, 2.553257
2116.138, 2.438510
2118.067, 2.358543
2119.995, 2.425543
2121.924, 2.553318
2123.852, 2.509206
2125.781, 2.431598
2127.709, 2.476354
2129.638, 2.542397
2131.566, 2.477962
2133.495, 2.422046
2135.423, 2.454191
2137.352, 2.415777
2139.280, 2.323913
2141.208, 2.426438
2143.137, 2.524290
2145.065, 2.438890
2146.994, 2.374977
2148.922, 2.450528
2150.851, 2.495255
2152.779, 2.411269
2154.708, 2.277853
2156.636, 2.283953
2158.565, 2.406677
2160.493, 2.458358
2162.422, 2.484291
2164.350, 2.521226
2166.279, 2.410797
2168.207, 2.261976
2170.135, 2.283545
2172.064, 2.402956
2173.992, 2.428571
2175.921, 2.331986
2177.849, 2.140363
2179.778, 2.106997
2181.706, 2.305060
2183.635, 2.285100
2185.563, 2.265502
2187.492, 2.417116
2189.420, 2.325650
2191.349, 2.212262
2193.277, 2.214344
2195.206, 2.251902
2197.134, 2.425881
2199.063, 2.518044
2200.991, 2.471025
2202.919, 2.440001
2204.848, 2.292778
2206.776, 2.073267
2208.705, 2.081178
2210.633, 2.188808
2212.562, 2.280988
2214.490, 2.282006
2216.419, 2.230463
2218.347, 2.230836
2220.276, 2.092897
2222.204, 2.006727
2224.133, 2.122676
2226.061, 2.158603
2227.990, 2.122498
2229.918, 2.152144
2231.846, 2.120826
2233.775, 2.056539
2235.703, 2.155956
2237.632, 2.142787
2239.560, 2.107964
2241.489, 2.091483
2243.417, 2.056104
2245.346, 2.173123
2247.274, 2.264395
2249.203, 2.126592
2251.131, 2.061164
2253.060, 2.082279
2254.988, 2.118430
2256.917, 2.140519
2258.845, 2.126516
2260.773, 2.020148
2262.702, 2.037874
2264.630, 1.984277
2266.559, 1.820153
2268.487, 1.902179
2270.416, 2.086520
2272.344, 2.060674
2274.273, 2.097867
2276.201, 1.986583
2278.130, 1.805604
2280.058, 1.951111
2281.987, 2.103056
2283.915, 2.088539
2285.844, 1.989559
2287.772, 1.930167
2289.700, 1.992210
2291.629, 2.075702
2293.557, 2.048975
2295.486, 1.948838
2297.414, 1.875139
2299.343, 1.878076
2301.271, 2.041039
2303.200, 2.040805
2305.128, 1.934119
2307.057, 1.897691
2308.985, 1.801481
2310.914, 1.792233
2312.842, 1.841103
2314.771, 1.937361
2316.699, 1.928156
2318.627, 1.867985
2320.556, 1.863231
2322.484, 1.916152
2324.413, 1.983347
2326.341, 2.081582
2328.270, 2.082581
2330.198, 2.015153
2332.127, 2.086837
2334.055, 2.082954
2335.984, 1.842822
2337.912, 1.568403
2339.841, 1.569520
2341.769, 1.885394
2343.698, 1.900483
2345.626, 1.740430
2347.554, 1.812069
2349.483, 1.769239
2351.411, 1.678968
2353.340, 1.708931
2355.268, 1.766796
2357.197, 1.878155
2359.125, 1.840458
2361.054, 1.704994
2362.982, 1.752926
2364.911, 1.846787
2366.839, 1.898907
2368.768, 1.925989
2370.696, 1.763973
2372.625, 1.709458
2374.553, 1.736894
2376.481, 1.720261
2378.410, 1.791005
2380.338, 1.794449
2382.267, 1.711424
2384.195, 1.726232
2386.124, 1.686988
2388.052, 1.591305
2389.981, 1.661578
2391.909, 1.754719
2393.838, 1.787907
2395.766, 1.797302
2397.695, 1.801018
2399.623, 1.769734
2401.552, 1.716469
2403.480, 1.614375
2405.408, 1.504695
2407.337, 1.613995
2409.265, 1.774431
2411.194, 1.779462
2413.122, 1.607758
2415.051, 1.508079
2416.979, 1.707455
2418.908, 1.774472
2420.836, 1.676931
2422.765, 1.683077
2424.693, 1.603738
2426.622, 1.555777
2428.550, 1.565729
2430.479, 1.550713
2432.407, 1.535900
2434.335, 1.552445
2436.264, 1.651238
2438.192, 1.665260
2440.121, 1.704458
2442.049, 1.785141
2443.978, 1.641976
2445.906, 1.543763
2447.835, 1.631238
2449.763, 1.753356
2451.692, 1.759602
2453.620, 1.690988
2455.549, 1.519317
2457.477, 1.432919
2459.406, 1.603958
2461.334, 1.597789
2463.262, 1.503659
2465.191, 1.381175
2467.119, 1.477582
2469.048, 1.665364
2470.976, 1.479619
2472.905, 1.469434
2474.833, 1.587148
2476.762, 1.569884
2478.690, 1.475757
2480.619, 1.449597
2482.547, 1.506760
2484.476, 1.566166
2486.404, 1.640527
2488.333, 1.509073
2490.261, 1.405454
2492.189, 1.394387
2494.118, 1.491390
2496.046, 1.566543
2497.975, 1.630010
2499.903, 1.456390
2501.832, 1.341140
2503.760, 1.483674
2505.689, 1.497996
2507.617, 1.430424
2509.546, 1.470777
2511.474, 1.479647
2513.403, 1.474424
2515.331, 1.422256
2517.260, 1.358042
2519.188, 1.372692
2521.116, 1.460132
2523.045, 1.529273
2524.973, 1.529970
2526.902, 1.518238
2528.830, 1.409036
2530.759, 1.209272
2532.687, 1.312445
2534.616, 1.382542
2536.544, 1.391034
2538.473, 1.257656
2540.401, 1.247922
2542.330, 1.488376
2544.258, 1.471724
2546.187, 1.389710
2548.115, 1.476584
2550.043, 1.447626
2551.972, 1.439441
2553.900, 1.654573
2555.829, 1.484383
2557.757, 1.241911
2559.686, 1.280166
2561.614, 1.335013
2563.543, 1.294333
2565.471, 1.206099
2567.400, 1.260213
2569.328, 1.256595
2571.257, 1.262835
2573.185, 1.294977
2575.114, 1.324993
2577.042, 1.285352
2578.970, 1.343575
2580.899, 1.418102
2582.827, 1.210870
2584.756, 1.240732
2586.684, 1.356691
2588.613, 1.217502
2590.541, 1.241613
2592.470, 1.348235
2594.398, 1.364857
2596.327, 1.325085
2598.255, 1.257446
2600.184, 1.192050
2602.112, 1.114975
2604.041, 1.033013
2605.969, 1.107424
2607.897, 1.201494
2609.826, 1.261348
2611.754, 1.234939
2613.683, 1.183261
2615.611, 1.145698
2617.540, 1.223633
2619.468, 1.260793
2621.397, 1.218088
2623.325, 1.195628
2625.254, 1.154134
2627.182, 1.145887
2629.111, 1.144194
2631.039, 1.068829
2632.968, 1.006779
2634.896, 1.267867
2636.824, 1.345984
2638.753, 1.271011
2640.681, 1.218454
2642.610, 1.194073
2644.538, 1.171178
2646.467, 1.073908
2648.395, 1.099535
2650.324, 1.118369
2652.252, 1.090286
2654.181, 1.122023
2656.109, 1.167515
2658.038, 1.066982
2659.966, 0.9771585
2661.895, 1.086206
2663.823, 1.352574
2665.751, 1.220101
2667.680, 1.053665
2669.608, 0.9908295
2671.537, 1.021380
2673.465, 1.061051
2675.394, 1.047002
2677.322, 1.008969
2679.251, 0.9851267
2681.179, 0.9974005
2683.108, 1.060036
2685.036, 1.033899
2686.965, 0.8806077
2688.893, 0.8956710
2690.822, 0.9914898
2692.750, 1.026760
2694.678, 0.9616274
2696.607, 0.9591062
2698.535, 0.9651676
2700.464, 1.015694
2702.392, 1.009388
2704.321, 0.9729644
2706.249, 1.126006
2708.178, 1.073306
2710.106, 0.8903351
2712.035, 0.9235506
2713.963, 0.9792419
2715.892, 0.9980268
2717.820, 1.016584
2719.749, 1.046233
2721.677, 0.9855892
2723.605, 0.8156968
2725.534, 0.9115531
2727.462, 0.9633933
2729.391, 0.8968818
2731.319, 0.9312302
2733.248, 0.9232463
2735.176, 0.8728817
2737.105, 0.9405794
2739.033, 0.8486614
2740.962, 0.7111962
2742.890, 0.9375426
2744.819, 0.9517928
2746.747, 0.8400911
2748.676, 0.9809631
2750.604, 1.092844
2752.532, 1.106357
2754.461, 1.016898
2756.389, 0.9307879
2758.318, 0.8955466
2760.246, 0.9417790
2762.175, 0.9943463
2764.103, 0.9446727
2766.032, 0.8321026
2767.960, 0.8242671
2769.889, 0.8074668
2771.817, 0.8313195
2773.746, 0.9041153
2775.674, 0.8742191
2777.603, 0.8115732
2779.531, 0.8128061
2781.459, 0.8797258
2783.388, 0.8907526
2785.316, 0.7265458
2787.245, 0.8490667
2789.173, 0.9438941
2791.102, 0.8845137
2793.030, 0.8291408
2794.959, 0.7942476
2796.887, 0.7996768
2798.816, 0.7176347
2800.744, 0.7263753
2802.673, 0.8187167
2804.601, 0.9224320
2806.530, 0.8313894
2808.458, 0.6862742
2810.386, 0.6125591
2812.315, 0.5779809
2814.243, 0.6461098
2816.172, 0.8323969
2818.100, 0.9146702
2820.029, 0.8608757
2821.957, 0.7092007
2823.886, 0.6838734
2825.814, 0.7277512
2827.743, 0.7708005
2829.671, 0.6952477
2831.600, 0.7095182
2833.528, 0.7641703
2835.457, 0.7847205
2837.385, 0.9648112
2839.313, 0.8239032
2841.242, 0.3278893
2843.170, 0.5466365
2845.099, 0.6819251
2847.027, 0.6706672
2848.956, 0.5150906
2850.884, 0.5409400
2852.813, 0.6133892
2854.741, 0.6024438
2856.670, 0.6190733
2858.598, 0.5644236
2860.527, 0.4717537
2862.455, 0.5099347
2864.384, 0.5877253
2866.312, 0.6630030
2868.240, 0.6840265
2870.169, 0.8004511
2872.097, 0.8894633
2874.026, 0.8315888
2875.954, 0.5978906
2877.883, 0.5356787
2879.811, 0.6566333
2881.740, 0.5122229
2883.668, 0.5577437
2885.597, 0.6861305
2887.525, 0.7104722
2889.454, 0.6025547
2891.382, 0.5318681
2893.311, 0.6012707
2895.239, 0.5778421
2897.167, 0.4179190
2899.096, 0.2523866
2901.024, 0.5501642
2902.953, 0.5201644
2904.881, 0.3284758
2906.810, 0.3176957
2908.738, 0.3434029
2910.667, 0.5062744
2912.595, 0.7465861
2914.524, 0.5511572
2916.452, 0.4982461
2918.381, 0.5606230
2920.309, 0.6623780
2922.238, 0.5627425
2924.166, 0.5153273
2926.094, 0.6247712
2928.023, 0.6192865
2929.951, 0.5860895
2931.880, 0.5711602
2933.808, 0.6393086
2935.737, 0.5764938
2937.665, 0.4182672
2939.594, 0.2697226
2941.522, 0.3484647
2943.451, 0.3723408
2945.379, 0.3355423
2947.308, 0.3304542
2949.236, 0.3269554
2951.165, 0.3783278
2953.093, 0.4880991
2955.021, 0.4038957
2956.950, 0.2880431
2958.878, 0.2633300
2960.807, 0.5789534
2962.735, 0.5693150
2964.664, 0.4836457
2966.592, 0.5561488
2968.521, 0.4238318
2970.449, 0.3834733
2972.378, 0.4622846
2974.306, 0.6283742
2976.235, 0.3155494
2978.163, 0.1495883
2980.092, 0.4278151
2982.020, 0.5603228
2983.948, 0.5037709
2985.877, 0.4049444
2987.805, 0.4332855
2989.734, 0.4932745
2991.662, 0.6075222
2993.591, 0.7364208
2995.519, 0.6401150
2997.448, 0.6162541
2999.376, 0.5037179
3001.305, 0.1604710
3003.233, 0.2108817
3005.162, 0.3243009
3007.090, 0.3646892
3009.019, 0.3249480
3010.947, 0.2562982
3012.875, 0.2816455
3014.804, 0.4740914
3016.732, 0.4571299
3018.661, 0.4303551
3020.589, 0.4432293
3022.518, 0.4404316
3024.446, 0.5058199
3026.375, 0.5433258
3028.303, 0.4903529
3030.232, 0.4422566
3032.160, 0.4385263
3034.089, 0.4106531
3036.017, 0.3219973
3037.946, 0.4211408
3039.874, 0.4450033
3041.802, 0.3846610
3043.731, 0.1855061
3045.659, 0.2296772
3047.588, 0.3048439
3049.516, 0.4008106
3051.445, 0.3410955
3053.373, 0.3733771
3055.302, 0.3810069
3057.230, 0.2444751
3059.159, 0.1145916
3061.087, 0.2129994
3063.016, 0.4694364
3064.944, 0.5484037
3066.873, 0.4166643
3068.801, 0.3389162
3070.729, 0.4113697
3072.658, 0.6002349
3074.586, 0.6145526
3076.515, 0.5172139
3078.443, 0.4459385
3080.372, 0.3494429
3082.300, 0.2582718
3084.229, 0.2625741
3086.157, 0.3782212
3088.086, 0.4441046
3090.014, 0.4001085
3091.943, 0.2637316
3093.871, 0.3495072
3095.800, 0.2706258
3097.728, 0.2482882
3099.656, 0.3693096
3101.585, 0.2405792
3103.513, 0.1881447
3105.442, 0.2368617
3107.370, 0.3765212
3109.299, 0.3296018
3111.227, 0.2828465
3113.156, 0.2302065
3115.084, 6.2006991E-02
3117.013, 0.1752238
3118.941, 0.2568894
3120.870, 0.2704177
3122.798, 0.2681846
3124.727, -4.5106681E-03
3126.655, 7.4050382E-02
3128.583, 0.3307615
3130.512, 0.2983206
3132.440, 0.2374181
3134.369, 0.2694142
3136.297, 0.3367481
3138.226, 0.2905911
3140.154, 0.2716934
3142.083, 0.2488496
3144.011, 0.2180742
3145.940, 0.1548587
3147.868, 0.2837401
3149.797, 0.2259331
3151.725, -1.0248240E-02
3153.654, 0.3329838
3155.582, 0.5354503
3157.510, 0.4259051
3159.439, 0.1391796
3161.367, 0.1083958
3163.296, 0.1069591
3165.224, 0.2301526
3167.153, 0.4261065
3169.081, 0.2695041
3171.010, 0.1621094
3172.938, 5.8397960E-02
3174.867, -5.6045059E-02
3176.795, 0.1454174
3178.724, 0.1924005
3180.652, 0.1952046
3182.581, 0.2634647
3184.509, 0.2515474
3186.438, 0.3507809
3188.366, 0.3736861
3190.294, 0.2895882
3192.223, 0.2994173
3194.151, 3.6173690E-02
3196.080, -9.7792663E-02
3198.008, 0.1971984
3199.937, 0.1354337
3201.865, 0.1355696
3203.794, 0.1733043
3205.722, 9.5031269E-02
3207.651, 0.2419693
3209.579, 0.2392506
3211.508, 0.2613044
3213.436, 6.7801997E-02
3215.365, 4.3269120E-02
3217.293, 6.7019977E-02
3219.221, 4.4208389E-02
3221.150, 1.8102920E-02
3223.078, 0.2323895
3225.007, 0.3811534
3226.935, 0.4606738
3228.864, 0.4837180
3230.792, 0.1922122
3232.721, 0.2426261
3234.649, 0.1451831
3236.578, 1.9848291E-02
3238.506, 0.1360199
3240.435, 0.1945771
3242.363, 0.2083120
3244.292, 8.4153444E-02
3246.220, -4.9414240E-02
3248.148, 0.2502933
3250.077, 0.3960916
3252.005, 0.3032615
3253.934, 0.1036081
3255.862, 0.3206096
3257.791, 0.3022987
3259.719, 9.3031548E-02
3261.648, -5.2641749E-02
3263.576, 0.1159575
3265.505, 0.2137066
3267.433, 0.2555164
3269.362, 0.2171718
3271.290, -6.9180124E-02
3273.219, 0.1651765
3275.147, 0.3726749
3277.075, 0.2376570
3279.004, 0.2727812
3280.932, 0.3322250
3282.861, 0.1065346
3284.789, -9.0119317E-02
3286.718, 0.3941816
3288.646, 0.3710723
3290.575, 0.2652254
3292.503, 0.1355328
3294.432, -7.5039349E-02
3296.360, 9.9130623E-02
3298.289, 0.3341047
3300.217, 0.3488409
3302.146, 0.2017021
3304.074, 5.3071860E-02
3306.002, 0.2344649
3307.931, 0.1068139
3309.859, -0.1770083
3311.788, 0.2060772
3313.716, 0.1564939
3315.645, 3.6665451E-02
3317.573, 3.6398981E-02
3319.502, 0.1281433
3321.430, 0.1918289
3323.359, 0.2458165
3325.287, 0.3237143
3327.216, 0.3695656
3329.144, 2.0104740E-02
3331.073, 0.2432013
3333.001, 0.2855492
3334.929, 7.9469927E-02
3336.858, 0.1477730
3338.786, 0.1609831
3340.715, 0.1385630
3342.643, 0.1246361
3344.572, 8.5557319E-02
3346.500, 0.2772440
3348.429, 0.2380203
3350.357, 0.1515251
3352.286, 1.4648900E-02
3354.214, -0.2919992
3356.143, 8.6212702E-02
3358.071, 6.2906787E-02
3360.000, -0.1377634
3361.928, -6.4448848E-02
3363.856, 0.1628866
3365.785, 0.2108332
3367.713, 0.1760738
3369.642, 0.1538035
3371.570, 0.3340875
3373.499, 0.5000379
3375.427, 0.2901327
3377.356, 2.2757880E-02
3379.284, 4.0094960E-02
3381.213, -6.5327004E-02
3383.141, 0.2237887
3385.070, 0.2778940
3386.998, 5.8755539E-02
3388.927, -4.4280030E-02
3390.855, -0.1207986
3392.783, 3.6565151E-02
3394.712, 0.1037927
3396.640, -6.0397740E-02
3398.569, -2.3495160E-02
3400.497, 9.3166493E-02
3402.426, 0.1848843
3404.354, 0.2322525
3406.283, 0.1931767
3408.211, 2.8316721E-03
3410.140, 0.1615589
3412.068, 0.2810839
3413.997, 0.2590001
3415.925, 0.3735190
3417.854, 0.3620802
3419.782, 0.1266287
3421.710, 3.8439650E-02
3423.639, 0.2392236
3425.567, 0.2843702
3427.496, 0.4202376
3429.424, 0.2702580
3431.353, 0.1787811
3433.281, 0.4557053
3435.210, 0.3871003
3437.138, 0.3020182
3439.067, 0.2162570
3440.995, 0.2486094
3442.924, 0.4795300
3444.852, -4.1270040E-02
3446.781, -2.0193640E-02
3448.709, 0.2480312
3450.637, 0.3409693
3452.566, -4.5673572E-02
3454.494, 0.1506780
3456.423, 0.1236092
3458.351, 6.5801747E-02
3460.280, 6.3351654E-02
3462.208, -0.1530262
3464.137, 0.1043270
3466.065, 8.6666182E-02
3467.994, 0.1574601
3469.922, 0.4254014
3471.851, 0.2878661
3473.779, 5.9653830E-02
3475.708, -0.1324625
3477.636, 2.5616260E-02
3479.564, 0.3858974
3481.493, -6.6331838E-04
3483.421, -1.3377870E-02
3485.350, -1.0875399E-03
3487.278, 5.8686569E-02
3489.207, 0.1999114
3491.135, 0.1917540
3493.064, 0.2138878
3494.992, 0.1052509
3496.921, -4.8992589E-02
3498.849, -9.9602938E-02
3500.778, 0.1331434
3502.706, -7.2456519E-03
3504.635, 4.1729368E-02
3506.563, 6.5472320E-02
3508.491, -7.3305391E-02
3510.420, 6.3666321E-02
3512.348, 0.1499331
3514.277, 0.1875311
3516.205, 0.1428648
3518.134, 6.5547198E-02
3520.062, 0.1298129
3521.991, 0.1077367
3523.919, 0.1355758
3525.848, 3.1870801E-02
3527.776, -8.1410453E-02
3529.705, 0.1869253
3531.633, -7.7559806E-02
3533.562, -8.6236037E-02
3535.490, -7.1943417E-02
3537.418, -7.7734113E-02
3539.347, 6.1804079E-02
3541.275, 7.5149886E-02
3543.204, 9.0881661E-02
3545.132, 7.8699902E-02
3547.061, 0.1043789
3548.989, 0.1947374
3550.918, -1.7278449E-04
3552.846, 0.2825232
3554.775, 0.1911784
3556.703, -3.2871131E-02
3558.632, -3.7607431E-02
3560.560, -9.6661814E-02
3562.489, -5.1897720E-02
3564.417, 0.1284008
3566.345, 0.1175375
3568.274, -7.5821027E-02
3570.202, -6.5078072E-02
3572.131, -0.3231149
3574.059, -6.8027541E-02
3575.988, 0.1574153
3577.916, 0.2225072
3579.845, 0.2623222
3581.773, -7.0895781E-03
3583.702, -3.5290711E-02
3585.630, 8.4734350E-02
3587.559, 5.7888191E-02
3589.487, -0.1099662
3591.416, -5.5820748E-02
3593.344, -1.3009920E-02
3595.272, 0.1780894
3597.201, 0.4188516
3599.129, 0.4529465
3601.058, 0.1502006
3602.986, -0.1122663
3604.915, -6.2248320E-03
3606.843, 0.1422397
3608.772, 0.1109898
3610.700, 3.2064918E-02
3612.629, 0.2758406
3614.557, 0.5988780
3616.486, 0.1064380
3618.414, 0.1817059
3620.343, 0.4041353
3622.271, 3.4226671E-02
3624.199, 5.6430850E-02
3626.128, 0.3536325
3628.056, 0.1775761
3629.985, -4.5297779E-02
3631.913, 1.0508890E-02
3633.842, 0.2669841
3635.770, 0.2488251
3637.699, 0.2204735
3639.627, 5.5234890E-02
3641.556, -1.5583530E-02
3643.484, 0.1403993
3645.413, 0.3682081
3647.341, 0.2476249
3649.270, 2.2174731E-02
3651.198, 5.7747260E-02
3653.126, 9.8450460E-02
3655.055, -1.4791010E-02
3656.983, 7.1935929E-02
3658.912, 0.3240544
3660.840, 0.3240273
3662.769, 0.1578960
3664.697, 6.5746397E-02
3666.626, 0.1015215
3668.554, -2.6900820E-02
3670.483, -5.9981840E-03
3672.411, -8.4434479E-02
3674.340, 0.1531154
3676.268, 0.4564665
3678.197, 0.4145263
3680.125, -6.5251268E-02
3682.053, -0.2430776
3683.982, -0.3461558
3685.910, -0.1582137
3687.839, -4.0073778E-02
3689.767, -0.1547181
3691.696, 0.1679770
3693.624, 5.5665791E-02
3695.553, 9.6733823E-02
3697.481, -0.1437677
3699.410, -0.1359375
3701.338, 0.3516091
3703.267, 0.4422482
3705.195, 2.9579081E-02
3707.124, 4.9853008E-02
3709.052, -2.8769040E-02
3710.980, -2.2369141E-02
3712.909, 7.8185730E-02
3714.837, -0.1210725
3716.766, 0.1998105
3718.694, 0.2284241
3720.623, -2.2883080E-02
3722.551, -2.9494910E-02
3724.480, 4.0189851E-02
3726.408, -0.2554785
3728.337, -7.6767847E-02
3730.265, -6.7347721E-03
3732.194, 1.0573090E-02
3734.122, -0.1856091
3736.051, -0.2670547
3737.979, -2.1461541E-02
3739.907, 5.2007500E-02
3741.836, -0.2197622
3743.764, -0.2405705
3745.693, -0.2035106
3747.621, 6.3473336E-02
3749.550, 0.3363136
3751.478, 0.1168505
3753.407, 0.1950948
3755.335, 1.8153731E-02
3757.264, 0.2022442
3759.192, 0.1600153
3761.121, 4.9775098E-03
3763.049, -1.2201130E-02
3764.978, -0.2389256
3766.906, 0.2071313
3768.834, 6.9437519E-02
3770.763, -0.1556275
3772.691, -0.2038961
3774.620, -8.5222997E-02
3776.548, 6.0051579E-02
3778.477, -8.6358033E-02
3780.405, 0.1458248
3782.334, 0.1811301
3784.262, 0.3141297
3786.191, 0.2074750
3788.119, -0.1269933
3790.048, -0.1516137
3791.976, 0.2630051
3793.905, 0.1134008
3795.833, 0.2934658
3797.761, 0.1534920
3799.690, 0.1381527
3801.618, 0.2227943
3803.547, -0.2917372
3805.475, -4.3371860E-02
3807.404, 0.4398729
3809.332, 0.2313953
3811.261, 2.3976561E-02
3813.189, 0.1284324
3815.118, 0.2494861
3817.046, 0.1075404
3818.975, 0.1695152
3820.903, 0.1045867
3822.832, 0.2851144
3824.760, 0.1700704
3826.688, -9.8398902E-02
3828.617, -0.1304936
3830.545, 9.1061801E-02
3832.474, -4.5283850E-02
3834.402, -0.2331905
3836.331, -0.2036460
3838.259, -0.2672558
3840.188, -0.1904371
3842.116, -0.1194503
3844.045, -0.2483777
3845.973, -0.1692917
3847.902, -0.2804848
3849.830, 0.2435060
3851.759, -8.2932040E-02
3853.687, -0.1124693
3855.615, -6.3418322E-03
3857.544, -9.7015537E-02
3859.472, 4.5539640E-02
3861.401, -0.1395784
3863.329, 0.1876532
3865.258, 0.3172398
3867.186, -3.3796541E-02
3869.115, -0.2179848
3871.043, -0.1633124
3872.972, -0.2052391
3874.900, -0.2862003
3876.829, -6.7390669E-03
3878.757, -0.1179653
3880.686, -3.2841399E-02
3882.614, 0.1261147
3884.542, 8.8613063E-02
3886.471, -9.9701993E-02
3888.399, -0.2113097
3890.328, -0.1276493
3892.256, -0.3028600
3894.185, -0.1756966
3896.113, -0.1218314
3898.042, 3.4492150E-02
3899.970, 7.4148439E-02
3901.899, 2.6922490E-02
3903.827, 8.4910868E-03
3905.756, -0.2884396
3907.684, -0.1377129
3909.613, -0.1287175
3911.541, 0.2783098
3913.469, 0.4449026
3915.398, 0.2430979
3917.326, 6.2560007E-02
3919.255, 5.6961300E-03
3921.183, -0.2334548
3923.112, -6.3166007E-02
3925.040, -8.4688358E-02
3926.969, -0.2285397
3928.897, -9.5713735E-03
3930.826, 0.1870059
3932.754, 0.1643513
3934.683, 0.1110150
3936.611, 0.1390761
3938.540, -0.1713286
3940.468, 4.7493521E-02
3942.396, 0.2987487
3944.325, 0.2601025
3946.253, 0.2888437
3948.182, 0.1702695
3950.110, 0.1213437
3952.039, 0.2191305
3953.967, -7.0021801E-02
3955.896, 1.5148590E-02
3957.824, 0.2560246
3959.753, 1.5786780E-02
3961.681, 0.4490287
3963.610, 9.8834097E-02
3965.538, 1.1701860E-03
3967.467, 9.6751377E-02
3969.395, -1.7333170E-02
3971.323, 0.1025090
3973.252, 0.2978687
3975.180, 0.2017060
3977.109, -6.7394339E-02
3979.037, 0.1033553
3980.966, 0.1325188
3982.894, 4.4722490E-02
3984.823, 0.1706681
3986.751, -1.0664240E-02
3988.680, -3.9946730E-03
3990.608, 0.1656185
3992.537, -7.5004697E-02
3994.465, -0.1034740
3996.394, 0.1311933
3998.322, 4.5567870E-02
4000.250, 0.4285418
4002.179, 0.1292607
4004.107, -3.5611842E-02
4006.036, 0.1648105
4007.964, 0.1101812
4009.893, -0.1119606
4011.821, 0.1169572
4013.750, 3.5800122E-02
4015.678, -0.1255987
4017.607, -0.1653031
4019.535, -0.2314119
4021.464, 4.0100768E-02
4023.392, 0.2025707
4025.321, 0.1021081
4027.249, 2.8874939E-02
4029.177, 7.0828170E-02
4031.106, -1.9804951E-02
4033.034, 1.5638480E-02
4034.963, 5.8187790E-02
4036.891, 6.2515840E-02
4038.820, 0.1171544
4040.748, -0.1334729
4042.677, -0.1489583
4044.605, 0.1274019
4046.534, 0.3414023
4048.462, 0.3309056
4050.391, 0.1597779
4052.319, 0.1088436
4054.248, -0.3955742
4056.176, 0.2851792
4058.104, 0.1949462
4060.033, 7.6390482E-02
4061.961, 5.9197448E-02
4063.890, 3.7449069E-02
4065.818, -6.6309251E-02
4067.747, -1.5921470E-02
4069.675, 0.3841041
4071.604, 2.4516311E-02
4073.532, -0.3591827
4075.461, -4.0850479E-02
4077.389, -3.8554352E-02
4079.318, -9.4378836E-02
4081.246, -0.1370514
4083.175, 1.8133091E-02
4085.103, 8.5458659E-02
4087.031, 1.4272420E-02
4088.960, 0.1576409
4090.888, 0.4051755
4092.817, 6.9256902E-02
4094.745, -0.1250560
4096.674, 2.7339751E-02
4098.603, 0.1113931
4100.531, 4.5765579E-02
4102.459, -7.0236057E-02
4104.388, 2.4142571E-02
4106.316, -7.7190831E-02
4108.245, -0.1893114
4110.173, 1.4929700E-02
4112.102, 0.1100762
4114.030, -2.1229930E-02
4115.958, 0.1412935
4117.887, 0.1450723
4119.815, -1.0581360E-02
4121.744, 0.2776460
4123.672, 0.2650397
4125.601, 3.0563230E-02
4127.529, -7.3710769E-02
4129.458, 0.1086805
4131.386, 0.1843750
4133.315, -6.6660143E-02
4135.243, -0.2708382
4137.172, -0.2634660
4139.100, -2.2299280E-02
4141.029, 9.7938173E-02
4142.957, 0.1127039
4144.886, 9.1511637E-02
4146.814, 0.1041125
4148.743, 0.1346633
4150.671, -1.4705250E-02
4152.600, -1.7231200E-02
4154.528, 7.4933156E-02
4156.457, 1.5692839E-02
4158.385, 5.6013390E-02
4160.313, 0.3289303
4162.242, 9.1217920E-02
4164.170, -7.8778677E-02
4166.099, 1.6444299E-02
4168.027, -8.4626094E-02
4169.956, 0.3078617
4171.884, -0.3011140
4173.813, -4.8940040E-02
4175.741, -8.8581666E-02
4177.669, -6.5595679E-02
4179.598, 0.2198151
4181.526, 0.1142752
4183.455, -6.3376091E-02
4185.383, 6.9437079E-02
4187.312, -0.1121103
4189.240, 0.1344532
4191.169, 0.4205806
4193.097, 0.1559667
4195.026, 0.2747243
4196.954, -1.4593400E-02
4198.883, 0.1993477
4200.811, 9.3108498E-02
4202.740, -0.1143271
4204.668, 2.4488620E-02
4206.597, -0.1425227
4208.525, 2.1790570E-02
4210.454, 0.1160482
4212.382, 0.1440084
4214.311, -9.2880793E-02
4216.239, 1.2228953E-02
4218.167, -1.9719185E-02
4220.096, -5.7285298E-02
4222.024, 9.5959775E-02
4223.953, -0.1024072
4225.881, 4.7811832E-02
4227.810, 5.8883626E-02
4229.738, 0.1336379
4231.667, 7.0489950E-02
4233.595, 4.9934443E-02
4235.523, 0.1673275
4237.452, 0.2083400
4239.380, 0.1293136
4241.309, 0.2081193
4243.237, 4.9316343E-03
4245.166, 4.9197476E-02
4247.094, 0.2002247
4249.023, -8.1946403E-02
4250.951, 8.6058192E-03
4252.880, 0.1272544
4254.808, 5.4843179E-03
4256.737, 6.8449028E-02
4258.665, -5.7663221E-02
4260.594, 0.2677504
4262.522, 0.2085418
4264.451, 8.9654922E-02
4266.379, -0.1961951
4268.308, -7.1108453E-02
4270.236, 1.4070860E-03
4272.165, -6.9116637E-02
4274.093, 4.1312128E-02
4276.021, 7.2837798E-03
4277.950, 1.2644120E-02
4279.878, 1.0589660E-02
4281.807, -0.1879531
4283.735, -0.1459470
4285.664, -0.1193046
4287.592, 2.2102181E-02
4289.521, 4.5089919E-02
4291.449, 0.1183560
4293.377, -0.1477069
4295.306, 1.6046450E-02
4297.234, -0.1595215
4299.163, -0.1621426
4301.091, -0.1815273
4303.020, -0.1802490
4304.948, -6.4548522E-02
4306.877, -2.3280179E-02
4308.805, 0.2172649
4310.734, 0.2478633
4312.662, 0.2209817
4314.591, -0.1951448
4316.519, -3.1481963E-02
4318.448, 6.2123872E-02
4320.376, 8.9432694E-02
4322.305, -0.1481083
4324.233, -4.3649912E-02
4326.162, -7.6247692E-02
4328.090, -0.1144684
4330.019, 3.8128141E-02
4331.947, -0.1608934
4333.875, -1.1324753E-02
4335.804, -9.0475060E-04
4337.732, 7.3198214E-02
4339.661, 9.3985004E-03
4341.589, -1.1809378E-02
4343.518, 0.1049352
4345.446, 0.1452931
4347.375, 6.5618254E-02
4349.303, 0.1437704
4351.231, -6.0068589E-02
4353.160, -1.6454494E-02
4355.088, 0.1339204
4357.017, 6.1179467E-02
4358.945, 0.1418520
4360.874, 0.1640979
4362.802, -7.9196118E-02
4364.731, 0.1393084
4366.659, 0.1580995
4368.588, -2.8168606E-02
4370.516, 0.1745110
4372.445, 1.6512696E-02
4374.373, 4.1981511E-02
4376.302, -0.1703077
4378.230, -0.1768448
4380.159, -2.0807190E-02
4382.087, -4.2359360E-02
##END=



