##NAMES=Crocoite
##RRUFFID=R160016
##IDEAL CHEMISTRY=Pb(CrO_4_)
##LOCALITY=Beresovsk, Ural Mountains, Russia
##OWNER=RRUFF
##SOURCE=Marcus Origlieri
##DESCRIPTION=Red prismatic crystals associated with embreyite (R160015)
##STATUS=The identification of this mineral has been determined only by Raman spectroscopy
##URL=https://www.rruff.net/odr/rruff_sample/R160016
##FILETYPE=Raman RAW
##RAMAN WAVELENGTH=780

7.084375e+001, 6.196918e+003
7.277222e+001, 5.129459e+003
7.470068e+001, 4.997215e+003
7.662915e+001, 5.742869e+003
7.855762e+001, 7.349007e+003
8.048608e+001, 9.502398e+003
8.241455e+001, 1.293649e+004
8.434302e+001, 1.805150e+004
8.627148e+001, 2.487565e+004
8.819995e+001, 3.366701e+004
9.012842e+001, 4.513834e+004
9.205688e+001, 5.626511e+004
9.398535e+001, 6.666862e+004
9.591382e+001, 7.159303e+004
9.784229e+001, 7.021405e+004
9.977075e+001, 6.808251e+004
1.016992e+002, 6.654697e+004
1.036277e+002, 6.539254e+004
1.055562e+002, 6.493947e+004
1.074846e+002, 6.514129e+004
1.094131e+002, 6.597252e+004
1.113416e+002, 6.727948e+004
1.132700e+002, 6.912989e+004
1.151985e+002, 7.198502e+004
1.171270e+002, 7.554870e+004
1.190554e+002, 8.069765e+004
1.209839e+002, 8.655450e+004
1.229124e+002, 9.506439e+004
1.248408e+002, 1.091010e+005
1.267693e+002, 1.274324e+005
1.286978e+002, 1.447521e+005
1.306262e+002, 1.628354e+005
1.325547e+002, 1.722696e+005
1.344832e+002, 1.675287e+005
1.364116e+002, 1.562153e+005
1.383401e+002, 1.392890e+005
1.402686e+002, 1.189073e+005
1.421970e+002, 1.017779e+005
1.441255e+002, 8.799400e+004
1.460540e+002, 7.657548e+004
1.479824e+002, 6.810677e+004
1.499109e+002, 6.104868e+004
1.518394e+002, 5.503140e+004
1.537678e+002, 4.998991e+004
1.556963e+002, 4.566790e+004
1.576248e+002, 4.205843e+004
1.595532e+002, 3.905216e+004
1.614817e+002, 3.679999e+004
1.634102e+002, 3.497046e+004
1.653386e+002, 3.356417e+004
1.672671e+002, 3.250501e+004
1.691956e+002, 3.171598e+004
1.711240e+002, 3.118237e+004
1.730525e+002, 3.072187e+004
1.749810e+002, 3.037016e+004
1.769094e+002, 3.001555e+004
1.788379e+002, 2.967468e+004
1.807664e+002, 2.929527e+004
1.826948e+002, 2.879219e+004
1.846233e+002, 2.820127e+004
1.865518e+002, 2.767822e+004
1.884802e+002, 2.728342e+004
1.904087e+002, 2.687168e+004
1.923372e+002, 2.637178e+004
1.942656e+002, 2.590450e+004
1.961941e+002, 2.556888e+004
1.981226e+002, 2.531869e+004
2.000510e+002, 2.507515e+004
2.019795e+002, 2.483487e+004
2.039080e+002, 2.460648e+004
2.058364e+002, 2.439044e+004
2.077649e+002, 2.418546e+004
2.096934e+002, 2.397855e+004
2.116218e+002, 2.379223e+004
2.135503e+002, 2.365000e+004
2.154788e+002, 2.355392e+004
2.174072e+002, 2.349121e+004
2.193357e+002, 2.349779e+004
2.212642e+002, 2.347351e+004
2.231926e+002, 2.337133e+004
2.251211e+002, 2.326185e+004
2.270496e+002, 2.320301e+004
2.289780e+002, 2.317752e+004
2.309065e+002, 2.310965e+004
2.328350e+002, 2.296380e+004
2.347634e+002, 2.287046e+004
2.366919e+002, 2.285607e+004
2.386204e+002, 2.285875e+004
2.405488e+002, 2.285469e+004
2.424773e+002, 2.284639e+004
2.444058e+002, 2.283089e+004
2.463342e+002, 2.280651e+004
2.482627e+002, 2.280984e+004
2.501912e+002, 2.284648e+004
2.521196e+002, 2.288939e+004
2.540481e+002, 2.293021e+004
2.559766e+002, 2.297904e+004
2.579050e+002, 2.303172e+004
2.598335e+002, 2.309922e+004
2.617620e+002, 2.322274e+004
2.636904e+002, 2.341022e+004
2.656189e+002, 2.355801e+004
2.675474e+002, 2.364066e+004
2.694758e+002, 2.372322e+004
2.714043e+002, 2.383475e+004
2.733328e+002, 2.395383e+004
2.752612e+002, 2.405503e+004
2.771897e+002, 2.414740e+004
2.791182e+002, 2.427109e+004
2.810466e+002, 2.442472e+004
2.829751e+002, 2.460748e+004
2.849036e+002, 2.482632e+004
2.868320e+002, 2.506407e+004
2.887605e+002, 2.529257e+004
2.906890e+002, 2.555030e+004
2.926174e+002, 2.585890e+004
2.945459e+002, 2.623733e+004
2.964744e+002, 2.675110e+004
2.984028e+002, 2.739816e+004
3.003313e+002, 2.821288e+004
3.022598e+002, 2.922822e+004
3.041882e+002, 3.038816e+004
3.061167e+002, 3.155194e+004
3.080452e+002, 3.291931e+004
3.099736e+002, 3.472379e+004
3.119021e+002, 3.696063e+004
3.138306e+002, 3.971780e+004
3.157590e+002, 4.278995e+004
3.176875e+002, 4.707693e+004
3.196160e+002, 5.273602e+004
3.215445e+002, 5.950868e+004
3.234729e+002, 6.705237e+004
3.254014e+002, 7.583281e+004
3.273299e+002, 8.582950e+004
3.292583e+002, 9.730246e+004
3.311868e+002, 1.129442e+005
3.331153e+002, 1.373680e+005
3.350437e+002, 1.555347e+005
3.369722e+002, 1.608436e+005
3.389007e+002, 1.658128e+005
3.408291e+002, 1.670564e+005
3.427576e+002, 1.778891e+005
3.446861e+002, 2.079286e+005
3.466145e+002, 2.581521e+005
3.485430e+002, 3.377093e+005
3.504715e+002, 4.623990e+005
3.523999e+002, 5.866463e+005
3.543284e+002, 7.595623e+005
3.562569e+002, 8.667125e+005
3.581853e+002, 8.411807e+005
3.601138e+002, 7.430487e+005
3.620423e+002, 6.096776e+005
3.639707e+002, 4.514806e+005
3.658992e+002, 3.348937e+005
3.678277e+002, 2.691460e+005
3.697561e+002, 2.293034e+005
3.716846e+002, 2.312640e+005
3.736131e+002, 2.326126e+005
3.755415e+002, 2.232750e+005
3.774700e+002, 2.042000e+005
3.793985e+002, 1.709624e+005
3.813269e+002, 1.303164e+005
3.832554e+002, 1.007239e+005
3.851839e+002, 8.342505e+004
3.871123e+002, 7.293197e+004
3.890408e+002, 6.974755e+004
3.909693e+002, 7.176002e+004
3.928977e+002, 8.165938e+004
3.948262e+002, 9.227478e+004
3.967547e+002, 1.037636e+005
3.986831e+002, 1.109536e+005
4.006116e+002, 1.041307e+005
4.025401e+002, 8.393263e+004
4.044685e+002, 6.697495e+004
4.063970e+002, 5.302396e+004
4.083255e+002, 4.276807e+004
4.102539e+002, 3.731711e+004
4.121824e+002, 3.367128e+004
4.141109e+002, 3.118682e+004
4.160393e+002, 2.931085e+004
4.179678e+002, 2.773172e+004
4.198963e+002, 2.643093e+004
4.218247e+002, 2.537511e+004
4.237532e+002, 2.456010e+004
4.256817e+002, 2.393121e+004
4.276101e+002, 2.350857e+004
4.295386e+002, 2.318213e+004
4.314671e+002, 2.293128e+004
4.333955e+002, 2.275977e+004
4.353240e+002, 2.272750e+004
4.372525e+002, 2.272859e+004
4.391809e+002, 2.267143e+004
4.411094e+002, 2.254655e+004
4.430379e+002, 2.232497e+004
4.449663e+002, 2.200873e+004
4.468948e+002, 2.165630e+004
4.488233e+002, 2.126295e+004
4.507517e+002, 2.086732e+004
4.526802e+002, 2.044725e+004
4.546087e+002, 2.006419e+004
4.565371e+002, 1.973958e+004
4.584656e+002, 1.947262e+004
4.603941e+002, 1.927215e+004
4.623225e+002, 1.912862e+004
4.642510e+002, 1.901945e+004
4.661795e+002, 1.894324e+004
4.681079e+002, 1.890948e+004
4.700364e+002, 1.895607e+004
4.719649e+002, 1.897882e+004
4.738933e+002, 1.896213e+004
4.758218e+002, 1.891719e+004
4.777503e+002, 1.887065e+004
4.796787e+002, 1.878254e+004
4.816072e+002, 1.859223e+004
4.835357e+002, 1.833023e+004
4.854641e+002, 1.806681e+004
4.873926e+002, 1.780609e+004
4.893211e+002, 1.752627e+004
4.912495e+002, 1.720501e+004
4.931780e+002, 1.689419e+004
4.951065e+002, 1.657027e+004
4.970349e+002, 1.629062e+004
4.989634e+002, 1.610442e+004
5.008919e+002, 1.594964e+004
5.028203e+002, 1.577598e+004
5.047488e+002, 1.559333e+004
5.066773e+002, 1.541519e+004
5.086057e+002, 1.523958e+004
5.105342e+002, 1.510931e+004
5.124626e+002, 1.506487e+004
5.143911e+002, 1.498788e+004
5.163196e+002, 1.486008e+004
5.182480e+002, 1.472844e+004
5.201765e+002, 1.460868e+004
5.221050e+002, 1.448624e+004
5.240334e+002, 1.434398e+004
5.259619e+002, 1.419843e+004
5.278904e+002, 1.407260e+004
5.298188e+002, 1.396255e+004
5.317473e+002, 1.385039e+004
5.336758e+002, 1.374000e+004
5.356042e+002, 1.360483e+004
5.375327e+002, 1.342916e+004
5.394612e+002, 1.328604e+004
5.413896e+002, 1.319453e+004
5.433181e+002, 1.313126e+004
5.452466e+002, 1.313538e+004
5.471750e+002, 1.310928e+004
5.491035e+002, 1.294483e+004
5.510320e+002, 1.273183e+004
5.529604e+002, 1.261981e+004
5.548889e+002, 1.259609e+004
5.568174e+002, 1.258265e+004
5.587458e+002, 1.258253e+004
5.606743e+002, 1.252523e+004
5.626028e+002, 1.239253e+004
5.645313e+002, 1.225296e+004
5.664598e+002, 1.209904e+004
5.683882e+002, 1.198588e+004
5.703167e+002, 1.195756e+004
5.722452e+002, 1.194516e+004
5.741736e+002, 1.190165e+004
5.761021e+002, 1.184393e+004
5.780306e+002, 1.179755e+004
5.799590e+002, 1.175974e+004
5.818875e+002, 1.171874e+004
5.838160e+002, 1.167554e+004
5.857444e+002, 1.163177e+004
5.876729e+002, 1.158632e+004
5.896014e+002, 1.155204e+004
5.915298e+002, 1.153639e+004
5.934583e+002, 1.152484e+004
5.953868e+002, 1.151722e+004
5.973152e+002, 1.150724e+004
5.992437e+002, 1.148578e+004
6.011722e+002, 1.146422e+004
6.031006e+002, 1.145870e+004
6.050291e+002, 1.145934e+004
6.069576e+002, 1.143816e+004
6.088860e+002, 1.140444e+004
6.108145e+002, 1.141240e+004
6.127430e+002, 1.147147e+004
6.146714e+002, 1.150830e+004
6.165999e+002, 1.149652e+004
6.185284e+002, 1.150230e+004
6.204568e+002, 1.153308e+004
6.223853e+002, 1.158314e+004
6.243138e+002, 1.166179e+004
6.262422e+002, 1.174724e+004
6.281707e+002, 1.182379e+004
6.300992e+002, 1.190225e+004
6.320276e+002, 1.200754e+004
6.339561e+002, 1.211588e+004
6.358846e+002, 1.216949e+004
6.378130e+002, 1.217559e+004
6.397415e+002, 1.222461e+004
6.416700e+002, 1.233795e+004
6.435984e+002, 1.241565e+004
6.455269e+002, 1.242674e+004
6.474554e+002, 1.245842e+004
6.493839e+002, 1.253015e+004
6.513123e+002, 1.259559e+004
6.532408e+002, 1.263051e+004
6.551693e+002, 1.267392e+004
6.570977e+002, 1.275502e+004
6.590262e+002, 1.284697e+004
6.609547e+002, 1.293028e+004
6.628831e+002, 1.300999e+004
6.648116e+002, 1.309564e+004
6.667401e+002, 1.318311e+004
6.686685e+002, 1.324325e+004
6.705970e+002, 1.327129e+004
6.725255e+002, 1.338976e+004
6.744539e+002, 1.362521e+004
6.763824e+002, 1.378567e+004
6.783109e+002, 1.382593e+004
6.802393e+002, 1.392604e+004
6.821678e+002, 1.415358e+004
6.840963e+002, 1.437499e+004
6.860247e+002, 1.451721e+004
6.879532e+002, 1.467466e+004
6.898817e+002, 1.492868e+004
6.918101e+002, 1.517744e+004
6.937386e+002, 1.532666e+004
6.956671e+002, 1.543171e+004
6.975955e+002, 1.557826e+004
6.995240e+002, 1.574367e+004
7.014525e+002, 1.585220e+004
7.033809e+002, 1.591329e+004
7.053094e+002, 1.601817e+004
7.072379e+002, 1.616568e+004
7.091663e+002, 1.626918e+004
7.110948e+002, 1.631751e+004
7.130233e+002, 1.634145e+004
7.149517e+002, 1.632957e+004
7.168802e+002, 1.634045e+004
7.188087e+002, 1.638392e+004
7.207371e+002, 1.646325e+004
7.226656e+002, 1.662725e+004
7.245941e+002, 1.676606e+004
7.265225e+002, 1.676641e+004
7.284510e+002, 1.677666e+004
7.303795e+002, 1.694563e+004
7.323079e+002, 1.718524e+004
7.342364e+002, 1.738447e+004
7.361649e+002, 1.755993e+004
7.380933e+002, 1.772789e+004
7.400218e+002, 1.790548e+004
7.419503e+002, 1.816435e+004
7.438787e+002, 1.850244e+004
7.458072e+002, 1.883850e+004
7.477357e+002, 1.915720e+004
7.496641e+002, 1.955228e+004
7.515926e+002, 2.005775e+004
7.535211e+002, 2.058176e+004
7.554495e+002, 2.109487e+004
7.573780e+002, 2.166164e+004
7.593065e+002, 2.226711e+004
7.612349e+002, 2.296659e+004
7.631634e+002, 2.378459e+004
7.650919e+002, 2.469330e+004
7.670203e+002, 2.564823e+004
7.689488e+002, 2.671327e+004
7.708773e+002, 2.787155e+004
7.728057e+002, 2.923200e+004
7.747342e+002, 3.088954e+004
7.766627e+002, 3.282585e+004
7.785911e+002, 3.495590e+004
7.805196e+002, 3.734462e+004
7.824481e+002, 4.016681e+004
7.843765e+002, 4.342923e+004
7.863050e+002, 4.725613e+004
7.882335e+002, 5.167083e+004
7.901619e+002, 5.645436e+004
7.920904e+002, 6.163838e+004
7.940189e+002, 6.709567e+004
7.959473e+002, 7.273913e+004
7.978758e+002, 7.892523e+004
7.998043e+002, 8.560516e+004
8.017327e+002, 9.302747e+004
8.036612e+002, 1.009789e+005
8.055897e+002, 1.103141e+005
8.075181e+002, 1.210200e+005
8.094466e+002, 1.337344e+005
8.113751e+002, 1.472984e+005
8.133035e+002, 1.651695e+005
8.152320e+002, 1.888715e+005
8.171605e+002, 2.176743e+005
8.190889e+002, 2.493697e+005
8.210174e+002, 2.876498e+005
8.229459e+002, 3.328649e+005
8.248743e+002, 3.898103e+005
8.268028e+002, 4.617512e+005
8.287313e+002, 5.524805e+005
8.306597e+002, 6.801330e+005
8.325882e+002, 8.316549e+005
8.345167e+002, 9.847076e+005
8.364451e+002, 1.123798e+006
8.383736e+002, 1.157763e+006
8.403021e+002, 1.093278e+006
8.422305e+002, 9.800653e+005
8.441590e+002, 8.224929e+005
8.460875e+002, 6.866650e+005
8.480159e+002, 5.784262e+005
8.499444e+002, 4.910762e+005
8.518729e+002, 4.265307e+005
8.538013e+002, 3.683518e+005
8.557298e+002, 3.140784e+005
8.576583e+002, 2.654694e+005
8.595867e+002, 2.219043e+005
8.615152e+002, 1.860255e+005
8.634437e+002, 1.600847e+005
8.653721e+002, 1.387543e+005
8.673006e+002, 1.218791e+005
8.692291e+002, 1.076786e+005
8.711575e+002, 9.599176e+004
8.730860e+002, 8.613978e+004
8.750145e+002, 7.820830e+004
8.769429e+002, 7.143908e+004
8.788714e+002, 6.557376e+004
8.807999e+002, 6.041170e+004
8.827283e+002, 5.591742e+004
8.846568e+002, 5.191770e+004
8.865853e+002, 4.830145e+004
8.885137e+002, 4.503145e+004
8.904422e+002, 4.210349e+004
8.923707e+002, 3.945248e+004
8.942991e+002, 3.699009e+004
8.962276e+002, 3.475082e+004
8.981561e+002, 3.284284e+004
9.000845e+002, 3.119279e+004
9.020130e+002, 2.960851e+004
9.039415e+002, 2.810784e+004
9.058699e+002, 2.674835e+004
9.077984e+002, 2.553273e+004
9.097269e+002, 2.447649e+004
9.116553e+002, 2.357619e+004
9.135838e+002, 2.274722e+004
9.155123e+002, 2.199265e+004
9.174407e+002, 2.123723e+004
9.193692e+002, 2.046834e+004
9.212977e+002, 1.980870e+004
9.232261e+002, 1.927983e+004
9.251546e+002, 1.873789e+004
9.270831e+002, 1.817012e+004
9.290115e+002, 1.766433e+004
9.309400e+002, 1.723574e+004
9.328685e+002, 1.680329e+004
9.347969e+002, 1.635461e+004
9.367254e+002, 1.594700e+004
9.386539e+002, 1.559413e+004
9.405823e+002, 1.525339e+004
9.425108e+002, 1.491469e+004
9.444393e+002, 1.460158e+004
9.463677e+002, 1.431491e+004
9.482962e+002, 1.407485e+004
9.502247e+002, 1.391390e+004
9.521531e+002, 1.369682e+004
9.540816e+002, 1.333935e+004
9.560101e+002, 1.305566e+004
9.579385e+002, 1.291811e+004
9.598670e+002, 1.284174e+004
9.617955e+002, 1.284923e+004
9.637239e+002, 1.282331e+004
9.656524e+002, 1.273339e+004
9.675809e+002, 1.259312e+004
9.695093e+002, 1.237303e+004
9.714378e+002, 1.215442e+004
9.733663e+002, 1.195551e+004
9.752947e+002, 1.177731e+004
9.772232e+002, 1.164951e+004
9.791517e+002, 1.149933e+004
9.810801e+002, 1.126215e+004
9.830086e+002, 1.104139e+004
9.849371e+002, 1.090085e+004
9.868655e+002, 1.077237e+004
9.887940e+002, 1.061132e+004
9.907225e+002, 1.046327e+004
9.926509e+002, 1.037518e+004
9.945794e+002, 1.028145e+004
9.965079e+002, 1.012633e+004
9.984363e+002, 9.972867e+003
1.000365e+003, 9.853055e+003
1.002293e+003, 9.759768e+003
1.004222e+003, 9.714307e+003
1.006150e+003, 9.658498e+003
1.008079e+003, 9.531360e+003
1.010007e+003, 9.403396e+003
1.011936e+003, 9.324135e+003
1.013864e+003, 9.266583e+003
1.015793e+003, 9.219696e+003
1.017721e+003, 9.177052e+003
1.019649e+003, 9.139115e+003
1.021578e+003, 9.097812e+003
1.023506e+003, 9.064029e+003
1.025435e+003, 9.001836e+003
1.027363e+003, 8.844141e+003
1.029292e+003, 8.697463e+003
1.031220e+003, 8.648751e+003
1.033149e+003, 8.634438e+003
1.035077e+003, 8.629224e+003
1.037006e+003, 8.610430e+003
1.038934e+003, 8.551333e+003
1.040863e+003, 8.485865e+003
1.042791e+003, 8.433034e+003
1.044719e+003, 8.390666e+003
1.046648e+003, 8.363096e+003
1.048576e+003, 8.338428e+003
1.050505e+003, 8.319878e+003
1.052433e+003, 8.286611e+003
1.054362e+003, 8.212661e+003
1.056290e+003, 8.134875e+003
1.058219e+003, 8.048697e+003
1.060147e+003, 8.005086e+003
1.062076e+003, 8.098253e+003
1.064004e+003, 8.160823e+003
1.065933e+003, 8.056432e+003
1.067861e+003, 7.935818e+003
1.069790e+003, 7.884694e+003
1.071718e+003, 7.845217e+003
1.073647e+003, 7.782716e+003
1.075575e+003, 7.726531e+003
1.077504e+003, 7.695824e+003
1.079432e+003, 7.669895e+003
1.081360e+003, 7.638215e+003
1.083289e+003, 7.610884e+003
1.085217e+003, 7.592201e+003
1.087146e+003, 7.579763e+003
1.089074e+003, 7.594976e+003
1.091003e+003, 7.580756e+003
1.092931e+003, 7.487109e+003
1.094860e+003, 7.406310e+003
1.096788e+003, 7.358561e+003
1.098717e+003, 7.343469e+003
1.100645e+003, 7.402047e+003
1.102574e+003, 7.423278e+003
1.104502e+003, 7.328463e+003
1.106431e+003, 7.284331e+003
1.108359e+003, 7.395019e+003
1.110287e+003, 7.434067e+003
1.112216e+003, 7.307288e+003
1.114144e+003, 7.212094e+003
1.116073e+003, 7.179428e+003
1.118001e+003, 7.165970e+003
1.119930e+003, 7.190963e+003
1.121858e+003, 7.184405e+003
1.123787e+003, 7.122240e+003
1.125715e+003, 7.073928e+003
1.127644e+003, 7.037819e+003
1.129572e+003, 7.028876e+003
1.131501e+003, 7.052372e+003
1.133429e+003, 7.090186e+003
1.135358e+003, 7.148382e+003
1.137286e+003, 7.201219e+003
1.139214e+003, 7.255215e+003
1.141143e+003, 7.253790e+003
1.143071e+003, 7.190162e+003
1.145000e+003, 7.175868e+003
1.146928e+003, 7.209923e+003
1.148857e+003, 7.230385e+003
1.150785e+003, 7.239531e+003
1.152714e+003, 7.264271e+003
1.154642e+003, 7.302280e+003
1.156571e+003, 7.343823e+003
1.158499e+003, 7.388591e+003
1.160428e+003, 7.438376e+003
1.162356e+003, 7.488813e+003
1.164285e+003, 7.515647e+003
1.166213e+003, 7.544878e+003
1.168141e+003, 7.646846e+003
1.170070e+003, 7.761566e+003
1.171998e+003, 7.790992e+003
1.173927e+003, 7.791350e+003
1.175855e+003, 7.808907e+003
1.177784e+003, 7.853282e+003
1.179712e+003, 7.953208e+003
1.181641e+003, 8.057966e+003
1.183569e+003, 8.121800e+003
1.185498e+003, 8.190839e+003
1.187426e+003, 8.301971e+003
1.189355e+003, 8.410506e+003
1.191283e+003, 8.500587e+003
1.193212e+003, 8.577310e+003
1.195140e+003, 8.650938e+003
1.197068e+003, 8.690924e+003
1.198997e+003, 8.677381e+003
1.200925e+003, 8.664800e+003
1.202854e+003, 8.668387e+003
1.204782e+003, 8.662386e+003
1.206711e+003, 8.645815e+003
1.208639e+003, 8.605411e+003
1.210568e+003, 8.537238e+003
1.212496e+003, 8.467053e+003
1.214425e+003, 8.396558e+003
1.216353e+003, 8.370539e+003
1.218282e+003, 8.383013e+003
1.220210e+003, 8.349415e+003
1.222139e+003, 8.278987e+003
1.224067e+003, 8.242131e+003
1.225995e+003, 8.223483e+003
1.227924e+003, 8.141481e+003
1.229852e+003, 8.057871e+003
1.231781e+003, 8.131454e+003
1.233709e+003, 8.258149e+003
1.235638e+003, 8.293271e+003
1.237566e+003, 8.295643e+003
1.239495e+003, 8.312024e+003
1.241423e+003, 8.343914e+003
1.243352e+003, 8.399253e+003
1.245280e+003, 8.460707e+003
1.247209e+003, 8.509259e+003
1.249137e+003, 8.576621e+003
1.251066e+003, 8.698203e+003
1.252994e+003, 8.795822e+003
1.254922e+003, 8.844856e+003
1.256851e+003, 8.863318e+003
1.258779e+003, 8.830866e+003
1.260708e+003, 8.846583e+003
1.262636e+003, 8.943220e+003
1.264565e+003, 9.002078e+003
1.266493e+003, 9.013305e+003
1.268422e+003, 9.020530e+003
1.270350e+003, 9.024953e+003
1.272279e+003, 9.090975e+003
1.274207e+003, 9.196313e+003
1.276136e+003, 9.215306e+003
1.278064e+003, 9.180906e+003
1.279993e+003, 9.187595e+003
1.281921e+003, 9.196343e+003
1.283849e+003, 9.114427e+003
1.285778e+003, 9.036093e+003
1.287706e+003, 9.078352e+003
1.289635e+003, 9.146594e+003
1.291563e+003, 9.199526e+003
1.293492e+003, 9.216655e+003
1.295420e+003, 9.151828e+003
1.297349e+003, 9.132733e+003
1.299277e+003, 9.217539e+003
1.301206e+003, 9.275581e+003
1.303134e+003, 9.276093e+003
1.305063e+003, 9.268988e+003
1.306991e+003, 9.260522e+003
1.308920e+003, 9.244022e+003
1.310848e+003, 9.221511e+003
1.312776e+003, 9.212921e+003
1.314705e+003, 9.223841e+003
1.316633e+003, 9.302381e+003
1.318562e+003, 9.395409e+003
1.320490e+003, 9.355771e+003
1.322419e+003, 9.268269e+003
1.324347e+003, 9.239834e+003
1.326276e+003, 9.249812e+003
1.328204e+003, 9.309222e+003
1.330133e+003, 9.352948e+003
1.332061e+003, 9.298151e+003
1.333990e+003, 9.288815e+003
1.335918e+003, 9.420531e+003
1.337847e+003, 9.532758e+003
1.339775e+003, 9.580421e+003
1.341703e+003, 9.631703e+003
1.343632e+003, 9.686033e+003
1.345560e+003, 9.747836e+003
1.347489e+003, 9.815687e+003
1.349417e+003, 9.979058e+003
1.351346e+003, 1.021828e+004
1.353274e+003, 1.044482e+004
1.355203e+003, 1.063851e+004
1.357131e+003, 1.072579e+004
1.359060e+003, 1.078431e+004
1.360988e+003, 1.089029e+004
1.362917e+003, 1.102471e+004
1.364845e+003, 1.120660e+004
1.366774e+003, 1.134523e+004
1.368702e+003, 1.138686e+004
1.370630e+003, 1.140866e+004
1.372559e+003, 1.142851e+004
1.374487e+003, 1.144545e+004
1.376416e+003, 1.146310e+004
1.378344e+003, 1.145875e+004
1.380273e+003, 1.143203e+004
1.382201e+003, 1.136964e+004
1.384130e+003, 1.127940e+004
1.386058e+003, 1.119812e+004
1.387987e+003, 1.110972e+004
1.389915e+003, 1.096362e+004
1.391844e+003, 1.082005e+004
1.393772e+003, 1.076980e+004
1.395701e+003, 1.069877e+004
1.397629e+003, 1.052448e+004
1.399557e+003, 1.036575e+004
1.401486e+003, 1.026421e+004
1.403414e+003, 1.014958e+004
1.405343e+003, 1.000859e+004
1.407271e+003, 9.875878e+003
1.409200e+003, 9.755909e+003
1.411128e+003, 9.660820e+003
1.413057e+003, 9.584374e+003
1.414985e+003, 9.486540e+003
1.416914e+003, 9.401715e+003
1.418842e+003, 9.433319e+003
1.420771e+003, 9.453857e+003
1.422699e+003, 9.310288e+003
1.424628e+003, 9.154694e+003
1.426556e+003, 9.033416e+003
1.428484e+003, 8.992953e+003
1.430413e+003, 9.087526e+003
1.432341e+003, 9.128586e+003
1.434270e+003, 9.094807e+003
1.436198e+003, 9.062445e+003
1.438127e+003, 9.038938e+003
1.440055e+003, 9.068149e+003
1.441984e+003, 9.111829e+003
1.443912e+003, 9.070897e+003
1.445841e+003, 8.992896e+003
1.447769e+003, 8.902511e+003
1.449698e+003, 8.840092e+003
1.451626e+003, 8.856365e+003
1.453555e+003, 8.861998e+003
1.455483e+003, 8.801963e+003
1.457411e+003, 8.781508e+003
1.459340e+003, 8.823698e+003
1.461268e+003, 8.874412e+003
1.463197e+003, 8.931868e+003
1.465125e+003, 8.902356e+003
1.467054e+003, 8.826895e+003
1.468982e+003, 8.823609e+003
1.470911e+003, 8.840496e+003
1.472839e+003, 8.811707e+003
1.474768e+003, 8.784393e+003
1.476696e+003, 8.793009e+003
1.478625e+003, 8.778771e+003
1.480553e+003, 8.712286e+003
1.482482e+003, 8.668249e+003
1.484410e+003, 8.657979e+003
1.486339e+003, 8.683795e+003
1.488267e+003, 8.733205e+003
1.490195e+003, 8.726016e+003
1.492124e+003, 8.683782e+003
1.494052e+003, 8.642456e+003
1.495981e+003, 8.597101e+003
1.497909e+003, 8.525338e+003
1.499838e+003, 8.479906e+003
1.501766e+003, 8.482816e+003
1.503695e+003, 8.510938e+003
1.505623e+003, 8.564453e+003
1.507552e+003, 8.566391e+003
1.509480e+003, 8.518713e+003
1.511409e+003, 8.504116e+003
1.513337e+003, 8.517433e+003
1.515266e+003, 8.585898e+003
1.517194e+003, 8.618129e+003
1.519122e+003, 8.446756e+003
1.521051e+003, 8.304836e+003
1.522979e+003, 8.344065e+003
1.524908e+003, 8.393552e+003
1.526836e+003, 8.431116e+003
1.528765e+003, 8.444021e+003
1.530693e+003, 8.434870e+003
1.532622e+003, 8.440702e+003
1.534550e+003, 8.455229e+003
1.536479e+003, 8.463148e+003
1.538407e+003, 8.462446e+003
1.540336e+003, 8.426737e+003
1.542264e+003, 8.421333e+003
1.544193e+003, 8.514065e+003
1.546121e+003, 8.574465e+003
1.548049e+003, 8.568128e+003
1.549978e+003, 8.559981e+003
1.551906e+003, 8.550388e+003
1.553835e+003, 8.514390e+003
1.555763e+003, 8.475015e+003
1.557692e+003, 8.497535e+003
1.559620e+003, 8.531756e+003
1.561549e+003, 8.537793e+003
1.563477e+003, 8.539517e+003
1.565406e+003, 8.552289e+003
1.567334e+003, 8.542330e+003
1.569263e+003, 8.497500e+003
1.571191e+003, 8.443646e+003
1.573120e+003, 8.391947e+003
1.575048e+003, 8.442529e+003
1.576976e+003, 8.513849e+003
1.578905e+003, 8.458456e+003
1.580833e+003, 8.401673e+003
1.582762e+003, 8.421272e+003
1.584690e+003, 8.432463e+003
1.586619e+003, 8.412192e+003
1.588547e+003, 8.384568e+003
1.590476e+003, 8.352310e+003
1.592404e+003, 8.323349e+003
1.594333e+003, 8.301078e+003
1.596261e+003, 8.302761e+003
1.598190e+003, 8.303623e+003
1.600118e+003, 8.286875e+003
1.602047e+003, 8.250194e+003
1.603975e+003, 8.188553e+003
1.605903e+003, 8.126727e+003
1.607832e+003, 8.070132e+003
1.609760e+003, 8.059466e+003
1.611689e+003, 8.081817e+003
1.613617e+003, 8.109627e+003
1.615546e+003, 8.127541e+003
1.617474e+003, 8.120122e+003
1.619403e+003, 8.093064e+003
1.621331e+003, 8.038024e+003
1.623260e+003, 7.992227e+003
1.625188e+003, 7.959460e+003
1.627117e+003, 7.947436e+003
1.629045e+003, 7.951060e+003
1.630974e+003, 7.960806e+003
1.632902e+003, 7.966001e+003
1.634830e+003, 7.953660e+003
1.636759e+003, 7.935897e+003
1.638687e+003, 7.907974e+003
1.640616e+003, 7.902195e+003
1.642544e+003, 7.923485e+003
1.644473e+003, 7.913042e+003
1.646401e+003, 7.897030e+003
1.648330e+003, 7.996939e+003
1.650258e+003, 8.098878e+003
1.652187e+003, 8.072494e+003
1.654115e+003, 8.059560e+003
1.656044e+003, 8.118225e+003
1.657972e+003, 8.202488e+003
1.659901e+003, 8.310251e+003
1.661829e+003, 8.391221e+003
1.663757e+003, 8.457404e+003
1.665686e+003, 8.548102e+003
1.667614e+003, 8.625837e+003
1.669543e+003, 8.668546e+003
1.671471e+003, 8.671057e+003
1.673400e+003, 8.618901e+003
1.675328e+003, 8.612791e+003
1.677257e+003, 8.651266e+003
1.679185e+003, 8.641082e+003
1.681114e+003, 8.585451e+003
1.683042e+003, 8.453874e+003
1.684971e+003, 8.340143e+003
1.686899e+003, 8.300969e+003
1.688828e+003, 8.249703e+003
1.690756e+003, 8.169103e+003
1.692684e+003, 8.071948e+003
1.694613e+003, 7.976542e+003
1.696541e+003, 7.960761e+003
1.698470e+003, 7.954036e+003
1.700398e+003, 7.882126e+003
1.702327e+003, 7.786846e+003
1.704255e+003, 7.673315e+003
1.706184e+003, 7.586233e+003
1.708112e+003, 7.526914e+003
1.710041e+003, 7.478626e+003
1.711969e+003, 7.427337e+003
1.713898e+003, 7.309332e+003
1.715826e+003, 7.249129e+003
1.717755e+003, 7.402210e+003
1.719683e+003, 7.445288e+003
1.721611e+003, 7.338894e+003
1.723540e+003, 7.261946e+003
1.725468e+003, 7.211381e+003
1.727397e+003, 7.155817e+003
1.729325e+003, 7.104954e+003
1.731254e+003, 7.066291e+003
1.733182e+003, 7.038300e+003
1.735111e+003, 7.025612e+003
1.737039e+003, 7.005549e+003
1.738968e+003, 6.975763e+003
1.740896e+003, 6.906286e+003
1.742825e+003, 6.848036e+003
1.744753e+003, 6.867968e+003
1.746682e+003, 6.890167e+003
1.748610e+003, 6.878636e+003
1.750538e+003, 6.892180e+003
1.752467e+003, 6.927757e+003
1.754395e+003, 6.897213e+003
1.756324e+003, 6.839094e+003
1.758252e+003, 6.797775e+003
1.760181e+003, 6.778174e+003
1.762109e+003, 6.795111e+003
1.764038e+003, 6.774727e+003
1.765966e+003, 6.709776e+003
1.767895e+003, 6.658675e+003
1.769823e+003, 6.623967e+003
1.771752e+003, 6.634875e+003
1.773680e+003, 6.616067e+003
1.775609e+003, 6.521931e+003
1.777537e+003, 6.465060e+003
1.779465e+003, 6.460678e+003
1.781394e+003, 6.407697e+003
1.783322e+003, 6.360726e+003
1.785251e+003, 6.473069e+003
1.787179e+003, 6.543581e+003
1.789108e+003, 6.465645e+003
1.791036e+003, 6.374029e+003
1.792965e+003, 6.291515e+003
1.794893e+003, 6.282584e+003
1.796822e+003, 6.288734e+003
1.798750e+003, 6.188079e+003
1.800679e+003, 6.100848e+003
1.802607e+003, 6.090834e+003
1.804536e+003, 6.104875e+003
1.806464e+003, 6.131525e+003
1.808392e+003, 6.106704e+003
1.810321e+003, 6.056646e+003
1.812249e+003, 6.023249e+003
1.814178e+003, 5.976598e+003
1.816106e+003, 5.894827e+003
1.818035e+003, 5.811812e+003
1.819963e+003, 5.734237e+003
1.821892e+003, 5.700821e+003
1.823820e+003, 5.693626e+003
1.825749e+003, 5.710632e+003
1.827677e+003, 5.705019e+003
1.829606e+003, 5.645850e+003
1.831534e+003, 5.595197e+003
1.833463e+003, 5.547616e+003
1.835391e+003, 5.456213e+003
1.837319e+003, 5.365661e+003
1.839248e+003, 5.301792e+003
1.841176e+003, 5.290269e+003
1.843105e+003, 5.365703e+003
1.845033e+003, 5.356486e+003
1.846962e+003, 5.291839e+003
1.848890e+003, 5.235955e+003
1.850819e+003, 5.217532e+003
1.852747e+003, 5.285183e+003
1.854676e+003, 5.256625e+003
1.856604e+003, 5.094640e+003
1.858533e+003, 4.992287e+003
1.860461e+003, 4.938459e+003
1.862390e+003, 4.942222e+003
1.864318e+003, 4.926139e+003
1.866246e+003, 4.848736e+003
1.868175e+003, 4.867496e+003
1.870103e+003, 4.964731e+003
1.872032e+003, 4.948934e+003
1.873960e+003, 4.886255e+003
1.875889e+003, 4.823489e+003
1.877817e+003, 4.790265e+003
1.879746e+003, 4.792753e+003
1.881674e+003, 4.785023e+003
1.883603e+003, 4.769092e+003
1.885531e+003, 4.764023e+003
1.887460e+003, 4.739705e+003
1.889388e+003, 4.672061e+003
1.891317e+003, 4.606870e+003
1.893245e+003, 4.550275e+003
1.895173e+003, 4.507591e+003
1.897102e+003, 4.485087e+003
1.899030e+003, 4.510063e+003
1.900959e+003, 4.517766e+003
1.902887e+003, 4.495335e+003
1.904816e+003, 4.431235e+003
1.906744e+003, 4.361431e+003
1.908673e+003, 4.373557e+003
1.910601e+003, 4.394197e+003
1.912530e+003, 4.378152e+003
1.914458e+003, 4.369661e+003
1.916387e+003, 4.364164e+003
1.918315e+003, 4.276064e+003
1.920244e+003, 4.189943e+003
1.922172e+003, 4.197938e+003
1.924100e+003, 4.205677e+003
1.926029e+003, 4.191486e+003
1.927957e+003, 4.167063e+003
1.929886e+003, 4.148613e+003
1.931814e+003, 4.178946e+003
1.933743e+003, 4.199715e+003
1.935671e+003, 4.185868e+003
1.937600e+003, 4.162092e+003
1.939528e+003, 4.132548e+003
1.941457e+003, 4.087840e+003
1.943385e+003, 4.076870e+003
1.945314e+003, 4.148600e+003
1.947242e+003, 4.160061e+003
1.949171e+003, 4.094050e+003
1.951099e+003, 4.012896e+003
1.953027e+003, 3.981689e+003
1.954956e+003, 4.129193e+003
1.956884e+003, 4.203592e+003
1.958813e+003, 4.152920e+003
1.960741e+003, 4.099856e+003
1.962670e+003, 4.061216e+003
1.964598e+003, 4.063522e+003
1.966527e+003, 4.074133e+003
1.968455e+003, 4.084403e+003
1.970384e+003, 4.055360e+003
1.972312e+003, 4.013488e+003
1.974241e+003, 4.053331e+003
1.976169e+003, 4.077926e+003
1.978098e+003, 4.030729e+003
1.980026e+003, 3.975057e+003
1.981954e+003, 3.915711e+003
1.983883e+003, 3.816509e+003
1.985811e+003, 3.766848e+003
1.987740e+003, 3.884461e+003
1.989668e+003, 3.960922e+003
1.991597e+003, 3.976514e+003
1.993525e+003, 3.915682e+003
1.995454e+003, 3.837664e+003
1.997382e+003, 3.789355e+003
1.999311e+003, 3.760778e+003
2.001239e+003, 3.749339e+003
2.003168e+003, 3.812586e+003
2.005096e+003, 3.858958e+003
2.007025e+003, 3.764316e+003
2.008953e+003, 3.665240e+003
2.010881e+003, 3.588390e+003
2.012810e+003, 3.628074e+003
2.014738e+003, 3.696692e+003
2.016667e+003, 3.652420e+003
2.018595e+003, 3.639954e+003
2.020524e+003, 3.720061e+003
2.022452e+003, 3.656160e+003
2.024381e+003, 3.568723e+003
2.026309e+003, 3.727520e+003
2.028238e+003, 3.841814e+003
2.030166e+003, 3.819336e+003
2.032095e+003, 3.754591e+003
2.034023e+003, 3.687709e+003
2.035952e+003, 3.725490e+003
2.037880e+003, 3.691332e+003
2.039808e+003, 3.521339e+003
2.041737e+003, 3.525980e+003
2.043665e+003, 3.611492e+003
2.045594e+003, 3.545759e+003
2.047522e+003, 3.500024e+003
2.049451e+003, 3.529993e+003
2.051379e+003, 3.573529e+003
2.053308e+003, 3.587069e+003
2.055236e+003, 3.452365e+003
2.057165e+003, 3.354058e+003
2.059093e+003, 3.351663e+003
2.061022e+003, 3.321384e+003
2.062950e+003, 3.302825e+003
2.064879e+003, 3.441495e+003
2.066807e+003, 3.483308e+003
2.068736e+003, 3.338180e+003
2.070664e+003, 3.298222e+003
2.072593e+003, 3.326924e+003
2.074521e+003, 3.367211e+003
2.076449e+003, 3.363511e+003
2.078378e+003, 3.292686e+003
2.080306e+003, 3.277976e+003
2.082235e+003, 3.288713e+003
2.084163e+003, 3.282058e+003
2.086092e+003, 3.262984e+003
2.088020e+003, 3.229836e+003
2.089949e+003, 3.227848e+003
2.091877e+003, 3.238785e+003
2.093806e+003, 3.234910e+003
2.095734e+003, 3.257069e+003
2.097663e+003, 3.313386e+003
2.099591e+003, 3.334842e+003
2.101520e+003, 3.333941e+003
2.103448e+003, 3.318618e+003
2.105376e+003, 3.316123e+003
2.107305e+003, 3.321046e+003
2.109233e+003, 3.211212e+003
2.111162e+003, 3.115175e+003
2.113090e+003, 3.120822e+003
2.115019e+003, 3.182459e+003
2.116947e+003, 3.252983e+003
2.118876e+003, 3.113360e+003
2.120804e+003, 3.006440e+003
2.122733e+003, 3.061987e+003
2.124661e+003, 3.064031e+003
2.126590e+003, 3.036153e+003
2.128518e+003, 3.136544e+003
2.130447e+003, 3.157368e+003
2.132375e+003, 3.025424e+003
2.134303e+003, 2.993472e+003
2.136232e+003, 3.027757e+003
2.138160e+003, 3.085845e+003
2.140089e+003, 3.073448e+003
2.142017e+003, 2.981040e+003
2.143946e+003, 2.984194e+003
2.145874e+003, 3.022798e+003
2.147803e+003, 3.043000e+003
2.149731e+003, 3.039727e+003
2.151660e+003, 3.012434e+003
2.153588e+003, 2.939821e+003
2.155517e+003, 2.881285e+003
2.157445e+003, 2.889953e+003
2.159374e+003, 2.884439e+003
2.161302e+003, 2.885480e+003
2.163230e+003, 3.001777e+003
2.165159e+003, 3.056220e+003
2.167087e+003, 2.942863e+003
2.169016e+003, 2.911109e+003
2.170944e+003, 2.910632e+003
2.172873e+003, 2.854615e+003
2.174801e+003, 2.859700e+003
2.176730e+003, 2.942504e+003
2.178658e+003, 2.912170e+003
2.180587e+003, 2.853343e+003
2.182515e+003, 2.827552e+003
2.184444e+003, 2.801001e+003
2.186372e+003, 2.779584e+003
2.188301e+003, 2.821756e+003
2.190229e+003, 2.836860e+003
2.192157e+003, 2.788326e+003
2.194086e+003, 2.723402e+003
2.196014e+003, 2.679866e+003
2.197943e+003, 2.737427e+003
2.199871e+003, 2.746882e+003
2.201800e+003, 2.693298e+003
2.203728e+003, 2.727341e+003
2.205657e+003, 2.742505e+003
2.207585e+003, 2.653974e+003
2.209514e+003, 2.625956e+003
2.211442e+003, 2.650970e+003
2.213371e+003, 2.688698e+003
2.215299e+003, 2.690175e+003
2.217228e+003, 2.645779e+003
2.219156e+003, 2.661527e+003
2.221084e+003, 2.701527e+003
2.223013e+003, 2.752609e+003
2.224941e+003, 2.714785e+003
2.226870e+003, 2.618169e+003
2.228798e+003, 2.598062e+003
2.230727e+003, 2.623927e+003
2.232655e+003, 2.697453e+003
2.234584e+003, 2.665159e+003
2.236512e+003, 2.579355e+003
2.238441e+003, 2.489556e+003
2.240369e+003, 2.472030e+003
2.242298e+003, 2.521420e+003
2.244226e+003, 2.531186e+003
2.246155e+003, 2.536278e+003
2.248083e+003, 2.575607e+003
2.250011e+003, 2.495468e+003
2.251940e+003, 2.395104e+003
2.253868e+003, 2.450823e+003
2.255797e+003, 2.506624e+003
2.257725e+003, 2.533859e+003
2.259654e+003, 2.643626e+003
2.261582e+003, 2.687157e+003
2.263511e+003, 2.565278e+003
2.265439e+003, 2.487788e+003
2.267368e+003, 2.456745e+003
2.269296e+003, 2.465350e+003
2.271225e+003, 2.457056e+003
2.273153e+003, 2.425751e+003
2.275082e+003, 2.436578e+003
2.277010e+003, 2.430759e+003
2.278938e+003, 2.371174e+003
2.280867e+003, 2.408734e+003
2.282795e+003, 2.484218e+003
2.284724e+003, 2.488899e+003
2.286652e+003, 2.482974e+003
2.288581e+003, 2.471895e+003
2.290509e+003, 2.419839e+003
2.292438e+003, 2.382301e+003
2.294366e+003, 2.385376e+003
2.296295e+003, 2.431480e+003
2.298223e+003, 2.451282e+003
2.300152e+003, 2.301915e+003
2.302080e+003, 2.260708e+003
2.304009e+003, 2.316614e+003
2.305937e+003, 2.321359e+003
2.307865e+003, 2.288507e+003
2.309794e+003, 2.219923e+003
2.311722e+003, 2.296339e+003
2.313651e+003, 2.359138e+003
2.315579e+003, 2.174100e+003
2.317508e+003, 2.232356e+003
2.319436e+003, 2.409182e+003
2.321365e+003, 2.316171e+003
2.323293e+003, 2.200944e+003
2.325222e+003, 2.131395e+003
2.327150e+003, 2.214383e+003
2.329079e+003, 2.288634e+003
2.331007e+003, 2.255242e+003
2.332936e+003, 2.177825e+003
2.334864e+003, 2.109943e+003
2.336792e+003, 2.113142e+003
2.338721e+003, 2.168808e+003
2.340649e+003, 2.244692e+003
2.342578e+003, 2.229369e+003
2.344506e+003, 2.200685e+003
2.346435e+003, 2.183127e+003
2.348363e+003, 2.156866e+003
2.350292e+003, 2.142293e+003
2.352220e+003, 2.158984e+003
2.354149e+003, 2.099865e+003
2.356077e+003, 2.025030e+003
2.358006e+003, 2.068443e+003
2.359934e+003, 2.067666e+003
2.361863e+003, 2.021692e+003
2.363791e+003, 2.024873e+003
2.365719e+003, 2.023756e+003
2.367648e+003, 2.005738e+003
2.369576e+003, 2.073081e+003
2.371505e+003, 2.133927e+003
2.373433e+003, 2.113927e+003
2.375362e+003, 2.103357e+003
2.377290e+003, 2.091333e+003
2.379219e+003, 2.056102e+003
2.381147e+003, 1.982787e+003
2.383076e+003, 1.918629e+003
2.385004e+003, 2.039135e+003
2.386933e+003, 2.122648e+003
2.388861e+003, 2.111782e+003
2.390790e+003, 2.081833e+003
2.392718e+003, 2.069457e+003
2.394646e+003, 2.113793e+003
2.396575e+003, 2.094282e+003
2.398503e+003, 2.058919e+003
2.400432e+003, 2.062689e+003
2.402360e+003, 2.029127e+003
2.404289e+003, 1.979823e+003
2.406217e+003, 1.959699e+003
2.408146e+003, 2.006255e+003
2.410074e+003, 2.081157e+003
2.412003e+003, 1.914713e+003
2.413931e+003, 1.818324e+003
2.415860e+003, 1.892426e+003
2.417788e+003, 1.910889e+003
2.419717e+003, 1.899865e+003
2.421645e+003, 1.876219e+003
2.423573e+003, 1.824835e+003
2.425502e+003, 1.794961e+003
2.427430e+003, 1.844222e+003
2.429359e+003, 1.866049e+003
2.431287e+003, 1.859320e+003
2.433216e+003, 1.819213e+003
2.435144e+003, 1.837789e+003
2.437073e+003, 1.899797e+003
2.439001e+003, 1.921572e+003
2.440930e+003, 1.904740e+003
2.442858e+003, 1.862826e+003
2.444787e+003, 1.866602e+003
2.446715e+003, 1.864510e+003
2.448644e+003, 1.835538e+003
2.450572e+003, 1.876188e+003
2.452500e+003, 1.886118e+003
2.454429e+003, 1.759480e+003
2.456357e+003, 1.780479e+003
2.458286e+003, 1.840509e+003
2.460214e+003, 1.817411e+003
2.462143e+003, 1.730564e+003
2.464071e+003, 1.652475e+003
2.466000e+003, 1.703772e+003
2.467928e+003, 1.766345e+003
2.469857e+003, 1.793331e+003
2.471785e+003, 1.670240e+003
2.473714e+003, 1.621096e+003
2.475642e+003, 1.671272e+003
2.477571e+003, 1.711317e+003
2.479499e+003, 1.716221e+003
2.481427e+003, 1.681819e+003
2.483356e+003, 1.692179e+003
2.485284e+003, 1.676389e+003
2.487213e+003, 1.605562e+003
2.489141e+003, 1.607146e+003
2.491070e+003, 1.639168e+003
2.492998e+003, 1.673753e+003
2.494927e+003, 1.675367e+003
2.496855e+003, 1.667474e+003
2.498784e+003, 1.670317e+003
2.500712e+003, 1.693288e+003
2.502641e+003, 1.686688e+003
2.504569e+003, 1.563127e+003
2.506498e+003, 1.549781e+003
2.508426e+003, 1.597917e+003
2.510354e+003, 1.599367e+003
2.512283e+003, 1.578761e+003
2.514211e+003, 1.565715e+003
2.516140e+003, 1.645741e+003
2.518068e+003, 1.631837e+003
2.519997e+003, 1.555571e+003
2.521925e+003, 1.604795e+003
2.523854e+003, 1.587833e+003
2.525782e+003, 1.505187e+003
2.527711e+003, 1.526501e+003
2.529639e+003, 1.484837e+003
2.531568e+003, 1.374803e+003
2.533496e+003, 1.511715e+003
2.535425e+003, 1.555289e+003
2.537353e+003, 1.414223e+003
2.539281e+003, 1.425985e+003
2.541210e+003, 1.451693e+003
2.543138e+003, 1.438410e+003
2.545067e+003, 1.456783e+003
2.546995e+003, 1.487726e+003
2.548924e+003, 1.522501e+003
2.550852e+003, 1.501096e+003
2.552781e+003, 1.471218e+003
2.554709e+003, 1.458702e+003
2.556638e+003, 1.447739e+003
2.558566e+003, 1.438283e+003
2.560495e+003, 1.430256e+003
2.562423e+003, 1.397117e+003
2.564352e+003, 1.377889e+003
2.566280e+003, 1.396092e+003
2.568208e+003, 1.461781e+003
2.570137e+003, 1.483992e+003
2.572065e+003, 1.398593e+003
2.573994e+003, 1.384004e+003
2.575922e+003, 1.402413e+003
2.577851e+003, 1.420994e+003
2.579779e+003, 1.388188e+003
2.581708e+003, 1.359161e+003
2.583636e+003, 1.388810e+003
2.585565e+003, 1.376075e+003
2.587493e+003, 1.350624e+003
2.589422e+003, 1.343935e+003
2.591350e+003, 1.335892e+003
2.593279e+003, 1.333204e+003
2.595207e+003, 1.340486e+003
2.597135e+003, 1.390655e+003
2.599064e+003, 1.422641e+003
2.600992e+003, 1.343026e+003
2.602921e+003, 1.396068e+003
2.604849e+003, 1.442857e+003
2.606778e+003, 1.332726e+003
2.608706e+003, 1.283257e+003
2.610635e+003, 1.279394e+003
2.612563e+003, 1.306122e+003
2.614492e+003, 1.284771e+003
2.616420e+003, 1.261924e+003
2.618349e+003, 1.276723e+003
2.620277e+003, 1.285978e+003
2.622206e+003, 1.282750e+003
2.624134e+003, 1.264411e+003
2.626063e+003, 1.311642e+003
2.627991e+003, 1.315254e+003
2.629919e+003, 1.210970e+003
2.631848e+003, 1.219989e+003
2.633776e+003, 1.253903e+003
2.635705e+003, 1.254162e+003
2.637633e+003, 1.241844e+003
2.639562e+003, 1.211060e+003
2.641490e+003, 1.162039e+003
2.643419e+003, 1.120759e+003
2.645347e+003, 1.153307e+003
2.647276e+003, 1.261681e+003
2.649204e+003, 1.149620e+003
2.651133e+003, 1.078273e+003
2.653061e+003, 1.135001e+003
2.654990e+003, 1.177615e+003
2.656918e+003, 1.203175e+003
2.658846e+003, 1.207392e+003
2.660775e+003, 1.126995e+003
2.662703e+003, 1.108345e+003
2.664632e+003, 1.157356e+003
2.666560e+003, 1.081363e+003
2.668489e+003, 1.117387e+003
2.670417e+003, 1.242099e+003
2.672346e+003, 1.198160e+003
2.674274e+003, 1.145006e+003
2.676203e+003, 1.108455e+003
2.678131e+003, 1.070904e+003
2.680060e+003, 1.048314e+003
2.681988e+003, 1.038962e+003
2.683917e+003, 1.037191e+003
2.685845e+003, 1.053738e+003
2.687773e+003, 1.063337e+003
2.689702e+003, 1.030637e+003
2.691630e+003, 1.036722e+003
2.693559e+003, 1.046379e+003
2.695487e+003, 1.021274e+003
2.697416e+003, 9.985788e+002
2.699344e+003, 9.799068e+002
2.701273e+003, 9.668810e+002
2.703201e+003, 1.076626e+003
2.705130e+003, 1.134002e+003
2.707058e+003, 1.074250e+003
2.708987e+003, 1.108461e+003
2.710915e+003, 1.083547e+003
2.712844e+003, 9.953993e+002
2.714772e+003, 1.167921e+003
2.716700e+003, 1.154879e+003
2.718629e+003, 9.596572e+002
2.720557e+003, 9.332464e+002
2.722486e+003, 9.927392e+002
2.724414e+003, 1.049434e+003
2.726343e+003, 9.375896e+002
2.728271e+003, 9.399455e+002
2.730200e+003, 9.911873e+002
2.732128e+003, 9.533894e+002
2.734057e+003, 9.254750e+002
2.735985e+003, 9.416714e+002
2.737914e+003, 1.049765e+003
2.739842e+003, 9.741328e+002
2.741771e+003, 9.004102e+002
2.743699e+003, 9.413384e+002
2.745627e+003, 9.438889e+002
2.747556e+003, 8.833140e+002
2.749484e+003, 7.829396e+002
2.751413e+003, 8.660909e+002
2.753341e+003, 9.360655e+002
2.755270e+003, 9.603975e+002
2.757198e+003, 9.791832e+002
2.759127e+003, 9.687944e+002
2.761055e+003, 9.277352e+002
2.762984e+003, 8.465142e+002
2.764912e+003, 8.627233e+002
2.766841e+003, 9.076736e+002
2.768769e+003, 9.185554e+002
2.770698e+003, 8.672468e+002
2.772626e+003, 8.693614e+002
2.774554e+003, 9.493253e+002
2.776483e+003, 8.608635e+002
2.778411e+003, 8.151187e+002
2.780340e+003, 8.347987e+002
2.782268e+003, 7.565602e+002
2.784197e+003, 7.676049e+002
2.786125e+003, 8.330468e+002
2.788054e+003, 8.262143e+002
2.789982e+003, 8.684593e+002
2.791911e+003, 8.997150e+002
2.793839e+003, 8.215908e+002
2.795768e+003, 8.611907e+002
2.797696e+003, 8.797454e+002
2.799625e+003, 8.097386e+002
2.801553e+003, 9.010380e+002
2.803481e+003, 8.551887e+002
2.805410e+003, 6.927219e+002
2.807338e+003, 7.712509e+002
2.809267e+003, 7.935291e+002
2.811195e+003, 7.761546e+002
2.813124e+003, 8.050698e+002
2.815052e+003, 8.821877e+002
2.816981e+003, 8.927849e+002
2.818909e+003, 7.778344e+002
2.820838e+003, 7.968314e+002
2.822766e+003, 8.041710e+002
2.824695e+003, 7.469590e+002
2.826623e+003, 6.559058e+002
2.828552e+003, 6.513999e+002
2.830480e+003, 6.970543e+002
2.832408e+003, 6.823563e+002
2.834337e+003, 6.579340e+002
2.836265e+003, 6.258212e+002
2.838194e+003, 5.853359e+002
2.840122e+003, 7.287846e+002
2.842051e+003, 7.226547e+002
2.843979e+003, 5.362471e+002
2.845908e+003, 6.455528e+002
2.847836e+003, 7.612562e+002
2.849765e+003, 8.056580e+002
2.851693e+003, 7.347711e+002
2.853622e+003, 7.725563e+002
2.855550e+003, 8.147634e+002
2.857479e+003, 7.470601e+002
2.859407e+003, 7.684683e+002
2.861335e+003, 7.326054e+002
2.863264e+003, 6.319824e+002
2.865192e+003, 7.107782e+002
2.867121e+003, 7.081409e+002
2.869049e+003, 6.690230e+002
2.870978e+003, 7.219590e+002
2.872906e+003, 6.575268e+002
2.874835e+003, 5.994552e+002
2.876763e+003, 6.274313e+002
2.878692e+003, 6.188149e+002
2.880620e+003, 6.225660e+002
2.882549e+003, 6.309465e+002
2.884477e+003, 5.615174e+002
2.886406e+003, 6.273822e+002
2.888334e+003, 7.188729e+002
2.890262e+003, 7.174911e+002
2.892191e+003, 6.838390e+002
2.894119e+003, 5.940319e+002
2.896048e+003, 4.902589e+002
2.897976e+003, 5.888395e+002
2.899905e+003, 6.258381e+002
2.901833e+003, 5.952440e+002
2.903762e+003, 5.351702e+002
2.905690e+003, 6.315398e+002
2.907619e+003, 6.860701e+002
2.909547e+003, 6.115277e+002
2.911476e+003, 5.367305e+002
2.913404e+003, 5.537018e+002
2.915333e+003, 6.232296e+002
2.917261e+003, 6.586663e+002
2.919189e+003, 6.494557e+002
2.921118e+003, 6.071640e+002
2.923046e+003, 5.428539e+002
2.924975e+003, 5.610975e+002
2.926903e+003, 5.705908e+002
2.928832e+003, 5.582614e+002
2.930760e+003, 5.424303e+002
2.932689e+003, 5.466355e+002
2.934617e+003, 5.526746e+002
2.936546e+003, 5.456816e+002
2.938474e+003, 4.931296e+002
2.940403e+003, 5.353109e+002
2.942331e+003, 6.104246e+002
2.944260e+003, 4.932641e+002
2.946188e+003, 4.759108e+002
2.948116e+003, 4.894895e+002
2.950045e+003, 4.797249e+002
2.951973e+003, 5.427894e+002
2.953902e+003, 5.761223e+002
2.955830e+003, 5.625869e+002
2.957759e+003, 5.110773e+002
2.959687e+003, 5.143373e+002
2.961616e+003, 5.275728e+002
2.963544e+003, 5.132736e+002
2.965473e+003, 3.952072e+002
2.967401e+003, 3.896421e+002
2.969330e+003, 4.669142e+002
2.971258e+003, 5.240774e+002
2.973187e+003, 4.388204e+002
2.975115e+003, 3.965179e+002
2.977043e+003, 4.617685e+002
2.978972e+003, 3.742507e+002
2.980900e+003, 3.205794e+002
2.982829e+003, 3.534231e+002
2.984757e+003, 5.016241e+002
2.986686e+003, 3.989989e+002
2.988614e+003, 4.012446e+002
2.990543e+003, 5.636440e+002
2.992471e+003, 5.826882e+002
2.994400e+003, 4.739295e+002
2.996328e+003, 3.850210e+002
2.998257e+003, 4.135504e+002
3.000185e+003, 4.503321e+002
3.002114e+003, 4.398180e+002
3.004042e+003, 4.151172e+002
3.005970e+003, 4.679324e+002
3.007899e+003, 4.323726e+002
3.009827e+003, 3.967567e+002
3.011756e+003, 4.106735e+002
3.013684e+003, 4.894944e+002
3.015613e+003, 4.565324e+002
3.017541e+003, 3.949327e+002
3.019470e+003, 4.199858e+002
3.021398e+003, 4.657582e+002
3.023327e+003, 5.179577e+002
3.025255e+003, 5.399345e+002
3.027184e+003, 4.339240e+002
3.029112e+003, 4.659909e+002
3.031041e+003, 4.986389e+002
3.032969e+003, 4.557951e+002
3.034897e+003, 4.831430e+002
3.036826e+003, 4.189464e+002
3.038754e+003, 3.407713e+002
3.040683e+003, 3.580206e+002
3.042611e+003, 3.032542e+002
3.044540e+003, 3.779477e+002
3.046468e+003, 5.210664e+002
3.048397e+003, 5.039589e+002
3.050325e+003, 4.396458e+002
3.052254e+003, 3.897560e+002
3.054182e+003, 3.668049e+002
3.056111e+003, 2.908932e+002
3.058039e+003, 3.896274e+002
3.059968e+003, 4.229442e+002
3.061896e+003, 2.407341e+002
3.063824e+003, 2.582754e+002
3.065753e+003, 3.211132e+002
3.067681e+003, 3.622871e+002
3.069610e+003, 3.520253e+002
3.071538e+003, 3.855495e+002
3.073467e+003, 3.511419e+002
3.075395e+003, 2.941808e+002
3.077324e+003, 4.426657e+002
3.079252e+003, 3.448115e+002
3.081181e+003, 2.747634e+002
3.083109e+003, 3.347187e+002
3.085038e+003, 3.184738e+002
3.086966e+003, 3.657175e+002
3.088895e+003, 4.184586e+002
3.090823e+003, 4.217142e+002
3.092751e+003, 4.224522e+002
3.094680e+003, 3.475835e+002
3.096608e+003, 3.252875e+002
3.098537e+003, 4.961115e+002
3.100465e+003, 3.995112e+002
3.102394e+003, 3.609011e+002
3.104322e+003, 3.840086e+002
3.106251e+003, 3.516647e+002
3.108179e+003, 3.389225e+002
3.110108e+003, 3.810761e+002
3.112036e+003, 4.179439e+002
3.113965e+003, 3.099084e+002
3.115893e+003, 2.943268e+002
3.117822e+003, 2.941244e+002
3.119750e+003, 2.768078e+002
3.121678e+003, 2.731417e+002
3.123607e+003, 3.011973e+002
3.125535e+003, 3.219378e+002
3.127464e+003, 3.140678e+002
3.129392e+003, 2.682503e+002
3.131321e+003, 2.331083e+002
3.133249e+003, 2.739258e+002
3.135178e+003, 3.769337e+002
3.137106e+003, 2.802574e+002
3.139035e+003, 2.424811e+002
3.140963e+003, 2.146046e+002
3.142892e+003, 1.446136e+002
3.144820e+003, 2.342770e+002
3.146749e+003, 2.520070e+002
3.148677e+003, 2.666179e+002
3.150605e+003, 3.648945e+002
3.152534e+003, 3.893537e+002
3.154462e+003, 2.819514e+002
3.156391e+003, 2.161365e+002
3.158319e+003, 3.388463e+002
3.160248e+003, 4.493842e+002
3.162176e+003, 3.515830e+002
3.164105e+003, 2.407939e+002
3.166033e+003, 3.125672e+002
3.167962e+003, 2.543455e+002
3.169890e+003, 2.819621e+002
3.171819e+003, 3.350115e+002
3.173747e+003, 2.958588e+002
3.175676e+003, 6.369616e+001
3.177604e+003, 5.201851e+001
3.179532e+003, 1.719235e+002
3.181461e+003, 2.383939e+002
3.183389e+003, 3.611305e+002
3.185318e+003, 3.545949e+002
3.187246e+003, 2.616703e+002
3.189175e+003, 1.807403e+002
3.191103e+003, 3.161600e+002
3.193032e+003, 3.569447e+002
3.194960e+003, 3.386598e+002
3.196889e+003, 3.580847e+002
3.198817e+003, 4.316847e+002
3.200746e+003, 3.646247e+002
3.202674e+003, 2.780274e+002
3.204603e+003, 2.968418e+002
3.206531e+003, 3.015219e+002
3.208459e+003, 3.089993e+002
3.210388e+003, 3.433952e+002
3.212316e+003, 4.037689e+002
3.214245e+003, 3.951422e+002
3.216173e+003, 1.919021e+002
3.218102e+003, 9.774353e+001
3.220030e+003, 2.323199e+002
3.221959e+003, 2.342669e+002
3.223887e+003, 2.235068e+002
3.225816e+003, 2.189718e+002
3.227744e+003, 2.155128e+002
3.229673e+003, 1.866103e+002
3.231601e+003, 1.683996e+002
3.233530e+003, 2.198069e+002
3.235458e+003, 2.859049e+002
3.237386e+003, 1.693727e+002
3.239315e+003, 2.676555e+002
3.241243e+003, 3.615583e+002
3.243172e+003, 3.726284e+002
3.245100e+003, 3.023845e+002
3.247029e+003, 2.960818e+002
3.248957e+003, 2.471479e+002
3.250886e+003, 2.016526e+002
3.252814e+003, 2.466804e+002
3.254743e+003, 2.332847e+002
3.256671e+003, 1.485517e+002
3.258600e+003, 1.329012e+002
3.260528e+003, 2.646653e+002
3.262457e+003, 2.665619e+002
3.264385e+003, 2.334934e+002
3.266313e+003, 2.330733e+002
3.268242e+003, 2.660383e+002
3.270170e+003, 2.366324e+002
3.272099e+003, 2.220902e+002
3.274027e+003, 1.818966e+002
3.275956e+003, 1.277572e+002
3.277884e+003, 1.222212e+002
3.279813e+003, 3.617957e+002
3.281741e+003, 3.470908e+002
3.283670e+003, 2.292571e+002
3.285598e+003, 3.189862e+002
3.287527e+003, 1.867918e+002
3.289455e+003, 2.033903e+002
3.291384e+003, 2.620516e+002
3.293312e+003, 2.533749e+002
3.295240e+003, 3.135009e+002
3.297169e+003, 2.757596e+002
3.299097e+003, 2.561096e+002
3.301026e+003, 2.834930e+002
3.302954e+003, 2.783793e+002
3.304883e+003, 2.830599e+002
3.306811e+003, 2.727090e+002
3.308740e+003, 2.967237e+002
3.310668e+003, 4.085817e+002
3.312597e+003, 2.960413e+002
3.314525e+003, 2.804736e+002
3.316454e+003, 3.120504e+002
3.318382e+003, 3.078094e+002
3.320311e+003, 2.275479e+002
3.322239e+003, 3.163305e+002
3.324167e+003, 3.304870e+002
3.326096e+003, 2.456305e+002
3.328024e+003, 2.002009e+002
3.329953e+003, 3.520942e+002
3.331881e+003, 2.999359e+002
3.333810e+003, 2.109073e+002
3.335738e+003, 2.699548e+002
3.337667e+003, 3.928965e+002
3.339595e+003, 3.573053e+002
3.341524e+003, 2.540634e+002
3.343452e+003, 2.234457e+002
3.345381e+003, 4.259583e+002
3.347309e+003, 4.254666e+002
3.349238e+003, 3.994001e+002
3.351166e+003, 3.797675e+002
3.353094e+003, 3.616357e+002
3.355023e+003, 4.117388e+002
3.356951e+003, 4.030062e+002
3.358880e+003, 3.737252e+002
3.360808e+003, 3.525520e+002
3.362737e+003, 3.442542e+002
3.364665e+003, 3.144860e+002
3.366594e+003, 3.616077e+002
3.368522e+003, 3.805362e+002
3.370451e+003, 3.249117e+002
3.372379e+003, 3.822124e+002
3.374308e+003, 3.615941e+002
3.376236e+003, 2.822420e+002
3.378165e+003, 1.875630e+002
3.380093e+003, 1.278688e+002
3.382021e+003, 2.419081e+002
3.383950e+003, 3.361766e+002
3.385878e+003, 3.386628e+002
3.387807e+003, 2.762079e+002
3.389735e+003, 2.491531e+002
3.391664e+003, 2.904496e+002
3.393592e+003, 3.961821e+002
3.395521e+003, 4.187314e+002
3.397449e+003, 2.807580e+002
3.399378e+003, 2.147855e+002
3.401306e+003, 3.795816e+002
3.403235e+003, 4.917209e+002
3.405163e+003, 4.527522e+002
3.407092e+003, 2.995051e+002
3.409020e+003, 3.669365e+002
3.410948e+003, 4.415622e+002
3.412877e+003, 3.999021e+002
3.414805e+003, 2.813240e+002
3.416734e+003, 2.696662e+002
3.418662e+003, 3.528009e+002
3.420591e+003, 3.884472e+002
3.422519e+003, 3.618960e+002
3.424448e+003, 3.122018e+002
3.426376e+003, 3.111046e+002
3.428305e+003, 2.921234e+002
3.430233e+003, 2.752936e+002
3.432162e+003, 2.183659e+002
3.434090e+003, 1.260242e+002
3.436019e+003, 2.707311e+002
3.437947e+003, 1.947422e+002
3.439875e+003, 2.253606e+002
3.441804e+003, 3.441499e+002
3.443732e+003, 3.560305e+002
3.445661e+003, 1.656031e+002
3.447589e+003, 2.800641e+002
3.449518e+003, 3.071654e+002
3.451446e+003, 2.294130e+002
##END=



