##NAMES=Cronstedtite
##RRUFFID=R061026
##IDEAL CHEMISTRY=(Fe^2+^,Fe^3+^)_3_(Si,Fe^3+^)_2_O_5_(OH)_4_
##LOCALITY=Kisbanya, Hungary
##OWNER=RRUFF
##SOURCE=Michael Scott
##DESCRIPTION=Black elongated prismatic crystals with triangular cross-sections, polytype 3T
##STATUS=The identification of this mineral is confirmed by single-crystal X-ray diffraction and chemical analysis
##URL=https://www.rruff.net/odr/rruff_sample/R061026
##MEASURED CHEMISTRY=(Fe^2+^_2.13_Fe^3+^_0.87_)(Si_1.13_Fe^3+^_0.87_)O_5_(OH)_4_ ; Fe2 and Fe3 splitted by stoichiometry (sum of cations = 5) and charge balance
##DIFFRACTION SAMPLE DESCRIPTION=Single crystal, powder profile is calculated
##CELL PARAMETERS=a: 3.177 b: 3.177 c: 21.29 alpha: 90 beta: 90 gamma: 120 volume: 186.1 crystal system: hexagonal
##FILETYPE=Raman RAW
##RAMAN WAVELENGTH=532

151.6169, 547.3084
153.5454, 554.1310
155.4739, 557.5161
157.4023, 559.5625
159.3308, 556.6223
161.2593, 557.2990
163.1877, 565.8365
165.1162, 584.1247
167.0447, 598.9278
168.9731, 604.4434
170.9016, 606.2090
172.8301, 613.9195
174.7585, 631.5095
176.6870, 651.7281
178.6155, 671.5569
180.5439, 690.1569
182.4724, 711.4479
184.4009, 737.8058
186.3293, 768.1984
188.2578, 796.5689
190.1863, 827.9474
192.1147, 854.3664
194.0432, 872.2205
195.9717, 882.9631
197.9001, 882.3951
199.8286, 868.3175
201.7571, 838.8454
203.6855, 809.4648
205.6140, 776.9159
207.5425, 745.8274
209.4709, 719.7292
211.3994, 700.8925
213.3279, 685.1265
215.2563, 671.7740
217.1848, 660.9723
219.1133, 652.3864
221.0417, 646.4894
222.9702, 642.9735
224.8987, 641.7957
226.8271, 643.1019
228.7556, 646.7543
230.6841, 653.1710
232.6125, 662.0628
234.5410, 673.4949
236.4695, 692.5032
238.3979, 714.6727
240.3264, 726.3967
242.2549, 719.4555
244.1833, 709.8887
246.1118, 705.6957
248.0403, 708.3760
249.9687, 708.7898
251.8972, 704.1077
253.8257, 695.3719
255.7541, 688.1069
257.6826, 684.2290
259.6111, 680.4075
261.5396, 675.1997
263.4680, 668.6541
265.3965, 660.6436
267.3250, 649.8891
269.2534, 637.0795
271.1819, 626.9640
273.1104, 621.3071
275.0388, 617.0349
276.9673, 611.9559
278.8958, 604.0709
280.8242, 598.2954
282.7527, 596.1918
284.6812, 597.2512
286.6096, 597.7378
288.5381, 597.4907
290.4666, 596.4485
292.3950, 594.5878
294.3235, 591.1367
296.2520, 587.5187
298.1804, 584.4307
300.1089, 581.4329
302.0374, 576.7671
303.9658, 566.3448
305.8943, 556.5605
307.8228, 552.0317
309.7512, 557.9226
311.6797, 562.4838
313.6082, 562.9467
315.5366, 560.4258
317.4651, 559.0962
319.3936, 561.5214
321.3220, 563.8688
323.2505, 563.2307
325.1790, 557.8519
327.1074, 553.0438
329.0359, 550.6238
330.9643, 549.9786
332.8928, 548.6447
334.8213, 545.3105
336.7497, 542.2768
338.6782, 541.7745
340.6067, 545.3044
342.5351, 546.7498
344.4636, 541.3577
346.3921, 531.1666
348.3205, 527.5575
350.2490, 538.0784
352.1775, 549.1841
354.1059, 551.5739
356.0344, 543.4066
357.9629, 538.0592
359.8913, 542.5963
361.8198, 553.0881
363.7483, 556.6979
365.6767, 544.6215
367.6052, 533.7298
369.5337, 534.4753
371.4621, 547.6160
373.3906, 556.5142
375.3191, 552.9365
377.2475, 543.2467
379.1760, 539.7518
381.1045, 548.5745
383.0329, 557.0975
384.9614, 559.7108
386.8899, 556.7426
388.8183, 556.3895
390.7468, 563.8360
392.6753, 573.3584
394.6037, 577.8241
396.5322, 573.0378
398.4607, 568.7380
400.3891, 567.4977
402.3176, 568.7980
404.2461, 570.7078
406.1745, 573.0621
408.1030, 575.8602
410.0315, 579.4330
411.9599, 585.0145
413.8884, 589.1675
415.8169, 591.1592
417.7453, 591.2781
419.6738, 589.5990
421.6023, 583.5229
423.5307, 577.5551
425.4592, 573.8692
427.3877, 572.7972
429.3161, 572.3673
431.2446, 571.9362
433.1731, 571.9470
435.1015, 573.2724
437.0300, 579.7651
438.9585, 583.9308
440.8869, 582.7027
442.8154, 575.7335
444.7439, 570.0709
446.6723, 566.3838
448.6008, 564.3763
450.5293, 563.7516
452.4577, 565.2015
454.3862, 567.5861
456.3147, 570.7305
458.2431, 574.8842
460.1716, 580.1738
462.1001, 586.1224
464.0285, 593.8859
465.9570, 604.5338
467.8855, 621.6610
469.8139, 633.6943
471.7424, 635.9614
473.6709, 633.6880
475.5993, 636.2415
477.5278, 647.4409
479.4563, 656.5955
481.3847, 659.4343
483.3132, 654.8311
485.2417, 652.4003
487.1701, 650.8934
489.0986, 652.2127
491.0271, 659.3643
492.9555, 674.3085
494.8840, 686.3225
496.8125, 690.6332
498.7409, 689.9006
500.6694, 691.4932
502.5979, 700.4087
504.5263, 706.6341
506.4548, 705.1751
508.3833, 696.6644
510.3117, 687.2061
512.2402, 677.1368
514.1687, 666.7504
516.0972, 656.2495
518.0256, 649.0357
519.9541, 637.9486
521.8826, 618.0254
523.8110, 594.3410
525.7395, 578.1963
527.6680, 576.8741
529.5964, 575.5744
531.5249, 567.0018
533.4534, 546.9221
535.3818, 534.5671
537.3103, 535.2397
539.2388, 540.2821
541.1672, 541.6130
543.0957, 537.5471
545.0242, 534.2382
546.9526, 532.8794
548.8811, 533.3124
550.8096, 535.2836
552.7380, 539.3877
554.6665, 544.3730
556.5950, 550.1519
558.5234, 556.7050
560.4519, 563.5931
562.3804, 572.9363
564.3088, 581.2933
566.2373, 585.7480
568.1658, 581.3861
570.0942, 580.6254
572.0227, 586.3940
573.9512, 595.9604
575.8796, 604.9829
577.8080, 615.0190
579.7365, 621.6113
581.6650, 624.1437
583.5934, 622.4819
585.5219, 615.5720
587.4504, 599.0433
589.3788, 581.1731
591.3073, 566.3236
593.2358, 554.3724
595.1642, 544.8059
597.0927, 538.2817
599.0212, 533.5431
600.9496, 529.2443
602.8781, 527.2424
604.8066, 523.2377
606.7350, 513.5273
608.6635, 501.2557
610.5920, 494.2481
612.5204, 496.1799
614.4489, 500.2391
616.3774, 504.4210
618.3058, 508.9753
620.2343, 511.6971
622.1628, 507.9971
624.0912, 505.6178
626.0197, 511.8528
627.9482, 528.9811
629.8766, 541.5330
631.8051, 541.2470
633.7336, 536.3146
635.6620, 538.6416
637.5905, 555.1188
639.5190, 570.9367
641.4474, 583.2667
643.3759, 593.2372
645.3044, 603.5507
647.2328, 612.4127
649.1613, 623.7558
651.0898, 639.9681
653.0182, 662.1663
654.9467, 681.0931
656.8752, 693.0358
658.8036, 704.8583
660.7321, 723.3900
662.6606, 749.9313
664.5891, 771.2307
666.5175, 781.7122
668.4460, 787.2029
670.3745, 793.0486
672.3029, 801.0683
674.2314, 806.9062
676.1599, 812.2457
678.0883, 814.1367
680.0168, 807.4018
681.9453, 786.4756
683.8737, 766.2032
685.8022, 752.7473
687.7307, 745.7288
689.6591, 736.1687
691.5876, 725.4119
693.5161, 711.4145
695.4445, 690.4568
697.3730, 663.0872
699.3015, 640.8211
701.2299, 629.1680
703.1584, 619.7715
705.0869, 606.7923
707.0153, 587.0668
708.9438, 571.9847
710.8723, 564.4144
712.8007, 560.3286
714.7292, 554.8877
716.6577, 546.9402
718.5861, 541.8700
720.5146, 544.8229
722.4431, 550.6603
724.3715, 551.3487
726.3000, 541.3222
728.2285, 532.9358
730.1569, 527.7545
732.0854, 525.7496
734.0139, 526.9835
735.9423, 536.3232
737.8708, 541.4050
739.7993, 533.5642
741.7277, 515.6667
743.6562, 504.4425
745.5847, 505.2986
747.5131, 509.3032
749.4416, 514.9130
751.3701, 522.5482
753.2985, 526.8780
755.2270, 525.6557
757.1555, 522.9536
759.0839, 520.2919
761.0124, 517.4395
762.9409, 516.9432
764.8693, 523.1317
766.7978, 529.0049
768.7263, 529.0314
770.6547, 518.9531
772.5832, 512.2459
774.5117, 510.7216
776.4401, 512.1395
778.3686, 514.9177
780.2971, 519.9991
782.2255, 522.6727
784.1540, 518.6189
786.0825, 512.8625
788.0109, 511.8641
789.9394, 520.6318
791.8679, 528.0914
793.7963, 533.7645
795.7248, 537.6865
797.6533, 540.4948
799.5817, 543.0770
801.5102, 542.4589
803.4387, 532.3481
805.3671, 518.4722
807.2956, 515.5550
809.2241, 537.4429
811.1525, 554.8235
813.0810, 560.4589
815.0095, 557.2268
816.9379, 555.7283
818.8664, 556.5338
820.7949, 558.1278
822.7233, 560.4113
824.6518, 563.2527
826.5803, 565.7786
828.5087, 566.3353
830.4372, 568.5660
832.3657, 574.6577
834.2941, 583.9470
836.2226, 590.6731
838.1511, 593.5012
840.0795, 595.3771
842.0080, 597.3799
843.9365, 599.3757
845.8649, 600.7463
847.7934, 600.0441
849.7219, 600.4133
851.6503, 604.7874
853.5788, 613.1564
855.5073, 615.6056
857.4357, 606.5837
859.3642, 597.6290
861.2927, 591.7961
863.2211, 589.3410
865.1496, 593.6213
867.0781, 612.7261
869.0065, 628.7498
870.9350, 632.2029
872.8635, 622.2173
874.7919, 617.6105
876.7204, 621.0728
878.6489, 626.8383
880.5773, 633.6722
882.5058, 641.3932
884.4343, 648.0434
886.3627, 653.0497
888.2912, 657.4938
890.2197, 660.9189
892.1481, 663.4538
894.0766, 668.9078
896.0051, 681.6747
897.9335, 693.1796
899.8620, 700.4792
901.7905, 703.5227
903.7189, 704.8882
905.6474, 700.8072
907.5759, 699.2476
909.5043, 705.0092
911.4328, 716.2789
913.3613, 727.4816
915.2897, 739.5954
917.2182, 749.4240
919.1467, 754.2498
921.0751, 754.8642
923.0036, 759.3131
924.9321, 775.8473
926.8605, 786.8973
928.7890, 783.1812
930.7175, 769.5885
932.6459, 762.4377
934.5744, 764.9917
936.5029, 768.4314
938.4313, 771.0498
940.3598, 772.0690
942.2883, 768.5604
944.2167, 752.5134
946.1452, 742.2465
948.0737, 746.4041
950.0021, 758.2294
951.9306, 760.0220
953.8591, 746.7192
955.7875, 735.5484
957.7160, 730.9391
959.6445, 731.0799
961.5729, 733.6653
963.5014, 739.3583
965.4299, 745.4334
967.3583, 754.2053
969.2868, 761.6717
971.2153, 762.8550
973.1437, 750.9401
975.0722, 742.8832
977.0007, 741.4066
978.9291, 742.2001
980.8576, 740.8235
982.7861, 737.0429
984.7145, 734.1404
986.6430, 731.4080
988.5715, 731.1132
990.4999, 736.2680
992.4284, 748.6618
994.3569, 755.8963
996.2853, 752.5556
998.2138, 748.4505
1000.142, 748.2537
1002.071, 752.2604
1003.999, 757.3091
1005.928, 765.2197
1007.856, 771.9517
1009.785, 774.2930
1011.713, 773.5662
1013.642, 774.8128
1015.570, 781.1707
1017.498, 784.6513
1019.427, 782.1506
1021.355, 775.0845
1023.284, 767.6809
1025.212, 760.1274
1027.141, 752.3068
1029.069, 742.9514
1030.998, 733.8126
1032.926, 728.6880
1034.855, 729.5046
1036.783, 726.7831
1038.712, 714.0527
1040.640, 699.4962
1042.569, 690.2272
1044.497, 686.9035
1046.426, 685.1583
1048.354, 687.5412
1050.282, 688.7920
1052.211, 685.3601
1054.139, 676.3932
1056.068, 668.7000
1057.996, 661.9908
1059.925, 656.6700
1061.853, 653.3492
1063.782, 651.5793
1065.710, 649.5612
1067.639, 646.7242
1069.567, 644.2592
1071.495, 641.2774
1073.424, 639.1567
1075.352, 641.7706
1077.281, 653.6528
1079.209, 660.7967
1081.138, 657.6605
1083.066, 650.8630
1084.995, 647.8985
1086.923, 651.0124
1088.852, 652.8144
1090.780, 653.4662
1092.709, 652.6948
1094.637, 648.2354
1096.566, 641.0297
1098.494, 640.2402
1100.422, 653.8079
1102.351, 663.9224
1104.279, 659.0234
1106.208, 643.1159
1108.136, 636.3546
1110.065, 648.2048
1111.993, 655.0189
1113.922, 647.5487
1115.850, 634.0289
1117.779, 627.9687
1119.707, 632.9688
1121.636, 637.0630
1123.564, 639.9499
1125.493, 641.2992
1127.421, 639.9354
1129.349, 636.1667
1131.278, 634.0939
1133.206, 635.2473
1135.135, 636.8951
1137.063, 637.9527
1138.992, 638.4573
1140.920, 638.6589
1142.849, 639.1202
1144.777, 638.3647
1146.706, 633.3751
1148.634, 628.0953
1150.563, 629.1358
1152.491, 640.5884
1154.420, 648.5731
1156.348, 651.3056
1158.276, 651.1479
1160.205, 648.9278
1162.133, 644.9214
1164.062, 640.7320
1165.990, 634.1931
1167.919, 631.2504
1169.847, 637.5143
1171.776, 649.0988
1173.704, 655.0894
1175.633, 653.2262
1177.561, 650.0755
1179.490, 646.0820
1181.418, 641.7603
1183.347, 636.9377
1185.275, 630.0732
1187.203, 628.3116
1189.132, 635.5682
1191.060, 643.8581
1192.989, 649.8432
1194.917, 653.8690
1196.846, 657.3142
1198.774, 660.4216
1200.703, 662.7707
1202.631, 664.5044
1204.560, 665.1245
1206.488, 662.7914
1208.417, 656.0181
1210.345, 653.8311
1212.274, 663.9898
1214.202, 672.9455
1216.130, 673.0069
1218.059, 664.7374
1219.987, 659.0294
1221.916, 656.8594
1223.844, 656.3184
1225.773, 657.2783
1227.701, 659.7593
1229.630, 664.9645
1231.558, 674.3829
1233.487, 678.5106
1235.415, 667.3535
1237.344, 658.5042
1239.272, 666.8212
1241.201, 687.0461
1243.129, 698.5535
1245.057, 696.0446
1246.986, 692.3931
1248.914, 691.1785
1250.843, 691.4296
1252.771, 692.1996
1254.700, 693.8484
1256.628, 694.7413
1258.557, 694.5050
1260.485, 694.0050
1262.414, 694.2686
1264.342, 695.0740
1266.271, 693.8900
1268.199, 685.9488
1270.128, 683.2786
1272.056, 693.1616
1273.984, 705.9150
1275.913, 709.7152
1277.841, 704.6080
1279.770, 701.0126
1281.698, 700.4407
1283.627, 701.2874
1285.555, 703.3130
1287.484, 706.2253
1289.412, 709.8735
1291.341, 715.4077
1293.269, 717.9880
1295.198, 713.2125
1297.126, 707.6743
1299.055, 705.7315
1300.983, 707.5642
1302.911, 710.1812
1304.840, 714.9865
1306.768, 718.9843
1308.697, 721.5117
1310.625, 722.9756
1312.554, 723.7021
1314.482, 723.0895
1316.411, 723.5640
1318.339, 726.2335
1320.268, 728.7088
1322.196, 728.5807
1324.125, 727.2632
1326.053, 729.3517
1327.982, 736.0999
1329.910, 742.4675
1331.839, 750.2187
1333.767, 754.4871
1335.695, 749.5280
1337.624, 736.7402
1339.552, 729.3854
1341.481, 729.8979
1343.409, 733.4615
1345.338, 742.1229
1347.266, 750.6920
1349.195, 751.5511
1351.123, 741.3242
1353.052, 736.0423
1354.980, 739.5707
1356.909, 744.3539
1358.837, 749.0778
1360.766, 753.0799
1362.694, 754.3021
1364.622, 749.8923
1366.551, 748.6813
1368.479, 755.3453
1370.408, 761.2231
1372.336, 759.5060
1374.265, 752.0012
1376.193, 747.8748
1378.122, 747.5223
1380.050, 748.9752
1381.979, 753.1279
1383.907, 757.5319
1385.836, 760.7782
1387.764, 762.7226
1389.693, 761.9988
1391.621, 756.9438
1393.549, 753.0367
1395.478, 753.3083
1397.406, 755.2373
1399.335, 757.1125
1401.263, 759.1098
1403.192, 758.3492
1405.120, 750.6419
1407.049, 746.0485
1408.977, 750.1129
1410.906, 757.6478
1412.834, 761.1533
1414.763, 759.0740
1416.691, 757.8447
1418.620, 758.3472
1420.548, 758.7928
1422.476, 757.2473
1424.405, 755.6611
1426.333, 758.0309
1428.262, 766.5077
1430.190, 773.4962
1432.119, 780.7058
1434.047, 784.1898
1435.976, 777.9404
1437.904, 767.2986
1439.833, 766.8538
1441.761, 780.3559
1443.690, 785.9547
1445.618, 772.3939
1447.547, 759.3954
1449.475, 758.2802
1451.403, 764.6910
1453.332, 769.4796
1455.260, 772.6428
1457.189, 773.2494
1459.117, 767.4634
1461.046, 763.2336
1462.974, 767.4308
1464.903, 775.8522
1466.831, 778.4059
1468.760, 773.2076
1470.688, 770.1048
1472.617, 772.9638
1474.545, 776.3031
1476.474, 778.3632
1478.402, 778.8763
1480.330, 775.9466
1482.259, 767.3895
1484.187, 763.2021
1486.116, 768.9963
1488.044, 775.0728
1489.973, 775.8297
1491.901, 773.6827
1493.830, 775.8939
1495.758, 786.0987
1497.687, 791.6031
1499.615, 788.0056
1501.544, 784.2063
1503.472, 783.5795
1505.401, 785.7404
1507.329, 790.0259
1509.257, 798.1606
1511.186, 804.5172
1513.114, 809.7112
1515.043, 812.3376
1516.971, 809.5313
1518.900, 804.3597
1520.828, 802.6626
1522.757, 805.6197
1524.685, 806.6712
1526.614, 804.6932
1528.542, 802.1398
1530.471, 796.2753
1532.399, 792.3805
1534.328, 801.0011
1536.256, 822.9838
1538.184, 834.3540
1540.113, 826.7994
1542.041, 820.6450
1543.970, 822.5094
1545.898, 828.3073
1547.827, 835.3586
1549.755, 843.1378
1551.684, 847.6439
1553.612, 847.7570
1555.541, 846.9146
1557.469, 846.4390
1559.398, 845.1445
1561.326, 841.4129
1563.255, 836.0606
1565.183, 831.9049
1567.111, 829.4138
1569.040, 825.9463
1570.968, 816.8721
1572.897, 811.5002
1574.825, 819.8554
1576.754, 834.5844
1578.682, 841.2558
1580.611, 839.0073
1582.539, 835.5658
1584.468, 829.2825
1586.396, 826.6633
1588.325, 835.2908
1590.253, 846.3830
1592.182, 847.9884
1594.110, 840.3451
1596.038, 835.7841
1597.967, 836.9453
1599.895, 837.8436
1601.824, 835.4977
1603.752, 833.2058
1605.681, 833.9147
1607.609, 837.1187
1609.538, 839.7418
1611.466, 841.5638
1613.395, 843.1913
1615.323, 843.7070
1617.252, 845.0610
1619.180, 850.1592
1621.109, 855.8734
1623.037, 854.5105
1624.965, 844.5329
1626.894, 839.3982
1628.822, 845.0281
1630.751, 848.4323
1632.679, 843.3370
1634.608, 836.2268
1636.536, 833.2772
1638.465, 834.3700
1640.393, 836.3782
1642.322, 840.1329
1644.250, 842.3408
1646.179, 841.7609
1648.107, 839.5935
1650.036, 833.6305
1651.964, 827.0591
1653.892, 828.4203
1655.821, 839.5316
1657.749, 847.9242
1659.678, 853.4537
1661.606, 855.0482
1663.535, 849.2693
1665.463, 842.4915
1667.392, 841.1558
1669.320, 844.7823
1671.249, 846.9118
1673.177, 847.8516
1675.106, 846.0276
1677.034, 834.7316
1678.963, 827.6870
1680.891, 834.4933
1682.819, 847.6302
1684.748, 854.2186
1686.676, 853.6094
1688.605, 855.3357
1690.533, 862.5613
1692.462, 867.1021
1694.390, 864.5843
1696.319, 861.0679
1698.247, 860.4440
1700.176, 861.9610
1702.104, 863.7359
1704.033, 866.4615
1705.961, 865.2135
1707.890, 855.3319
1709.818, 848.2071
1711.746, 848.2991
1713.675, 852.3821
1715.603, 860.0852
1717.532, 869.9445
1719.460, 871.5672
1721.389, 862.0982
1723.317, 854.7727
1725.246, 852.1735
1727.174, 851.7921
1729.103, 853.4087
1731.031, 856.0748
1732.960, 859.6347
1734.888, 863.7321
1736.817, 863.5020
1738.745, 856.3713
1740.673, 853.2399
1742.602, 862.4091
1744.530, 868.3763
1746.459, 858.3400
1748.387, 842.4772
1750.316, 835.2016
1752.244, 836.0294
1754.173, 838.3264
1756.101, 841.3141
1758.030, 846.8253
1759.958, 859.4644
1761.887, 869.7513
1763.815, 870.8932
1765.744, 866.7437
1767.672, 860.7902
1769.600, 853.6351
1771.529, 854.5469
1773.457, 868.0244
1775.386, 878.3246
1777.314, 878.8280
1779.243, 877.1766
1781.171, 877.8410
1783.100, 879.0020
1785.028, 877.5358
1786.957, 873.5191
1788.885, 869.4651
1790.814, 864.4980
1792.742, 862.4758
1794.671, 868.2310
1796.599, 872.9711
1798.527, 867.9585
1800.456, 861.2584
1802.384, 868.3102
1804.313, 889.2079
1806.241, 898.5098
1808.170, 891.4677
1810.098, 883.1050
1812.027, 871.1484
1813.955, 863.3826
1815.884, 865.2134
1817.812, 872.0450
1819.741, 879.1204
1821.669, 886.1752
1823.598, 890.1532
1825.526, 888.7499
1827.454, 887.6654
1829.383, 887.4839
1831.311, 886.7441
1833.240, 882.5423
1835.168, 879.7089
1837.097, 884.3287
1839.025, 894.8506
1840.954, 904.3439
1842.882, 915.2751
1844.811, 915.7026
1846.739, 894.7352
1848.668, 879.4185
1850.596, 877.4445
1852.525, 881.9589
1854.453, 893.6729
1856.381, 906.9863
1858.310, 907.9695
1860.238, 896.7052
1862.167, 886.6587
1864.095, 877.8934
1866.024, 873.3899
1867.952, 873.4633
1869.881, 878.3875
1871.809, 893.6559
1873.738, 909.9003
1875.666, 915.5587
1877.595, 912.4738
1879.523, 907.8600
1881.452, 900.8849
1883.380, 901.1438
1885.308, 918.4388
1887.237, 928.6227
1889.165, 914.5434
1891.094, 898.4505
1893.022, 898.1190
1894.951, 908.0669
1896.879, 918.1559
1898.808, 929.0235
1900.736, 931.9020
1902.665, 921.0070
1904.593, 912.4913
1906.522, 908.0797
1908.450, 906.2339
1910.379, 907.4072
1912.307, 910.0587
1914.235, 913.3083
1916.164, 916.6703
1918.092, 917.4670
1920.021, 914.4489
1921.949, 913.9714
1923.878, 919.8331
1925.806, 921.1407
1927.735, 908.7558
1929.663, 898.9821
1931.592, 902.3962
1933.520, 911.2798
1935.449, 916.3318
1937.377, 918.2292
1939.306, 920.0339
1941.234, 922.1326
1943.162, 921.1029
1945.091, 913.0138
1947.019, 909.6647
1948.948, 919.5725
1950.876, 930.4143
1952.805, 934.1589
1954.733, 934.4402
1956.662, 936.5932
1958.590, 940.3348
1960.519, 943.2305
1962.447, 946.5985
1964.376, 945.0152
1966.304, 930.3182
1968.233, 922.0340
1970.161, 930.4916
1972.089, 939.4970
1974.018, 935.5912
1975.946, 928.5989
1977.875, 935.4077
1979.803, 953.9784
1981.732, 963.1454
1983.660, 961.8702
1985.589, 956.4471
1987.517, 942.6795
1989.446, 935.7186
1991.374, 945.4481
1993.303, 955.2550
1995.231, 952.9280
1997.160, 947.9307
1999.088, 953.3057
2001.016, 964.3356
2002.945, 964.6324
2004.873, 953.1459
2006.802, 947.1829
2008.730, 950.2554
2010.659, 954.1273
2012.587, 958.9073
2014.516, 961.8768
2016.444, 959.0388
2018.373, 956.4631
2020.301, 960.8210
2022.230, 969.3163
2024.158, 975.9344
2026.087, 980.7628
2028.015, 980.5298
2029.943, 972.8630
2031.872, 967.8182
2033.800, 967.7871
2035.729, 968.3437
2037.657, 966.2001
2039.586, 966.8378
2041.514, 976.0862
2043.443, 988.2083
2045.371, 998.7380
2047.300, 1006.149
2049.228, 1002.884
2051.157, 987.8282
2053.085, 981.9747
2055.014, 993.3262
2056.942, 998.5735
2058.870, 985.8773
2060.799, 977.2555
2062.727, 984.8908
2064.656, 995.0229
2066.584, 996.4659
2068.513, 993.4633
2070.441, 993.3778
2072.370, 995.8784
2074.298, 997.1441
2076.227, 997.3395
2078.155, 995.4238
2080.083, 988.8937
2082.012, 988.4482
2083.940, 1000.873
2085.869, 1012.617
2087.797, 1016.952
2089.726, 1018.152
2091.654, 1018.868
2093.583, 1018.971
2095.511, 1017.108
2097.440, 1014.061
2099.368, 1017.174
2101.297, 1031.506
2103.225, 1033.577
2105.154, 1011.694
2107.082, 997.2318
2109.010, 993.2461
2110.939, 996.2178
2112.867, 1012.057
2114.796, 1026.908
2116.724, 1030.196
2118.653, 1027.660
2120.581, 1024.033
2122.510, 1021.533
2124.438, 1030.634
2126.367, 1051.209
2128.295, 1059.914
2130.224, 1051.052
2132.152, 1043.003
2134.081, 1034.681
2136.009, 1032.992
2137.938, 1047.130
2139.866, 1059.092
2141.794, 1055.683
2143.723, 1048.998
2145.651, 1052.950
2147.580, 1062.521
2149.508, 1066.504
2151.437, 1065.341
2153.365, 1060.117
2155.294, 1050.031
2157.222, 1049.691
2159.151, 1064.906
2161.079, 1074.959
2163.008, 1070.460
2164.936, 1066.749
2166.865, 1070.682
2168.793, 1075.607
2170.721, 1077.952
2172.650, 1078.344
2174.578, 1075.044
2176.507, 1071.030
2178.435, 1075.250
2180.364, 1087.358
2182.292, 1098.955
2184.221, 1110.296
2186.149, 1118.209
2188.078, 1123.520
2190.006, 1120.835
2191.935, 1100.416
2193.863, 1087.855
2195.792, 1101.389
2197.720, 1115.458
2199.648, 1110.656
2201.577, 1102.022
2203.505, 1106.368
2205.434, 1118.249
2207.362, 1126.458
2209.291, 1131.464
2211.219, 1139.434
2213.148, 1151.161
2215.076, 1151.620
2217.005, 1138.132
2218.933, 1122.024
2220.862, 1099.368
2222.790, 1089.068
2224.719, 1106.539
2226.647, 1124.902
2228.575, 1131.674
2230.504, 1135.514
2232.432, 1146.764
2234.361, 1156.168
2236.289, 1145.324
2238.218, 1123.753
2240.146, 1123.152
2242.075, 1140.404
2244.003, 1141.501
2245.932, 1124.593
2247.860, 1115.928
2249.789, 1119.110
2251.717, 1127.099
2253.646, 1143.040
2255.574, 1155.564
2257.502, 1161.717
2259.431, 1163.856
2261.359, 1160.585
2263.288, 1156.396
2265.216, 1153.053
2267.145, 1151.883
2269.073, 1159.044
2271.002, 1167.828
2272.930, 1156.294
2274.859, 1132.156
2276.787, 1135.290
2278.716, 1166.946
2280.644, 1177.571
2282.573, 1154.129
2284.501, 1142.370
2286.429, 1149.558
2288.358, 1161.890
2290.286, 1191.123
2292.215, 1206.040
2294.143, 1184.910
2296.072, 1165.586
2298.000, 1169.077
2299.929, 1178.132
2301.857, 1179.772
2303.786, 1178.706
2305.714, 1181.425
2307.643, 1185.740
2309.571, 1186.136
2311.500, 1171.776
2313.428, 1186.708
2315.356, 1195.325
2317.285, 1197.967
2319.213, 1176.734
2321.142, 1186.330
2323.070, 1183.572
2324.999, 1180.307
2326.927, 1194.241
2328.856, 1176.482
2330.784, 1190.143
2332.713, 1191.262
2334.641, 1198.122
2336.570, 1192.551
2338.498, 1190.819
2340.427, 1201.522
2342.355, 1205.340
2344.283, 1198.338
2346.212, 1205.562
2348.140, 1187.368
2350.069, 1191.479
2351.997, 1205.214
2353.926, 1198.837
2355.854, 1206.288
2357.783, 1208.474
2359.711, 1186.723
2361.640, 1206.599
2363.568, 1208.472
2365.497, 1191.862
2367.425, 1210.311
2369.354, 1196.249
2371.282, 1193.792
2373.210, 1200.067
2375.139, 1197.239
2377.067, 1208.764
2378.996, 1206.462
2380.924, 1202.924
2382.853, 1204.777
2384.781, 1191.353
2386.710, 1206.272
2388.638, 1201.830
2390.567, 1214.755
2392.495, 1230.918
2394.424, 1231.719
2396.352, 1220.634
2398.281, 1214.862
2400.209, 1215.005
2402.137, 1215.435
2404.066, 1215.939
2405.994, 1216.605
2407.923, 1216.346
2409.851, 1219.084
2411.780, 1226.039
2413.708, 1233.231
2415.637, 1241.913
2417.565, 1246.112
2419.494, 1238.652
2421.422, 1234.807
2423.351, 1246.069
2425.279, 1254.940
2427.208, 1250.064
2429.136, 1241.285
2431.064, 1231.246
2432.993, 1224.912
2434.921, 1231.070
2436.850, 1240.649
2438.778, 1242.721
2440.707, 1239.840
2442.635, 1234.905
2444.564, 1229.576
2446.492, 1230.687
2448.421, 1237.317
2450.349, 1238.400
2452.278, 1234.092
2454.206, 1234.247
2456.135, 1239.195
2458.063, 1244.886
2459.991, 1251.340
2461.920, 1255.684
2463.848, 1258.155
2465.777, 1257.121
2467.705, 1248.300
2469.634, 1243.366
2471.562, 1243.172
2473.491, 1248.359
2475.419, 1264.109
2477.348, 1275.260
2479.276, 1272.097
2481.205, 1267.278
2483.133, 1266.818
2485.062, 1266.549
2486.990, 1263.263
2488.918, 1260.094
2490.847, 1262.262
2492.775, 1263.532
2494.704, 1253.009
2496.632, 1242.023
2498.561, 1246.309
2500.489, 1258.003
2502.418, 1250.576
2504.346, 1265.332
2506.275, 1273.773
2508.203, 1276.238
2510.132, 1254.829
2512.060, 1264.249
2513.989, 1261.314
2515.917, 1257.872
2517.845, 1271.630
2519.774, 1253.694
2521.702, 1267.179
2523.631, 1268.122
2525.559, 1274.805
2527.488, 1269.057
2529.416, 1267.149
2531.345, 1277.676
2533.273, 1281.317
2535.202, 1274.139
2537.130, 1281.186
2539.059, 1262.816
2540.987, 1266.751
2542.916, 1280.309
2544.844, 1273.755
2546.772, 1281.031
2548.701, 1283.039
2550.629, 1261.112
2552.558, 1280.811
2554.486, 1282.509
2556.415, 1265.722
2558.343, 1283.995
2560.272, 1269.756
2562.200, 1267.122
2564.129, 1273.222
2566.057, 1270.217
2567.986, 1281.565
2569.914, 1272.869
2571.843, 1278.760
2573.771, 1289.824
2575.699, 1300.448
2577.628, 1304.521
2579.556, 1304.037
2581.485, 1303.163
2583.413, 1298.749
2585.342, 1281.314
2587.270, 1259.807
2589.199, 1247.265
2591.127, 1243.561
2593.056, 1252.498
2594.984, 1268.723
2596.913, 1273.605
2598.841, 1270.925
2600.770, 1282.461
2602.698, 1300.986
2604.626, 1289.831
2606.555, 1255.504
2608.483, 1253.803
2610.412, 1283.103
2612.340, 1292.829
2614.269, 1283.171
2616.197, 1279.573
2618.126, 1282.041
2620.054, 1282.659
2621.983, 1280.714
2623.911, 1281.395
2625.840, 1286.270
2627.768, 1285.551
2629.697, 1278.031
2631.625, 1272.076
2633.553, 1268.029
2635.482, 1267.400
2637.410, 1270.792
2639.339, 1275.532
2641.267, 1285.535
2643.196, 1285.010
2645.124, 1266.944
2647.053, 1259.609
2648.981, 1267.523
2650.910, 1274.281
2652.838, 1276.914
2654.767, 1280.053
2656.695, 1288.481
2658.624, 1290.250
2660.552, 1282.171
2662.480, 1272.542
2664.409, 1259.210
2666.337, 1255.486
2668.266, 1270.144
2670.194, 1277.690
2672.123, 1265.975
2674.051, 1256.181
2675.980, 1248.205
2677.908, 1249.840
2679.837, 1266.787
2681.765, 1282.240
2683.694, 1293.673
2685.622, 1298.606
2687.551, 1290.905
2689.479, 1285.575
2691.407, 1288.331
2693.336, 1290.085
2695.264, 1289.546
2697.193, 1285.886
2699.121, 1275.367
2701.050, 1268.496
2702.978, 1271.689
2704.907, 1274.539
2706.835, 1277.103
2708.764, 1273.822
2710.692, 1257.814
2712.621, 1248.495
2714.549, 1256.279
2716.478, 1265.684
2718.406, 1273.797
2720.334, 1278.445
2722.263, 1277.934
2724.191, 1275.180
2726.120, 1269.707
2728.048, 1265.088
2729.977, 1264.134
2731.905, 1262.383
2733.834, 1259.261
2735.762, 1254.164
2737.691, 1245.607
2739.619, 1237.660
2741.548, 1227.378
2743.476, 1227.021
2745.405, 1252.208
2747.333, 1269.178
2749.261, 1261.528
2751.190, 1256.625
2753.118, 1262.818
2755.047, 1265.774
2756.975, 1261.943
2758.904, 1252.868
2760.832, 1228.792
2762.761, 1217.930
2764.689, 1232.296
2766.618, 1247.063
2768.546, 1260.795
2770.475, 1264.290
2772.403, 1246.757
2774.332, 1236.228
2776.260, 1242.187
2778.188, 1249.790
2780.117, 1260.077
2782.045, 1263.316
2783.974, 1254.633
2785.902, 1250.606
2787.831, 1258.980
2789.759, 1263.502
2791.688, 1261.522
2793.616, 1257.700
2795.545, 1250.370
2797.473, 1251.696
2799.402, 1267.152
2801.330, 1275.929
2803.259, 1274.120
2805.187, 1268.925
2807.115, 1259.534
2809.044, 1255.191
2810.972, 1257.563
2812.901, 1255.092
2814.829, 1243.986
2816.758, 1241.631
2818.686, 1249.551
2820.615, 1255.389
2822.543, 1258.818
2824.472, 1258.076
2826.400, 1252.991
2828.329, 1254.593
2830.257, 1263.014
2832.186, 1261.803
2834.114, 1252.628
2836.042, 1251.859
2837.971, 1258.684
2839.899, 1267.130
2841.828, 1276.206
2843.756, 1281.194
2845.685, 1282.360
2847.613, 1279.824
2849.542, 1274.891
2851.470, 1270.562
2853.399, 1267.389
2855.327, 1268.654
2857.256, 1271.161
2859.184, 1266.152
2861.113, 1260.152
2863.041, 1266.427
2864.969, 1274.471
2866.898, 1267.852
2868.826, 1258.403
2870.755, 1260.369
2872.683, 1266.002
2874.612, 1270.165
2876.540, 1272.372
2878.469, 1270.048
2880.397, 1268.820
2882.326, 1272.844
2884.254, 1279.264
2886.183, 1293.140
2888.111, 1297.098
2890.040, 1264.644
2891.968, 1248.468
2893.896, 1291.745
2895.825, 1316.364
2897.753, 1291.179
2899.682, 1275.444
2901.610, 1291.245
2903.539, 1302.323
2905.467, 1297.164
2907.396, 1291.338
2909.324, 1284.278
2911.253, 1286.316
2913.181, 1301.394
2915.110, 1306.168
2917.038, 1291.770
2918.967, 1294.685
2920.895, 1316.695
2922.823, 1325.661
2924.752, 1321.182
2926.680, 1312.709
2928.609, 1301.977
2930.537, 1305.133
2932.466, 1318.625
2934.394, 1323.489
2936.323, 1322.061
2938.251, 1317.292
2940.180, 1313.571
2942.108, 1321.580
2944.037, 1334.891
2945.965, 1350.922
2947.894, 1357.739
2949.822, 1331.291
2951.750, 1304.107
2953.679, 1311.132
2955.607, 1323.665
2957.536, 1320.766
2959.464, 1316.889
2961.393, 1318.521
2963.321, 1322.216
2965.250, 1327.027
2967.178, 1332.900
2969.107, 1341.587
2971.035, 1346.375
2972.964, 1343.775
2974.892, 1343.478
2976.821, 1351.501
2978.749, 1351.426
2980.677, 1341.512
2982.606, 1335.078
2984.534, 1333.228
2986.463, 1333.438
2988.391, 1335.642
2990.320, 1348.549
2992.248, 1368.120
2994.177, 1365.165
2996.105, 1349.945
2998.034, 1355.876
2999.962, 1370.933
3001.891, 1368.667
3003.819, 1359.830
3005.748, 1357.025
3007.676, 1358.228
3009.604, 1364.542
3011.533, 1369.808
3013.461, 1363.690
3015.390, 1364.052
3017.318, 1388.264
3019.247, 1404.851
3021.175, 1397.329
3023.104, 1386.254
3025.032, 1370.380
3026.961, 1370.944
3028.889, 1397.915
3030.818, 1407.691
3032.746, 1381.994
3034.675, 1389.226
3036.603, 1429.247
3038.531, 1432.926
3040.460, 1404.498
3042.388, 1401.158
3044.317, 1416.670
3046.245, 1426.943
3048.174, 1433.001
3050.102, 1436.719
3052.031, 1437.899
3053.959, 1432.126
3055.888, 1428.687
3057.816, 1439.457
3059.745, 1452.862
3061.673, 1466.577
3063.602, 1474.372
3065.530, 1471.599
3067.458, 1465.447
3069.387, 1455.629
3071.315, 1448.528
3073.244, 1444.938
3075.172, 1445.075
3077.101, 1449.129
3079.029, 1454.475
3080.958, 1461.160
3082.886, 1469.957
3084.815, 1480.518
3086.743, 1491.208
3088.672, 1499.918
3090.600, 1494.737
3092.529, 1487.607
3094.457, 1499.668
3096.385, 1513.958
3098.314, 1509.326
3100.242, 1503.789
3102.171, 1510.411
3104.099, 1515.757
3106.028, 1508.041
3107.956, 1510.725
3109.885, 1536.822
3111.813, 1547.803
3113.742, 1535.411
3115.670, 1525.932
3117.599, 1521.038
3119.527, 1524.734
3121.456, 1535.854
3123.384, 1548.588
3125.313, 1560.799
3127.241, 1566.442
3129.169, 1567.861
3131.098, 1569.244
3133.026, 1568.776
3134.955, 1555.715
3136.883, 1552.989
3138.812, 1591.620
3140.740, 1619.031
3142.669, 1610.106
3144.597, 1605.243
3146.526, 1620.593
3148.454, 1630.025
3150.383, 1628.809
3152.311, 1647.437
3154.240, 1685.184
3156.168, 1684.992
3158.096, 1656.721
3160.025, 1661.542
3161.953, 1680.857
3163.882, 1668.750
3165.810, 1651.622
3167.739, 1664.181
3169.667, 1680.882
3171.596, 1684.449
3173.524, 1684.005
3175.453, 1680.779
3177.381, 1679.787
3179.310, 1681.606
3181.238, 1688.272
3183.167, 1700.726
3185.095, 1703.509
3187.023, 1695.615
3188.952, 1717.308
3190.880, 1756.882
3192.809, 1762.009
3194.737, 1753.726
3196.666, 1774.580
3198.594, 1793.243
3200.523, 1763.290
3202.451, 1739.235
3204.380, 1759.587
3206.308, 1779.708
3208.237, 1785.446
3210.165, 1788.986
3212.094, 1791.891
3214.022, 1792.946
3215.950, 1791.926
3217.879, 1793.331
3219.807, 1797.202
3221.736, 1806.191
3223.664, 1815.309
3225.593, 1808.315
3227.521, 1803.958
3229.450, 1834.743
3231.378, 1857.344
3233.307, 1835.850
3235.235, 1819.122
3237.164, 1824.431
3239.092, 1830.288
3241.021, 1833.735
3242.949, 1841.873
3244.877, 1855.459
3246.806, 1852.432
3248.734, 1839.899
3250.663, 1844.927
3252.591, 1858.131
3254.520, 1866.957
3256.448, 1873.009
3258.377, 1876.538
3260.305, 1880.935
3262.234, 1895.881
3264.162, 1895.232
3266.091, 1869.361
3268.019, 1860.021
3269.948, 1875.300
3271.876, 1869.419
3273.804, 1846.276
3275.733, 1849.205
3277.661, 1863.498
3279.590, 1858.385
3281.518, 1850.302
3283.447, 1861.944
3285.375, 1870.233
3287.304, 1859.041
3289.232, 1851.019
3291.161, 1857.184
3293.089, 1850.428
3295.018, 1827.655
3296.946, 1835.770
3298.875, 1869.341
3300.803, 1868.302
3302.731, 1850.334
3304.660, 1854.124
3306.588, 1863.047
3308.517, 1863.109
3310.445, 1856.885
3312.374, 1839.723
3314.302, 1833.139
3316.231, 1857.646
3318.159, 1857.854
3320.088, 1831.908
3322.016, 1825.612
3323.945, 1834.999
3325.873, 1831.755
3327.802, 1822.987
3329.730, 1822.946
3331.658, 1821.246
3333.587, 1803.637
3335.515, 1792.469
3337.444, 1799.941
3339.372, 1798.594
3341.301, 1779.303
3343.229, 1769.035
3345.158, 1768.344
3347.086, 1764.807
3349.015, 1760.742
3350.943, 1764.614
3352.872, 1767.734
3354.800, 1754.598
3356.729, 1744.426
3358.657, 1747.446
3360.585, 1755.916
3362.514, 1770.690
3364.442, 1778.414
3366.371, 1777.664
3368.299, 1761.768
3370.228, 1737.555
3372.156, 1730.761
3374.085, 1732.195
3376.013, 1728.917
3377.942, 1730.161
3379.870, 1750.522
3381.799, 1754.696
3383.727, 1724.949
3385.656, 1702.950
3387.584, 1691.863
3389.512, 1699.890
3391.441, 1717.113
3393.369, 1703.763
3395.298, 1680.842
3397.226, 1678.754
3399.155, 1680.166
3401.083, 1673.026
3403.012, 1670.344
3404.940, 1676.999
3406.869, 1674.203
3408.797, 1659.835
3410.726, 1666.223
3412.654, 1684.967
3414.583, 1684.946
3416.511, 1675.485
3418.439, 1661.363
3420.368, 1651.440
3422.296, 1649.763
3424.225, 1654.239
3426.153, 1668.480
3428.082, 1673.642
3430.010, 1670.219
3431.939, 1673.123
3433.867, 1677.581
3435.796, 1668.828
3437.724, 1660.569
3439.653, 1667.126
3441.581, 1674.311
3443.510, 1678.000
3445.438, 1676.780
3447.366, 1670.692
3449.295, 1663.260
3451.223, 1656.238
3453.152, 1655.308
3455.080, 1661.796
3457.009, 1682.614
3458.937, 1701.737
3460.866, 1708.271
3462.794, 1710.274
3464.723, 1708.746
3466.651, 1705.231
3468.580, 1700.184
3470.508, 1709.440
3472.437, 1721.725
3474.365, 1706.623
3476.293, 1693.863
3478.222, 1716.504
3480.150, 1736.400
3482.079, 1739.854
3484.007, 1738.604
3485.936, 1733.682
3487.864, 1732.820
3489.793, 1734.323
3491.721, 1729.182
3493.650, 1727.261
3495.578, 1744.985
3497.507, 1757.948
3499.435, 1752.125
3501.364, 1743.406
3503.292, 1733.196
3505.220, 1726.908
3507.149, 1725.788
3509.077, 1739.456
3511.006, 1755.036
3512.934, 1758.753
3514.863, 1755.551
3516.791, 1742.969
3518.720, 1738.461
3520.648, 1746.600
3522.577, 1743.335
3524.505, 1731.616
3526.434, 1730.337
3528.362, 1733.293
3530.291, 1734.282
3532.219, 1734.639
3534.147, 1735.581
3536.076, 1734.292
3538.004, 1729.858
3539.933, 1723.983
3541.861, 1709.472
3543.790, 1717.765
3545.718, 1719.745
3547.647, 1715.747
3549.575, 1687.878
3551.504, 1702.915
3553.432, 1719.287
3555.361, 1742.568
3557.289, 1737.070
3559.218, 1715.428
3561.146, 1721.712
3563.074, 1736.638
3565.003, 1747.023
3566.931, 1748.455
3568.860, 1732.607
3570.788, 1729.401
3572.717, 1740.804
3574.645, 1774.028
3576.574, 1784.216
3578.502, 1788.092
3580.431, 1785.989
3582.359, 1760.015
3584.288, 1764.866
3586.216, 1757.366
3588.145, 1749.357
3590.073, 1758.550
3592.001, 1727.514
3593.930, 1720.228
3595.858, 1695.585
3597.787, 1680.510
3599.715, 1694.906
3601.644, 1703.771
3603.572, 1700.451
3605.501, 1697.264
3607.429, 1690.598
3609.358, 1662.570
3611.286, 1629.905
3613.215, 1603.357
3615.143, 1588.592
3617.072, 1591.203
3619.000, 1582.674
3620.928, 1561.800
3622.857, 1540.497
3624.785, 1524.795
3626.714, 1526.657
3628.642, 1534.807
3630.571, 1549.152
3632.499, 1546.056
3634.428, 1515.759
3636.356, 1499.024
3638.285, 1496.370
3640.213, 1515.272
3642.142, 1533.990
3644.070, 1535.029
3645.999, 1527.455
3647.927, 1507.084
3649.855, 1498.385
3651.784, 1500.556
3653.712, 1512.132
3655.641, 1523.732
3657.569, 1522.490
3659.498, 1516.849
3661.426, 1504.775
3663.355, 1505.356
3665.283, 1517.641
3667.212, 1509.357
3669.140, 1494.707
3671.069, 1500.707
3672.997, 1510.626
3674.926, 1516.212
3676.854, 1520.038
3678.782, 1522.240
3680.711, 1517.099
3682.639, 1510.226
3684.568, 1522.592
3686.496, 1529.962
3688.425, 1509.331
3690.353, 1495.286
3692.282, 1493.578
3694.210, 1510.765
3696.139, 1535.365
3698.067, 1525.984
3699.996, 1510.520
3701.924, 1509.598
3703.853, 1516.526
3705.781, 1532.562
3707.709, 1533.619
3709.638, 1523.036
3711.566, 1517.141
3713.495, 1512.335
3715.423, 1500.605
3717.352, 1498.531
3719.280, 1513.095
3721.209, 1522.184
3723.137, 1524.657
3725.066, 1519.753
3726.994, 1515.150
3728.923, 1520.721
3730.851, 1524.561
3732.780, 1521.780
3734.708, 1528.070
3736.636, 1539.709
3738.565, 1532.739
3740.493, 1523.170
3742.422, 1527.616
3744.350, 1531.939
3746.279, 1529.776
3748.207, 1544.239
3750.136, 1566.244
3752.064, 1549.262
3753.993, 1523.697
3755.921, 1514.667
3757.850, 1514.511
3759.778, 1523.082
3761.707, 1526.080
3763.635, 1524.679
3765.563, 1525.768
3767.492, 1525.969
3769.420, 1520.824
3771.349, 1519.319
3773.277, 1523.857
3775.206, 1526.950
3777.134, 1529.227
3779.063, 1532.525
3780.991, 1536.399
3782.920, 1539.309
3784.848, 1547.380
3786.777, 1561.717
3788.705, 1552.578
3790.634, 1532.956
3792.562, 1526.493
3794.490, 1528.128
3796.419, 1540.029
3798.347, 1540.513
3800.276, 1529.286
3802.204, 1533.358
3804.133, 1544.121
3806.061, 1551.313
3807.990, 1557.283
3809.918, 1565.352
3811.847, 1563.295
3813.775, 1552.302
3815.704, 1531.028
3817.632, 1519.838
3819.561, 1552.213
3821.489, 1570.423
3823.417, 1551.906
3825.346, 1542.739
3827.274, 1543.417
3829.203, 1561.309
3831.131, 1575.106
3833.060, 1570.979
3834.988, 1561.895
3836.917, 1550.037
3838.845, 1548.666
3840.774, 1553.961
3842.702, 1567.074
3844.631, 1567.344
3846.559, 1544.088
3848.488, 1536.505
3850.416, 1544.363
3852.344, 1555.468
3854.273, 1568.349
3856.201, 1587.394
3858.130, 1593.295
3860.058, 1583.128
3861.987, 1577.655
3863.915, 1575.386
3865.844, 1573.285
3867.772, 1573.454
3869.701, 1578.188
3871.629, 1577.566
3873.558, 1571.913
3875.486, 1571.427
3877.415, 1571.997
3879.343, 1570.730
3881.271, 1565.275
3883.200, 1555.149
3885.128, 1550.051
3887.057, 1550.314
3888.985, 1561.239
3890.914, 1570.842
3892.842, 1573.988
3894.771, 1568.583
3896.699, 1561.511
3898.628, 1568.261
3900.556, 1577.689
3902.485, 1588.214
3904.413, 1589.766
3906.342, 1576.253
3908.270, 1578.600
3910.198, 1585.234
3912.127, 1573.970
3914.055, 1565.763
3915.984, 1563.353
3917.912, 1551.973
3919.841, 1540.954
3921.769, 1547.751
3923.698, 1556.402
3925.626, 1551.741
3927.555, 1557.270
3929.483, 1578.585
3931.412, 1581.636
3933.340, 1577.923
3935.269, 1577.248
3937.197, 1573.579
3939.125, 1573.490
3941.054, 1561.518
3942.982, 1542.554
3944.911, 1536.782
3946.839, 1540.351
3948.768, 1565.460
3950.696, 1582.914
3952.625, 1584.716
3954.553, 1574.499
3956.482, 1565.128
3958.410, 1576.820
3960.339, 1589.576
3962.267, 1590.781
3964.196, 1574.796
3966.124, 1561.521
3968.052, 1561.994
3969.981, 1570.214
3971.909, 1581.450
3973.838, 1582.416
3975.766, 1578.436
3977.695, 1573.199
3979.623, 1569.994
3981.552, 1559.163
3983.480, 1559.784
3985.409, 1569.640
3987.337, 1582.075
3989.266, 1595.700
3991.194, 1589.302
3993.123, 1587.044
3995.051, 1592.366
3996.979, 1581.128
3998.908, 1576.111
4000.836, 1592.317
4002.765, 1591.114
4004.693, 1576.075
4006.622, 1576.741
4008.550, 1581.225
4010.479, 1577.915
4012.407, 1572.816
4014.336, 1571.847
4016.264, 1598.691
4018.193, 1618.911
4020.121, 1609.893
4022.050, 1600.861
4023.978, 1595.388
4025.906, 1595.608
4027.835, 1591.205
4029.763, 1590.075
4031.692, 1591.671
4033.620, 1591.951
4035.549, 1612.645
4037.477, 1623.642
4039.406, 1598.199
4041.334, 1587.602
4043.263, 1593.995
4045.191, 1623.480
4047.120, 1652.056
4049.048, 1623.709
4050.977, 1611.905
4052.905, 1638.725
4054.833, 1626.378
4056.762, 1606.428
4058.690, 1643.030
4060.619, 1652.063
4062.547, 1604.238
4064.476, 1590.753
4066.404, 1604.644
4068.333, 1616.197
4070.261, 1620.597
4072.190, 1614.839
4074.118, 1609.233
4076.047, 1605.903
4077.975, 1615.734
4079.904, 1623.842
4081.832, 1618.255
4083.760, 1613.250
4085.689, 1607.014
4087.617, 1601.424
4089.546, 1603.099
4091.474, 1615.589
4093.403, 1619.698
4095.331, 1616.484
4097.260, 1618.918
4099.188, 1626.942
4101.117, 1635.752
4103.045, 1635.703
4104.974, 1632.668
4106.902, 1632.900
4108.831, 1631.105
4110.759, 1608.097
4112.688, 1604.861
4114.616, 1641.764
4116.544, 1656.147
4118.473, 1649.904
4120.401, 1633.122
4122.330, 1627.912
4124.258, 1631.539
4126.187, 1622.250
4128.115, 1611.598
4130.043, 1623.074
4131.972, 1630.700
4133.900, 1631.166
4135.829, 1646.871
4137.757, 1662.983
4139.686, 1662.142
4141.614, 1655.256
4143.543, 1636.581
4145.471, 1638.761
4147.400, 1655.196
4149.328, 1657.877
4151.257, 1658.149
4153.185, 1659.963
4155.114, 1653.767
4157.042, 1654.445
4158.971, 1676.414
4160.899, 1684.285
4162.828, 1677.413
4164.756, 1664.103
4166.685, 1638.528
4168.613, 1655.023
4170.542, 1680.097
4172.470, 1666.642
4174.398, 1653.481
4176.327, 1654.899
4178.255, 1649.045
4180.184, 1646.187
4182.112, 1661.260
4184.041, 1664.911
4185.969, 1656.079
4187.897, 1662.227
4189.826, 1672.605
4191.754, 1673.661
4193.683, 1681.345
4195.611, 1693.100
4197.540, 1676.281
4199.468, 1664.202
4201.397, 1689.000
4203.325, 1687.473
4205.254, 1657.557
4207.182, 1667.635
4209.111, 1685.688
4211.039, 1681.836
4212.968, 1686.395
4214.896, 1702.535
4216.825, 1724.329
4218.753, 1736.291
4220.682, 1720.012
4222.610, 1701.503
4224.539, 1683.252
4226.467, 1679.409
4228.396, 1685.907
4230.324, 1696.404
4232.252, 1710.474
4234.181, 1726.845
4236.109, 1734.711
4238.038, 1734.719
4239.966, 1722.719
4241.895, 1718.450
4243.823, 1721.207
4245.751, 1728.285
4247.680, 1733.023
4249.608, 1728.964
4251.537, 1733.296
4253.465, 1744.896
4255.394, 1770.655
4257.322, 1777.422
4259.251, 1744.736
4261.179, 1735.169
4263.108, 1738.789
4265.036, 1736.786
4266.965, 1745.632
4268.893, 1771.942
4270.822, 1771.054
4272.750, 1758.286
4274.679, 1747.500
4276.607, 1745.126
4278.536, 1751.951
4280.464, 1763.588
4282.393, 1770.693
4284.321, 1758.639
4286.250, 1757.191
4288.178, 1766.212
4290.106, 1767.911
4292.035, 1770.578
4293.963, 1782.358
4295.892, 1788.511
4297.820, 1789.736
4299.749, 1785.483
4301.677, 1787.709
4303.605, 1806.521
4305.534, 1805.649
4307.462, 1796.404
4309.391, 1800.936
4311.319, 1797.566
4313.248, 1779.959
4315.176, 1785.030
4317.105, 1800.284
4319.033, 1818.897
4320.962, 1824.691
4322.890, 1817.489
4324.819, 1806.475
4326.747, 1801.533
4328.676, 1809.609
4330.604, 1822.949
4332.533, 1835.050
4334.461, 1824.357
4336.390, 1820.756
4338.318, 1835.050
4340.247, 1832.035
4342.175, 1817.793
4344.104, 1793.323
4346.032, 1791.691
4347.960, 1813.786
4349.889, 1825.777
4351.817, 1824.676
4353.746, 1802.064
4355.674, 1810.612
4357.603, 1838.458
4359.531, 1830.023
4361.459, 1827.111
4363.388, 1847.332
4365.316, 1847.185
4367.245, 1839.350
4369.173, 1846.890
4371.102, 1850.793
4373.030, 1847.977
4374.959, 1847.550
4376.887, 1846.175
4378.816, 1840.265
4380.744, 1833.719
4382.673, 1828.879
4384.601, 1831.681
4386.530, 1839.704
4388.458, 1853.885
4390.387, 1861.932
4392.315, 1860.043
4394.244, 1831.653
4396.172, 1839.291
4398.101, 1880.491
4400.029, 1847.899
4401.958, 1825.578
4403.886, 1862.437
4405.814, 1868.768
4407.743, 1858.409
4409.671, 1875.208
4411.600, 1870.829
4413.528, 1841.475
4415.457, 1868.694
4417.385, 1902.004
4419.313, 1893.851
4421.242, 1895.803
4423.170, 1902.342
4425.099, 1882.178
4427.027, 1869.787
4428.956, 1880.238
4430.884, 1878.438
4432.813, 1868.466
4434.741, 1850.858
4436.670, 1836.158
4438.598, 1829.334
4440.527, 1854.268
4442.455, 1877.560
4444.384, 1885.771
4446.312, 1900.944
4448.241, 1909.225
4450.169, 1885.741
4452.098, 1877.105
4454.026, 1884.423
4455.955, 1883.745
4457.883, 1884.434
4459.812, 1891.981
4461.740, 1893.071
4463.668, 1891.662
4465.597, 1896.026
4467.525, 1891.505
4469.454, 1879.531
4471.382, 1884.973
4473.311, 1889.183
4475.239, 1863.240
4477.167, 1877.790
4479.096, 1886.025
4481.024, 1888.285
4482.953, 1866.671
4484.881, 1875.885
4486.810, 1872.745
4488.738, 1869.098
4490.667, 1882.650
4492.595, 1864.509
4494.524, 1877.789
4496.452, 1878.526
4498.381, 1885.004
4500.309, 1879.051
4502.238, 1876.937
4504.166, 1887.258
4506.095, 1890.694
4508.023, 1883.310
4509.952, 1890.153
4511.880, 1871.577
4513.809, 1875.306
4515.737, 1888.659
4517.666, 1881.900
4519.594, 1875.917
4521.522, 1881.277
4523.451, 1880.673
4525.379, 1884.316
4527.308, 1905.106
4529.236, 1908.191
4531.165, 1897.971
4533.093, 1876.855
4535.021, 1877.583
4536.950, 1898.912
4538.878, 1906.582
4540.807, 1898.032
4542.735, 1870.351
4544.664, 1880.637
4546.592, 1901.055
4548.521, 1890.933
4550.449, 1898.050
4552.378, 1916.622
4554.306, 1914.272
4556.235, 1910.397
4558.163, 1910.150
4560.092, 1898.854
4562.020, 1897.515
4563.949, 1924.552
4565.877, 1893.975
4567.806, 1857.610
4569.734, 1921.337
4571.663, 1939.663
4573.591, 1907.249
4575.520, 1894.611
4577.448, 1896.702
4579.376, 1912.020
4581.305, 1911.931
4583.233, 1909.628
4585.162, 1916.717
4587.090, 1909.500
4589.019, 1898.189
4590.947, 1904.115
4592.875, 1907.796
4594.804, 1906.861
4596.732, 1906.795
4598.661, 1907.431
4600.589, 1908.881
4602.518, 1903.913
4604.446, 1907.368
4606.375, 1934.065
4608.303, 1936.131
4610.232, 1924.620
4612.160, 1921.881
4614.089, 1916.262
4616.017, 1909.628
4617.946, 1924.371
4619.874, 1920.019
4621.803, 1888.465
4623.731, 1872.909
4625.660, 1886.229
4627.588, 1944.777
4629.517, 1936.663
4631.445, 1904.097
4633.374, 1908.803
4635.302, 1899.931
4637.230, 1884.179
4639.159, 1890.891
4641.087, 1905.152
4643.016, 1919.495
4644.944, 1908.967
4646.873, 1905.129
4648.801, 1925.715
4650.729, 1919.804
4652.658, 1908.189
4654.586, 1907.473
4656.515, 1899.909
4658.443, 1894.945
4660.372, 1909.950
4662.300, 1925.908
4664.229, 1936.269
4666.157, 1926.122
4668.086, 1924.683
4670.014, 1937.034
4671.943, 1943.350
4673.871, 1942.519
4675.800, 1933.761
4677.728, 1900.232
4679.657, 1876.971
4681.585, 1900.239
4683.514, 1910.789
4685.442, 1915.953
4687.371, 1928.524
4689.299, 1926.991
4691.228, 1917.209
4693.156, 1910.934
4695.084, 1924.564
4697.013, 1949.161
4698.941, 1927.147
4700.870, 1917.211
4702.798, 1936.519
4704.727, 1911.230
4706.655, 1899.466
4708.583, 1928.404
4710.512, 1950.195
4712.440, 1954.715
4714.369, 1926.161
4716.297, 1914.544
4718.226, 1912.484
4720.154, 1909.653
4722.083, 1907.502
4724.011, 1907.770
4725.940, 1912.857
4727.868, 1924.605
4729.797, 1936.587
4731.725, 1916.452
4733.654, 1910.373
4735.582, 1923.494
4737.511, 1904.463
4739.439, 1902.059
4741.368, 1937.910
4743.296, 1934.144
4745.225, 1921.352
4747.153, 1916.585
4749.082, 1927.520
4751.010, 1938.791
4752.938, 1937.957
4754.867, 1927.477
4756.795, 1921.869
4758.724, 1947.146
4760.652, 1938.609
4762.581, 1914.142
4764.509, 1911.756
4766.438, 1923.421
4768.366, 1940.505
4770.294, 1947.134
4772.223, 1941.337
4774.151, 1928.567
4776.080, 1931.099
4778.008, 1952.243
4779.937, 1981.529
4781.865, 1941.593
4783.794, 1917.962
4785.722, 1943.628
4787.651, 1972.586
4789.579, 1977.459
4791.508, 1947.947
4793.436, 1941.382
4795.365, 1936.729
4797.293, 1915.093
4799.222, 1920.712
4801.150, 1941.954
4803.079, 1974.548
4805.007, 1940.278
4806.936, 1900.023
4808.864, 1934.475
4810.792, 1945.895
4812.721, 1936.381
4814.649, 1907.090
4816.578, 1917.667
4818.506, 1944.827
4820.435, 1936.233
4822.363, 1936.147
4824.292, 1942.548
4826.220, 1938.072
4828.148, 1947.601
4830.077, 1963.662
4832.005, 1957.736
4833.934, 1945.586
4835.862, 1935.522
4837.791, 1953.060
4839.719, 1948.893
4841.648, 1925.688
4843.576, 1942.491
4845.505, 1949.522
4847.433, 1939.601
4849.362, 1944.694
4851.290, 1958.731
4853.219, 1973.958
4855.147, 1944.918
4857.076, 1929.939
4859.004, 1943.989
4860.933, 1953.799
4862.861, 1963.927
4864.790, 1974.286
4866.718, 1951.638
4868.646, 1938.424
4870.575, 1947.828
4872.503, 1940.699
4874.432, 1942.720
4876.360, 1965.326
4878.289, 1943.014
4880.217, 1921.877
4882.146, 1920.943
4884.074, 1928.040
4886.002, 1935.668
4887.931, 1940.973
4889.859, 1927.186
4891.788, 1923.294
4893.716, 1939.657
4895.645, 1920.122
4897.573, 1914.176
4899.502, 1951.127
4901.430, 1941.268
4903.359, 1932.346
4905.287, 1946.573
4907.216, 1949.744
4909.144, 1943.597
4911.073, 1929.863
4913.001, 1898.087
4914.930, 1900.536
4916.858, 1963.322
4918.787, 1967.305
4920.715, 1940.770
4922.644, 1902.154
4924.572, 1918.600
4926.500, 1937.756
4928.429, 1934.023
4930.357, 1919.857
4932.286, 1914.910
4934.214, 1925.469
4936.143, 1937.570
4938.071, 1940.329
4940.000, 1929.958
4941.928, 1933.254
4943.856, 1944.459
4945.785, 1955.660
4947.713, 1908.699
4949.642, 1886.779
4951.570, 1909.496
4953.499, 1916.702
4955.427, 1922.016
4957.356, 1928.014
4959.284, 1918.195
4961.213, 1917.083
4963.141, 1926.287
4965.070, 1926.714
4966.998, 1931.164
4968.927, 1939.388
4970.855, 1942.588
4972.784, 1923.561
4974.712, 1901.411
4976.641, 1955.625
4978.569, 1970.304
4980.498, 1948.878
4982.426, 1933.487
4984.354, 1926.182
4986.283, 1920.580
4988.211, 1901.895
4990.140, 1894.467
4992.068, 1899.946
4993.997, 1924.600
4995.925, 1923.888
4997.854, 1914.128
4999.782, 1916.591
5001.710, 1921.641
5003.639, 1929.466
5005.567, 1941.735
5007.496, 1929.044
5009.424, 1910.033
5011.353, 1896.895
5013.281, 1899.868
5015.210, 1927.943
5017.138, 1979.151
5019.067, 1950.121
5020.995, 1909.008
5022.924, 1889.015
5024.852, 1918.845
5026.781, 1931.704
5028.709, 1913.008
5030.638, 1902.428
5032.566, 1907.891
5034.495, 1919.902
5036.423, 1899.482
5038.352, 1906.495
5040.280, 1928.466
5042.208, 1909.400
5044.137, 1905.396
5046.065, 1913.507
5047.994, 1917.418
5049.922, 1945.300
5051.851, 1962.324
5053.779, 1915.178
5055.708, 1920.147
5057.636, 1925.478
5059.564, 1894.239
5061.493, 1923.007
5063.421, 1930.977
5065.350, 1885.240
5067.278, 1909.131
5069.207, 1931.324
5071.135, 1928.263
5073.064, 1928.881
5074.992, 1918.234
5076.921, 1901.797
5078.849, 1906.399
5080.778, 1912.507
5082.706, 1912.300
5084.635, 1892.024
5086.563, 1882.313
5088.492, 1889.531
5090.420, 1920.720
5092.349, 1917.396
5094.277, 1910.665
5096.206, 1925.098
5098.134, 1927.367
5100.063, 1899.967
5101.991, 1842.993
5103.919, 1900.622
5105.848, 1908.353
5107.776, 1853.989
5109.705, 1875.078
5111.633, 1878.792
5113.562, 1865.672
5115.490, 1870.661
5117.418, 1871.660
5119.347, 1871.649
5121.275, 1877.362
5123.204, 1875.899
5125.132, 1874.364
5127.061, 1877.320
5128.989, 1846.148
5130.918, 1840.793
5132.846, 1876.845
5134.775, 1848.222
5136.703, 1846.124
5138.632, 1874.166
5140.560, 1881.744
5142.489, 1868.632
5144.417, 1848.893
5146.346, 1836.402
5148.274, 1858.705
5150.203, 1874.530
5152.131, 1850.108
5154.060, 1828.741
5155.988, 1832.319
5157.917, 1859.594
5159.845, 1845.736
5161.773, 1830.839
5163.702, 1825.693
5165.630, 1832.786
5167.559, 1818.990
5169.487, 1805.099
5171.416, 1827.754
5173.344, 1814.373
5175.272, 1812.354
5177.201, 1858.229
5179.129, 1848.332
5181.058, 1833.290
5182.986, 1831.733
5184.915, 1818.358
5186.843, 1813.589
5188.772, 1813.001
5190.700, 1795.107
5192.629, 1806.701
5194.557, 1829.063
5196.486, 1842.162
5198.414, 1823.677
5200.343, 1799.100
5202.271, 1781.846
5204.200, 1776.310
5206.128, 1784.330
5208.057, 1794.726
5209.985, 1771.581
5211.914, 1772.504
5213.842, 1783.648
5215.771, 1781.499
5217.699, 1772.644
5219.627, 1771.579
5221.556, 1783.537
5223.484, 1772.584
5225.413, 1779.295
5227.341, 1794.781
5229.270, 1748.571
5231.198, 1768.033
5233.126, 1802.489
5235.055, 1764.793
5236.983, 1773.861
5238.912, 1788.446
5240.840, 1786.153
5242.769, 1780.252
5244.697, 1768.286
5246.626, 1751.958
5248.554, 1730.580
5250.483, 1741.310
5252.411, 1756.762
5254.340, 1743.944
5256.268, 1762.451
5258.197, 1766.413
5260.125, 1740.989
5262.054, 1710.732
5263.982, 1710.227
5265.911, 1728.443
5267.839, 1734.075
5269.768, 1750.911
5271.696, 1756.714
5273.625, 1734.493
5275.553, 1713.603
5277.481, 1712.532
5279.410, 1729.228
5281.338, 1750.607
5283.267, 1729.891
5285.195, 1700.100
5287.124, 1705.652
5289.052, 1716.835
5290.980, 1722.450
5292.909, 1719.145
5294.837, 1717.163
5296.766, 1717.854
5298.694, 1725.898
5300.623, 1752.955
5302.551, 1743.977
5304.480, 1727.884
5306.408, 1725.830
5308.337, 1714.859
5310.265, 1716.389
5312.194, 1724.776
5314.122, 1711.514
5316.051, 1715.682
5317.979, 1723.024
5319.908, 1718.995
5321.836, 1724.770
5323.765, 1729.446
5325.693, 1729.877
5327.622, 1728.175
5329.550, 1731.398
5331.479, 1734.499
5333.407, 1731.786
5335.335, 1714.528
5337.264, 1719.385
5339.192, 1741.138
5341.121, 1704.291
5343.049, 1718.817
5344.978, 1750.503
5346.906, 1747.656
5348.834, 1722.155
5350.763, 1720.195
5352.691, 1743.491
5354.620, 1730.076
5356.548, 1696.011
5358.477, 1677.243
5360.405, 1706.971
5362.334, 1705.210
5364.262, 1708.711
5366.191, 1723.140
5368.119, 1702.699
5370.048, 1671.297
5371.976, 1655.570
5373.905, 1677.324
5375.833, 1723.904
5377.762, 1741.392
5379.690, 1726.011
5381.619, 1725.132
5383.547, 1706.390
5385.476, 1693.749
5387.404, 1713.679
5389.333, 1689.802
5391.261, 1682.597
5393.189, 1701.939
5395.118, 1730.146
5397.046, 1713.205
5398.975, 1689.337
5400.903, 1688.916
5402.832, 1701.246
5404.760, 1714.396
5406.688, 1713.388
5408.617, 1658.245
5410.545, 1687.194
5412.474, 1721.467
5414.402, 1719.385
5416.331, 1703.842
5418.259, 1709.712
5420.188, 1710.485
5422.116, 1668.315
5424.045, 1704.314
5425.973, 1729.412
5427.902, 1716.150
5429.830, 1701.265
5431.759, 1691.409
5433.687, 1685.626
5435.616, 1673.947
5437.544, 1689.307
5439.473, 1698.353
5441.401, 1701.423
5443.330, 1680.620
5445.258, 1690.644
5447.187, 1688.314
5449.115, 1685.478
5451.043, 1699.840
5452.972, 1682.510
5454.900, 1696.600
5456.829, 1698.148
5458.757, 1705.436
5460.686, 1700.293
5462.614, 1698.990
5464.542, 1710.121
5466.471, 1714.368
5468.399, 1707.794
5470.328, 1715.448
5472.256, 1697.682
5474.185, 1702.222
5476.113, 1716.385
5478.042, 1710.437
5479.970, 1718.317
5481.899, 1720.931
5483.827, 1694.915
5485.756, 1703.705
5487.684, 1704.069
5489.613, 1708.993
5491.541, 1718.679
5493.470, 1691.099
5495.398, 1691.009
5497.327, 1694.365
5499.255, 1674.667
5501.184, 1702.447
5503.112, 1725.200
5505.041, 1722.808
5506.969, 1670.645
5508.897, 1705.777
5510.826, 1743.939
5512.754, 1748.618
5514.683, 1717.840
5516.611, 1717.692
5518.540, 1718.655
5520.468, 1701.679
5522.396, 1700.170
5524.325, 1675.284
5526.253, 1669.047
5528.182, 1730.393
5530.110, 1748.843
5532.039, 1724.602
5533.967, 1696.057
5535.896, 1727.731
5537.824, 1725.271
5539.753, 1713.799
5541.681, 1710.587
5543.610, 1728.375
5545.538, 1736.125
5547.467, 1739.479
5549.395, 1740.168
5551.324, 1715.816
5553.252, 1705.184
5555.181, 1715.989
5557.109, 1747.333
5559.038, 1725.628
5560.966, 1733.197
5562.895, 1740.808
5564.823, 1695.764
5566.751, 1718.517
5568.680, 1740.086
5570.608, 1736.361
5572.537, 1702.245
5574.465, 1727.490
5576.394, 1740.008
5578.322, 1727.870
5580.250, 1737.211
5582.179, 1725.638
5584.107, 1724.700
5586.036, 1739.988
5587.964, 1724.464
5589.893, 1752.711
5591.821, 1764.987
5593.750, 1736.672
5595.678, 1748.537
5597.607, 1729.100
5599.535, 1723.636
5601.464, 1759.809
5603.392, 1752.909
5605.321, 1732.434
5607.249, 1724.338
5609.178, 1742.765
5611.106, 1760.842
5613.035, 1752.235
5614.963, 1739.200
5616.892, 1750.983
5618.820, 1771.349
5620.749, 1753.457
5622.677, 1734.262
5624.605, 1771.818
5626.534, 1759.236
5628.462, 1754.608
5630.391, 1767.762
5632.319, 1787.325
5634.248, 1759.886
5636.176, 1747.619
5638.104, 1760.447
5640.033, 1784.245
5641.961, 1772.792
5643.890, 1764.155
5645.818, 1764.771
5647.747, 1760.324
5649.675, 1761.913
5651.604, 1779.318
5653.532, 1795.480
5655.461, 1772.680
5657.389, 1767.429
5659.318, 1758.582
5661.246, 1750.644
5663.175, 1765.763
5665.103, 1776.319
5667.032, 1792.870
5668.960, 1797.808
5670.889, 1753.147
5672.817, 1785.211
5674.746, 1773.898
5676.674, 1733.792
5678.603, 1779.204
5680.531, 1753.414
5682.459, 1752.713
5684.388, 1770.958
5686.316, 1728.030
5688.245, 1769.093
5690.173, 1787.806
5692.102, 1771.446
5694.030, 1752.852
5695.958, 1760.025
5697.887, 1755.830
5699.815, 1757.728
5701.744, 1795.717
5703.672, 1749.625
5705.601, 1760.173
5707.529, 1797.366
5709.458, 1789.411
5711.386, 1737.077
5713.315, 1718.494
5715.243, 1738.208
5717.172, 1779.636
5719.100, 1766.405
5721.029, 1761.784
5722.957, 1756.090
5724.886, 1735.719
5726.814, 1746.658
5728.743, 1777.163
5730.671, 1794.680
5732.600, 1785.423
5734.528, 1783.492
5736.457, 1764.837
5738.385, 1753.482
5740.313, 1759.503
5742.242, 1768.371
5744.170, 1741.914
5746.099, 1730.576
5748.027, 1754.401
5749.956, 1806.322
5751.884, 1808.367
5753.813, 1772.862
5755.741, 1738.954
5757.669, 1759.696
5759.598, 1733.722
5761.526, 1744.966
5763.455, 1768.095
5765.383, 1747.223
5767.312, 1763.198
5769.240, 1759.729
5771.169, 1753.879
5773.097, 1764.939
5775.026, 1764.657
5776.954, 1755.667
5778.883, 1758.064
5780.811, 1766.408
5782.740, 1724.875
5784.668, 1769.184
5786.597, 1782.838
5788.525, 1748.215
5790.454, 1735.576
5792.382, 1766.689
5794.311, 1757.341
5796.239, 1732.866
5798.167, 1748.001
5800.096, 1750.182
5802.024, 1768.510
5803.953, 1783.131
5805.881, 1775.001
5807.810, 1736.558
5809.738, 1757.009
5811.667, 1764.593
5813.595, 1741.224
5815.523, 1751.822
5817.452, 1768.202
5819.380, 1747.525
5821.309, 1715.103
5823.237, 1724.081
5825.166, 1758.351
5827.094, 1777.770
5829.023, 1763.122
5830.951, 1720.692
5832.880, 1721.544
5834.808, 1743.032
5836.737, 1750.840
5838.665, 1734.253
5840.594, 1704.640
5842.522, 1735.812
5844.451, 1735.611
5846.379, 1730.055
5848.308, 1772.376
5850.236, 1734.263
5852.165, 1718.436
5854.093, 1723.363
5856.021, 1732.234
5857.950, 1734.568
5859.878, 1751.356
5861.807, 1743.454
5863.735, 1725.536
5865.664, 1750.555
5867.592, 1733.336
5869.521, 1744.983
5871.449, 1763.901
5873.377, 1761.547
5875.306, 1746.417
5877.234, 1728.808
5879.163, 1732.071
5881.091, 1753.003
5883.020, 1770.200
5884.948, 1742.731
5886.877, 1732.493
5888.805, 1737.659
5890.734, 1737.874
5892.662, 1703.819
5894.591, 1737.307
5896.519, 1767.208
5898.448, 1762.928
5900.376, 1741.250
5902.305, 1755.898
5904.233, 1765.093
5906.162, 1749.537
5908.090, 1716.944
5910.019, 1726.359
5911.947, 1702.566
5913.875, 1715.017
5915.804, 1752.244
5917.732, 1753.307
5919.661, 1757.100
5921.589, 1755.691
5923.518, 1751.215
5925.446, 1744.569
5927.375, 1725.353
5929.303, 1731.288
5931.231, 1743.874
5933.160, 1741.336
5935.088, 1713.672
5937.017, 1721.833
5938.945, 1726.457
5940.874, 1751.391
5942.802, 1785.080
5944.731, 1763.588
5946.659, 1763.998
5948.588, 1740.995
5950.516, 1726.342
5952.445, 1741.768
5954.373, 1735.401
5956.302, 1735.330
5958.230, 1750.430
5960.159, 1750.700
5962.087, 1702.630
5964.016, 1744.439
5965.944, 1761.905
5967.873, 1743.656
5969.801, 1715.931
5971.729, 1717.701
5973.658, 1728.157
5975.586, 1707.594
5977.515, 1705.155
5979.443, 1739.666
5981.372, 1746.680
5983.300, 1747.082
5985.229, 1728.355
5987.157, 1718.504
5989.085, 1739.695
5991.014, 1747.634
5992.942, 1768.541
5994.871, 1745.698
5996.799, 1722.928
5998.728, 1763.397
6000.656, 1732.187
6002.585, 1733.927
6004.513, 1746.146
6006.442, 1742.138
6008.370, 1716.536
6010.299, 1737.670
6012.227, 1762.648
6014.156, 1765.737
6016.084, 1748.402
6018.013, 1734.234
6019.941, 1757.388
6021.870, 1750.755
6023.798, 1733.916
6025.727, 1732.823
6027.655, 1750.004
6029.583, 1750.560
6031.512, 1735.905
6033.440, 1726.490
6035.369, 1737.128
6037.297, 1767.862
6039.226, 1785.162
6041.154, 1779.658
6043.083, 1765.770
6045.011, 1753.753
6046.939, 1734.740
6048.868, 1730.076
6050.796, 1744.097
6052.725, 1756.823
6054.653, 1759.482
6056.582, 1783.469
6058.510, 1784.612
6060.439, 1769.679
6062.367, 1771.453
6064.296, 1795.634
6066.224, 1772.858
6068.153, 1777.833
6070.081, 1775.139
6072.010, 1745.774
6073.938, 1710.598
6075.867, 1762.328
6077.795, 1736.444
6079.724, 1719.107
6081.652, 1723.391
6083.581, 1735.688
6085.509, 1754.939
6087.438, 1776.471
6089.366, 1756.780
6091.294, 1728.931
6093.223, 1717.541
6095.151, 1701.084
6097.080, 1770.816
6099.008, 1786.881
6100.937, 1758.034
6102.865, 1737.654
6104.793, 1772.011
6106.722, 1741.495
6108.650, 1734.496
6110.579, 1748.254
6112.507, 1760.171
6114.436, 1755.150
6116.364, 1721.760
6118.293, 1744.305
6120.221, 1761.521
6122.150, 1763.328
6124.078, 1776.841
6126.007, 1753.821
6127.935, 1737.053
6129.864, 1765.521
6131.792, 1782.023
6133.721, 1740.941
6135.649, 1736.008
6137.578, 1717.140
6139.506, 1718.251
6141.435, 1739.296
6143.363, 1763.665
6145.292, 1772.395
6147.220, 1762.057
6149.148, 1765.166
6151.077, 1765.030
6153.005, 1762.983
6154.934, 1777.303
6156.862, 1734.062
6158.791, 1730.274
6160.719, 1738.423
6162.647, 1745.167
6164.576, 1752.381
6166.504, 1744.196
6168.433, 1738.049
6170.361, 1762.068
6172.290, 1762.610
6174.218, 1728.250
6176.147, 1740.935
6178.075, 1770.790
6180.004, 1774.692
6181.932, 1779.961
6183.861, 1789.156
6185.789, 1781.576
6187.718, 1764.616
6189.646, 1766.719
6191.575, 1758.097
6193.503, 1751.522
6195.432, 1761.556
6197.360, 1770.635
6199.289, 1763.507
6201.217, 1741.719
6203.146, 1742.188
6205.074, 1758.135
6207.002, 1754.685
6208.931, 1750.017
6210.859, 1727.321
6212.788, 1724.271
6214.716, 1757.456
6216.645, 1797.248
6218.573, 1756.242
6220.501, 1714.875
6222.430, 1743.089
6224.358, 1779.507
6226.287, 1781.402
6228.215, 1751.423
6230.144, 1758.425
6232.072, 1753.987
6234.001, 1753.036
6235.929, 1763.895
6237.858, 1769.997
6239.786, 1743.370
6241.715, 1761.632
6243.643, 1759.972
6245.572, 1754.575
6247.500, 1747.479
6249.429, 1739.409
6251.357, 1745.936
6253.286, 1749.480
6255.214, 1746.888
6257.143, 1724.944
6259.071, 1712.115
6261.000, 1732.028
6262.928, 1743.530
6264.856, 1764.949
6266.785, 1762.283
6268.713, 1766.864
6270.642, 1779.095
6272.570, 1775.393
6274.499, 1772.180
6276.427, 1762.424
6278.355, 1761.543
6280.284, 1765.611
6282.212, 1769.265
6284.141, 1768.438
6286.069, 1733.220
6287.998, 1752.622
6289.926, 1774.241
6291.855, 1745.892
6293.783, 1705.307
6295.712, 1748.132
6297.640, 1767.589
6299.569, 1739.121
6301.497, 1720.535
6303.426, 1732.806
6305.354, 1769.394
6307.283, 1814.497
6309.211, 1792.776
6311.140, 1752.916
6313.068, 1754.046
6314.997, 1747.586
6316.925, 1720.225
6318.854, 1722.981
6320.782, 1767.833
6322.710, 1758.980
6324.639, 1754.381
6326.567, 1759.601
6328.496, 1748.039
6330.424, 1708.428
6332.353, 1708.852
6334.281, 1745.620
6336.209, 1771.076
6338.138, 1768.038
6340.066, 1755.607
6341.995, 1761.549
6343.923, 1781.988
6345.852, 1764.534
6347.780, 1762.357
6349.709, 1761.362
6351.637, 1764.322
6353.566, 1781.041
6355.494, 1783.869
6357.423, 1751.520
6359.351, 1735.792
6361.280, 1755.711
6363.208, 1786.032
6365.137, 1792.463
6367.065, 1755.968
6368.994, 1737.711
6370.922, 1729.129
6372.851, 1749.101
6374.779, 1762.828
6376.708, 1754.200
6378.636, 1749.678
6380.564, 1786.995
6382.493, 1799.164
6384.421, 1784.855
6386.350, 1758.586
6388.278, 1767.590
6390.207, 1810.115
6392.135, 1759.059
6394.063, 1748.447
6395.992, 1765.029
6397.920, 1751.435
6399.849, 1728.663
6401.777, 1736.049
6403.706, 1782.711
6405.634, 1759.612
6407.563, 1736.443
6409.491, 1747.752
6411.420, 1777.379
6413.348, 1786.302
6415.277, 1769.382
6417.205, 1778.253
6419.134, 1728.951
6421.062, 1704.139
6422.991, 1737.109
6424.919, 1741.804
6426.848, 1709.565
6428.776, 1703.548
6430.705, 1700.614
6432.633, 1706.387
6434.562, 1738.040
6436.490, 1738.905
6438.418, 1750.543
6440.347, 1777.542
6442.275, 1746.917
6444.204, 1733.887
6446.132, 1753.763
6448.061, 1735.076
6449.989, 1748.441
6451.917, 1754.889
6453.846, 1714.840
6455.774, 1689.601
6457.703, 1711.223
6459.631, 1738.902
6461.560, 1742.610
6463.488, 1744.371
6465.417, 1734.467
6467.345, 1711.892
6469.274, 1720.005
6471.202, 1728.326
6473.131, 1711.240
6475.059, 1695.421
6476.988, 1710.243
6478.916, 1748.656
6480.845, 1771.965
6482.773, 1732.927
6484.702, 1733.725
6486.630, 1733.196
6488.559, 1705.139
6490.487, 1719.914
6492.416, 1739.712
6494.344, 1711.686
6496.272, 1680.364
6498.201, 1748.031
6500.129, 1735.792
6502.058, 1708.103
6503.986, 1704.991
6505.915, 1705.029
6507.843, 1696.886
6509.771, 1698.519
6511.700, 1694.069
6513.628, 1684.407
6515.557, 1669.680
6517.485, 1710.299
6519.414, 1736.291
6521.342, 1728.898
6523.271, 1719.596
6525.199, 1664.329
6527.128, 1655.037
6529.056, 1742.505
6530.985, 1721.531
6532.913, 1682.728
6534.842, 1686.720
6536.770, 1700.593
6538.699, 1686.378
6540.627, 1687.745
6542.556, 1693.672
6544.484, 1688.589
6546.413, 1706.313
6548.341, 1706.815
6550.270, 1689.026
6552.198, 1683.308
6554.126, 1661.134
6556.055, 1680.603
6557.983, 1702.737
6559.912, 1706.811
6561.840, 1744.245
6563.769, 1738.767
6565.697, 1689.843
6567.625, 1706.252
6569.554, 1678.572
6571.482, 1694.555
6573.411, 1722.929
6575.339, 1671.527
6577.268, 1672.344
6579.196, 1691.252
6581.125, 1678.289
6583.053, 1700.136
##END=



