##NAMES=Cuspidine
##RRUFFID=R060049
##IDEAL CHEMISTRY=Ca_8_(Si_2_O_7_)_2_F_4_
##LOCALITY=Ariccia, Rome, Italy
##OWNER=RRUFF
##SOURCE=University of Arizona Mineral Museum
##DESCRIPTION=White and colorless spear-shaped single crystal
##STATUS=The identification of this mineral is confirmed by single-crystal X-ray diffraction and chemical analysis
##URL=https://www.rruff.net/odr/rruff_sample/R060049
##MEASURED CHEMISTRY=Ca_4.00_Si_2.00_O_7_F_2.00_
##DIFFRACTION SAMPLE DESCRIPTION=Single crystal, powder profile is calculated
##CELL PARAMETERS=a: 10.923 b: 10.543 c: 7.543 alpha: 90 beta: 109.69 gamma: 90 volume: 817.9 crystal system: monoclinic
##FILETYPE=Raman RAW
##RAMAN WAVELENGTH=532

86.16630, 628.1703
88.09476, 622.4141
90.02323, 608.7086
91.95170, 611.9106
93.88017, 617.9568
95.80863, 645.1417
97.73710, 736.7320
99.66557, 837.8458
101.5940, 1043.288
103.5225, 1394.495
105.4510, 1878.779
107.3794, 2494.684
109.3079, 3262.774
111.2364, 4155.487
113.1648, 5066.196
115.0933, 6026.241
117.0218, 6948.189
118.9502, 7425.736
120.8787, 7634.583
122.8072, 7831.123
124.7356, 8034.713
126.6641, 8239.952
128.5926, 8418.457
130.5210, 8573.699
132.4495, 8714.220
134.3780, 8842.356
136.3064, 8972.180
138.2349, 9075.464
140.1634, 9138.424
142.0918, 9164.481
144.0203, 9186.822
145.9488, 9207.324
147.8772, 9224.046
149.8057, 9231.908
151.7342, 9225.565
153.6626, 9228.090
155.5911, 9244.018
157.5196, 9271.438
159.4480, 9296.577
161.3765, 9320.579
163.3050, 9348.380
165.2334, 9382.686
167.1619, 9427.271
169.0904, 9469.836
171.0188, 9505.654
172.9473, 9534.423
174.8758, 9564.868
176.8042, 9593.525
178.7327, 9626.800
180.6612, 9674.712
182.5896, 9743.405
184.5181, 9812.434
186.4466, 9874.567
188.3750, 9931.062
190.3035, 9987.373
192.2320, 10044.91
194.1604, 10102.32
196.0889, 10157.82
198.0174, 10214.69
199.9458, 10269.72
201.8743, 10322.88
203.8028, 10372.62
205.7312, 10417.94
207.6597, 10452.39
209.5882, 10486.75
211.5166, 10533.92
213.4451, 10601.57
215.3736, 10670.74
217.3020, 10732.26
219.2305, 10781.22
221.1590, 10837.79
223.0874, 10908.14
225.0159, 10982.45
226.9444, 11051.76
228.8728, 11111.15
230.8013, 11168.47
232.7298, 11225.86
234.6582, 11284.67
236.5867, 11341.97
238.5152, 11395.88
240.4436, 11451.09
242.3721, 11510.05
244.3006, 11557.00
246.2290, 11620.34
248.1575, 11721.57
250.0860, 11853.52
252.0145, 11969.11
253.9429, 12049.84
255.8714, 12116.76
257.7999, 12189.81
259.7283, 12272.28
261.6568, 12353.03
263.5853, 12431.24
265.5137, 12505.07
267.4422, 12569.67
269.3707, 12625.04
271.2991, 12674.44
273.2276, 12715.04
275.1561, 12742.43
277.0845, 12775.57
279.0130, 12817.81
280.9415, 12870.55
282.8699, 12934.21
284.7984, 13014.95
286.7269, 13096.30
288.6553, 13172.21
290.5838, 13247.73
292.5123, 13312.35
294.4407, 13357.19
296.3692, 13389.69
298.2977, 13436.64
300.2261, 13509.08
302.1546, 13578.32
304.0831, 13629.95
306.0115, 13662.55
307.9400, 13704.75
309.8685, 13769.37
311.7969, 13837.71
313.7254, 13886.50
315.6539, 13899.58
317.5823, 13921.53
319.5108, 13966.37
321.4393, 14035.90
323.3677, 14108.60
325.2962, 14176.21
327.2247, 14252.25
329.1531, 14345.86
331.0816, 14470.93
333.0101, 14582.65
334.9385, 14671.21
336.8670, 14743.01
338.7955, 14812.34
340.7239, 14870.55
342.6524, 14935.51
344.5809, 15021.34
346.5093, 15153.88
348.4378, 15262.03
350.3663, 15328.77
352.2947, 15370.58
354.2232, 15422.04
356.1517, 15494.82
358.0801, 15558.87
360.0086, 15602.32
361.9371, 15621.47
363.8655, 15642.32
365.7940, 15656.58
367.7225, 15679.25
369.6509, 15720.92
371.5794, 15791.91
373.5079, 15859.83
375.4363, 15918.05
377.3648, 15964.94
379.2933, 16000.52
381.2217, 16013.30
383.1502, 16023.65
385.0787, 16042.51
387.0071, 16075.51
388.9356, 16106.09
390.8641, 16127.09
392.7925, 16151.56
394.7210, 16199.02
396.6495, 16285.19
398.5779, 16366.01
400.5064, 16424.28
402.4349, 16460.53
404.3633, 16500.51
406.2918, 16535.09
408.2203, 16575.23
410.1487, 16635.32
412.0772, 16724.15
414.0057, 16793.33
415.9341, 16828.18
417.8626, 16845.93
419.7911, 16873.38
421.7195, 16911.98
423.6480, 16954.53
425.5765, 17001.96
427.5049, 17059.06
429.4334, 17130.53
431.3619, 17220.51
433.2903, 17302.96
435.2188, 17374.19
437.1473, 17440.08
439.0757, 17496.38
441.0042, 17529.36
442.9327, 17541.89
444.8611, 17560.36
446.7896, 17600.72
448.7181, 17641.67
450.6465, 17667.80
452.5750, 17686.83
454.5035, 17722.19
456.4319, 17797.72
458.3604, 17877.05
460.2889, 17945.61
462.2173, 17998.55
464.1458, 18054.81
466.0743, 18108.17
468.0027, 18168.60
469.9312, 18237.99
471.8597, 18320.29
473.7881, 18399.33
475.7166, 18471.02
477.6451, 18534.06
479.5735, 18611.99
481.5020, 18724.69
483.4305, 18840.76
485.3589, 18935.59
487.2874, 19001.10
489.2159, 19077.07
491.1443, 19163.81
493.0728, 19256.10
495.0013, 19355.81
496.9297, 19467.35
498.8582, 19558.32
500.7867, 19620.24
502.7151, 19665.16
504.6436, 19699.05
506.5721, 19695.21
508.5005, 19681.02
510.4290, 19710.72
512.3575, 19793.06
514.2859, 19871.45
516.2144, 19916.61
518.1429, 19929.61
520.0714, 19937.73
521.9998, 19944.49
523.9283, 19981.56
525.8568, 20045.55
527.7852, 20127.31
529.7137, 20233.35
531.6422, 20386.56
533.5706, 20548.90
535.4991, 20684.79
537.4276, 20797.25
539.3560, 20917.90
541.2845, 21066.00
543.2130, 21200.68
545.1414, 21289.74
547.0699, 21319.97
548.9984, 21317.85
550.9268, 21307.92
552.8553, 21314.36
554.7838, 21320.68
556.7122, 21315.41
558.6407, 21316.84
560.5692, 21363.18
562.4976, 21442.27
564.4261, 21516.12
566.3546, 21564.34
568.2830, 21583.50
570.2115, 21589.73
572.1400, 21614.99
574.0684, 21679.14
575.9969, 21788.33
577.9254, 21855.00
579.8538, 21875.16
581.7823, 21864.75
583.7108, 21910.28
585.6392, 22038.97
587.5677, 22170.19
589.4962, 22241.87
591.4246, 22243.89
593.3531, 22226.04
595.2816, 22258.97
597.2100, 22334.41
599.1385, 22431.51
601.0670, 22539.18
602.9954, 22649.22
604.9239, 22750.81
606.8524, 22836.66
608.7808, 22909.11
610.7093, 22978.27
612.6378, 23046.55
614.5662, 23111.56
616.4947, 23172.30
618.4232, 23228.25
620.3516, 23273.00
622.2801, 23330.69
624.2086, 23419.71
626.1370, 23537.43
628.0655, 23660.01
629.9940, 23748.71
631.9224, 23812.07
633.8509, 23865.53
635.7794, 23929.91
637.7078, 24024.83
639.6363, 24163.71
641.5648, 24336.03
643.4932, 24541.02
645.4217, 24793.91
647.3502, 25066.44
649.2786, 25299.70
651.2071, 25466.36
653.1356, 25547.24
655.0640, 25537.17
656.9925, 25443.94
658.9210, 25313.39
660.8494, 25191.68
662.7779, 25098.79
664.7064, 25043.49
666.6348, 25009.58
668.5633, 24977.68
670.4918, 24944.36
672.4202, 24922.11
674.3487, 24922.65
676.2772, 24910.25
678.2056, 24880.15
680.1341, 24869.19
682.0626, 24940.00
683.9910, 25071.02
685.9195, 25190.60
687.8480, 25276.61
689.7764, 25341.62
691.7049, 25405.63
693.6334, 25468.32
695.5618, 25518.56
697.4903, 25555.60
699.4188, 25596.64
701.3472, 25658.26
703.2757, 25728.33
705.2042, 25792.07
707.1326, 25845.78
709.0611, 25902.49
710.9896, 25972.46
712.9180, 26054.63
714.8465, 26125.64
716.7750, 26170.96
718.7034, 26198.89
720.6319, 26241.95
722.5604, 26300.90
724.4888, 26367.16
726.4173, 26445.05
728.3458, 26528.30
730.2742, 26584.68
732.2027, 26619.28
734.1312, 26665.12
736.0596, 26743.25
737.9881, 26815.10
739.9166, 26857.66
741.8450, 26878.25
743.7735, 26925.89
745.7020, 27019.98
747.6304, 27124.19
749.5589, 27206.48
751.4874, 27272.03
753.4158, 27332.82
755.3443, 27395.56
757.2728, 27445.47
759.2012, 27487.97
761.1297, 27521.14
763.0582, 27568.01
764.9866, 27636.14
766.9151, 27736.25
768.8436, 27832.38
770.7720, 27922.37
772.7005, 28023.18
774.6290, 28151.34
776.5574, 28252.87
778.4859, 28332.36
780.4144, 28401.00
782.3428, 28477.41
784.2713, 28543.60
786.1998, 28556.01
788.1282, 28571.32
790.0567, 28600.20
791.9852, 28635.27
793.9136, 28657.71
795.8421, 28702.04
797.7706, 28777.82
799.6990, 28912.40
801.6275, 29033.63
803.5560, 29119.12
805.4844, 29146.37
807.4129, 29186.70
809.3414, 29255.45
811.2698, 29327.13
813.1983, 29368.95
815.1268, 29391.01
817.0552, 29440.94
818.9837, 29541.28
820.9122, 29653.57
822.8406, 29771.04
824.7691, 29879.66
826.6976, 29957.63
828.6260, 29988.80
830.5545, 30028.92
832.4830, 30098.90
834.4114, 30188.25
836.3399, 30290.48
838.2684, 30422.40
840.1968, 30547.65
842.1253, 30639.98
844.0538, 30698.38
845.9822, 30771.77
847.9107, 30876.96
849.8392, 30971.71
851.7676, 31033.35
853.6961, 31076.74
855.6246, 31143.99
857.5530, 31267.90
859.4815, 31358.27
861.4100, 31359.13
863.3384, 31305.47
865.2669, 31304.23
867.1954, 31405.45
869.1238, 31496.69
871.0523, 31540.41
872.9808, 31557.72
874.9092, 31608.93
876.8377, 31709.40
878.7662, 31806.35
880.6946, 31873.97
882.6231, 31932.89
884.5516, 32013.75
886.4800, 32117.95
888.4085, 32250.87
890.3370, 32398.10
892.2654, 32577.22
894.1939, 32805.30
896.1224, 33039.71
898.0508, 33411.29
899.9793, 34038.35
901.9078, 34776.29
903.8362, 35516.80
905.7647, 36378.36
907.6932, 36922.07
909.6216, 37056.12
911.5501, 36903.27
913.4786, 36541.51
915.4070, 35872.79
917.3355, 35297.21
919.2640, 34869.83
921.1924, 34538.73
923.1209, 34267.38
925.0494, 34059.06
926.9778, 33925.56
928.9063, 33890.69
930.8348, 33904.06
932.7632, 33955.97
934.6917, 34045.14
936.6202, 34106.32
938.5486, 34123.92
940.4771, 34140.55
942.4056, 34163.94
944.3340, 34181.68
946.2625, 34196.82
948.1910, 34210.21
950.1195, 34231.65
952.0480, 34270.34
953.9764, 34311.18
955.9049, 34385.66
957.8334, 34427.32
959.7618, 34485.19
961.6903, 34568.04
963.6188, 34685.56
965.5472, 34826.26
967.4757, 34992.10
969.4042, 35137.93
971.3326, 35235.71
973.2611, 35316.80
975.1896, 35410.19
977.1180, 35533.47
979.0465, 35624.56
980.9750, 35662.25
982.9034, 35658.73
984.8319, 35647.27
986.7604, 35643.32
988.6888, 35692.71
990.6173, 35838.25
992.5458, 35983.53
994.4742, 36040.04
996.4027, 36012.52
998.3312, 35989.54
1000.260, 35985.73
1002.188, 35995.28
1004.117, 36024.64
1006.045, 36083.42
1007.974, 36140.64
1009.902, 36185.00
1011.830, 36216.08
1013.759, 36234.98
1015.687, 36276.28
1017.616, 36333.50
1019.544, 36406.24
1021.473, 36471.55
1023.401, 36506.21
1025.330, 36540.22
1027.258, 36642.39
1029.187, 36832.78
1031.115, 36975.27
1033.044, 37006.91
1034.972, 37001.48
1036.901, 37054.07
1038.829, 37155.52
1040.757, 37233.87
1042.686, 37279.79
1044.614, 37306.87
1046.543, 37307.94
1048.471, 37263.39
1050.400, 37254.06
1052.328, 37337.67
1054.257, 37461.79
1056.185, 37577.32
1058.114, 37623.65
1060.042, 37626.63
1061.971, 37630.44
1063.899, 37663.20
1065.828, 37716.01
1067.756, 37759.63
1069.684, 37830.22
1071.613, 37935.07
1073.541, 38037.36
1075.470, 38115.08
1077.398, 38171.88
1079.327, 38234.39
1081.255, 38333.68
1083.184, 38421.52
1085.112, 38456.27
1087.041, 38464.11
1088.969, 38506.69
1090.898, 38593.52
1092.826, 38652.40
1094.755, 38681.18
1096.683, 38711.35
1098.611, 38761.75
1100.540, 38808.54
1102.468, 38872.94
1104.397, 38975.73
1106.325, 39079.12
1108.254, 39159.24
1110.182, 39230.36
1112.111, 39323.35
1114.039, 39397.80
1115.968, 39444.68
1117.896, 39501.56
1119.825, 39581.84
1121.753, 39645.92
1123.682, 39646.48
1125.610, 39653.65
1127.538, 39710.54
1129.467, 39781.76
1131.395, 39820.69
1133.324, 39812.75
1135.252, 39826.54
1137.181, 39861.68
1139.109, 39907.17
1141.038, 39950.63
1142.966, 39987.16
1144.895, 40027.63
1146.823, 40087.89
1148.752, 40142.67
1150.680, 40196.38
1152.609, 40255.98
1154.537, 40314.46
1156.465, 40340.83
1158.394, 40417.20
1160.322, 40577.82
1162.251, 40714.48
1164.179, 40749.52
1166.108, 40673.03
1168.036, 40676.75
1169.965, 40777.27
1171.893, 40870.08
1173.822, 40913.79
1175.750, 40921.95
1177.679, 40945.80
1179.607, 41015.50
1181.536, 41081.25
1183.464, 41090.07
1185.392, 41075.08
1187.321, 41080.17
1189.249, 41108.41
1191.178, 41169.52
1193.106, 41287.92
1195.035, 41424.43
1196.963, 41555.53
1198.892, 41671.72
1200.820, 41759.13
1202.749, 41822.59
1204.677, 41887.20
1206.606, 41940.39
1208.534, 41990.81
1210.463, 42037.21
1212.391, 42070.26
1214.319, 42098.51
1216.248, 42141.97
1218.176, 42190.45
1220.105, 42239.81
1222.033, 42296.11
1223.962, 42366.65
1225.890, 42428.35
1227.819, 42498.76
1229.747, 42573.53
1231.676, 42646.10
1233.604, 42718.93
1235.533, 42812.42
1237.461, 42865.34
1239.390, 42938.95
1241.318, 43012.07
1243.246, 43059.66
1245.175, 43142.50
1247.103, 43180.86
1249.032, 43293.24
1250.960, 43389.26
1252.889, 43470.27
1254.817, 43520.92
1256.746, 43547.07
1258.674, 43552.50
1260.603, 43553.96
1262.531, 43534.98
1264.460, 43533.36
1266.388, 43602.66
1268.317, 43743.81
1270.245, 43854.88
1272.173, 43904.83
1274.102, 43938.62
1276.030, 43975.62
1277.959, 44037.75
1279.887, 44104.68
1281.816, 44156.89
1283.744, 44213.06
1285.673, 44255.39
1287.601, 44310.22
1289.530, 44353.57
1291.458, 44391.18
1293.387, 44438.65
1295.315, 44489.58
1297.244, 44555.69
1299.172, 44600.65
1301.100, 44660.52
1303.029, 44721.47
1304.957, 44774.55
1306.886, 44821.46
1308.814, 44855.21
1310.743, 44896.75
1312.671, 44961.99
1314.600, 45029.67
1316.528, 45075.59
1318.457, 45094.20
1320.385, 45129.54
1322.314, 45193.93
1324.242, 45250.38
1326.171, 45317.97
1328.099, 45381.04
1330.027, 45382.82
1331.956, 45264.14
1333.884, 45197.64
1335.813, 45233.89
1337.741, 45293.83
1339.670, 45322.59
1341.598, 45321.18
1343.527, 45356.48
1345.455, 45447.00
1347.384, 45529.78
1349.312, 45560.35
1351.241, 45585.17
1353.169, 45658.85
1355.098, 45765.23
1357.026, 45806.44
1358.954, 45728.53
1360.883, 45676.07
1362.811, 45731.91
1364.740, 45827.29
1366.668, 45881.52
1368.597, 45889.26
1370.525, 45923.39
1372.454, 46035.98
1374.382, 46125.23
1376.311, 46129.69
1378.239, 46090.63
1380.168, 46097.66
1382.096, 46168.30
1384.025, 46240.09
1385.953, 46333.30
1387.881, 46400.20
1389.810, 46400.67
1391.738, 46358.59
1393.667, 46353.09
1395.595, 46401.48
1397.524, 46452.36
1399.452, 46493.60
1401.381, 46544.05
1403.309, 46609.09
1405.238, 46685.33
1407.166, 46778.20
1409.095, 46900.51
1411.023, 46981.04
1412.952, 46969.72
1414.880, 46941.11
1416.808, 46958.52
1418.737, 47011.84
1420.665, 47034.41
1422.594, 46985.24
1424.522, 47006.59
1426.451, 47226.71
1428.379, 47456.17
1430.308, 47534.41
1432.236, 47468.51
1434.165, 47442.92
1436.093, 47494.72
1438.022, 47529.83
1439.950, 47533.88
1441.879, 47537.81
1443.807, 47555.93
1445.735, 47578.70
1447.664, 47607.79
1449.592, 47647.86
1451.521, 47691.71
1453.449, 47728.11
1455.378, 47763.92
1457.306, 47803.80
1459.235, 47836.34
1461.163, 47871.08
1463.092, 47943.58
1465.020, 47990.60
1466.949, 47976.55
1468.877, 47949.05
1470.806, 47952.59
1472.734, 47984.98
1474.662, 48038.18
1476.591, 48127.25
1478.519, 48193.80
1480.448, 48212.60
1482.376, 48201.45
1484.305, 48167.32
1486.233, 48124.41
1488.162, 48128.67
1490.090, 48223.49
1492.019, 48286.80
1493.947, 48236.49
1495.876, 48170.79
1497.804, 48173.01
1499.733, 48241.77
1501.661, 48302.55
1503.589, 48329.05
1505.518, 48360.52
1507.446, 48436.01
1509.375, 48497.90
1511.303, 48504.11
1513.232, 48468.54
1515.160, 48430.69
1517.089, 48379.15
1519.017, 48361.55
1520.946, 48413.00
1522.874, 48485.19
1524.803, 48552.82
1526.731, 48613.30
1528.660, 48667.98
1530.588, 48701.81
1532.516, 48736.43
1534.445, 48794.30
1536.373, 48848.34
1538.302, 48874.07
1540.230, 48876.84
1542.159, 48886.29
1544.087, 48899.76
1546.016, 48921.13
1547.944, 48980.55
1549.873, 49027.00
1551.801, 49039.32
1553.730, 49022.23
1555.658, 48981.84
1557.587, 48914.29
1559.515, 48930.57
1561.443, 49143.18
1563.372, 49289.87
1565.300, 49224.45
1567.229, 49121.30
1569.157, 49166.21
1571.086, 49342.97
1573.014, 49451.94
1574.943, 49452.34
1576.871, 49472.35
1578.800, 49562.76
1580.728, 49642.10
1582.657, 49668.88
1584.585, 49654.03
1586.514, 49608.26
1588.442, 49521.64
1590.370, 49485.76
1592.299, 49562.35
1594.227, 49627.55
1596.156, 49586.35
1598.084, 49506.60
1600.013, 49515.29
1601.941, 49609.65
1603.870, 49634.50
1605.798, 49540.67
1607.727, 49460.78
1609.655, 49454.80
1611.584, 49472.46
1613.512, 49464.02
1615.441, 49450.55
1617.369, 49506.64
1619.297, 49660.73
1621.226, 49782.17
1623.154, 49819.82
1625.083, 49824.43
1627.011, 49789.96
1628.940, 49742.78
1630.868, 49742.27
1632.797, 49792.04
1634.725, 49837.37
1636.654, 49879.48
1638.582, 49921.34
1640.511, 49966.72
1642.439, 50007.96
1644.368, 50034.19
1646.296, 50050.93
1648.224, 50076.42
1650.153, 50108.16
1652.081, 50143.70
1654.010, 50213.80
1655.938, 50255.92
1657.867, 50222.76
1659.795, 50156.17
1661.724, 50114.69
1663.652, 50100.12
1665.581, 50098.72
1667.509, 50099.99
1669.438, 50128.79
1671.366, 50229.92
1673.295, 50322.46
1675.223, 50324.70
1677.151, 50268.92
1679.080, 50240.55
1681.008, 50241.39
1682.937, 50262.48
1684.865, 50303.91
1686.794, 50357.93
1688.722, 50465.30
1690.651, 50555.00
1692.579, 50530.16
1694.508, 50415.85
1696.436, 50340.68
1698.365, 50324.68
1700.293, 50319.63
1702.222, 50299.98
1704.150, 50310.36
1706.078, 50402.73
1708.007, 50524.08
1709.935, 50577.81
1711.864, 50564.00
1713.792, 50592.60
1715.721, 50693.21
1717.649, 50768.21
1719.578, 50769.33
1721.506, 50747.51
1723.435, 50735.19
1725.363, 50725.62
1727.292, 50707.48
1729.220, 50684.86
1731.149, 50651.68
1733.077, 50594.29
1735.005, 50566.70
1736.934, 50640.49
1738.862, 50705.84
1740.791, 50643.41
1742.719, 50503.80
1744.648, 50447.11
1746.576, 50482.64
1748.505, 50503.66
1750.433, 50482.51
1752.362, 50465.86
1754.290, 50518.15
1756.219, 50537.23
1758.147, 50402.29
1760.076, 50166.33
1762.004, 50014.07
1763.932, 49960.95
1765.861, 49937.75
1767.789, 49987.80
1769.718, 50001.89
1771.646, 49890.01
1773.575, 49776.81
1775.503, 49785.42
1777.432, 49878.80
1779.360, 49934.95
1781.289, 49962.43
1783.217, 49923.77
1785.146, 49742.72
1787.074, 49611.69
1789.003, 49627.21
1790.931, 49671.52
1792.859, 49645.46
1794.788, 49579.54
1796.716, 49558.09
1798.645, 49587.03
1800.573, 49636.63
1802.502, 49728.77
1804.430, 49794.16
1806.359, 49786.27
1808.287, 49764.79
1810.216, 49767.62
1812.144, 49781.21
1814.073, 49785.02
1816.001, 49783.97
1817.930, 49766.82
1819.858, 49746.86
1821.786, 49714.34
1823.715, 49661.67
1825.643, 49626.66
1827.572, 49608.91
1829.500, 49630.13
1831.429, 49747.02
1833.357, 49937.36
1835.286, 50015.68
1837.214, 49918.28
1839.143, 49876.40
1841.071, 49996.46
1843.000, 50071.76
1844.928, 49965.40
1846.857, 49815.73
1848.785, 49769.88
1850.714, 49799.74
1852.642, 49784.54
1854.570, 49715.34
1856.499, 49702.98
1858.427, 49801.28
1860.356, 49864.22
1862.284, 49792.80
1864.213, 49708.79
1866.141, 49726.45
1868.070, 49783.46
1869.998, 49737.41
1871.927, 49585.75
1873.855, 49525.97
1875.784, 49624.69
1877.712, 49684.41
1879.641, 49663.27
1881.569, 49616.08
1883.497, 49522.29
1885.426, 49445.85
1887.354, 49479.40
1889.283, 49597.20
1891.211, 49667.85
1893.140, 49677.60
1895.068, 49677.73
1896.997, 49665.10
1898.925, 49645.93
1900.854, 49626.64
1902.782, 49595.89
1904.711, 49524.55
1906.639, 49451.55
1908.568, 49450.92
1910.496, 49516.28
1912.424, 49549.84
1914.353, 49545.23
1916.281, 49529.74
1918.210, 49485.59
1920.138, 49466.38
1922.067, 49494.98
1923.995, 49544.02
1925.924, 49644.21
1927.852, 49721.16
1929.781, 49600.31
1931.709, 49306.55
1933.638, 49157.40
1935.566, 49225.00
1937.495, 49260.39
1939.423, 49185.75
1941.351, 49125.60
1943.280, 49189.74
1945.208, 49227.14
1947.137, 49045.95
1949.065, 48763.03
1950.994, 48665.82
1952.922, 48774.49
1954.851, 48833.89
1956.779, 48802.85
1958.708, 48790.96
1960.636, 48793.38
1962.565, 48812.39
1964.493, 48858.20
1966.422, 48897.88
1968.350, 48911.00
1970.278, 48897.22
1972.207, 48854.43
1974.135, 48788.72
1976.064, 48731.24
1977.992, 48695.54
1979.921, 48648.55
1981.849, 48580.86
1983.778, 48516.88
1985.706, 48421.58
1987.635, 48376.40
1989.563, 48487.34
1991.492, 48654.52
1993.420, 48703.57
1995.349, 48647.59
1997.277, 48646.39
1999.205, 48730.98
2001.134, 48754.68
2003.062, 48651.13
2004.991, 48570.42
2006.919, 48579.83
2008.848, 48575.76
2010.776, 48478.70
2012.705, 48352.68
2014.633, 48272.97
2016.562, 48232.45
2018.490, 48208.50
2020.419, 48208.41
2022.347, 48162.48
2024.276, 48047.49
2026.204, 47965.18
2028.132, 47972.78
2030.061, 47959.05
2031.989, 47854.75
2033.918, 47728.45
2035.846, 47616.57
2037.775, 47524.32
2039.703, 47464.67
2041.632, 47435.27
2043.560, 47418.73
2045.489, 47417.70
2047.417, 47420.90
2049.346, 47427.42
2051.274, 47437.64
2053.203, 47467.00
2055.131, 47474.74
2057.060, 47421.26
2058.988, 47350.40
2060.917, 47311.18
2062.845, 47288.20
2064.773, 47248.38
2066.702, 47193.87
2068.630, 47100.07
2070.559, 46954.29
2072.487, 46870.38
2074.416, 46878.30
2076.344, 46921.12
2078.273, 47013.44
2080.201, 47088.20
2082.130, 47090.61
2084.058, 47067.15
2085.987, 47053.27
2087.915, 47049.98
2089.844, 47078.30
2091.772, 47136.36
2093.700, 47120.64
2095.629, 46987.70
2097.557, 46875.80
2099.486, 46819.33
2101.414, 46736.56
2103.343, 46571.24
2105.271, 46447.65
2107.200, 46485.78
2109.128, 46535.76
2111.057, 46445.79
2112.985, 46299.95
2114.914, 46233.69
2116.842, 46235.76
2118.771, 46266.19
2120.699, 46323.45
2122.627, 46327.69
2124.556, 46211.90
2126.484, 46141.72
2128.413, 46195.21
2130.341, 46217.54
2132.270, 46146.88
2134.198, 46052.37
2136.127, 45948.30
2138.055, 45881.97
2139.984, 45966.64
2141.912, 45886.14
2143.841, 45873.51
2145.769, 45905.24
2147.698, 45837.00
2149.626, 45941.93
2151.554, 46010.43
2153.483, 46003.86
2155.411, 45966.49
2157.340, 45865.89
2159.268, 45793.61
2161.197, 45808.10
2163.125, 45842.51
2165.054, 45853.69
2166.982, 45845.46
2168.911, 45817.44
2170.839, 45775.25
2172.768, 45753.97
2174.696, 45754.77
2176.625, 45681.67
2178.553, 45512.27
2180.481, 45404.91
2182.410, 45402.93
2184.338, 45403.75
2186.267, 45391.50
2188.195, 45354.43
2190.124, 45277.62
2192.052, 45188.22
2193.981, 45089.09
2195.909, 45007.58
2197.838, 44997.98
2199.766, 45035.19
2201.695, 45031.79
2203.623, 44987.70
2205.552, 44957.55
2207.480, 44936.22
2209.408, 44925.82
2211.337, 44920.71
2213.265, 44914.91
2215.194, 44905.89
2217.122, 44889.73
2219.051, 44887.93
2220.979, 44859.21
2222.908, 44774.38
2224.836, 44673.23
2226.765, 44552.59
2228.693, 44470.02
2230.622, 44554.11
2232.550, 44574.38
2234.479, 44671.36
2236.407, 44848.21
2238.335, 44964.63
2240.264, 45227.52
2242.192, 45454.13
2244.121, 45624.62
2246.049, 45724.57
2247.978, 45743.25
2249.906, 45691.67
2251.835, 45563.65
2253.763, 45380.93
2255.692, 45117.80
2257.620, 44854.49
2259.549, 44672.48
2261.477, 44532.62
2263.406, 44355.78
2265.334, 44175.44
2267.262, 44110.60
2269.191, 44136.17
2271.119, 44087.09
2273.048, 43945.27
2274.976, 43836.78
2276.905, 43776.13
2278.833, 43734.99
2280.762, 43730.01
2282.690, 43715.39
2284.619, 43657.11
2286.547, 43624.79
2288.476, 43696.32
2290.404, 43731.94
2292.333, 43604.55
2294.261, 43450.21
2296.189, 43393.18
2298.118, 43392.50
2300.046, 43412.86
2301.975, 43435.22
2303.903, 43373.29
2305.832, 43356.60
2307.760, 43314.23
2309.689, 43226.11
2311.617, 43209.27
2313.546, 43090.87
2315.474, 43027.36
2317.403, 43053.57
2319.331, 43087.24
2321.260, 43108.04
2323.188, 43137.46
2325.116, 43198.93
2327.045, 43247.93
2328.973, 43254.64
2330.902, 43243.08
2332.830, 43240.11
2334.759, 43221.25
2336.687, 43131.49
2338.616, 43022.33
2340.544, 42997.07
2342.473, 43038.85
2344.401, 43104.33
2346.330, 43185.28
2348.258, 43213.80
2350.187, 43178.18
2352.115, 43170.74
2354.043, 43224.91
2355.972, 43237.29
2357.900, 43158.77
2359.829, 43133.77
2361.757, 43212.58
2363.686, 43273.79
2365.614, 43285.35
2367.543, 43265.53
2369.471, 43182.18
2371.400, 43123.82
2373.328, 43164.13
2375.257, 43239.64
2377.185, 43286.91
2379.114, 43345.80
2381.042, 43509.61
2382.970, 43539.62
2384.899, 43596.21
2386.827, 43672.78
2388.756, 43666.82
2390.684, 43716.32
2392.613, 43782.52
2394.541, 43864.02
2396.470, 43912.00
2398.398, 43934.20
2400.327, 43895.36
2402.255, 43883.46
2404.184, 43865.57
2406.112, 43761.14
2408.041, 43793.28
2409.969, 43679.84
2411.897, 43591.05
2413.826, 43599.13
2415.754, 43620.39
2417.683, 43659.87
2419.611, 43633.85
2421.540, 43414.10
2423.468, 43186.07
2425.397, 43152.18
2427.325, 43161.64
2429.254, 43037.78
2431.182, 42853.74
2433.111, 42694.09
2435.039, 42578.92
2436.968, 42569.13
2438.896, 42634.61
2440.824, 42641.43
2442.753, 42587.03
2444.681, 42537.17
2446.610, 42493.01
2448.538, 42395.40
2450.467, 42240.11
2452.395, 42073.11
2454.324, 41895.00
2456.252, 41745.97
2458.181, 41632.00
2460.109, 41550.00
2462.038, 41543.01
2463.966, 41491.79
2465.895, 41341.85
2467.823, 41195.25
2469.751, 41065.50
2471.680, 40956.64
2473.608, 40877.17
2475.537, 40804.98
2477.465, 40752.41
2479.394, 40674.45
2481.322, 40533.70
2483.251, 40366.62
2485.179, 40164.52
2487.108, 40003.05
2489.036, 40016.55
2490.965, 40094.54
2492.893, 40070.94
2494.822, 39981.84
2496.750, 39865.59
2498.678, 39747.94
2500.607, 39749.42
2502.535, 39662.44
2504.464, 39615.32
2506.392, 39600.94
2508.321, 39514.17
2510.249, 39516.78
2512.178, 39451.91
2514.106, 39408.88
2516.035, 39404.98
2517.963, 39328.37
2519.892, 39363.56
2521.820, 39345.86
2523.749, 39281.29
2525.677, 39150.91
2527.605, 39048.02
2529.534, 38987.77
2531.462, 38952.94
2533.391, 38971.17
2535.319, 38944.06
2537.248, 38799.68
2539.176, 38684.25
2541.105, 38664.60
2543.033, 38647.08
2544.962, 38599.54
2546.890, 38561.26
2548.819, 38577.16
2550.747, 38564.94
2552.676, 38424.89
2554.604, 38299.03
2556.532, 38300.16
2558.461, 38324.00
2560.389, 38305.55
2562.318, 38257.23
2564.246, 38178.05
2566.175, 38094.52
2568.103, 38036.97
2570.032, 37990.18
2571.960, 37947.76
2573.889, 37889.38
2575.817, 37733.45
2577.746, 37567.50
2579.674, 37605.28
2581.603, 37740.61
2583.531, 37739.68
2585.459, 37655.44
2587.388, 37613.57
2589.316, 37607.14
2591.245, 37618.16
2593.173, 37636.92
2595.102, 37617.89
2597.030, 37563.11
2598.959, 37493.69
2600.887, 37414.64
2602.816, 37354.15
2604.744, 37316.25
2606.673, 37291.62
2608.601, 37284.12
2610.530, 37275.64
2612.458, 37265.14
2614.386, 37237.12
2616.315, 37188.60
2618.243, 37151.95
2620.172, 37129.01
2622.100, 37129.95
2624.029, 37183.61
2625.957, 37175.34
2627.886, 37087.06
2629.814, 37022.82
2631.743, 36990.71
2633.671, 36979.16
2635.600, 37000.31
2637.528, 36988.49
2639.457, 36991.27
2641.385, 37003.35
2643.313, 36965.23
2645.242, 37015.31
2647.170, 36954.36
2649.099, 36939.18
2651.027, 37037.80
2652.956, 37081.52
2654.884, 36981.00
2656.813, 36913.29
2658.741, 36926.42
2660.670, 36913.88
2662.598, 36840.59
2664.527, 36782.46
2666.455, 36770.79
2668.384, 36749.81
2670.312, 36695.86
2672.240, 36645.59
2674.169, 36596.50
2676.097, 36590.46
2678.026, 36690.19
2679.954, 36722.29
2681.883, 36584.69
2683.811, 36454.64
2685.740, 36344.19
2687.668, 36314.63
2689.597, 36475.32
2691.525, 36549.71
2693.454, 36433.39
2695.382, 36278.99
2697.311, 36101.82
2699.239, 35976.89
2701.167, 35991.10
2703.096, 35977.29
2705.024, 35850.22
2706.953, 35744.00
2708.881, 35712.58
2710.810, 35681.42
2712.738, 35636.27
2714.667, 35554.52
2716.595, 35374.30
2718.524, 35235.66
2720.452, 35206.22
2722.381, 35185.72
2724.309, 35150.21
2726.238, 35104.17
2728.166, 35054.48
2730.094, 34993.21
2732.023, 34901.28
2733.951, 34829.45
2735.880, 34821.89
2737.808, 34770.20
2739.737, 34592.68
2741.665, 34446.99
2743.594, 34405.31
2745.522, 34383.07
2747.451, 34376.14
2749.379, 34350.56
2751.308, 34292.39
2753.236, 34234.91
2755.165, 34198.80
2757.093, 34144.91
2759.021, 34036.80
2760.950, 33946.14
2762.878, 33889.00
2764.807, 33855.98
2766.735, 33883.15
2768.664, 33830.47
2770.592, 33572.79
2772.521, 33400.99
2774.449, 33432.66
2776.378, 33465.16
2778.306, 33490.48
2780.235, 33454.31
2782.163, 33310.39
2784.092, 33217.46
2786.020, 33255.97
2787.948, 33257.25
2789.877, 33180.09
2791.805, 33144.03
2793.734, 33175.11
2795.662, 33175.64
2797.591, 33126.47
2799.519, 33061.50
2801.448, 32966.25
2803.376, 32917.07
2805.305, 32928.24
2807.233, 32917.49
2809.162, 32874.67
2811.090, 32847.01
2813.019, 32845.15
2814.947, 32814.84
2816.875, 32743.61
2818.804, 32703.91
2820.732, 32694.86
2822.661, 32687.02
2824.589, 32678.69
2826.518, 32675.44
2828.446, 32680.57
2830.375, 32660.77
2832.303, 32622.50
2834.232, 32599.99
2836.160, 32594.46
2838.089, 32614.93
2840.017, 32647.29
2841.946, 32608.29
2843.874, 32525.58
2845.802, 32559.68
2847.731, 32635.23
2849.659, 32507.31
2851.588, 32548.01
2853.516, 32344.92
2855.445, 32497.79
2857.373, 32555.15
2859.302, 32537.23
2861.230, 32431.03
2863.159, 32311.50
2865.087, 32271.60
2867.016, 32270.30
2868.944, 32285.29
2870.873, 32288.15
2872.801, 32237.08
2874.729, 32181.53
2876.658, 32169.81
2878.586, 32150.23
2880.515, 32075.19
2882.443, 32001.71
2884.372, 31978.94
2886.300, 31936.70
2888.229, 31840.12
2890.157, 31728.09
2892.086, 31548.45
2894.014, 31483.02
2895.943, 31639.96
2897.871, 31723.47
2899.800, 31628.86
2901.728, 31531.83
2903.656, 31450.88
2905.585, 31414.65
2907.513, 31436.27
2909.442, 31444.49
2911.370, 31428.86
2913.299, 31421.55
2915.227, 31425.02
2917.156, 31434.65
2919.084, 31450.44
2921.013, 31473.33
2922.941, 31509.13
2924.870, 31597.33
2926.798, 31737.19
2928.727, 31919.49
2930.655, 32033.23
2932.583, 32249.51
2934.512, 32331.96
2936.440, 32495.21
2938.369, 32671.88
2940.297, 32766.19
2942.226, 32776.11
2944.154, 32675.61
2946.083, 32523.69
2948.011, 32349.07
2949.940, 32202.02
2951.868, 32182.20
2953.797, 32129.82
2955.725, 31874.61
2957.654, 31660.62
2959.582, 31613.27
2961.510, 31596.71
2963.439, 31593.84
2965.367, 31535.36
2967.296, 31368.08
2969.224, 31269.52
2971.153, 31295.40
2973.081, 31316.90
2975.010, 31311.85
2976.938, 31306.29
2978.867, 31303.54
2980.795, 31268.09
2982.724, 31197.99
2984.652, 31109.95
2986.581, 31006.02
2988.509, 30905.53
2990.438, 30803.35
2992.366, 30684.55
2994.294, 30539.34
2996.223, 30326.48
2998.151, 30093.96
3000.080, 29918.43
3002.008, 29781.64
3003.937, 29701.06
3005.865, 29595.39
3007.794, 29341.86
3009.722, 29110.00
3011.651, 29044.03
3013.579, 28974.31
3015.508, 28819.30
3017.436, 28685.90
3019.365, 28632.36
3021.293, 28580.62
3023.221, 28524.65
3025.150, 28441.74
3027.078, 28312.53
3029.007, 28266.68
3030.935, 28347.62
3032.864, 28302.55
3034.792, 28136.94
3036.721, 27970.09
3038.649, 27816.37
3040.578, 27710.03
3042.506, 27653.59
3044.435, 27686.82
3046.363, 27740.55
3048.292, 27693.79
3050.220, 27601.18
3052.148, 27489.74
3054.077, 27398.65
3056.005, 27372.44
3057.934, 27362.60
3059.862, 27375.04
3061.791, 27346.30
3063.719, 27205.94
3065.648, 27108.99
3067.576, 27090.16
3069.505, 27065.86
3071.433, 27019.13
3073.362, 27001.78
3075.290, 26950.26
3077.219, 26973.93
3079.147, 26845.57
3081.075, 26739.26
3083.004, 26666.51
3084.932, 26703.21
3086.861, 26590.46
3088.789, 26643.99
3090.718, 26485.29
3092.646, 26485.08
3094.575, 26495.99
3096.503, 26362.90
3098.432, 26249.07
3100.360, 26232.73
3102.289, 26235.89
3104.217, 26232.59
3106.146, 26227.88
3108.074, 26228.44
3110.002, 26202.95
3111.931, 26150.50
3113.859, 26073.02
3115.788, 25973.48
3117.716, 25892.75
3119.645, 25832.43
3121.573, 25794.84
3123.502, 25777.57
3125.430, 25797.88
3127.359, 25808.57
3129.287, 25714.51
3131.216, 25618.10
3133.144, 25605.02
3135.073, 25603.83
3137.001, 25584.14
3138.929, 25559.88
3140.858, 25545.37
3142.786, 25495.74
3144.715, 25388.46
3146.643, 25300.08
3148.572, 25237.34
3150.500, 25164.77
3152.429, 25087.61
3154.357, 25054.97
3156.286, 25044.13
3158.214, 24965.43
3160.143, 24968.55
3162.071, 24897.97
3164.000, 24930.48
3165.928, 24887.54
3167.856, 24839.89
3169.785, 24831.92
3171.713, 24818.63
3173.642, 24795.98
3175.570, 24742.52
3177.499, 24718.93
3179.427, 24692.92
3181.356, 24639.36
3183.284, 24639.36
3185.213, 24596.11
3187.141, 24545.91
3189.070, 24497.62
3190.998, 24490.16
3192.927, 24484.77
3194.855, 24443.80
3196.783, 24372.24
3198.712, 24239.38
3200.640, 24144.02
3202.569, 24144.85
3204.497, 24159.13
3206.426, 24184.87
3208.354, 24179.04
3210.283, 24137.57
3212.211, 24064.25
3214.140, 23966.99
3216.068, 23986.29
3217.997, 24068.19
3219.925, 24060.83
3221.854, 24001.19
3223.782, 23914.52
3225.710, 23830.96
3227.639, 23771.18
3229.567, 23737.45
3231.496, 23772.76
3233.424, 23751.14
3235.353, 23621.01
3237.281, 23523.96
3239.210, 23467.01
3241.138, 23448.09
3243.067, 23459.04
3244.995, 23492.00
3246.924, 23511.99
3248.852, 23401.68
3250.781, 23282.35
3252.709, 23336.88
3254.637, 23363.13
3256.566, 23202.33
3258.494, 23091.03
3260.423, 23143.10
3262.351, 23216.70
3264.280, 23314.35
3266.208, 23266.86
3268.137, 23080.83
3270.065, 23039.35
3271.994, 23088.03
3273.922, 23043.94
3275.851, 22963.74
3277.779, 22928.74
3279.708, 22888.82
3281.636, 22789.47
3283.564, 22712.22
3285.493, 22669.79
3287.421, 22707.47
3289.350, 22897.43
3291.278, 22930.20
3293.207, 22813.64
3295.135, 22767.63
3297.064, 22766.15
3298.992, 22731.35
3300.921, 22667.53
3302.849, 22566.51
3304.778, 22472.87
3306.706, 22426.77
3308.635, 22392.09
3310.563, 22361.35
3312.491, 22336.13
3314.420, 22317.04
3316.348, 22300.38
3318.277, 22281.89
3320.205, 22220.54
3322.134, 22146.29
3324.062, 22128.84
3325.991, 22146.32
3327.919, 22227.48
3329.848, 22250.55
3331.776, 22087.13
3333.705, 21977.64
3335.633, 21979.63
3337.562, 22013.21
3339.490, 22069.67
3341.418, 22019.94
3343.347, 21895.67
3345.275, 21877.19
3347.204, 21900.33
3349.132, 21886.96
3351.061, 21851.62
3352.989, 21803.09
3354.918, 21735.92
3356.846, 21749.99
3358.775, 21592.73
3360.703, 21741.12
3362.632, 21773.73
3364.560, 21706.25
3366.489, 21695.51
3368.417, 21695.92
3370.345, 21554.56
3372.274, 21452.40
3374.202, 21611.74
3376.131, 21721.44
3378.059, 21635.29
3379.988, 21523.15
3381.916, 21398.99
3383.845, 21357.14
3385.773, 21270.80
3387.702, 21307.90
3389.630, 21200.90
3391.559, 21240.13
3393.487, 21299.43
3395.416, 21268.73
3397.344, 21201.67
3399.272, 21081.04
3401.201, 21033.36
3403.129, 20969.86
3405.058, 20921.06
3406.986, 20897.46
3408.915, 20857.70
3410.843, 20835.76
3412.772, 20835.50
3414.700, 20799.49
3416.629, 20808.12
3418.557, 20797.28
3420.486, 20742.78
3422.414, 20703.21
3424.343, 20688.06
3426.271, 20651.49
3428.199, 20598.22
3430.128, 20566.42
3432.056, 20531.77
3433.985, 20446.87
3435.913, 20378.36
3437.842, 20379.51
3439.770, 20367.51
3441.699, 20316.07
3443.627, 20257.91
3445.556, 20200.34
3447.484, 20264.03
3449.413, 20218.92
3451.341, 20308.99
3453.270, 20215.23
3455.198, 20198.27
3457.126, 20180.33
3459.055, 20132.02
3460.983, 20073.34
3462.912, 20006.41
3464.840, 19997.97
3466.769, 20032.93
3468.697, 20056.47
3470.626, 20073.75
3472.554, 20116.29
3474.483, 20110.69
3476.411, 19974.34
3478.340, 19890.22
3480.268, 19900.07
3482.197, 19902.55
3484.125, 19890.23
3486.053, 19793.17
3487.982, 19693.98
3489.910, 19755.36
3491.839, 19813.53
3493.767, 19760.78
3495.696, 19687.94
3497.624, 19593.10
3499.553, 19574.02
3501.481, 19619.68
3503.410, 19624.82
3505.338, 19593.08
3507.267, 19511.74
3509.195, 19428.08
3511.124, 19365.56
3513.052, 19333.39
3514.980, 19348.04
3516.909, 19339.85
3518.837, 19305.41
3520.766, 19258.86
3522.694, 19205.59
3524.623, 19146.71
3526.551, 19103.20
3528.480, 19113.43
3530.408, 19098.49
3532.337, 19037.74
3534.265, 18983.73
3536.194, 18940.86
3538.122, 18871.56
3540.051, 18805.83
3541.979, 18818.59
3543.907, 18829.53
3545.836, 18772.79
3547.764, 18708.50
3549.693, 18646.99
3551.621, 18600.30
3553.550, 18568.02
3555.478, 18521.27
3557.407, 18481.73
3559.335, 18509.54
3561.264, 18507.71
3563.192, 18407.69
3565.121, 18325.26
3567.049, 18293.77
3568.978, 18281.89
3570.906, 18282.77
3572.834, 18264.20
3574.763, 18233.44
3576.691, 18220.33
3578.620, 18146.70
3580.548, 18161.04
3582.477, 18143.49
3584.405, 18087.60
3586.334, 18020.63
3588.262, 17960.21
3590.191, 17957.92
3592.119, 17968.48
3594.048, 17951.46
3595.976, 17946.59
3597.905, 17988.80
3599.833, 17927.45
3601.761, 17779.50
3603.690, 17752.93
3605.618, 17783.31
3607.547, 17765.89
3609.475, 17748.04
3611.404, 17776.90
3613.332, 17750.79
3615.261, 17753.18
3617.189, 17660.36
3619.118, 17717.27
3621.046, 17648.79
3622.975, 17573.15
3624.903, 17619.72
3626.832, 17641.54
3628.760, 17600.59
3630.688, 17537.36
3632.617, 17464.72
3634.545, 17476.54
3636.474, 17405.85
3638.402, 17413.21
3640.331, 17338.12
3642.259, 17339.40
3644.188, 17345.42
3646.116, 17347.45
3648.045, 17263.71
3649.973, 17148.55
3651.902, 17133.27
3653.830, 17148.57
3655.759, 17156.49
3657.687, 17158.50
3659.615, 17157.19
3661.544, 17102.20
3663.472, 17089.25
3665.401, 17064.70
3667.329, 17020.63
3669.258, 17010.37
3671.186, 16982.77
3673.115, 16937.44
3675.043, 16911.68
3676.972, 16901.20
3678.900, 16801.66
3680.829, 16705.22
3682.757, 16761.34
3684.686, 16784.42
3686.614, 16695.82
3688.542, 16627.44
3690.471, 16593.05
3692.399, 16587.06
3694.328, 16599.92
3696.256, 16648.43
3698.185, 16643.46
3700.113, 16525.60
3702.042, 16463.00
3703.970, 16478.37
3705.899, 16482.22
3707.827, 16470.98
3709.756, 16452.67
3711.684, 16392.30
3713.613, 16373.94
3715.541, 16331.40
3717.469, 16253.14
3719.398, 16259.06
3721.326, 16279.91
3723.255, 16161.04
3725.183, 16060.16
3727.112, 16068.67
3729.040, 16081.13
3730.969, 16080.21
3732.897, 16109.36
3734.826, 16142.03
3736.754, 16125.03
3738.683, 16092.15
3740.611, 16054.27
3742.540, 16029.94
3744.468, 15984.24
3746.396, 15973.51
3748.325, 15907.87
3750.253, 15869.56
3752.182, 15853.84
3754.110, 15863.86
3756.039, 15866.84
3757.967, 15857.07
3759.896, 15798.03
3761.824, 15727.50
3763.753, 15714.18
3765.681, 15693.31
3767.610, 15630.95
3769.538, 15608.32
3771.467, 15629.43
3773.395, 15629.30
3775.323, 15610.11
3777.252, 15571.14
3779.180, 15517.12
3781.109, 15504.89
3783.037, 15424.49
3784.966, 15456.19
3786.894, 15443.23
3788.823, 15405.26
3790.751, 15342.16
3792.680, 15305.24
3794.608, 15308.28
3796.537, 15307.33
3798.465, 15302.46
3800.394, 15328.80
3802.322, 15326.83
3804.250, 15328.58
3806.179, 15315.62
3808.107, 15285.83
3810.036, 15259.60
3811.964, 15150.69
3813.893, 15091.39
3815.821, 15063.77
3817.750, 15008.87
3819.678, 15049.84
3821.607, 14972.44
3823.535, 14976.37
3825.464, 14994.38
3827.392, 14922.00
3829.321, 14876.96
3831.249, 14905.44
3833.177, 14908.88
3835.106, 14891.69
3837.034, 14904.46
3838.963, 14904.93
3840.891, 14846.82
3842.820, 14790.90
3844.748, 14745.53
3846.677, 14755.57
3848.605, 14782.63
3850.534, 14769.92
3852.462, 14737.64
3854.391, 14694.90
3856.319, 14652.33
3858.248, 14615.70
3860.176, 14595.87
3862.104, 14597.34
3864.033, 14638.25
3865.961, 14661.24
3867.890, 14646.53
3869.818, 14652.32
3871.747, 14659.48
3873.675, 14639.55
3875.604, 14631.80
3877.532, 14670.19
3879.461, 14633.24
3881.389, 14646.43
3883.318, 14565.91
3885.246, 14635.61
3887.175, 14588.67
3889.103, 14566.98
3891.031, 14585.54
3892.960, 14559.30
3894.888, 14521.96
3896.817, 14480.94
3898.745, 14464.81
3900.674, 14492.66
3902.602, 14510.35
3904.531, 14518.16
3906.459, 14515.09
3908.388, 14502.51
3910.316, 14505.70
3912.245, 14523.55
3914.173, 14538.11
3916.102, 14510.17
3918.030, 14518.64
3919.958, 14473.15
3921.887, 14491.66
3923.815, 14482.59
3925.744, 14450.41
3927.672, 14414.42
3929.601, 14392.05
3931.529, 14354.57
3933.458, 14352.84
3935.386, 14331.90
3937.315, 14361.84
3939.243, 14346.99
3941.172, 14370.23
3943.100, 14418.00
3945.029, 14398.09
3946.957, 14410.28
3948.885, 14361.00
3950.814, 14392.20
3952.742, 14352.22
3954.671, 14341.21
3956.599, 14385.11
3958.528, 14419.78
3960.456, 14417.94
3962.385, 14318.67
3964.313, 14193.69
3966.242, 14193.81
3968.170, 14258.43
3970.099, 14281.99
3972.027, 14255.54
3973.956, 14259.49
3975.884, 14273.78
3977.813, 14268.77
3979.741, 14285.25
3981.669, 14251.66
3983.598, 14205.32
3985.526, 14243.39
3987.455, 14265.72
3989.383, 14230.12
3991.312, 14159.86
3993.240, 14113.79
3995.169, 14149.55
3997.097, 14159.96
3999.026, 14164.28
4000.954, 14165.63
4002.883, 14166.25
4004.811, 14174.61
4006.740, 14178.15
4008.668, 14190.80
4010.596, 14170.50
4012.525, 14176.67
4014.453, 14128.46
4016.382, 14075.75
4018.310, 14078.41
4020.239, 14075.04
4022.167, 14065.57
4024.096, 14057.85
4026.024, 14048.87
4027.953, 14040.19
4029.881, 14013.90
4031.810, 13989.30
4033.738, 14019.14
4035.667, 14051.67
4037.595, 14050.09
4039.523, 14009.72
4041.452, 13947.75
4043.380, 13927.61
4045.309, 13930.59
4047.237, 13948.79
4049.166, 13955.56
4051.094, 13947.29
4053.023, 13981.61
4054.951, 14022.22
4056.880, 14022.17
4058.808, 13999.72
4060.737, 13954.68
4062.665, 13933.15
4064.594, 13935.12
4066.522, 13904.22
4068.450, 13895.27
4070.379, 13879.24
4072.307, 13850.98
4074.236, 13850.53
4076.164, 13797.51
4078.093, 13780.55
4080.021, 13850.18
4081.950, 13865.99
4083.878, 13842.51
4085.807, 13822.50
4087.735, 13803.35
4089.664, 13791.14
4091.592, 13786.06
4093.521, 13780.09
4095.449, 13785.91
4097.377, 13784.72
4099.306, 13738.64
4101.234, 13723.82
4103.163, 13756.58
4105.091, 13772.41
4107.020, 13786.93
4108.948, 13803.37
4110.877, 13735.97
4112.805, 13759.66
4114.734, 13678.88
4116.662, 13736.91
4118.591, 13706.90
4120.519, 13669.45
4122.448, 13648.33
4124.376, 13657.89
4126.305, 13667.17
4128.233, 13661.35
4130.162, 13644.92
4132.090, 13613.02
4134.019, 13577.42
4135.947, 13574.84
4137.875, 13592.82
4139.804, 13578.25
4141.732, 13579.49
4143.661, 13609.90
4145.589, 13613.28
4147.518, 13552.67
4149.446, 13502.82
4151.375, 13516.53
4153.303, 13542.15
4155.231, 13556.82
4157.160, 13518.16
4159.088, 13480.06
4161.017, 13483.63
4162.945, 13508.78
4164.874, 13516.88
4166.802, 13515.18
4168.731, 13513.60
4170.659, 13504.24
4172.588, 13487.16
4174.516, 13470.39
4176.445, 13437.25
4178.373, 13404.17
4180.302, 13365.08
4182.230, 13383.72
4184.159, 13453.93
4186.087, 13430.60
4188.016, 13406.62
4189.944, 13446.21
4191.873, 13430.45
4193.801, 13352.83
4195.729, 13321.43
4197.658, 13319.02
4199.586, 13272.47
4201.515, 13369.31
4203.443, 13257.27
4205.372, 13291.94
4207.300, 13352.19
4209.229, 13248.35
4211.157, 13230.97
4213.085, 13330.14
4215.014, 13352.12
4216.942, 13336.16
4218.871, 13318.75
4220.799, 13310.36
4222.728, 13310.73
4224.656, 13328.96
4226.585, 13323.78
4228.513, 13294.12
4230.442, 13198.22
4232.370, 13215.09
4234.299, 13165.33
4236.227, 13120.17
4238.156, 13142.39
4240.084, 13149.18
4242.013, 13144.42
4243.941, 13155.14
4245.870, 13170.80
4247.798, 13174.13
4249.727, 13193.11
4251.655, 13209.67
4253.583, 13157.22
4255.512, 13130.41
4257.440, 13199.04
4259.369, 13128.63
4261.297, 13153.77
4263.226, 13103.03
4265.154, 13151.63
4267.083, 13091.83
4269.011, 13081.14
4270.939, 13085.81
4272.868, 13045.22
4274.796, 13038.83
4276.725, 13078.89
4278.653, 13081.84
4280.582, 13065.81
4282.510, 13050.48
4284.439, 13015.59
4286.367, 12968.82
4288.296, 12989.62
4290.224, 12988.38
4292.153, 12872.13
4294.081, 12793.73
4296.010, 12753.14
4297.938, 12732.32
4299.867, 12718.65
4301.795, 12712.77
4303.724, 12682.93
4305.652, 12644.72
4307.581, 12631.03
4309.509, 12609.41
4311.438, 12563.36
4313.366, 12604.49
4315.294, 12659.72
4317.223, 12647.43
4319.151, 12624.29
4321.080, 12596.48
4323.008, 12487.59
4324.937, 12412.71
4326.865, 12457.56
4328.793, 12521.38
4330.722, 12573.07
4332.650, 12535.01
4334.579, 12488.27
4336.507, 12465.39
4338.436, 12390.88
4340.364, 12369.40
4342.293, 12307.97
4344.221, 12308.32
4346.150, 12297.17
4348.078, 12276.60
4350.007, 12256.34
4351.935, 12237.58
4353.864, 12267.63
4355.792, 12219.33
4357.721, 12232.71
4359.649, 12157.56
4361.578, 12150.63
4363.506, 12133.01
4365.435, 12119.08
4367.363, 12102.07
4369.292, 12152.90
4371.220, 12059.67
4373.148, 11986.02
4375.077, 11951.34
4377.005, 11996.94
4378.934, 12007.23
4380.862, 11985.59
4382.791, 11969.81
4384.719, 11969.73
4386.647, 12003.17
4388.576, 11946.54
4390.504, 11868.26
4392.433, 11862.58
4394.361, 11881.45
4396.290, 11909.06
4398.218, 11853.54
4400.147, 11808.19
4402.075, 11832.85
4404.004, 11829.10
4405.932, 11819.65
4407.861, 11898.19
4409.789, 11926.28
4411.718, 11875.15
4413.646, 11838.79
4415.575, 11789.64
4417.503, 11740.64
4419.432, 11633.95
4421.360, 11650.86
4423.289, 11612.96
4425.217, 11592.75
4427.146, 11627.70
4429.074, 11641.19
4431.002, 11637.03
4432.931, 11618.16
4434.859, 11582.62
4436.788, 11533.59
4438.716, 11467.11
4440.645, 11452.79
4442.573, 11422.87
4444.501, 11397.70
4446.430, 11407.99
4448.358, 11382.82
4450.287, 11392.94
4452.215, 11419.68
4454.144, 11388.13
4456.072, 11357.88
4458.001, 11361.12
4459.929, 11380.18
4461.858, 11393.69
4463.786, 11355.61
4465.715, 11350.99
4467.643, 11387.68
4469.572, 11413.39
4471.500, 11402.59
4473.429, 11331.16
4475.357, 11318.89
4477.286, 11336.23
4479.214, 11328.22
4481.143, 11358.88
4483.071, 11422.29
4485.000, 11434.49
4486.928, 11459.56
4488.856, 11537.71
4490.785, 11556.11
4492.713, 11543.39
4494.642, 11529.74
4496.570, 11541.88
4498.499, 11582.21
4500.427, 11598.18
4502.355, 11619.90
4504.284, 11667.36
4506.212, 11667.98
4508.141, 11695.79
4510.069, 11738.88
4511.998, 11693.69
4513.926, 11707.79
4515.855, 11641.18
4517.783, 11660.40
4519.712, 11613.67
4521.640, 11559.41
4523.569, 11513.97
4525.497, 11498.33
4527.426, 11452.04
4529.354, 11392.50
4531.283, 11383.65
4533.211, 11302.00
4535.140, 11150.31
4537.068, 11097.43
4538.997, 11092.46
4540.925, 11112.82
4542.854, 11069.85
4544.782, 11005.64
4546.710, 10964.23
4548.639, 10996.36
4550.567, 10956.95
4552.496, 11020.62
4554.424, 10968.70
4556.353, 10948.14
4558.281, 10996.42
4560.209, 11039.21
4562.138, 11017.38
4564.066, 11039.54
4565.995, 11060.59
4567.923, 11050.46
4569.852, 11084.85
4571.780, 11115.71
4573.709, 11147.37
4575.637, 11210.81
4577.566, 11275.77
4579.494, 11348.43
4581.423, 11353.19
4583.351, 11344.24
4585.280, 11318.06
4587.208, 11259.47
4589.137, 11214.21
4591.065, 11169.20
4592.994, 11143.52
4594.922, 11098.29
4596.851, 11065.94
4598.779, 11058.52
4600.708, 11041.47
4602.636, 11049.63
4604.564, 11124.42
4606.493, 11165.31
4608.421, 11171.07
4610.350, 11131.19
4612.278, 11129.79
4614.207, 11183.93
4616.135, 11350.29
4618.063, 11459.32
4619.992, 11465.16
4621.920, 11536.16
4623.849, 11641.51
4625.777, 11763.04
4627.706, 11861.89
4629.634, 11926.42
4631.563, 11941.46
4633.491, 11916.56
4635.420, 11852.43
4637.348, 11733.34
4639.277, 11622.67
4641.205, 11525.22
4643.134, 11337.52
4645.062, 11193.68
4646.991, 11197.01
4648.919, 10988.21
4650.848, 10780.75
4652.776, 10773.81
4654.705, 10744.39
4656.633, 10697.74
4658.562, 10666.06
4660.490, 10680.20
4662.418, 10695.31
4664.347, 10517.90
4666.275, 10404.61
4668.204, 10417.14
4670.132, 10390.74
4672.061, 10359.76
4673.989, 10338.63
4675.917, 10242.75
4677.846, 10135.30
4679.774, 10061.17
4681.703, 10060.19
4683.631, 10083.81
4685.560, 10070.79
4687.488, 10024.40
4689.417, 9947.856
4691.345, 9917.867
4693.274, 9865.348
4695.202, 9813.287
4697.131, 9776.023
4699.059, 9715.840
4700.988, 9659.530
4702.916, 9635.826
4704.845, 9602.180
4706.773, 9600.390
4708.702, 9574.957
4710.630, 9589.634
4712.559, 9595.033
4714.487, 9587.318
4716.416, 9588.645
4718.344, 9542.315
4720.272, 9598.124
4722.201, 9457.316
4724.129, 9397.428
4726.058, 9395.986
4727.986, 9435.427
4729.915, 9475.779
4731.843, 9485.449
4733.771, 9458.821
4735.700, 9407.078
4737.628, 9384.476
4739.557, 9342.205
4741.485, 9363.828
4743.414, 9281.842
4745.342, 9227.692
4747.271, 9232.507
4749.199, 9260.758
4751.128, 9294.731
4753.056, 9240.455
4754.985, 9164.832
4756.913, 9181.592
4758.842, 9156.899
4760.770, 9102.261
4762.699, 9050.584
4764.627, 9059.920
4766.556, 9115.402
4768.484, 9160.636
4770.413, 9156.928
4772.341, 9105.588
4774.270, 9057.652
4776.198, 9029.613
4778.126, 9026.965
4780.055, 9006.200
4781.983, 8986.597
4783.912, 8999.041
4785.840, 8962.050
4787.769, 8956.667
4789.697, 8978.655
4791.625, 9018.991
4793.554, 9004.446
4795.482, 8992.812
4797.411, 8885.851
4799.339, 8953.901
4801.268, 8911.795
4803.196, 8946.968
4805.125, 8988.703
4807.053, 8925.412
4808.982, 8848.697
4810.910, 8795.055
4812.839, 8740.454
4814.767, 8691.792
4816.696, 8671.091
4818.624, 8644.912
4820.553, 8667.937
4822.481, 8723.753
4824.410, 8707.989
4826.338, 8706.131
4828.267, 8720.295
4830.195, 8671.941
4832.124, 8666.011
4834.052, 8683.114
4835.980, 8628.045
4837.909, 8614.604
4839.837, 8657.435
4841.766, 8708.952
4843.694, 8701.777
4845.623, 8632.180
4847.551, 8608.352
4849.479, 8556.688
4851.408, 8470.397
4853.336, 8550.850
4855.265, 8592.656
4857.193, 8537.352
4859.122, 8565.338
4861.050, 8597.057
4862.979, 8597.351
4864.907, 8547.576
4866.836, 8499.886
4868.764, 8476.283
4870.693, 8435.289
4872.621, 8405.369
4874.550, 8383.873
4876.478, 8358.334
4878.407, 8353.711
4880.335, 8356.269
4882.264, 8352.473
4884.192, 8357.708
4886.121, 8387.025
4888.049, 8360.669
4889.978, 8308.758
4891.906, 8249.377
4893.834, 8280.253
4895.763, 8323.459
4897.691, 8332.453
4899.620, 8311.493
4901.548, 8261.613
4903.477, 8184.212
4905.405, 8167.637
4907.333, 8202.605
4909.262, 8281.660
4911.190, 8320.241
4913.119, 8282.701
4915.047, 8140.495
4916.976, 8123.565
4918.904, 8129.218
4920.833, 8105.224
4922.761, 8153.604
4924.690, 8146.340
4926.618, 8000.021
4928.547, 7993.771
4930.475, 8028.824
4932.404, 8059.560
4934.332, 8096.477
4936.261, 8104.992
4938.189, 8069.568
4940.118, 8033.537
4942.046, 7995.663
4943.975, 7959.778
4945.903, 8007.151
4947.832, 8019.801
4949.760, 7969.794
4951.688, 8012.332
4953.617, 8020.057
4955.545, 7962.980
4957.474, 7987.862
4959.402, 7974.528
4961.331, 7908.005
4963.259, 7861.601
4965.188, 7859.966
4967.116, 7891.666
4969.044, 7884.212
4970.973, 7865.037
4972.901, 7842.427
4974.830, 7817.582
4976.758, 7802.703
4978.687, 7792.740
4980.615, 7765.204
4982.544, 7747.366
4984.472, 7741.651
4986.401, 7750.709
4988.329, 7722.160
4990.258, 7693.339
4992.186, 7765.717
4994.115, 7722.386
4996.043, 7663.396
4997.972, 7766.368
4999.900, 7697.771
5001.829, 7603.181
5003.757, 7656.755
5005.686, 7668.487
5007.614, 7650.348
5009.542, 7618.817
5011.471, 7593.720
5013.399, 7588.112
5015.328, 7606.604
5017.256, 7558.125
5019.185, 7537.424
5021.113, 7582.587
5023.042, 7548.633
5024.970, 7540.901
5026.898, 7585.137
5028.827, 7566.766
5030.755, 7541.315
5032.684, 7520.431
5034.612, 7501.595
5036.541, 7471.042
5038.469, 7468.083
5040.398, 7448.057
5042.326, 7439.359
5044.255, 7434.204
5046.183, 7410.661
5048.112, 7401.548
5050.040, 7396.872
5051.969, 7376.003
5053.897, 7382.766
5055.826, 7378.194
5057.754, 7327.318
5059.683, 7364.422
5061.611, 7374.342
5063.540, 7300.280
5065.468, 7303.580
5067.396, 7301.702
5069.325, 7267.983
5071.253, 7298.289
5073.182, 7315.619
5075.110, 7294.853
5077.039, 7200.017
5078.967, 7159.453
5080.896, 7174.317
5082.824, 7134.976
5084.752, 7194.794
5086.681, 7145.195
5088.609, 7195.509
5090.538, 7229.295
5092.466, 7217.040
5094.395, 7142.761
5096.323, 7140.728
5098.252, 7171.005
5100.180, 7207.153
5102.109, 7148.084
5104.037, 7080.610
5105.966, 7043.249
5107.894, 7086.971
5109.823, 7119.607
5111.751, 7126.368
5113.680, 7121.006
5115.608, 7065.610
5117.537, 7020.675
5119.465, 7074.570
5121.394, 7108.230
5123.322, 7101.513
5125.250, 7048.984
5127.179, 7046.365
5129.107, 7052.401
5131.036, 7044.919
5132.964, 7014.218
5134.893, 6989.210
5136.821, 6974.683
5138.750, 6962.217
5140.678, 6935.292
5142.606, 6913.516
5144.535, 6939.647
5146.463, 6962.339
5148.392, 6945.213
5150.320, 6959.784
5152.249, 6957.251
5154.177, 6953.261
5156.106, 6951.804
5158.034, 6944.643
5159.963, 6939.371
5161.891, 6932.227
5163.820, 6901.116
5165.748, 6872.965
5167.677, 6854.341
5169.605, 6846.244
5171.534, 6825.380
5173.462, 6898.967
5175.391, 6804.971
5177.319, 6831.736
5179.248, 6841.534
5181.176, 6787.433
5183.104, 6854.387
5185.033, 6846.229
5186.961, 6768.966
5188.890, 6732.356
5190.818, 6768.261
5192.747, 6809.544
5194.675, 6775.336
5196.604, 6743.330
5198.532, 6743.688
5200.460, 6787.004
5202.389, 6774.763
5204.317, 6772.491
5206.246, 6782.860
5208.174, 6744.324
5210.103, 6760.578
5212.031, 6808.819
5213.960, 6863.096
5215.888, 6814.991
5217.817, 6751.848
5219.745, 6728.484
5221.674, 6755.204
5223.602, 6781.443
5225.531, 6787.604
5227.459, 6759.166
5229.388, 6713.921
5231.316, 6692.713
5233.245, 6762.847
5235.173, 6778.323
5237.102, 6791.033
5239.030, 6826.887
5240.958, 6788.456
5242.887, 6767.320
5244.815, 6775.826
5246.744, 6776.381
5248.672, 6765.269
5250.601, 6758.068
5252.529, 6780.065
5254.458, 6736.977
5256.386, 6702.146
5258.314, 6707.788
5260.243, 6714.005
5262.171, 6701.594
5264.100, 6791.962
5266.028, 6702.501
5267.957, 6702.819
5269.885, 6709.554
5271.814, 6641.349
5273.742, 6592.645
5275.671, 6579.261
5277.599, 6595.389
5279.528, 6606.024
5281.456, 6618.206
5283.385, 6637.192
5285.313, 6681.700
5287.242, 6635.196
5289.170, 6579.176
5291.099, 6557.708
5293.027, 6579.956
5294.956, 6574.137
5296.884, 6558.163
5298.813, 6600.017
5300.741, 6593.796
5302.669, 6543.881
5304.598, 6460.425
5306.526, 6469.377
5308.455, 6475.336
5310.383, 6461.958
5312.312, 6478.525
5314.240, 6399.632
5316.168, 6333.685
5318.097, 6383.961
5320.025, 6404.435
5321.954, 6394.012
5323.882, 6363.863
5325.811, 6343.634
5327.739, 6320.771
5329.668, 6300.294
5331.596, 6289.973
5333.525, 6269.551
5335.453, 6260.947
5337.382, 6264.790
5339.310, 6242.735
5341.239, 6246.963
5343.167, 6255.426
5345.096, 6229.521
5347.024, 6231.307
5348.953, 6198.800
5350.881, 6136.024
5352.810, 6205.689
5354.738, 6167.632
5356.667, 6083.456
5358.595, 6069.538
5360.523, 6142.663
5362.452, 6138.630
5364.380, 6041.182
5366.309, 6143.636
5368.237, 6125.284
5370.166, 6061.375
5372.094, 6092.466
5374.022, 6068.503
5375.951, 6018.440
5377.879, 5974.252
5379.808, 5992.756
5381.736, 6041.568
5383.665, 6053.006
5385.593, 6067.151
5387.522, 6045.760
5389.450, 6065.252
5391.379, 5981.067
5393.307, 5942.593
5395.236, 5992.247
5397.164, 6032.043
5399.093, 5997.177
5401.021, 6042.292
5402.950, 6067.574
5404.878, 6056.596
5406.807, 6030.739
5408.735, 6003.195
5410.664, 6011.061
5412.592, 5989.853
5414.521, 6048.027
5416.449, 5995.834
5418.377, 5962.163
5420.306, 6009.446
5422.234, 6064.756
5424.163, 6053.814
5426.091, 5980.126
5428.020, 5941.009
5429.948, 5988.502
5431.876, 6026.115
5433.805, 5960.084
5435.733, 6025.752
5437.662, 6011.010
5439.590, 5942.365
5441.519, 5987.582
5443.447, 6021.282
5445.376, 6048.316
5447.304, 6074.410
5449.233, 6073.745
5451.161, 6086.441
5453.090, 6103.470
5455.018, 6112.411
5456.947, 6062.283
5458.875, 6030.629
5460.804, 6029.665
5462.732, 6028.568
5464.661, 6001.463
5466.589, 5965.959
5468.518, 5937.433
5470.446, 5924.500
5472.375, 5954.091
5474.303, 5958.031
5476.231, 5851.815
5478.160, 5769.913
5480.088, 5729.320
5482.017, 5732.583
5483.945, 5793.855
5485.874, 5732.983
5487.802, 5693.471
5489.730, 5734.326
5491.659, 5690.375
5493.587, 5664.840
5495.516, 5670.544
5497.444, 5700.399
5499.373, 5664.281
5501.301, 5674.221
5503.230, 5716.878
5505.158, 5702.859
5507.087, 5737.858
5509.015, 5720.900
5510.944, 5640.403
5512.872, 5596.627
5514.801, 5634.150
5516.729, 5651.343
5518.658, 5589.794
5520.586, 5534.826
5522.515, 5524.458
5524.443, 5532.542
5526.372, 5524.235
5528.300, 5561.369
5530.229, 5558.171
5532.157, 5511.915
5534.085, 5458.409
5536.014, 5456.804
5537.942, 5427.372
5539.871, 5373.968
5541.799, 5414.110
5543.728, 5369.170
5545.656, 5318.363
5547.584, 5319.304
5549.513, 5343.672
5551.441, 5416.525
5553.370, 5450.846
5555.298, 5373.880
5557.227, 5300.796
5559.155, 5290.691
5561.084, 5311.617
5563.012, 5308.021
5564.941, 5336.106
5566.869, 5346.134
5568.798, 5314.110
5570.726, 5223.625
5572.655, 5268.777
5574.583, 5268.699
5576.512, 5209.567
5578.440, 5272.890
5580.369, 5249.739
5582.297, 5209.494
5584.226, 5192.560
5586.154, 5180.389
5588.083, 5188.165
5590.011, 5182.444
5591.939, 5148.962
5593.868, 5126.385
5595.796, 5136.647
5597.725, 5163.793
5599.653, 5187.963
5601.582, 5177.541
5603.510, 5151.598
5605.438, 5120.443
5607.367, 5091.429
5609.295, 5083.099
5611.224, 5121.280
5613.152, 5150.981
5615.081, 5104.001
5617.009, 5045.209
5618.938, 5035.262
5620.866, 5050.780
5622.795, 5040.679
5624.723, 5050.030
5626.652, 5043.451
5628.580, 5025.087
5630.509, 5015.712
5632.437, 5019.295
5634.366, 5002.030
5636.294, 5003.079
5638.223, 5002.398
5640.151, 5045.203
5642.080, 4990.372
5644.008, 4976.676
5645.937, 4938.292
5647.865, 5001.929
5649.793, 5006.649
5651.722, 4956.011
5653.650, 4976.775
5655.579, 4950.497
5657.507, 4956.321
5659.436, 4974.770
5661.364, 4913.441
5663.292, 4892.381
5665.221, 4892.938
5667.149, 4897.827
5669.078, 4896.095
5671.006, 4890.102
5672.935, 4900.130
5674.863, 4875.487
5676.792, 4862.983
5678.720, 4859.895
5680.649, 4866.012
5682.577, 4863.891
5684.506, 4806.824
5686.434, 4848.464
5688.363, 4828.945
5690.291, 4791.909
5692.220, 4889.764
5694.148, 4830.051
5696.077, 4797.450
5698.005, 4800.898
5699.934, 4773.621
5701.862, 4738.666
5703.791, 4736.746
5705.719, 4754.606
5707.647, 4766.556
5709.576, 4779.790
5711.504, 4790.876
5713.433, 4776.341
5715.361, 4719.001
5717.290, 4747.512
5719.218, 4709.012
5721.146, 4693.367
5723.075, 4691.243
5725.003, 4671.182
5726.932, 4661.938
5728.860, 4680.544
5730.789, 4654.479
5732.717, 4661.337
5734.646, 4678.121
5736.574, 4677.157
5738.503, 4657.755
5740.431, 4660.869
5742.360, 4691.792
5744.288, 4688.235
5746.217, 4654.039
5748.145, 4663.872
5750.074, 4645.133
5752.002, 4634.416
5753.931, 4628.066
5755.859, 4589.715
5757.788, 4619.357
5759.716, 4649.925
5761.645, 4659.115
5763.573, 4645.650
5765.501, 4602.722
5767.430, 4595.028
5769.358, 4607.256
5771.287, 4614.692
5773.215, 4618.755
5775.144, 4646.225
5777.072, 4636.959
5779.000, 4637.394
5780.929, 4613.150
5782.857, 4614.959
5784.786, 4589.409
5786.714, 4566.328
5788.643, 4590.769
5790.571, 4573.649
5792.500, 4556.580
5794.428, 4565.650
5796.357, 4603.878
5798.285, 4491.783
5800.214, 4505.899
5802.142, 4548.353
5804.071, 4515.610
5805.999, 4564.455
5807.928, 4567.345
5809.856, 4510.600
5811.785, 4440.996
5813.713, 4502.688
5815.642, 4444.164
5817.570, 4446.800
5819.499, 4494.505
5821.427, 4467.745
5823.355, 4439.239
5825.284, 4496.014
5827.212, 4529.333
5829.141, 4465.048
5831.069, 4492.769
5832.998, 4524.771
5834.926, 4542.528
5836.854, 4542.558
5838.783, 4524.990
5840.711, 4498.974
5842.640, 4500.678
5844.568, 4490.762
5846.497, 4424.556
5848.425, 4458.732
5850.354, 4423.786
5852.282, 4463.420
5854.211, 4446.311
5856.139, 4464.497
5858.068, 4439.072
5859.996, 4479.611
5861.925, 4508.859
5863.853, 4453.920
5865.782, 4450.608
5867.710, 4403.009
5869.639, 4378.720
5871.567, 4421.290
5873.496, 4351.767
5875.424, 4359.133
5877.353, 4405.143
5879.281, 4428.979
5881.209, 4369.029
5883.138, 4378.196
5885.066, 4373.535
5886.995, 4374.924
5888.923, 4403.450
5890.852, 4363.030
5892.780, 4367.250
5894.708, 4414.288
5896.637, 4443.105
5898.565, 4374.057
5900.494, 4387.254
5902.422, 4357.139
5904.351, 4338.606
5906.279, 4375.941
5908.208, 4354.404
5910.136, 4359.559
5912.065, 4369.317
5913.993, 4359.752
5915.922, 4322.693
5917.850, 4347.286
5919.779, 4324.974
5921.707, 4327.459
5923.636, 4319.984
5925.564, 4335.859
5927.493, 4353.682
5929.421, 4364.789
5931.350, 4377.627
5933.278, 4400.304
5935.207, 4395.123
5937.135, 4420.386
5939.063, 4426.140
5940.992, 4395.762
5942.920, 4423.988
5944.849, 4419.520
5946.777, 4449.529
5948.706, 4451.592
5950.634, 4470.328
5952.563, 4485.409
5954.491, 4450.536
5956.419, 4425.003
5958.348, 4432.662
5960.276, 4472.741
5962.205, 4509.506
5964.133, 4554.336
5966.062, 4600.161
5967.990, 4612.556
5969.919, 4534.099
5971.847, 4568.120
5973.776, 4568.446
5975.704, 4599.814
5977.633, 4676.442
5979.561, 4630.168
5981.490, 4690.898
5983.418, 4704.618
5985.347, 4709.391
5987.275, 4759.633
5989.204, 4690.801
5991.132, 4718.865
5993.061, 4727.036
5994.989, 4740.720
5996.917, 4833.710
5998.846, 4811.932
6000.774, 4856.812
6002.703, 4866.584
6004.631, 4850.578
6006.560, 4911.365
6008.488, 4937.099
6010.417, 4940.703
6012.345, 4955.806
6014.273, 4986.008
6016.202, 5003.995
6018.130, 5009.575
6020.059, 5089.238
6021.987, 5142.092
6023.916, 5141.238
6025.844, 5210.923
6027.773, 5262.936
6029.701, 5227.933
6031.630, 5240.729
6033.558, 5344.286
6035.487, 5349.484
6037.415, 5398.721
6039.344, 5405.485
6041.272, 5400.969
6043.201, 5443.372
6045.129, 5481.919
6047.058, 5548.791
6048.986, 5582.152
6050.915, 5637.854
6052.843, 5655.746
6054.771, 5684.950
6056.700, 5712.099
6058.628, 5726.649
6060.557, 5778.312
6062.485, 5808.503
6064.414, 5841.958
6066.342, 5882.958
6068.271, 5885.497
6070.199, 5951.578
6072.127, 5992.034
6074.056, 6017.643
6075.984, 5994.256
6077.913, 6040.477
6079.841, 6037.845
6081.770, 6013.968
6083.698, 6024.957
6085.627, 6107.709
6087.555, 6142.293
6089.484, 6134.786
6091.412, 6138.526
6093.341, 6216.784
6095.269, 6200.560
6097.198, 6235.894
6099.126, 6303.081
6101.055, 6349.083
6102.983, 6343.813
6104.912, 6312.064
6106.840, 6440.836
6108.769, 6476.267
6110.697, 6417.822
6112.625, 6500.545
6114.554, 6486.440
6116.482, 6559.382
6118.411, 6553.771
6120.339, 6489.226
6122.268, 6499.190
6124.196, 6557.832
6126.125, 6580.458
6128.053, 6537.685
6129.981, 6517.131
6131.910, 6565.878
6133.838, 6509.890
6135.767, 6562.205
6137.695, 6593.817
6139.624, 6613.395
6141.552, 6638.990
6143.481, 6678.574
6145.409, 6675.396
6147.338, 6754.313
6149.266, 6824.935
6151.195, 6854.793
6153.123, 6836.806
6155.052, 6903.068
6156.980, 6989.785
6158.909, 7051.089
6160.837, 7136.728
6162.766, 7207.798
6164.694, 7354.217
6166.623, 7368.335
6168.551, 7477.357
6170.479, 7592.479
6172.408, 7622.155
6174.336, 7599.941
6176.265, 7795.105
6178.193, 7856.865
6180.122, 7960.564
6182.050, 8101.868
6183.979, 8149.957
6185.907, 8315.771
6187.835, 8475.072
6189.764, 8626.971
6191.692, 8804.374
6193.621, 8997.159
6195.549, 9122.717
6197.478, 9329.289
6199.406, 9493.800
6201.335, 9642.667
6203.263, 9810.634
6205.192, 10009.36
6207.120, 10268.13
6209.049, 10392.96
6210.977, 10520.37
6212.906, 10662.40
6214.834, 10781.64
6216.763, 10849.03
6218.691, 10955.99
6220.620, 11030.99
6222.548, 11121.50
6224.477, 11182.99
6226.405, 11281.97
6228.333, 11371.58
6230.262, 11409.65
6232.190, 11380.82
6234.119, 11479.86
6236.047, 11477.55
6237.976, 11490.78
6239.904, 11662.35
6241.833, 11814.84
6243.761, 12027.33
6245.689, 12212.95
6247.618, 12338.27
6249.546, 12551.52
6251.475, 12719.01
6253.403, 12951.55
6255.332, 13099.25
6257.260, 13286.37
6259.189, 13497.42
6261.117, 13761.02
6263.046, 13806.14
6264.974, 14024.33
6266.903, 14146.66
6268.831, 14166.10
6270.760, 14257.41
6272.688, 14251.45
6274.617, 14221.93
6276.545, 14130.03
6278.474, 14034.43
6280.402, 13987.48
6282.331, 13880.60
6284.259, 13791.05
6286.188, 13720.72
6288.116, 13658.34
6290.044, 13630.48
6291.973, 13630.94
6293.901, 13590.51
6295.830, 13499.18
6297.758, 13507.96
6299.687, 13599.00
6301.615, 13679.19
6303.543, 13778.03
6305.472, 14023.79
6307.400, 14267.53
6309.329, 14420.19
6311.257, 14601.96
6313.186, 14895.98
6315.114, 15232.57
6317.043, 15463.34
6318.971, 15584.63
6320.900, 15649.89
6322.828, 15717.74
6324.757, 15705.98
6326.685, 15624.27
6328.614, 15552.99
6330.542, 15403.93
6332.471, 15420.78
6334.399, 15201.34
6336.328, 15127.65
6338.256, 15191.67
6340.185, 15143.17
6342.113, 15311.39
6344.042, 15394.22
6345.970, 15567.81
6347.898, 15815.81
6349.827, 16060.10
6351.755, 16317.41
6353.684, 16806.13
6355.612, 17275.45
6357.541, 17710.40
6359.469, 18228.27
6361.397, 18878.41
6363.326, 19636.01
6365.254, 20444.24
6367.183, 21030.61
6369.111, 21915.38
6371.040, 22656.87
6372.968, 23323.88
6374.897, 24113.33
6376.825, 25046.01
6378.754, 25902.28
6380.682, 26470.00
6382.611, 27213.92
6384.539, 27894.22
6386.468, 28442.54
6388.396, 28931.21
6390.325, 29323.73
6392.253, 29595.11
6394.182, 29902.84
6396.110, 30067.76
6398.039, 30149.40
6399.967, 30307.96
6401.896, 30654.83
6403.824, 31181.59
6405.752, 31646.06
6407.681, 32210.36
6409.609, 32934.74
6411.538, 33705.25
6413.466, 34470.55
6415.395, 35379.18
6417.323, 36394.81
6419.251, 37709.77
6421.180, 38681.99
6423.108, 39543.07
6425.037, 40461.50
6426.965, 41249.52
6428.894, 41665.19
6430.822, 42021.68
6432.751, 41878.17
6434.679, 41430.80
6436.608, 40650.23
6438.536, 39615.49
6440.465, 38544.56
6442.393, 37162.97
6444.322, 36139.04
6446.250, 34980.43
6448.179, 33908.54
6450.107, 32987.00
6452.036, 32268.89
6453.964, 31898.46
6455.893, 31459.63
6457.821, 31452.13
6459.750, 31530.42
6461.678, 31780.64
6463.606, 32116.24
6465.535, 32740.98
6467.463, 33128.80
6469.392, 33870.70
6471.320, 34597.21
6473.249, 35735.48
6475.177, 36774.93
6477.105, 37541.74
6479.034, 38351.50
6480.962, 39580.27
6482.891, 40278.58
6484.819, 40839.03
6486.748, 40969.30
6488.676, 40711.09
6490.605, 39945.21
6492.533, 38875.58
6494.462, 37962.06
6496.390, 36802.00
6498.319, 35480.16
6500.247, 34191.06
6502.176, 32891.34
6504.104, 31669.18
6506.033, 30572.91
6507.961, 29550.69
6509.890, 28587.47
6511.818, 27772.72
6513.747, 27030.25
6515.675, 26311.07
6517.604, 25597.77
6519.532, 24913.71
6521.460, 24236.38
6523.389, 23468.68
6525.317, 22954.46
6527.246, 22233.32
6529.174, 21353.82
6531.103, 20710.94
6533.031, 20283.54
6534.959, 19826.95
6536.888, 19194.36
6538.816, 18513.96
6540.745, 18139.96
6542.673, 17561.43
6544.602, 17044.57
6546.530, 16669.54
6548.459, 16467.97
6550.387, 16306.79
6552.316, 15805.97
6554.244, 15526.37
6556.173, 15332.92
6558.101, 15135.20
6560.030, 14818.78
6561.958, 14755.09
6563.887, 14801.33
6565.815, 14525.72
6567.744, 14586.36
6569.672, 14503.96
6571.601, 14455.21
6573.529, 14401.69
6575.458, 14269.95
6577.386, 14218.00
6579.314, 14230.41
6581.243, 14116.89
6583.171, 14077.59
6585.100, 13980.02
6587.028, 13935.91
6588.957, 13899.34
6590.885, 13906.26
6592.813, 13838.52
6594.742, 13867.12
6596.670, 13833.30
6598.599, 13799.46
6600.527, 13831.70
6602.456, 13775.12
6604.384, 13688.71
6606.313, 13668.79
6608.241, 13612.81
6610.170, 13525.46
6612.098, 13510.04
6614.027, 13422.17
6615.955, 13580.12
6617.884, 13563.44
6619.812, 13510.40
6621.741, 13486.79
6623.669, 13431.69
6625.598, 13350.26
##END=



