##NAMES=Dachiardite-Na
##RRUFFID=R061116
##IDEAL CHEMISTRY=Na_4_(Si_20_Al_4_)O_48_·13H_2_O
##LOCALITY=Alpe di Siusi, Bolzano, Trentino-Alto Adige, Italy
##OWNER=RRUFF
##SOURCE=Michael Scott
##DESCRIPTION=Salmon colored radiating crystals
##STATUS=The identification of this mineral is not yet confirmed
##URL=https://www.rruff.net/odr/rruff_sample/R061116
##FILETYPE=Raman RAW
##RAMAN WAVELENGTH=785

204.3865, 4120.687
206.3149, 4192.522
208.2434, 4250.109
210.1719, 4289.410
212.1003, 4328.834
214.0288, 4361.929
215.9573, 4413.201
217.8857, 4514.223
219.8142, 4629.093
221.7427, 4702.938
223.6711, 4737.248
225.5996, 4749.177
227.5281, 4732.392
229.4565, 4719.525
231.3850, 4724.174
233.3135, 4730.833
235.2419, 4731.573
237.1704, 4728.235
239.0989, 4736.911
241.0273, 4753.018
242.9558, 4744.661
244.8843, 4703.031
246.8127, 4661.982
248.7412, 4624.126
250.6697, 4593.705
252.5981, 4576.683
254.5266, 4563.380
256.4550, 4543.513
258.3835, 4519.181
260.3120, 4496.738
262.2404, 4472.105
264.1689, 4465.480
266.0974, 4472.381
268.0258, 4504.174
269.9543, 4561.716
271.8828, 4645.451
273.8112, 4757.141
275.7397, 4895.446
277.6682, 5057.823
279.5966, 5245.917
281.5251, 5448.548
283.4536, 5655.495
285.3820, 5897.758
287.3105, 6232.497
289.2390, 6542.813
291.1674, 6757.603
293.0959, 6905.391
295.0244, 7016.664
296.9529, 7090.980
298.8813, 7070.073
300.8098, 6940.298
302.7383, 6786.789
304.6667, 6621.464
306.5952, 6444.237
308.5237, 6267.994
310.4521, 6076.776
312.3806, 5856.803
314.3091, 5620.655
316.2375, 5401.970
318.1660, 5205.728
320.0945, 5037.282
322.0229, 4894.381
323.9514, 4764.785
325.8799, 4642.721
327.8083, 4549.419
329.7368, 4496.042
331.6653, 4459.767
333.5937, 4420.092
335.5222, 4382.908
337.4507, 4361.449
339.3791, 4355.539
341.3076, 4349.809
343.2361, 4347.167
345.1645, 4341.570
347.0930, 4320.602
349.0215, 4298.547
350.9499, 4292.632
352.8784, 4293.652
354.8069, 4282.793
356.7353, 4267.378
358.6638, 4274.103
360.5923, 4310.946
362.5207, 4336.744
364.4492, 4337.639
366.3777, 4355.629
368.3061, 4405.442
370.2346, 4456.800
372.1631, 4490.920
374.0915, 4522.004
376.0200, 4571.575
377.9485, 4644.151
379.8769, 4726.697
381.8054, 4812.091
383.7339, 4923.436
385.6623, 5060.475
387.5908, 5216.576
389.5193, 5399.870
391.4477, 5589.515
393.3762, 5767.567
395.3047, 5969.113
397.2331, 6228.890
399.1616, 6526.417
401.0901, 6827.938
403.0185, 7130.583
404.9470, 7427.493
406.8755, 7727.339
408.8039, 7951.954
410.7324, 8063.762
412.6609, 8093.973
414.5893, 7994.917
416.5178, 7844.915
418.4463, 7693.771
420.3747, 7500.765
422.3032, 7251.762
424.2317, 6965.924
426.1601, 6661.775
428.0886, 6354.355
430.0171, 6063.869
431.9455, 5773.183
433.8740, 5523.051
435.8025, 5318.308
437.7309, 5148.637
439.6594, 5003.890
441.5879, 4876.825
443.5163, 4765.316
445.4448, 4678.179
447.3733, 4629.131
449.3017, 4610.845
451.2302, 4587.051
453.1587, 4545.256
455.0871, 4502.715
457.0156, 4460.745
458.9441, 4436.451
460.8725, 4442.953
462.8010, 4440.104
464.7295, 4417.802
466.6579, 4410.800
468.5864, 4419.282
470.5149, 4419.842
472.4433, 4408.149
474.3718, 4402.352
476.3003, 4413.814
478.2287, 4428.727
480.1572, 4415.442
482.0857, 4375.588
484.0141, 4351.328
485.9426, 4352.889
487.8711, 4347.983
489.7995, 4335.965
491.7280, 4330.208
493.6565, 4325.034
495.5849, 4307.950
497.5134, 4278.287
499.4419, 4239.399
501.3703, 4185.615
503.2988, 4123.676
505.2273, 4071.136
507.1557, 4030.277
509.0842, 3989.469
511.0127, 3959.312
512.9411, 3928.322
514.8696, 3866.956
516.7980, 3802.960
518.7265, 3753.950
520.6550, 3713.353
522.5834, 3667.086
524.5119, 3629.299
526.4404, 3623.439
528.3688, 3632.376
530.2973, 3628.583
532.2258, 3608.642
534.1542, 3591.038
536.0827, 3583.036
538.0112, 3571.340
539.9396, 3551.321
541.8681, 3549.535
543.7966, 3564.073
545.7250, 3571.336
547.6535, 3574.184
549.5820, 3576.586
551.5104, 3573.465
553.4389, 3569.965
555.3674, 3573.748
557.2958, 3572.474
559.2243, 3549.572
561.1528, 3524.990
563.0812, 3530.653
565.0097, 3553.676
566.9382, 3560.458
568.8666, 3557.128
570.7951, 3566.966
572.7236, 3594.223
574.6520, 3622.202
576.5805, 3641.968
578.5090, 3661.674
580.4374, 3686.814
582.3659, 3712.624
584.2944, 3729.598
586.2228, 3758.941
588.1513, 3812.765
590.0798, 3888.666
592.0082, 3986.480
593.9367, 4088.685
595.8652, 4192.099
597.7936, 4310.512
599.7221, 4419.142
601.6506, 4506.774
603.5790, 4628.442
605.5075, 4811.556
607.4360, 4959.397
609.3644, 5041.601
611.2929, 5104.882
613.2214, 5148.486
615.1498, 5161.124
617.0783, 5146.831
619.0068, 5098.124
620.9352, 5001.848
622.8637, 4880.217
624.7922, 4731.562
626.7206, 4586.507
628.6491, 4452.364
630.5776, 4323.501
632.5060, 4185.914
634.4345, 4059.992
636.3630, 3965.611
638.2914, 3879.215
640.2199, 3796.436
642.1484, 3724.583
644.0768, 3661.646
646.0053, 3608.044
647.9338, 3569.841
649.8622, 3548.770
651.7907, 3516.583
653.7192, 3464.860
655.6476, 3421.946
657.5761, 3394.862
659.5046, 3368.328
661.4330, 3343.681
663.3615, 3319.689
665.2900, 3292.520
667.2184, 3268.943
669.1469, 3254.687
671.0754, 3239.389
673.0038, 3215.953
674.9323, 3188.286
676.8608, 3156.466
678.7892, 3123.952
680.7177, 3103.595
682.6462, 3092.843
684.5746, 3070.418
686.5031, 3035.110
688.4316, 3015.966
690.3600, 3019.306
692.2885, 3015.811
694.2170, 3000.459
696.1454, 2988.329
698.0739, 2981.388
700.0024, 2972.629
701.9308, 2959.872
703.8593, 2949.122
705.7878, 2945.375
707.7162, 2936.539
709.6447, 2912.358
711.5732, 2890.100
713.5016, 2878.487
715.4301, 2873.173
717.3586, 2876.834
719.2870, 2881.106
721.2155, 2877.097
723.1440, 2867.684
725.0724, 2856.363
727.0009, 2845.554
728.9294, 2837.995
730.8578, 2832.634
732.7863, 2827.687
734.7148, 2823.006
736.6432, 2819.307
738.5717, 2816.355
740.5002, 2808.236
742.4286, 2794.642
744.3571, 2788.305
746.2856, 2790.654
748.2141, 2788.616
750.1425, 2781.709
752.0710, 2771.955
753.9995, 2753.670
755.9279, 2742.229
757.8564, 2748.475
759.7849, 2750.674
761.7133, 2742.686
763.6418, 2732.654
765.5703, 2722.214
767.4987, 2717.139
769.4272, 2720.236
771.3557, 2719.857
773.2841, 2707.172
775.2126, 2696.902
777.1411, 2703.040
779.0695, 2711.548
780.9980, 2709.902
782.9265, 2708.011
784.8549, 2711.377
786.7834, 2710.433
788.7119, 2707.181
790.6403, 2717.258
792.5688, 2736.916
794.4973, 2745.462
796.4257, 2738.351
798.3542, 2727.786
800.2827, 2712.529
802.2111, 2694.975
804.1396, 2698.600
806.0681, 2711.018
807.9965, 2713.737
809.9250, 2722.871
811.8535, 2735.689
813.7819, 2745.239
815.7104, 2741.550
817.6389, 2720.340
819.5673, 2695.854
821.4958, 2673.087
823.4243, 2661.223
825.3527, 2662.406
827.2812, 2658.101
829.2097, 2640.979
831.1381, 2629.987
833.0666, 2637.766
834.9951, 2634.250
836.9235, 2600.750
838.8520, 2571.424
840.7805, 2559.694
842.7089, 2551.467
844.6374, 2541.104
846.5659, 2535.841
848.4943, 2543.813
850.4228, 2553.780
852.3513, 2563.170
854.2797, 2562.363
856.2082, 2536.318
858.1367, 2503.124
860.0651, 2490.329
861.9936, 2498.665
863.9221, 2504.295
865.8505, 2491.963
867.7790, 2473.257
869.7075, 2467.203
871.6359, 2475.117
873.5644, 2480.470
875.4929, 2482.764
877.4213, 2492.958
879.3498, 2491.305
881.2783, 2465.696
883.2067, 2446.181
885.1352, 2443.827
887.0637, 2435.020
888.9921, 2415.612
890.9206, 2400.478
892.8491, 2400.268
894.7775, 2413.538
896.7060, 2426.528
898.6345, 2435.690
900.5629, 2438.819
902.4914, 2427.405
904.4199, 2405.836
906.3483, 2398.588
908.2768, 2412.186
910.2053, 2417.131
912.1337, 2402.530
914.0622, 2384.712
915.9907, 2379.087
917.9191, 2388.017
919.8476, 2395.432
921.7761, 2391.938
923.7045, 2384.314
925.6330, 2374.300
927.5615, 2365.919
929.4899, 2368.216
931.4184, 2369.656
933.3469, 2358.712
935.2753, 2346.688
937.2038, 2347.611
939.1323, 2361.563
941.0607, 2362.377
942.9892, 2333.442
944.9177, 2312.996
946.8461, 2328.262
948.7746, 2344.593
950.7031, 2335.831
952.6315, 2323.682
954.5600, 2318.483
956.4885, 2303.623
958.4169, 2292.987
960.3454, 2302.215
962.2739, 2310.583
964.2023, 2309.304
966.1308, 2298.899
968.0593, 2285.308
969.9877, 2286.046
971.9162, 2297.062
973.8447, 2305.344
975.7731, 2300.635
977.7016, 2285.869
979.6301, 2285.682
981.5585, 2296.866
983.4870, 2286.985
985.4155, 2263.921
987.3439, 2258.615
989.2724, 2264.916
991.2009, 2263.826
993.1293, 2251.063
995.0578, 2242.697
996.9863, 2253.535
998.9147, 2261.978
1000.843, 2250.458
1002.772, 2241.057
1004.700, 2254.024
1006.629, 2266.467
1008.557, 2257.517
1010.486, 2244.239
1012.414, 2238.447
1014.342, 2246.437
1016.271, 2260.968
1018.199, 2255.874
1020.128, 2245.278
1022.056, 2238.771
1023.985, 2214.884
1025.913, 2201.191
1027.842, 2216.338
1029.770, 2227.150
1031.699, 2226.981
1033.627, 2228.075
1035.556, 2226.842
1037.484, 2230.086
1039.412, 2239.974
1041.341, 2240.607
1043.269, 2238.398
1045.198, 2236.993
1047.126, 2230.815
1049.055, 2222.084
1050.983, 2210.196
1052.912, 2215.756
1054.840, 2239.097
1056.769, 2242.233
1058.697, 2227.492
1060.626, 2214.638
1062.554, 2202.349
1064.483, 2207.409
1066.411, 2227.127
1068.339, 2234.572
1070.268, 2235.527
1072.196, 2224.755
1074.125, 2194.663
1076.053, 2177.933
1077.982, 2183.329
1079.910, 2196.108
1081.839, 2204.953
1083.767, 2189.952
1085.696, 2165.886
1087.624, 2160.327
1089.553, 2163.994
1091.481, 2159.390
1093.410, 2150.413
1095.338, 2154.770
1097.266, 2165.375
1099.195, 2171.847
1101.123, 2175.762
1103.052, 2169.582
1104.980, 2162.315
1106.909, 2164.298
1108.837, 2163.972
1110.766, 2157.780
1112.694, 2153.249
1114.623, 2150.900
1116.551, 2152.032
1118.480, 2158.855
1120.408, 2161.401
1122.337, 2155.145
1124.265, 2147.846
1126.193, 2141.127
1128.122, 2130.710
1130.050, 2115.706
1131.979, 2110.534
1133.907, 2118.633
1135.836, 2126.291
1137.764, 2129.869
1139.693, 2121.021
1141.621, 2102.193
1143.550, 2100.513
1145.478, 2113.452
1147.407, 2104.166
1149.335, 2079.057
1151.264, 2081.970
1153.192, 2102.998
1155.120, 2111.277
1157.049, 2110.843
1158.977, 2098.967
1160.906, 2083.448
1162.834, 2085.065
1164.763, 2094.227
1166.691, 2099.669
1168.620, 2099.322
1170.548, 2089.079
1172.477, 2078.333
1174.405, 2069.975
1176.334, 2066.283
1178.262, 2073.298
1180.191, 2079.060
1182.119, 2078.600
1184.047, 2076.794
1185.976, 2076.834
1187.904, 2070.691
1189.833, 2046.312
1191.761, 2051.090
1193.690, 2100.402
1195.618, 2107.558
1197.547, 2066.164
1199.475, 2059.731
1201.404, 2084.490
1203.332, 2075.729
1205.261, 2043.554
1207.189, 2030.417
1209.118, 2029.655
1211.046, 2029.189
1212.974, 2026.430
1214.903, 2014.624
1216.831, 2005.851
1218.760, 2014.071
1220.688, 2022.407
1222.617, 2018.374
1224.545, 2012.937
1226.474, 2007.114
1228.402, 2009.695
1230.331, 2029.489
1232.259, 2044.458
1234.188, 2049.867
1236.116, 2049.200
1238.045, 2042.355
1239.973, 2030.986
1241.901, 2014.879
1243.830, 2014.762
1245.758, 2027.128
1247.687, 2043.717
1249.615, 2060.186
1251.544, 2058.359
1253.472, 2046.399
1255.401, 2028.591
1257.329, 2018.188
1259.258, 2038.716
1261.186, 2055.236
1263.115, 2045.314
1265.043, 2038.210
1266.972, 2044.714
1268.900, 2047.109
1270.828, 2040.823
1272.757, 2039.345
1274.685, 2043.555
1276.614, 2048.360
1278.542, 2055.279
1280.471, 2066.955
1282.399, 2080.323
1284.328, 2087.114
1286.256, 2089.488
1288.185, 2090.298
1290.113, 2088.956
1292.042, 2079.866
1293.970, 2074.183
1295.899, 2087.212
1297.827, 2103.000
1299.755, 2109.517
1301.684, 2117.055
1303.612, 2130.641
1305.541, 2138.453
1307.469, 2137.200
1309.398, 2150.854
1311.326, 2181.092
1313.255, 2208.589
1315.183, 2226.105
1317.112, 2215.811
1319.040, 2195.107
1320.969, 2189.400
1322.897, 2184.894
1324.826, 2167.626
1326.754, 2153.809
1328.682, 2157.333
1330.611, 2154.782
1332.539, 2133.366
1334.468, 2115.481
1336.396, 2106.948
1338.325, 2090.025
1340.253, 2063.474
1342.182, 2048.578
1344.110, 2042.134
1346.039, 2029.379
1347.967, 2013.301
1349.896, 1995.186
1351.824, 1976.338
1353.753, 1956.373
1355.681, 1940.780
1357.609, 1937.926
1359.538, 1929.580
1361.466, 1903.465
1363.395, 1890.833
1365.323, 1905.877
1367.252, 1901.162
1369.180, 1874.499
1371.109, 1860.412
1373.037, 1856.104
1374.966, 1848.615
1376.894, 1837.906
1378.823, 1821.335
1380.751, 1807.544
1382.680, 1802.120
1384.608, 1801.027
1386.536, 1803.944
1388.465, 1808.413
1390.393, 1815.330
1392.322, 1815.172
1394.250, 1806.682
1396.179, 1796.564
1398.107, 1786.705
1400.036, 1787.895
1401.964, 1793.528
1403.893, 1795.765
1405.821, 1791.218
1407.750, 1771.298
1409.678, 1754.267
1411.607, 1746.066
1413.535, 1746.793
1415.464, 1758.508
1417.392, 1756.790
1419.320, 1740.196
1421.249, 1731.475
1423.177, 1730.163
1425.106, 1739.919
1427.034, 1748.630
1428.963, 1735.995
1430.891, 1720.407
1432.820, 1710.608
1434.748, 1708.763
1436.677, 1718.199
1438.605, 1721.524
1440.534, 1716.541
1442.462, 1715.002
1444.391, 1717.683
1446.319, 1730.958
1448.247, 1740.696
1450.176, 1711.143
1452.104, 1682.798
1454.033, 1696.259
1455.961, 1709.503
1457.890, 1707.873
1459.818, 1702.928
1461.747, 1695.707
1463.675, 1688.061
1465.604, 1681.248
1467.532, 1682.853
1469.461, 1687.511
1471.389, 1688.263
1473.318, 1683.905
1475.246, 1664.735
1477.174, 1655.766
1479.103, 1682.579
1481.031, 1681.558
1482.960, 1641.727
1484.888, 1640.218
1486.817, 1667.278
1488.745, 1660.347
1490.674, 1642.731
1492.602, 1651.228
1494.531, 1662.108
1496.459, 1654.341
1498.388, 1653.170
1500.316, 1677.760
1502.245, 1681.806
1504.173, 1662.770
1506.101, 1631.207
1508.030, 1599.327
1509.958, 1621.124
1511.887, 1649.204
1513.815, 1627.244
1515.744, 1612.627
1517.672, 1640.241
1519.601, 1657.366
1521.529, 1650.389
1523.458, 1648.487
1525.386, 1649.885
1527.315, 1636.479
1529.243, 1616.032
1531.172, 1591.711
1533.100, 1583.774
1535.028, 1616.509
1536.957, 1627.607
1538.885, 1594.452
1540.814, 1579.000
1542.742, 1584.823
1544.671, 1573.590
1546.599, 1557.969
1548.528, 1568.762
1550.456, 1584.178
1552.385, 1589.106
1554.313, 1589.160
1556.242, 1584.902
1558.170, 1582.694
1560.099, 1583.084
1562.027, 1585.394
1563.955, 1584.072
1565.884, 1561.276
1567.812, 1535.567
1569.741, 1519.758
1571.669, 1513.357
1573.598, 1516.808
1575.526, 1529.220
1577.455, 1547.762
1579.383, 1541.169
1581.312, 1523.162
1583.240, 1521.107
1585.169, 1524.669
1587.097, 1531.948
1589.026, 1527.368
1590.954, 1502.993
1592.882, 1501.093
1594.811, 1518.054
1596.739, 1498.368
1598.668, 1468.645
1600.596, 1479.796
1602.525, 1492.277
1604.453, 1471.349
1606.382, 1464.526
1608.310, 1482.753
1610.239, 1488.471
1612.167, 1483.082
1614.096, 1477.374
1616.024, 1473.171
1617.953, 1473.611
1619.881, 1473.970
1621.809, 1470.496
1623.738, 1471.649
1625.666, 1479.181
1627.595, 1462.737
1629.523, 1437.809
1631.452, 1452.168
1633.380, 1468.683
1635.309, 1453.106
1637.237, 1447.949
1639.166, 1478.016
1641.094, 1470.193
1643.023, 1432.031
1644.951, 1431.453
1646.880, 1438.628
1648.808, 1409.908
1650.736, 1389.146
1652.665, 1399.793
1654.593, 1403.796
1656.522, 1396.126
1658.450, 1395.168
1660.379, 1395.839
1662.307, 1384.970
1664.236, 1373.582
1666.164, 1367.378
1668.093, 1364.773
1670.021, 1365.743
1671.950, 1365.254
1673.878, 1364.114
1675.807, 1364.289
1677.735, 1367.780
1679.663, 1380.225
1681.592, 1386.594
1683.520, 1383.152
1685.449, 1369.172
1687.377, 1350.467
1689.306, 1355.422
1691.234, 1368.470
1693.163, 1378.052
1695.091, 1375.020
1697.020, 1355.120
1698.948, 1336.956
1700.877, 1322.845
1702.805, 1313.360
1704.734, 1307.402
1706.662, 1303.533
1708.590, 1303.286
1710.519, 1307.960
1712.447, 1311.854
1714.376, 1313.849
1716.304, 1309.056
1718.233, 1302.370
1720.161, 1300.589
1722.090, 1298.807
1724.018, 1297.293
1725.947, 1282.464
1727.875, 1258.411
1729.804, 1264.557
1731.732, 1277.676
1733.661, 1260.653
1735.589, 1254.182
1737.517, 1289.266
1739.446, 1290.031
1741.374, 1260.804
1743.303, 1245.828
1745.231, 1240.488
1747.160, 1242.689
1749.088, 1244.410
1751.017, 1240.749
1752.945, 1240.903
1754.874, 1245.362
1756.802, 1265.415
1758.731, 1278.006
1760.659, 1257.328
1762.588, 1235.794
1764.516, 1222.260
1766.444, 1211.499
1768.373, 1205.202
1770.301, 1216.031
1772.230, 1222.553
1774.158, 1204.909
1776.087, 1200.982
1778.015, 1221.428
1779.944, 1212.853
1781.872, 1190.155
1783.801, 1179.356
1785.729, 1179.750
1787.658, 1194.567
1789.586, 1201.054
1791.515, 1197.163
1793.443, 1194.492
1795.371, 1192.227
1797.300, 1190.777
1799.228, 1185.163
1801.157, 1173.078
1803.085, 1169.959
1805.014, 1174.037
1806.942, 1179.873
1808.871, 1180.659
1810.799, 1167.777
1812.728, 1161.800
1814.656, 1165.347
1816.585, 1168.445
1818.513, 1168.522
1820.442, 1161.900
1822.370, 1148.763
1824.298, 1127.690
1826.227, 1113.424
1828.155, 1110.201
1830.084, 1140.728
1832.012, 1161.681
1833.941, 1115.025
1835.869, 1096.560
1837.798, 1117.754
1839.726, 1122.253
1841.655, 1113.852
1843.583, 1095.312
1845.512, 1087.177
1847.440, 1101.717
1849.369, 1107.836
1851.297, 1107.585
1853.225, 1111.081
1855.154, 1114.152
1857.082, 1116.455
1859.011, 1108.697
1860.939, 1090.969
1862.868, 1083.504
1864.796, 1082.354
1866.725, 1081.872
1868.653, 1076.164
1870.582, 1062.366
1872.510, 1057.091
1874.439, 1056.934
1876.367, 1058.666
1878.296, 1061.008
1880.224, 1065.071
1882.152, 1050.234
1884.081, 1021.643
1886.009, 1017.354
1887.938, 1024.693
1889.866, 1033.507
1891.795, 1032.698
1893.723, 1023.310
1895.652, 1026.192
1897.580, 1030.830
1899.509, 1024.660
1901.437, 1014.876
1903.366, 1003.764
1905.294, 1012.112
1907.223, 1025.475
1909.151, 1014.459
1911.079, 997.2193
1913.008, 976.2495
1914.936, 985.2628
1916.865, 1010.141
1918.793, 998.9889
1920.722, 986.8031
1922.650, 989.9883
1924.579, 982.7986
1926.507, 966.5682
1928.436, 952.2858
1930.364, 949.3815
1932.293, 969.4252
1934.221, 971.1743
1936.150, 955.3115
1938.078, 941.9669
1940.006, 938.2355
1941.935, 962.6213
1943.863, 967.5640
1945.792, 952.6609
1947.720, 947.7570
1949.649, 945.9060
1951.577, 940.0976
1953.506, 936.5508
1955.434, 936.6824
1957.363, 936.0910
1959.291, 936.2567
1961.220, 938.2578
1963.148, 937.9179
1965.077, 935.6962
1967.005, 912.4450
1968.933, 891.7325
1970.862, 918.2147
1972.790, 932.4479
1974.719, 919.4147
1976.647, 902.1288
1978.576, 884.9495
1980.504, 878.5889
1982.433, 880.4647
1984.361, 890.0059
1986.290, 891.9945
1988.218, 886.5042
1990.147, 874.3770
1992.075, 870.5460
1994.004, 874.7517
1995.932, 878.8591
1997.860, 878.7985
1999.789, 857.7209
2001.717, 848.2504
2003.646, 858.7075
2005.574, 870.5856
2007.503, 871.4751
2009.431, 836.1918
2011.360, 815.1207
2013.288, 819.0156
2015.217, 823.3983
2017.145, 830.3068
2019.074, 841.9208
2021.002, 840.6913
2022.931, 826.7768
2024.859, 825.9758
2026.787, 825.0966
2028.716, 813.3381
2030.644, 812.1519
2032.573, 820.2632
2034.501, 824.7293
2036.430, 825.6052
2038.358, 822.3749
2040.287, 805.4570
2042.215, 782.8287
2044.144, 777.7788
2046.072, 786.1146
2048.000, 808.6245
2049.929, 811.2728
2051.857, 798.5728
2053.786, 781.3185
2055.714, 780.2170
2057.643, 801.0524
2059.571, 799.0527
2061.500, 785.9595
2063.428, 782.8662
2065.357, 780.1130
2067.285, 774.7363
2069.214, 761.2502
2071.142, 750.3877
2073.071, 754.8770
2074.999, 754.7559
2076.927, 750.1288
2078.856, 755.5057
2080.784, 758.1954
2082.713, 747.6331
2084.641, 738.0613
2086.570, 732.3233
2088.498, 737.6861
2090.427, 743.5046
2092.355, 745.5132
2094.284, 751.5598
2096.212, 753.9462
2098.141, 737.4232
2100.069, 724.6416
2101.998, 721.3370
2103.926, 722.0527
2105.854, 720.7652
2107.783, 711.6359
2109.711, 705.4871
2111.640, 702.9034
2113.568, 698.9567
2115.497, 700.0146
2117.425, 709.0693
2119.354, 712.7772
2121.282, 710.7685
2123.211, 699.1025
2125.139, 688.4843
2127.068, 682.7220
2128.996, 688.6124
2130.925, 693.4236
2132.853, 685.8958
2134.781, 679.6898
2136.710, 677.0803
2138.638, 684.3782
2140.567, 685.1768
2142.495, 672.8800
2144.424, 681.3995
2146.352, 689.2314
2148.281, 650.4955
2150.209, 636.3408
2152.138, 651.5296
2154.066, 657.0002
2155.995, 655.1376
2157.923, 642.5703
2159.852, 641.0234
2161.780, 646.3946
2163.708, 637.0956
2165.637, 635.0428
2167.565, 644.7151
2169.494, 634.1822
2171.422, 623.4847
2173.351, 631.6309
2175.279, 639.4673
2177.208, 642.7947
2179.136, 623.4260
2181.065, 608.1858
2182.993, 607.4252
2184.922, 612.9719
2186.850, 616.0641
2188.779, 610.5061
2190.707, 608.3305
2192.635, 607.1804
2194.564, 607.1728
2196.492, 607.6113
2198.421, 607.6381
2200.349, 608.2201
2202.278, 607.5112
2204.206, 604.5448
2206.135, 604.2280
2208.063, 600.4426
2209.992, 592.6669
2211.920, 589.3705
2213.849, 581.4033
2215.777, 577.0239
2217.706, 578.8597
2219.634, 579.4326
2221.563, 576.1039
2223.491, 576.4850
2225.419, 575.6188
2227.348, 572.2785
2229.276, 571.2927
2231.205, 563.8846
2233.133, 561.7567
2235.062, 571.0061
2236.990, 566.1731
2238.919, 547.6012
2240.847, 530.3619
2242.776, 528.5286
2244.704, 536.4509
2246.633, 548.6797
2248.561, 553.2811
2250.490, 552.4008
2252.418, 544.3879
2254.346, 533.7286
2256.275, 535.3558
2258.203, 537.2714
2260.132, 539.4154
2262.060, 542.0240
2263.989, 542.3394
2265.917, 534.3467
2267.846, 536.0552
2269.774, 539.8026
2271.703, 525.4557
2273.631, 524.2786
2275.560, 531.5347
2277.488, 527.0820
2279.417, 516.1542
2281.345, 511.6324
2283.273, 503.5484
2285.202, 496.1356
2287.130, 503.9239
2289.059, 507.7390
2290.987, 507.5838
2292.916, 506.2522
2294.844, 501.3131
2296.773, 499.5032
2298.701, 496.3645
2300.630, 491.2846
2302.558, 487.0839
2304.487, 495.6744
2306.415, 496.7521
2308.344, 482.8612
2310.272, 469.1571
2312.200, 465.5634
2314.129, 471.8019
2316.057, 471.7304
2317.986, 467.7440
2319.914, 469.2046
2321.843, 469.6040
2323.771, 468.6634
2325.700, 473.1504
2327.628, 469.9651
2329.557, 467.2457
2331.485, 454.9317
2333.414, 448.3207
2335.342, 451.1200
2337.271, 450.3744
2339.199, 450.6860
2341.127, 449.5621
2343.056, 454.9265
2344.984, 455.0779
2346.913, 451.7666
2348.841, 449.2702
2350.770, 446.9804
2352.698, 440.8105
2354.627, 431.6005
2356.555, 422.9750
2358.484, 430.0978
2360.412, 442.1826
2362.341, 445.7459
2364.269, 434.8762
2366.198, 422.9858
2368.126, 424.4969
2370.054, 423.2187
2371.983, 419.7171
2373.911, 424.2090
2375.840, 429.2009
2377.768, 429.2539
2379.697, 419.1131
2381.625, 412.6837
2383.554, 410.2235
2385.482, 410.1218
2387.411, 410.8552
2389.339, 411.0450
2391.268, 410.5204
2393.196, 408.5430
2395.125, 405.4645
2397.053, 400.4405
2398.981, 396.0293
2400.910, 396.3905
2402.838, 397.9143
2404.767, 395.4628
2406.695, 390.6512
2408.624, 397.3723
2410.552, 404.5283
2412.481, 394.4358
2414.409, 383.5800
2416.338, 376.8494
2418.266, 373.0743
2420.195, 383.1394
2422.123, 395.5293
2424.052, 381.5664
2425.980, 380.9838
2427.908, 393.1390
2429.837, 380.5802
2431.765, 375.5256
2433.694, 385.0101
2435.622, 370.4946
2437.551, 361.3255
2439.479, 371.0722
2441.408, 363.0815
2443.336, 356.6108
2445.265, 367.0294
2447.193, 369.7939
2449.122, 366.1092
2451.050, 355.8667
2452.979, 364.2909
2454.907, 371.3365
2456.835, 356.3898
2458.764, 352.1953
2460.692, 350.5607
2462.621, 336.5950
2464.549, 334.4470
2466.478, 340.8136
2468.406, 349.0665
2470.335, 345.4524
2472.263, 337.2882
2474.192, 341.0013
2476.120, 341.0320
2478.049, 336.6357
2479.977, 329.8469
2481.906, 329.4679
2483.834, 332.5818
2485.762, 322.6440
2487.691, 319.5882
2489.619, 324.5498
2491.548, 323.3743
2493.476, 325.1489
2495.405, 331.1093
2497.333, 327.7837
2499.262, 324.1336
2501.190, 321.9673
2503.119, 322.6849
2505.047, 316.5441
2506.976, 304.5337
2508.904, 312.3567
2510.833, 315.7205
2512.761, 307.0284
2514.689, 305.3504
2516.618, 307.1197
2518.546, 308.9023
2520.475, 308.2939
2522.403, 307.7294
2524.332, 310.0143
2526.260, 302.4397
2528.189, 298.6682
2530.117, 300.3404
2532.046, 288.5048
2533.974, 283.8479
2535.903, 289.9789
2537.831, 293.7641
2539.760, 296.9529
2541.688, 296.2239
2543.616, 286.3917
2545.545, 285.7113
2547.473, 291.4869
2549.402, 288.1909
2551.330, 283.1651
2553.259, 280.2574
2555.187, 283.7684
2557.116, 284.2673
2559.044, 280.1677
2560.973, 269.3230
2562.901, 266.0827
2564.830, 270.6214
2566.758, 264.4213
2568.687, 261.1968
2570.615, 265.9305
2572.543, 262.1451
2574.472, 264.6241
2576.400, 270.8419
2578.329, 270.9958
2580.257, 273.5894
2582.186, 271.9178
2584.114, 262.1414
2586.043, 261.2181
2587.971, 255.4056
2589.900, 259.8459
2591.828, 270.3764
2593.757, 271.0789
2595.685, 265.4434
2597.614, 257.9237
2599.542, 252.2755
2601.470, 253.7528
2603.399, 262.8322
2605.327, 261.2299
2607.256, 245.8178
2609.184, 247.5616
2611.113, 253.2533
2613.041, 242.3090
2614.970, 234.7052
2616.898, 237.1291
2618.827, 246.9597
2620.755, 242.5172
2622.684, 240.9828
2624.612, 240.2719
2626.541, 244.7733
2628.469, 248.2043
2630.397, 248.8595
2632.326, 243.8547
2634.254, 236.7782
2636.183, 228.5820
2638.111, 229.2767
2640.040, 236.3222
2641.968, 231.5727
2643.897, 234.8191
2645.825, 237.9995
2647.754, 233.5733
2649.682, 230.0621
2651.611, 229.9258
2653.539, 224.4553
2655.468, 219.1720
2657.396, 223.4899
2659.324, 226.7648
2661.253, 233.1183
2663.181, 233.0783
2665.110, 219.8089
2667.038, 220.6562
2668.967, 221.1362
2670.895, 216.7117
2672.824, 218.3648
2674.752, 216.8780
2676.681, 211.2949
2678.609, 202.4301
2680.538, 197.4490
2682.466, 210.3804
2684.395, 213.2409
2686.323, 211.0594
2688.251, 207.9652
2690.180, 200.6892
2692.108, 194.7224
2694.037, 189.5425
2695.965, 194.1469
2697.894, 198.6227
2699.822, 193.1673
2701.751, 196.2914
2703.679, 195.9784
2705.608, 189.9388
2707.536, 187.9890
2709.465, 192.7875
2711.393, 202.1974
2713.322, 208.8592
2715.250, 196.0472
2717.178, 184.1488
2719.107, 183.4807
2721.035, 188.4787
2722.964, 192.0511
2724.892, 183.3453
2726.821, 174.2894
2728.749, 182.7282
2730.678, 188.0268
2732.606, 179.8373
2734.535, 181.8221
2736.463, 185.7264
2738.392, 177.5495
2740.320, 176.3708
2742.249, 174.9637
2744.177, 173.4557
2746.105, 174.0507
2748.034, 177.1143
2749.962, 169.0521
2751.891, 169.2029
2753.819, 177.6785
2755.748, 174.6117
2757.676, 166.8001
2759.605, 164.0725
2761.533, 164.8484
2763.462, 167.5654
2765.390, 167.2375
2767.319, 164.0359
2769.247, 162.6817
2771.176, 164.9812
2773.104, 165.7967
2775.032, 165.1662
2776.961, 154.0353
2778.889, 150.7315
2780.818, 158.2335
2782.746, 161.4133
2784.675, 168.1907
2786.603, 168.9131
2788.532, 156.1001
2790.460, 155.1541
2792.389, 153.4920
2794.317, 152.6434
2796.246, 151.6170
2798.174, 146.3557
2800.103, 143.9042
2802.031, 158.8012
2803.959, 160.8067
2805.888, 154.2262
2807.816, 137.2394
2809.745, 136.3771
2811.673, 137.2555
2813.602, 133.1056
2815.530, 140.1590
2817.459, 146.1980
2819.387, 150.3086
2821.316, 147.6176
2823.244, 147.0167
2825.173, 144.5857
2827.101, 132.0432
2829.030, 138.3213
2830.958, 142.3045
2832.886, 138.8188
2834.815, 140.5632
2836.743, 144.0867
2838.672, 144.7118
2840.600, 135.9125
2842.529, 140.0435
2844.457, 143.3761
2846.386, 137.0695
2848.314, 128.6481
2850.243, 125.9758
2852.171, 130.6048
2854.100, 143.6842
2856.028, 133.8995
2857.957, 123.9382
2859.885, 129.9492
2861.813, 131.3849
2863.742, 129.7087
2865.670, 126.0834
2867.599, 120.1245
2869.527, 124.6126
2871.456, 131.1520
2873.384, 130.9634
2875.313, 130.3988
2877.241, 125.8402
2879.170, 118.8625
2881.098, 127.0164
2883.027, 126.6450
2884.955, 121.7943
2886.884, 118.4325
2888.812, 113.9370
2890.740, 114.6484
2892.669, 119.1185
2894.597, 114.0232
2896.526, 115.3961
2898.454, 119.6256
2900.383, 119.2096
2902.311, 119.5853
2904.240, 118.1995
2906.168, 115.7481
2908.097, 120.7629
2910.025, 117.4417
2911.954, 110.9743
2913.882, 111.8519
2915.811, 112.1840
2917.739, 112.7936
2919.667, 113.8053
2921.596, 108.7609
2923.524, 109.2736
2925.453, 111.3751
2927.381, 108.4625
2929.310, 108.1162
2931.238, 107.7241
2933.167, 105.0907
2935.095, 105.2223
2937.024, 102.0240
2938.952, 102.5127
2940.881, 107.2103
2942.809, 109.6746
2944.738, 103.0389
2946.666, 96.05553
2948.594, 104.3866
2950.523, 111.7821
2952.451, 106.3259
2954.380, 91.40260
2956.308, 93.82864
2958.237, 95.53514
2960.165, 93.26067
2962.094, 93.69650
2964.022, 99.47178
2965.951, 99.36339
2967.879, 93.30260
2969.808, 96.82074
2971.736, 94.96044
2973.665, 90.86181
2975.593, 89.70416
2977.521, 91.75310
2979.450, 94.74224
2981.378, 99.16244
2983.307, 91.89532
2985.235, 86.90420
2987.164, 83.80956
2989.092, 87.50732
2991.021, 89.80805
2992.949, 84.18604
2994.878, 81.34322
2996.806, 84.93256
2998.735, 84.16743
3000.663, 88.06447
3002.592, 87.85590
3004.520, 82.72782
3006.448, 76.62833
3008.377, 82.71615
3010.305, 87.90813
3012.234, 85.72447
3014.162, 86.38512
3016.091, 79.08963
3018.019, 70.42262
3019.948, 68.38151
3021.876, 70.36340
3023.805, 78.68176
3025.733, 80.72028
3027.662, 70.87479
3029.590, 65.90585
3031.519, 69.48995
3033.447, 77.07803
3035.375, 81.26725
3037.304, 76.03160
3039.232, 65.76038
3041.161, 69.48839
3043.089, 74.38541
3045.018, 75.17671
3046.946, 70.79460
3048.875, 71.70130
3050.803, 76.20620
3052.732, 70.57410
3054.660, 65.87624
3056.589, 72.00768
3058.517, 67.83899
3060.446, 63.69101
3062.374, 76.92672
3064.302, 71.26678
3066.231, 62.15504
3068.159, 56.72994
3070.088, 62.75563
3072.016, 65.99615
3073.945, 64.12199
3075.873, 58.74074
3077.802, 56.46236
3079.730, 56.46378
3081.659, 56.86759
3083.587, 60.29001
3085.516, 66.24203
3087.444, 62.71075
3089.373, 61.43255
3091.301, 60.02930
3093.229, 55.08024
3095.158, 60.58304
3097.086, 63.57617
3099.015, 53.41203
3100.943, 64.63380
3102.872, 63.09547
3104.800, 57.70204
3106.729, 55.59235
3108.657, 62.77281
3110.586, 59.95223
3112.514, 54.27964
3114.443, 52.44985
3116.371, 47.02985
3118.300, 52.72029
3120.228, 55.52707
3122.156, 46.29612
3124.085, 61.03973
3126.013, 58.83084
3127.942, 50.37309
3129.870, 50.84966
3131.799, 50.69436
3133.727, 54.21936
3135.656, 55.83875
3137.584, 51.87163
3139.513, 51.71872
3141.441, 49.77113
3143.370, 48.56600
3145.298, 54.84475
3147.227, 54.11694
3149.155, 45.92160
3151.083, 40.49841
3153.012, 39.71420
3154.940, 47.01500
3156.869, 45.02047
3158.797, 38.65124
3160.726, 34.12256
3162.654, 46.76348
3164.583, 52.79659
3166.511, 53.65386
3168.440, 49.25522
3170.368, 52.72445
3172.297, 51.89487
3174.225, 49.84991
3176.154, 48.76987
3178.082, 48.25979
3180.010, 40.88587
3181.939, 38.03493
3183.867, 40.84214
3185.796, 41.45471
3187.724, 42.05154
3189.653, 48.52316
3191.581, 51.28440
3193.510, 44.68946
3195.438, 41.59779
3197.367, 38.51863
3199.295, 39.61486
3201.224, 47.10790
3203.152, 47.40980
3205.081, 41.26044
3207.009, 41.13425
3208.938, 54.97981
3210.866, 41.70816
3212.794, 37.49874
3214.723, 43.78104
3216.651, 52.82549
3218.580, 51.60184
3220.508, 33.81346
3222.437, 30.77344
3224.365, 44.79240
3226.294, 43.06268
3228.222, 49.60658
3230.151, 45.73355
3232.079, 36.33912
3234.008, 37.45086
3235.936, 44.67802
3237.865, 45.93998
3239.793, 43.85498
3241.721, 43.13994
3243.650, 29.34959
3245.578, 32.94993
3247.507, 39.11003
3249.435, 35.85564
3251.364, 32.60596
3253.292, 35.08238
3255.221, 39.49427
3257.149, 41.92795
3259.078, 39.19516
3261.006, 41.69162
3262.935, 41.93660
3264.863, 38.53675
3266.792, 32.14223
3268.720, 38.18960
3270.648, 35.36646
3272.577, 31.34074
3274.505, 31.77538
3276.434, 33.90844
3278.362, 39.03024
3280.291, 44.90450
3282.219, 47.10947
3284.148, 42.44482
3286.076, 36.79953
3288.005, 33.72794
3289.933, 37.70496
3291.862, 46.16423
3293.790, 45.23086
3295.719, 49.72777
3297.647, 46.54575
3299.575, 42.31402
3301.504, 48.99894
3303.432, 47.73701
3305.361, 34.00414
3307.289, 23.28899
3309.218, 24.94794
3311.146, 35.62947
3313.075, 34.06598
3315.003, 35.80703
3316.932, 34.93208
3318.860, 23.11187
3320.789, 33.40372
3322.717, 26.84201
3324.646, 23.51965
3326.574, 30.53962
3328.502, 29.85432
3330.431, 37.85614
3332.359, 41.03501
3334.288, 37.93141
3336.216, 33.27568
3338.145, 33.73914
3340.073, 34.57451
3342.002, 33.35958
3343.930, 32.39174
3345.859, 36.78954
3347.787, 34.00066
3349.716, 37.22071
3351.644, 43.54552
3353.573, 44.83779
3355.501, 27.71422
3357.429, 34.01484
3359.358, 36.27601
3361.286, 35.29887
3363.215, 35.37624
3365.143, 33.05300
3367.072, 28.19821
3369.000, 31.84461
3370.929, 36.92282
3372.857, 29.80527
3374.786, 29.46047
3376.714, 24.37938
3378.643, 26.34348
3380.571, 33.62300
3382.500, 33.33893
3384.428, 42.21414
3386.356, 30.78670
3388.285, 23.65129
3390.213, 29.13369
3392.142, 24.04272
3394.070, 24.26539
3395.999, 25.05586
3397.927, 28.29169
3399.856, 32.84036
3401.784, 30.44971
3403.713, 30.99313
3405.641, 19.78073
3407.570, 14.39599
3409.498, 23.97419
3411.427, 20.68755
3413.355, 25.64760
3415.283, 27.76934
3417.212, 24.83137
3419.140, 21.03828
3421.069, 28.99269
3422.997, 19.61594
3424.926, 18.28398
3426.854, 22.92078
3428.783, 25.08517
3430.711, 28.83664
3432.640, 24.60782
3434.568, 22.05244
3436.497, 26.43091
3438.425, 33.71339
3440.354, 13.63066
3442.282, 13.50756
3444.210, 18.72548
3446.139, 21.89362
3448.067, 21.67269
3449.996, 18.47041
3451.924, 34.86493
3453.853, 34.29546
3455.781, 29.12954
3457.710, 30.47733
3459.638, 24.91907
3461.567, 38.25568
3463.495, 36.94951
3465.424, 29.63754
3467.352, 28.22279
3469.281, 34.18137
3471.209, 21.64531
3473.137, 21.65806
3475.066, 28.18222
3476.994, 28.46454
3478.923, 16.47016
3480.851, 19.36932
3482.780, 29.99626
3484.708, 23.17813
3486.637, 18.31191
3488.565, 36.14759
3490.494, 19.77387
3492.422, 21.04956
3494.351, 21.52968
3496.279, 18.20017
3498.208, 17.66253
3500.136, 27.31267
3502.064, 25.47917
3503.993, 18.02707
3505.921, 18.71385
3507.850, 25.61970
3509.778, 25.17296
3511.707, 20.77277
3513.635, 29.40036
3515.564, 30.16117
3517.492, 24.28968
3519.421, 22.91674
3521.349, 30.12299
3523.278, 31.86964
3525.206, 26.21238
3527.135, 19.57270
3529.063, 19.83743
3530.991, 34.71533
3532.920, 32.37822
3534.848, 22.54737
3536.777, 20.82597
3538.705, 21.86653
3540.634, 19.04369
3542.562, 31.69686
3544.491, 20.32501
3546.419, 17.30131
3548.348, 21.97071
3550.276, 28.76811
3552.205, 36.02916
3554.133, 29.71320
3556.062, 21.77919
3557.990, 23.59721
3559.918, 19.14152
3561.847, 7.092359
3563.775, 20.23704
3565.704, 22.63855
3567.632, 25.78889
3569.561, 25.92291
3571.489, 24.30791
3573.418, 25.14881
3575.346, 27.74967
3577.275, 27.89775
3579.203, 20.32115
3581.132, 17.07722
3583.060, 18.27155
3584.989, 16.04272
3586.917, 16.07455
3588.845, 22.71004
3590.774, 16.56953
3592.702, 13.75561
3594.631, 17.14736
3596.559, 12.36622
3598.488, 17.34508
3600.416, 12.75851
3602.345, 18.95439
3604.273, 19.23685
3606.202, 13.06248
3608.130, 24.41798
3610.059, 24.44628
3611.987, 18.96336
3613.916, 21.64212
3615.844, 23.14823
3617.772, 20.19864
3619.701, 20.14746
3621.629, 7.535123
3623.558, 9.238687
3625.486, 25.04816
3627.415, 27.42349
3629.343, 16.04487
3631.272, 13.38250
3633.200, 9.809909
3635.129, 20.53722
3637.057, 15.31029
3638.986, 9.787873
3640.914, 13.51888
3642.843, 19.56826
3644.771, 19.26025
3646.699, 16.94849
3648.628, 19.11967
3650.556, 29.39014
3652.485, 27.68320
3654.413, 8.245522
3656.342, 9.525924
3658.270, 20.17413
3660.199, 3.820127
3662.127, 8.274202
3664.056, 14.55306
3665.984, 9.768551
3667.913, 19.81938
3669.841, 7.829094
3671.770, 7.811290
3673.698, 11.88262
3675.626, 15.02311
3677.555, 15.71137
3679.483, 16.42102
3681.412, 27.72676
3683.340, 25.82593
3685.269, 6.270757
3687.197, 11.51664
3689.126, 22.84636
3691.054, 17.83976
3692.983, 7.530709
3694.911, 14.58587
3696.840, 9.846513
3698.768, 7.902617
3700.697, 6.538517
3702.625, 6.168090
3704.553, 9.588507
3706.482, 15.07653
3708.410, 27.97420
3710.339, 10.67829
3712.267, 8.229831
3714.196, 12.68725
3716.124, 15.71759
3718.053, 20.11411
3719.981, 17.42681
3721.910, 7.429681
3723.838, 16.44775
3725.767, 12.94010
3727.695, 5.029324
3729.624, 10.69387
3731.552, 25.98832
3733.480, 10.34995
3735.409, 12.39191
3737.337, 15.47189
3739.266, 9.027040
3741.194, 3.760760
3743.123, 5.312252
3745.051, 9.792316
3746.980, 16.47544
3748.908, 5.465799
3750.837, 11.35493
3752.765, 14.76198
3754.694, 6.817270
3756.622, 5.769981
3758.551, 21.12337
3760.479, 20.51017
3762.407, 3.107504
3764.336, 10.16261
3766.264, 17.06200
3768.193, 17.30471
3770.121, 17.55595
3772.050, 20.54712
3773.978, 20.61205
3775.907, 17.01195
3777.835, 18.41450
3779.764, 15.23625
3781.692, 24.81434
3783.621, 19.74720
3785.549, 1.440662
3787.478, 1.164877
3789.406, 11.88445
3791.334, 7.344017
3793.263, 18.21290
3795.191, 17.15349
3797.120, 16.99652
3799.048, 17.71932
3800.977, 11.76807
3802.905, 4.301628
3804.834, 11.46459
3806.762, 4.289993
3808.691, 6.331965
3810.619, 11.84620
3812.548, 13.41387
3814.476, 8.863207
3816.405, 3.312373
3818.333, 4.745474
3820.261, 1.974530
3822.190, 5.067041
3824.118, 13.23359
3826.047, 5.307811
3827.975, 0.4731715
3829.904, 5.597693
3831.832, 7.949101
3833.761, 2.343238
3835.689, 4.203600
3837.618, -3.505489
3839.546, 11.58751
3841.475, 5.493550
3843.403, 5.292702
3845.332, 11.86299
3847.260, 7.421701
3849.188, -0.8873265
3851.117, 4.132659
3853.045, 8.427277
3854.974, 8.192592
3856.902, 2.476008
3858.831, 4.421209
3860.759, 8.170528
3862.688, 4.970613
3864.616, 1.865691
3866.545, 17.71511
3868.473, 14.28833
3870.402, 18.58482
3872.330, 7.207363
3874.259, 4.853149
3876.187, 13.43294
3878.115, 9.627871
3880.044, 0.4059097
3881.972, 11.97271
3883.901, 8.841146
3885.829, 17.94845
3887.758, 6.235023
3889.686, -1.911980
3891.615, 4.900394
3893.543, 5.159379
3895.472, 4.055655
3897.400, 12.72248
3899.329, 17.68831
3901.257, 6.569011
3903.186, -5.492244
3905.114, -17.23355
3907.042, 3.602730
3908.971, 9.716680
3910.899, 1.755882
3912.828, -3.524925
3914.756, 1.507230
3916.685, 11.90511
3918.613, 9.232097
3920.542, 14.78590
3922.470, 11.06690
3924.399, 11.59438
3926.327, 0.2346209
3928.256, 5.047339
3930.184, 8.097432
3932.113, 4.155412
3934.041, 7.113638
3935.969, 11.52973
3937.898, 8.200384
3939.826, 14.44101
3941.755, 2.118495
3943.683, 6.309850
3945.612, 4.546600
3947.540, 5.346846
3949.469, 6.220133
3951.397, 5.515243
3953.326, 5.865038
3955.254, 3.818223
3957.183, 1.577532
3959.111, 15.86600
3961.040, 14.60284
3962.968, -6.618101
3964.896, -2.426189
3966.825, 4.472460
3968.753, 6.151091
3970.682, 11.56085
3972.610, 15.52412
3974.539, 5.458905
3976.467, -10.06841
3978.396, 1.840099
3980.324, 3.574322
3982.253, -1.826805
3984.181, -2.469344
3986.110, -1.778820
3988.038, 1.660091
3989.967, -3.067872
3991.895, -3.147340
3993.823, 5.969964
3995.752, -1.120918
3997.680, -21.81728
3999.609, -10.51740
4001.537, 13.01794
4003.466, 6.983391
4005.394, -0.5749063
4007.323, -0.3652196
4009.251, -3.442684
4011.180, 4.754850
4013.108, 5.431588
4015.037, 5.599834
4016.965, 16.54869
4018.894, 5.452939
4020.822, 9.027096
4022.750, 3.446071
4024.679, 7.504116
4026.607, 7.443770
4028.536, 17.00359
4030.464, 7.7161171E-02
4032.393, -2.554102
4034.321, 8.851673
4036.250, 8.738202
4038.178, -1.444182
4040.107, -3.212255
4042.035, 4.868816
4043.964, 4.122076
4045.892, 3.038469
4047.821, 6.643117
4049.749, -3.111772
4051.677, -5.542605
4053.606, -10.07546
4055.534, -4.059140
4057.463, -10.01068
4059.391, 1.576014
4061.320, 4.714451
4063.248, -3.796422
4065.177, -0.6252295
4067.105, -2.514246
4069.034, 9.272757
4070.962, -6.256011
4072.891, 4.935843
4074.819, 6.357619
4076.748, 5.135859
4078.676, 6.967641
4080.604, 13.15445
4082.533, 6.900687
4084.461, 5.933653
4086.390, 0.9107964
4088.318, 1.271462
4090.247, 3.447263
4092.175, -2.483020
4094.104, -3.830650
4096.032, -7.284443
4097.960, 9.832567
4099.889, 16.19489
4101.817, -0.2201843
4103.746, 1.324897
4105.674, -6.432781
4107.603, -1.795155
4109.531, 4.990232
4111.460, 5.659400
4113.388, -2.466959
4115.317, -9.048475
4117.245, -3.420679
4119.174, -0.7939349
4121.102, -1.978524
4123.031, 6.823743
4124.959, 4.152761
4126.888, -14.39053
4128.816, -2.611163
4130.745, 6.236726
4132.673, -1.611645
4134.602, 4.226295
4136.530, -6.651803
4138.458, 6.127452
4140.387, -6.979176
4142.315, -15.02098
4144.244, 6.112442
4146.172, 2.997066
4148.101, -2.617207
4150.029, -8.874156
4151.958, -3.065530
4153.886, 3.432773
4155.814, -3.319742
4157.743, 6.518103
4159.671, -2.579749
4161.600, 3.825386
4163.528, 3.567650
4165.457, 10.25006
4167.385, 1.369352
4169.314, 8.757824
4171.242, 7.778955
4173.171, -1.041325
4175.099, -7.147194
4177.028, 10.40872
4178.956, 8.085070
4180.885, 4.090349
4182.813, -4.629146
4184.742, -3.288834
4186.670, 8.486154
4188.599, -3.124045
4190.527, -9.685842
4192.456, 6.235689
4194.384, 8.840560
4196.313, 3.112598
4198.241, 4.087669
4200.169, 3.776411
4202.098, -8.387240
4204.026, 6.843734
4205.955, 6.691310
4207.883, 2.810973
4209.812, -8.979879
4211.740, -6.935175
4213.668, 21.27678
4215.597, -5.993690
4217.525, 1.642466
4219.454, -8.550072
4221.382, 3.372712
4223.311, 3.985258
4225.239, 0.5703269
4227.168, 7.611610
4229.096, -2.583773
4231.025, 5.325522
4232.953, 8.183337
4234.882, -2.309573
4236.810, 5.702087
4238.739, 9.542102
4240.667, 11.33185
4242.596, 11.69553
4244.524, -8.099563
4246.453, -4.586462
4248.381, 11.34219
4250.310, 11.19856
4252.238, 18.51912
4254.167, -5.570755
4256.095, 2.218381
4258.023, -2.543413
4259.952, 7.306738
4261.880, -4.098722
4263.809, 4.002314
4265.737, -0.7799304
4267.666, 2.176796
4269.594, -2.364807
4271.522, -7.379690
4273.451, 7.068659
4275.379, 0.2906138
4277.308, 23.11201
4279.236, -7.314195
4281.165, 6.522059
4283.093, 2.212137
4285.022, -7.895670
4286.950, -14.04967
4288.879, -23.42229
4290.807, -10.67955
4292.736, 4.004280
4294.664, 11.95463
4296.593, 23.25511
4298.521, 7.248155
4300.450, -5.625494
4302.378, 1.563849
4304.307, 2.930540
4306.235, -1.086330
4308.164, -3.871275
4310.092, 5.611478
4312.021, 10.81818
4313.949, 1.830365
4315.877, -5.033016
4317.806, 3.910286
4319.734, 11.11110
4321.663, 0.6423451
4323.591, -8.036575
4325.520, -1.280126
4327.448, 10.28501
4329.376, 2.561347
4331.305, -12.85287
4333.233, -12.70378
4335.162, -1.380872
##END=



