##NAMES=Diopside
##RRUFFID=R110128
##IDEAL CHEMISTRY=CaMgSi_2_O_6_
##LOCALITY=Alchori, Pakistan
##OWNER=RRUFF
##SOURCE=Jack Lowell
##DESCRIPTION=Dark green prismatic crystals associated with pale brown epidote, R110127
##STATUS=The identification of this mineral has been confirmed by single-crystal X-ray diffraction
##URL=https://www.rruff.net/odr/rruff_sample/R110128
##DIFFRACTION SAMPLE DESCRIPTION=Single crystal, powder profile is calculated
##CELL PARAMETERS=a: 9.787 b: 8.961 c: 5.264 alpha: 90 beta: 105.6 gamma: 90 volume: 444.7 crystal system: monoclinic
##FILETYPE=Raman Processed
##RAMAN WAVELENGTH=780

114.0310, 226.6219
115.9595, 231.5096
117.8879, 239.5390
119.8164, 251.7782
121.7449, 269.7972
123.6733, 291.1424
125.6018, 314.6865
127.5303, 340.3940
129.4587, 367.0974
131.3872, 399.1586
133.3157, 419.2198
135.2441, 421.0917
137.1726, 408.8207
139.1011, 379.6413
141.0295, 335.5384
142.9580, 296.5817
144.8865, 262.6980
146.8149, 234.1613
148.7434, 211.8600
150.6719, 194.1751
152.6003, 181.1144
154.5288, 172.3598
156.4573, 165.7761
158.3857, 161.4009
160.3142, 158.7144
162.2427, 158.6358
164.1711, 159.1432
166.0996, 159.4812
168.0281, 159.7277
169.9565, 160.1456
171.8850, 160.7693
173.8135, 161.0283
175.7419, 160.6966
177.6704, 160.0681
179.5989, 158.9505
181.5273, 157.7175
183.4558, 157.1083
185.3843, 157.0239
187.3127, 156.3384
189.2412, 154.5116
191.1697, 152.6439
193.0981, 151.0011
195.0266, 149.4018
196.9551, 147.5732
198.8835, 145.6353
200.8120, 144.0328
202.7405, 142.9775
204.6689, 141.8496
206.5974, 140.5247
208.5259, 139.1464
210.4543, 137.5987
212.3828, 136.1275
214.3113, 135.2027
216.2397, 134.9552
218.1682, 134.6700
220.0967, 134.1642
222.0251, 133.7654
223.9536, 133.6188
225.8821, 133.6056
227.8105, 133.6676
229.7390, 133.7920
231.6675, 133.6968
233.5959, 133.2232
235.5244, 132.7313
237.4529, 132.3522
239.3813, 131.8478
241.3098, 130.9290
243.2383, 129.8158
245.1667, 128.9861
247.0952, 128.5151
249.0237, 128.1507
250.9521, 128.1061
252.8806, 127.8478
254.8091, 126.9046
256.7375, 125.9243
258.6660, 125.5648
260.5945, 124.9968
262.5229, 124.5808
264.4514, 124.7273
266.3799, 124.8154
268.3083, 124.9770
270.2368, 125.8597
272.1653, 126.7923
274.0938, 127.8357
276.0222, 129.0191
277.9507, 130.3301
279.8792, 132.2597
281.8076, 135.0768
283.7361, 137.7073
285.6646, 139.5794
287.5930, 141.5031
289.5215, 143.7812
291.4500, 146.4915
293.3784, 149.8058
295.3069, 153.7141
297.2354, 158.4058
299.1638, 163.9420
301.0923, 170.1634
303.0208, 177.0932
304.9492, 184.6425
306.8777, 193.1072
308.8062, 202.1534
310.7346, 210.8549
312.6631, 219.2885
314.5916, 226.6358
316.5200, 233.5341
318.4485, 237.5354
320.3770, 237.5544
322.3054, 234.8970
324.2339, 229.5659
326.1624, 222.3945
328.0908, 215.9936
330.0193, 210.3325
331.9477, 205.9458
333.8762, 202.6989
335.8047, 201.3317
337.7331, 201.9023
339.6616, 204.3852
341.5901, 209.3065
343.5185, 216.1128
345.4470, 223.5245
347.3755, 231.6089
349.3039, 238.3189
351.2324, 244.1804
353.1609, 246.9716
355.0893, 244.8246
357.0178, 240.9431
358.9463, 236.8278
360.8747, 232.9669
362.8032, 229.8415
364.7317, 227.4648
366.6601, 227.4506
368.5886, 229.9560
370.5171, 235.1677
372.4455, 243.6928
374.3740, 254.1703
376.3025, 267.3583
378.2309, 281.0995
380.1594, 293.9482
382.0879, 305.4403
384.0163, 310.1455
385.9448, 307.5628
387.8733, 297.7509
389.8017, 277.5041
391.7302, 254.5750
393.6587, 229.6143
395.5871, 205.4684
397.5156, 184.1534
399.4441, 165.7231
401.3725, 150.6141
403.3010, 139.3920
405.2295, 130.1780
407.1579, 123.1956
409.0864, 117.6267
411.0149, 113.6925
412.9433, 110.7279
414.8718, 108.4837
416.8003, 106.7888
418.7287, 105.4089
420.6572, 104.3457
422.5857, 103.6288
424.5141, 103.4167
426.4426, 103.1327
428.3711, 102.6528
430.2995, 102.2203
432.2280, 101.9501
434.1565, 101.7805
436.0849, 101.7207
438.0134, 101.7166
439.9419, 101.5817
441.8703, 101.2857
443.7988, 101.0594
445.7273, 100.9113
447.6557, 100.7961
449.5842, 100.6831
451.5127, 100.6277
453.4411, 100.6473
455.3696, 100.7333
457.2981, 100.9465
459.2265, 101.2221
461.1550, 101.2304
463.0835, 100.9535
465.0119, 100.9622
466.9404, 101.4492
468.8689, 101.6787
470.7973, 101.2469
472.7258, 100.7586
474.6543, 100.3630
476.5827, 100.1469
478.5112, 100.3082
480.4397, 100.7249
482.3681, 100.8818
484.2966, 100.8052
486.2251, 101.1394
488.1535, 102.0857
490.0820, 102.9315
492.0105, 103.0831
493.9389, 103.6091
495.8674, 105.2382
497.7959, 107.0603
499.7243, 108.3117
501.6528, 109.0996
503.5813, 109.7155
505.5097, 110.1440
507.4382, 110.0925
509.3667, 109.3347
511.2951, 109.0393
513.2236, 109.8956
515.1521, 110.5867
517.0806, 110.6309
519.0090, 110.6003
520.9375, 110.8860
522.8660, 111.3148
524.7944, 111.6856
526.7229, 111.9941
528.6514, 112.2824
530.5798, 112.1594
532.5083, 112.4747
534.4368, 111.5563
536.3652, 110.7112
538.2937, 109.9456
540.2222, 109.3855
542.1506, 109.2015
544.0791, 109.1264
546.0076, 108.9562
547.9360, 108.7222
549.8645, 108.5443
551.7930, 107.9291
553.7214, 107.8055
555.6499, 106.5751
557.5784, 105.5565
559.5068, 104.7936
561.4353, 104.1716
563.3638, 103.8874
565.2922, 103.4469
567.2207, 102.4456
569.1492, 101.3783
571.0776, 100.7711
573.0061, 100.2861
574.9345, 99.19384
576.8630, 97.57228
578.7914, 96.42411
580.7199, 95.87495
582.6484, 95.40376
584.5768, 95.11180
586.5053, 94.60278
588.4338, 93.59548
590.3622, 92.75438
592.2907, 92.29855
594.2192, 92.22253
596.1476, 92.59315
598.0761, 93.27256
600.0046, 94.18303
601.9330, 95.24143
603.8615, 95.96368
605.7900, 96.30125
607.7184, 97.62248
609.6469, 100.1272
611.5754, 102.1911
613.5038, 103.0533
615.4323, 104.9457
617.3608, 108.5021
619.2892, 113.4863
621.2177, 119.6198
623.1462, 127.2284
625.0746, 136.8409
627.0031, 147.9339
628.9316, 160.2051
630.8600, 173.2383
632.7885, 185.0986
634.7170, 195.8894
636.6454, 206.5337
638.5739, 216.7821
640.5024, 229.0955
642.4308, 243.1127
644.3593, 261.2276
646.2878, 283.9239
648.2162, 310.9839
650.1447, 343.7736
652.0732, 379.4471
654.0016, 418.2432
655.9301, 456.8447
657.8586, 494.3159
659.7870, 526.6259
661.7155, 547.5586
663.6440, 555.8085
665.5724, 542.5037
667.5009, 505.9529
669.4294, 461.1797
671.3578, 405.2608
673.2863, 352.6456
675.2148, 304.1071
677.1432, 260.6555
679.0717, 221.6358
681.0002, 188.9909
682.9286, 164.5686
684.8571, 145.9352
686.7856, 132.3858
688.7141, 122.6188
690.6425, 115.5596
692.5710, 110.6098
694.4995, 106.6016
696.4279, 103.4663
698.3564, 100.4828
700.2849, 97.53402
702.2133, 95.21563
704.1418, 93.95003
706.0703, 92.56337
707.9987, 90.77157
709.9272, 89.37418
711.8557, 88.74058
713.7841, 88.16267
715.7126, 87.36587
717.6411, 86.52247
719.5695, 85.55569
721.4980, 84.78885
723.4265, 84.64786
725.3549, 84.78410
727.2834, 84.64822
729.2119, 84.34238
731.1403, 84.27596
733.0688, 84.42120
734.9973, 84.08836
736.9257, 84.03060
738.8542, 83.96053
740.7827, 83.48889
742.7111, 83.68163
744.6396, 83.09579
746.5681, 82.72163
748.4965, 82.93956
750.4250, 83.03457
752.3535, 82.58472
754.2819, 82.20515
756.2104, 82.24045
758.1389, 82.37701
760.0673, 82.43227
761.9958, 82.47762
763.9243, 82.68106
765.8527, 82.86053
767.7812, 82.59225
769.7097, 82.07896
771.6381, 81.91861
773.5666, 82.05527
775.4951, 82.19382
777.4235, 82.32944
779.3520, 82.49449
781.2805, 82.69561
783.2089, 82.76357
785.1374, 82.67835
787.0659, 82.45386
788.9943, 81.96870
790.9228, 81.67651
792.8513, 81.82546
794.7797, 81.96046
796.7082, 81.85795
798.6367, 81.89089
800.5651, 82.37800
802.4936, 82.83854
804.4221, 82.85641
806.3505, 82.84534
808.2790, 83.16607
810.2075, 83.66428
812.1359, 83.94707
814.0644, 84.43066
815.9929, 85.83040
817.9213, 87.88445
819.8498, 90.19411
821.7783, 92.61382
823.7067, 94.49741
825.6352, 95.86178
827.5637, 97.40246
829.4921, 99.15730
831.4206, 100.8371
833.3491, 101.9908
835.2775, 104.4510
837.2060, 108.4837
839.1345, 113.4836
841.0629, 119.8964
842.9914, 126.4949
844.9199, 133.5633
846.8483, 140.0677
848.7768, 146.3035
850.7053, 151.0179
852.6337, 154.7287
854.5622, 155.0952
856.4907, 149.8350
858.4191, 142.4783
860.3476, 134.2098
862.2761, 125.9357
864.2045, 117.8932
866.1330, 110.5929
868.0615, 104.4533
869.9899, 99.36741
871.9184, 95.27596
873.8469, 92.08719
875.7753, 89.80370
877.7038, 88.21675
879.6323, 86.87824
881.5607, 85.80459
883.4892, 85.13386
885.4177, 84.79544
887.3461, 84.29560
889.2746, 83.67375
891.2031, 83.67059
893.1315, 84.24787
895.0600, 84.36195
896.9885, 83.98869
898.9169, 83.79146
900.8454, 83.81682
902.7739, 83.89242
904.7023, 84.02820
906.6308, 83.82632
908.5593, 83.12582
910.4877, 82.85767
912.4162, 83.33897
914.3447, 83.58958
916.2731, 83.27862
918.2016, 83.16494
920.1301, 83.62940
922.0585, 83.85532
923.9870, 83.55800
925.9155, 83.13063
927.8439, 82.59892
929.7724, 82.02782
931.7009, 81.30521
933.6293, 80.72795
935.5578, 80.50854
937.4863, 80.31709
939.4147, 79.94855
941.3432, 79.65105
943.2717, 79.50764
945.2001, 79.56531
947.1286, 80.10487
949.0571, 80.55063
950.9855, 80.24583
952.9140, 79.96856
954.8425, 80.31680
956.7709, 81.00387
958.6994, 81.86761
960.6279, 82.83836
962.5563, 83.80598
964.4848, 84.87550
966.4133, 85.81599
968.3417, 87.24712
970.2702, 89.65524
972.1987, 93.15098
974.1271, 97.62842
976.0556, 103.4921
977.9841, 111.8498
979.9125, 121.6080
981.8410, 131.6111
983.7695, 141.2706
985.6979, 148.7545
987.6264, 155.5079
989.5549, 163.5596
991.4833, 173.7252
993.4118, 187.4551
995.3403, 205.0032
997.2687, 227.2661
999.1972, 253.7043
1001.126, 284.2096
1003.054, 317.2046
1004.983, 349.9906
1006.911, 380.6098
1008.840, 404.7983
1010.768, 420.6502
1012.696, 421.5412
1014.625, 408.2650
1016.553, 380.2960
1018.482, 341.3687
1020.410, 303.5492
1022.339, 267.5603
1024.267, 235.6218
1026.196, 208.1490
1028.124, 186.6928
1030.053, 171.1009
1031.981, 161.5294
1033.910, 157.0163
1035.838, 154.9103
1037.767, 154.4532
1039.695, 153.2269
1041.624, 151.1327
1043.552, 147.9400
1045.480, 143.5611
1047.409, 137.4252
1049.337, 129.9594
1051.266, 122.1183
1053.194, 114.1783
1055.123, 106.7174
1057.051, 99.85350
1058.980, 93.76662
1060.908, 88.58714
1062.837, 84.73607
1064.765, 82.00813
1066.694, 80.29057
1068.622, 79.07291
1070.550, 77.00217
1072.479, 74.66790
1074.407, 73.44577
1076.336, 72.88081
1078.264, 72.22032
1080.193, 71.40301
1082.121, 70.03910
1084.050, 68.66048
1085.978, 68.42608
1087.907, 68.62401
1089.835, 68.07359
1091.764, 67.23161
1093.692, 66.71152
1095.620, 66.38199
1097.549, 66.16157
1099.477, 65.93618
1101.406, 65.58170
1103.334, 65.12954
1105.263, 64.51789
1107.191, 63.93092
1109.120, 63.58581
1111.048, 63.30474
1112.977, 62.99914
1114.905, 62.61075
1116.834, 61.86012
1118.762, 61.32188
1120.691, 61.62342
1122.619, 61.92557
1124.547, 61.75394
1126.476, 61.37729
1128.404, 60.85040
1130.333, 60.30087
1132.261, 59.78389
1134.190, 59.26065
1136.118, 58.67253
1138.047, 58.17033
1139.975, 57.80481
1141.904, 57.56797
1143.832, 57.56143
1145.761, 57.38566
1147.689, 56.88931
1149.618, 56.34611
1151.546, 55.78410
1153.474, 55.31904
1155.403, 54.98110
1157.331, 54.70340
1159.260, 54.48040
1161.188, 54.30540
1163.117, 54.18134
1165.045, 54.06433
1166.974, 53.94817
1168.902, 53.84755
1170.831, 53.76363
1172.759, 53.80274
1174.688, 53.92809
1176.616, 53.72504
1178.545, 53.30444
1180.473, 53.46195
1182.401, 53.01070
1184.330, 53.48224
1186.258, 52.59174
1188.187, 52.45507
1190.115, 52.70680
1192.044, 52.67962
1193.972, 52.51909
1195.901, 52.38914
1197.829, 52.28837
1199.758, 52.28101
1201.686, 52.22015
1203.615, 51.91346
1205.543, 51.57969
1207.472, 51.33043
1209.400, 51.18575
1211.328, 51.21254
1213.257, 51.26120
1215.185, 51.25349
1217.114, 51.28582
1219.042, 51.40757
1220.971, 51.53805
1222.899, 51.74560
1224.828, 51.67319
1226.756, 51.07839
1228.685, 50.86394
1230.613, 51.21851
1232.542, 51.49133
1234.470, 51.66149
1236.399, 51.74863
1238.327, 51.75153
1240.255, 51.39771
1242.184, 50.76770
1244.112, 50.32190
1246.041, 50.09966
1247.969, 50.40952
1249.898, 50.90553
1251.826, 50.81965
1253.755, 50.53296
1255.683, 50.59772
1257.612, 50.70722
1259.540, 50.48212
1261.469, 50.28239
1263.397, 50.37804
1265.326, 50.53474
1267.254, 50.76072
1269.182, 50.80242
1271.111, 50.87722
1273.039, 50.88194
1274.968, 50.87188
1276.896, 50.83469
1278.825, 50.77121
1280.753, 50.85557
1282.682, 50.39601
1284.610, 50.55008
1286.539, 50.19599
1288.467, 49.78438
1290.396, 49.42379
1292.324, 49.48973
1294.253, 49.80155
1296.181, 50.11926
1298.109, 50.26099
1300.038, 49.68365
1301.966, 49.16119
1303.895, 49.65286
1305.823, 50.17473
1307.752, 49.96251
1309.680, 49.77989
1311.609, 50.10381
1313.537, 50.24952
1315.466, 49.87300
1317.394, 49.64563
1319.323, 49.64938
1321.251, 49.80878
1323.180, 49.69930
1325.108, 50.16846
1327.036, 49.70141
1328.965, 49.43129
1330.893, 49.36668
1332.822, 49.71867
1334.750, 49.50372
1336.679, 49.90889
1338.607, 49.52610
1340.536, 49.66189
1342.464, 49.78179
1344.393, 49.55090
1346.321, 49.19567
1348.250, 48.69027
1350.178, 48.47235
1352.107, 48.75349
1354.035, 48.93561
1355.964, 48.90976
1357.892, 48.93832
1359.820, 49.04184
1361.749, 48.82509
1363.677, 48.36981
1365.606, 48.15062
1367.534, 48.04175
1369.463, 47.61715
1371.391, 47.27876
1373.320, 47.75007
1375.248, 48.25423
1377.177, 48.13997
1379.105, 47.97665
1381.034, 48.04637
1382.962, 47.93306
1384.891, 47.46553
1386.819, 47.23691
1388.747, 47.33158
1390.676, 47.51348
1392.604, 47.72105
1394.533, 47.56024
1396.461, 47.18386
1398.390, 47.03695
1400.318, 47.03983
1402.247, 47.14813
1404.175, 47.23233
1406.104, 47.19456
1408.032, 47.05455
1409.961, 46.76916
1411.889, 46.47877
1413.818, 46.06288
1415.746, 46.07059
1417.674, 45.88501
1419.603, 45.76934
1421.531, 45.90953
1423.460, 45.74315
1425.388, 45.97512
1427.317, 46.19445
1429.245, 46.34795
1431.174, 46.35890
1433.102, 46.29995
1435.031, 46.21225
1436.959, 46.08635
1438.888, 46.05231
1440.816, 45.75484
1442.745, 45.89284
1444.673, 45.87352
1446.601, 45.67311
1448.530, 45.38567
1450.458, 45.06814
1452.387, 45.04950
1454.315, 45.14955
1456.244, 45.07810
1458.172, 44.92760
1460.101, 44.73898
1462.029, 44.56166
1463.958, 44.38335
1465.886, 44.34761
1467.815, 44.50660
1469.743, 44.67811
1471.672, 44.83831
1473.600, 44.85909
1475.528, 44.76958
1477.457, 44.63700
1479.385, 44.52124
1481.314, 44.64886
1483.242, 44.64954
1485.171, 44.09376
1487.099, 43.55239
1489.028, 43.10674
1490.956, 43.08313
1492.885, 43.56637
1494.813, 43.90890
1496.742, 44.01823
1498.670, 43.40828
1500.599, 42.56369
1502.527, 42.63987
1504.455, 42.96490
1506.384, 42.84733
1508.312, 42.66581
1510.241, 42.65410
1512.169, 42.54320
1514.098, 42.17842
1516.026, 42.20629
1517.955, 42.63190
1519.883, 42.64645
1521.812, 42.36401
1523.740, 42.02440
1525.669, 41.84764
1527.597, 42.32921
1529.526, 42.66297
1531.454, 42.19915
1533.382, 41.83998
1535.311, 41.88060
1537.239, 41.86428
1539.168, 41.77508
1541.096, 41.62520
1543.025, 41.46905
1544.953, 41.55904
1546.882, 41.66798
1548.810, 41.43887
1550.739, 41.36318
1552.667, 41.23704
1554.596, 41.02440
1556.524, 41.07073
1558.453, 40.76231
1560.381, 41.03502
1562.309, 41.22814
1564.238, 41.32023
1566.166, 41.22366
1568.095, 41.05564
1570.023, 40.80452
1571.952, 40.78542
1573.880, 41.22424
1575.809, 41.30853
1577.737, 40.90488
1579.666, 40.67390
1581.594, 40.59640
1583.523, 40.42826
1585.451, 40.21680
1587.380, 39.94576
1589.308, 39.79397
1591.236, 39.99847
1593.165, 40.06964
1595.093, 39.90783
1597.022, 39.71459
1598.950, 39.53441
1600.879, 39.55241
1602.807, 39.70271
1604.736, 40.03156
1606.664, 40.17473
1608.593, 39.69596
1610.521, 39.22435
1612.450, 38.91912
1614.378, 38.70427
1616.307, 38.57967
1618.235, 38.77205
1620.163, 39.02934
1622.092, 38.62543
1624.020, 38.20975
1625.949, 38.50221
1627.877, 38.64059
1629.806, 38.07998
1631.734, 37.89598
1633.663, 38.15791
1635.591, 38.30081
1637.520, 38.29577
1639.448, 37.95491
1641.377, 37.58308
1643.305, 37.39198
1645.234, 37.32878
1647.162, 37.44137
1649.090, 37.36607
1651.019, 37.45583
1652.947, 37.44131
1654.876, 37.51185
1656.804, 37.40978
1658.733, 37.21746
1660.661, 37.15437
1662.590, 37.09284
1664.518, 37.02975
1666.447, 36.59949
1668.375, 36.61016
1670.304, 35.97244
1672.232, 36.38368
1674.161, 36.28703
1676.089, 36.18884
1678.017, 36.41986
1679.946, 36.53905
1681.874, 36.46703
1683.803, 36.20525
1685.731, 35.84158
1687.660, 35.62522
1689.588, 35.58105
1691.517, 35.95853
1693.445, 36.09134
1695.374, 35.64414
1697.302, 35.34408
1699.231, 35.23884
1701.159, 35.02592
1703.088, 34.83679
1705.016, 35.00511
1706.944, 35.20891
1708.873, 35.33761
1710.801, 35.14183
1712.730, 34.50438
1714.658, 34.25923
1716.587, 34.32058
1718.515, 34.26650
1720.444, 34.20066
1722.372, 34.18813
1724.301, 34.27943
1726.229, 34.25517
1728.158, 34.27613
1730.086, 34.32275
1732.015, 34.25925
1733.943, 34.29939
1735.871, 34.24104
1737.800, 34.04773
1739.728, 33.60383
1741.657, 33.39063
1743.585, 33.49635
1745.514, 33.41502
1747.442, 33.24937
1749.371, 33.22176
1751.299, 33.24445
1753.228, 33.26831
1755.156, 33.34575
1757.085, 33.49807
1759.013, 33.27802
1760.942, 33.23182
1762.870, 32.85706
1764.798, 32.87692
1766.727, 32.58366
1768.655, 32.42570
1770.584, 32.50001
1772.512, 32.54546
1774.441, 32.53472
1776.369, 32.39867
1778.298, 32.26628
1780.226, 32.29952
1782.155, 32.26714
1784.083, 32.11816
1786.012, 32.05388
1787.940, 32.02562
1789.869, 31.82714
1791.797, 31.57870
1793.725, 31.31975
1795.654, 31.22661
1797.582, 31.36831
1799.511, 31.13154
1801.439, 31.26938
1803.368, 30.97592
1805.296, 31.34222
1807.225, 31.53622
1809.153, 31.41488
1811.082, 30.87016
1813.010, 30.76048
1814.939, 30.90306
1816.867, 30.72230
1818.796, 30.53301
1820.724, 30.57098
1822.652, 30.59879
1824.581, 30.58335
1826.509, 30.45624
1828.438, 30.24924
1830.366, 29.93244
1832.295, 29.74907
1834.223, 29.82516
1836.152, 30.11926
1838.080, 30.59630
1840.009, 30.49967
1841.937, 30.07851
1843.866, 29.47909
1845.794, 29.23071
1847.723, 29.59038
1849.651, 29.79603
1851.579, 29.78143
1853.508, 29.55942
1855.436, 29.31619
1857.365, 29.29487
1859.293, 29.17900
1861.222, 28.89609
1863.150, 28.79853
1865.079, 28.82050
1867.007, 28.66729
1868.936, 28.66897
1870.864, 28.54114
1872.793, 28.49970
1874.721, 28.39299
1876.650, 28.29749
1878.578, 28.44700
1880.506, 28.11406
1882.435, 27.93116
1884.363, 28.18958
1886.292, 27.99496
1888.220, 27.55486
1890.149, 27.86611
1892.077, 28.21716
1894.006, 27.97622
1895.934, 27.75246
1897.863, 27.62822
1899.791, 27.50848
1901.720, 27.47787
1903.648, 27.84412
1905.577, 27.93859
1907.505, 27.90631
1909.433, 27.17591
1911.362, 27.72946
1913.290, 27.48533
1915.219, 27.22033
1917.147, 27.59836
1919.076, 27.57041
1921.004, 26.98170
1922.933, 26.74355
1924.861, 26.70188
1926.790, 26.65639
1928.718, 26.72601
1930.647, 26.59067
1932.575, 26.81327
1934.504, 26.42964
1936.432, 26.53864
1938.360, 26.58271
1940.289, 26.24567
1942.217, 26.18072
1944.146, 26.37692
1946.074, 26.24501
1948.003, 26.05549
1949.931, 26.04105
1951.860, 26.14971
1953.788, 25.97565
1955.717, 26.11962
1957.645, 25.74467
1959.574, 25.62455
1961.502, 25.39880
1963.431, 24.95136
1965.359, 25.10997
1967.287, 25.52951
1969.216, 25.37471
1971.144, 25.12886
1973.073, 24.99539
1975.001, 24.94569
1976.930, 24.97159
1978.858, 24.90861
1980.787, 25.20352
1982.715, 24.92887
1984.644, 24.84522
1986.572, 24.92990
1988.501, 24.58316
1990.429, 24.25564
1992.358, 24.41678
1994.286, 24.49850
1996.214, 24.42117
1998.143, 24.26557
2000.071, 24.07117
2002.000, 23.78648
2003.928, 23.82764
2005.857, 23.54450
2007.785, 23.96678
2009.714, 23.31938
2011.642, 23.26716
2013.571, 23.50855
2015.499, 24.00183
2017.428, 23.70358
2019.356, 23.14444
2021.285, 23.36039
2023.213, 23.64066
2025.141, 23.79919
2027.070, 23.64749
2028.998, 23.31046
2030.927, 22.91716
2032.855, 22.68188
2034.784, 22.67224
2036.712, 22.70729
2038.641, 22.72069
2040.569, 22.71758
2042.498, 22.47116
2044.426, 22.71133
2046.355, 22.85518
2048.283, 22.85539
2050.212, 22.60571
2052.140, 22.38385
2054.068, 22.30904
2055.997, 22.09973
2057.925, 21.85187
2059.854, 21.81424
2061.782, 21.75581
2063.711, 21.55475
2065.639, 21.54470
2067.568, 21.64062
2069.496, 21.69454
2071.425, 21.68391
2073.353, 21.59310
2075.281, 21.38507
2077.210, 21.19950
2079.138, 21.32472
2081.067, 21.45172
2082.995, 21.50281
2084.924, 21.27496
2086.852, 20.91384
2088.781, 20.53164
2090.709, 20.47365
2092.638, 20.27282
2094.566, 20.57177
2096.495, 20.18792
2098.423, 20.67181
2100.352, 20.77192
2102.280, 20.25581
2104.208, 20.17626
2106.137, 20.30357
2108.065, 20.50674
2109.994, 20.38306
2111.922, 20.47824
2113.851, 20.19226
2115.779, 20.34452
2117.708, 19.89375
2119.636, 19.56429
2121.565, 19.45325
2123.493, 19.64663
2125.422, 19.81823
2127.350, 19.80681
2129.279, 19.67699
2131.207, 19.50100
2133.135, 19.45648
2135.064, 19.34211
2136.992, 19.08331
2138.921, 18.94883
2140.849, 18.90099
2142.778, 18.85655
2144.706, 18.94412
2146.635, 19.16097
2148.563, 18.73141
2150.492, 18.23673
2152.420, 18.19020
2154.349, 18.42477
2156.277, 18.80534
2158.206, 18.63891
2160.134, 18.39163
2162.063, 18.30142
2163.991, 18.29956
2165.919, 18.32127
2167.848, 18.20748
2169.776, 18.12075
2171.705, 18.12285
2173.633, 17.93731
2175.562, 17.74091
2177.490, 17.77600
2179.419, 17.71714
2181.347, 17.53484
2183.276, 17.44487
2185.204, 17.46735
2187.133, 17.63080
2189.061, 17.69060
2190.990, 17.60491
2192.918, 17.20176
2194.846, 16.96373
2196.775, 17.01671
2198.703, 16.93813
2200.632, 16.81454
2202.560, 16.79677
2204.489, 16.65142
2206.417, 16.43890
2208.346, 16.61498
2210.274, 16.78076
2212.203, 16.69913
2214.131, 16.64483
2216.060, 16.59544
2217.988, 16.43493
2219.917, 16.42073
2221.845, 16.57455
2223.773, 16.27633
2225.702, 16.07569
2227.630, 16.62682
2229.559, 16.80077
2231.487, 16.60961
2233.416, 16.13545
2235.344, 15.83506
2237.273, 15.89494
2239.201, 15.97129
2241.130, 16.00772
2243.058, 15.95880
2244.987, 15.78665
2246.915, 15.58594
2248.844, 15.84936
2250.772, 15.96116
2252.700, 15.67427
2254.629, 15.62323
2256.557, 15.73683
2258.486, 15.50913
2260.414, 15.51508
2262.343, 15.33706
2264.271, 15.33603
2266.200, 15.36410
2268.128, 15.23892
2270.057, 15.30194
2271.985, 15.35248
2273.914, 15.05950
2275.842, 14.87846
2277.771, 14.86147
2279.699, 15.04471
2281.627, 15.10455
2283.556, 14.93509
2285.484, 14.88030
2287.413, 14.88097
2289.341, 14.90560
2291.270, 14.76804
2293.198, 14.56880
2295.127, 14.70797
2297.055, 14.69737
2298.984, 14.38933
2300.912, 14.10810
2302.841, 13.99244
2304.769, 14.30188
2306.698, 14.30109
2308.626, 14.10670
2310.554, 13.99989
2312.483, 14.01433
2314.411, 13.85973
2316.340, 13.90690
2318.268, 13.70970
2320.197, 13.74776
2322.125, 13.73283
2324.054, 13.77960
2325.982, 14.12712
2327.911, 14.21679
2329.839, 14.01708
2331.768, 13.66150
2333.696, 13.36410
2335.625, 13.19626
2337.553, 12.98368
2339.481, 13.11684
2341.410, 12.95522
2343.338, 13.06676
2345.267, 12.91341
2347.195, 13.17907
2349.124, 13.27503
2351.052, 13.07772
2352.981, 13.02790
2354.909, 12.94686
2356.838, 12.76809
2358.766, 12.66936
2360.695, 12.66478
2362.623, 12.59289
2364.552, 12.77061
2366.480, 12.56150
2368.408, 12.58956
2370.337, 12.53948
2372.265, 12.40067
2374.194, 12.34295
2376.122, 12.39118
2378.051, 12.57179
2379.979, 12.64891
2381.908, 12.57975
2383.836, 12.25676
2385.765, 12.17581
2387.693, 12.23163
2389.622, 12.27485
2391.550, 12.19994
2393.479, 12.16646
2395.407, 12.00596
2397.335, 11.93402
2399.264, 11.79603
2401.192, 11.56825
2403.121, 11.52214
2405.049, 11.45940
2406.978, 11.65216
2408.906, 11.47044
2410.835, 11.58797
2412.763, 11.64692
2414.692, 11.61828
2416.620, 11.44196
2418.549, 11.39358
2420.477, 11.49746
2422.406, 11.80400
2424.334, 11.82583
2426.262, 11.51288
2428.191, 11.23825
2430.119, 11.26100
2432.048, 11.06540
2433.976, 10.87792
2435.905, 10.97190
2437.833, 10.61681
2439.762, 10.61399
2441.690, 10.77897
2443.619, 10.92819
2445.547, 10.86531
2447.476, 10.66159
2449.404, 10.43576
2451.333, 10.40273
2453.261, 10.52934
2455.189, 10.53113
2457.118, 10.59096
2459.046, 10.74235
2460.975, 10.54733
2462.903, 10.51562
2464.832, 10.39168
2466.760, 10.49979
2468.689, 10.37159
2470.617, 10.26258
2472.546, 10.24266
2474.474, 10.14731
2476.403, 10.12018
2478.331, 10.05143
2480.260, 9.969040
2482.188, 9.963777
2484.116, 9.856399
2486.045, 9.900876
2487.973, 9.965398
2489.902, 9.442072
2491.830, 9.593854
2493.759, 8.941740
2495.687, 9.432494
2497.616, 9.795207
2499.544, 9.609317
2501.473, 9.439260
2503.401, 9.441937
2505.330, 9.264476
2507.258, 9.213738
2509.187, 9.432380
2511.115, 9.399016
2513.043, 9.371393
2514.972, 9.554050
2516.900, 9.611269
2518.829, 9.445843
2520.757, 9.573610
2522.686, 9.490703
2524.614, 9.486725
2526.543, 9.376386
2528.471, 9.368793
2530.400, 9.311531
2532.328, 9.268799
2534.257, 9.263610
2536.185, 9.091171
2538.114, 9.159550
2540.042, 8.910351
2541.970, 8.962096
2543.899, 8.867652
2545.827, 8.982859
2547.756, 8.930162
2549.684, 8.926407
2551.613, 8.752221
2553.541, 8.493133
2555.470, 8.504745
2557.398, 8.348180
2559.327, 8.127822
2561.255, 8.449678
2563.184, 8.659115
2565.112, 8.637931
2567.041, 8.380886
2568.969, 8.358587
2570.897, 8.530202
2572.826, 8.362100
2574.754, 8.338728
2576.683, 8.444269
2578.611, 8.042254
2580.540, 7.845253
2582.468, 7.958505
2584.397, 8.057841
2586.325, 8.080708
2588.254, 8.040226
2590.182, 8.197896
2592.111, 7.981547
2594.039, 7.434049
2595.968, 8.132310
2597.896, 8.235860
2599.824, 7.507747
2601.753, 7.680591
2603.681, 7.726088
2605.610, 7.434770
2607.538, 7.137047
2609.467, 7.223950
2611.395, 7.023155
2613.324, 7.413986
2615.252, 7.175976
2617.181, 7.133122
2619.109, 7.744202
2621.038, 7.789102
2622.966, 7.264250
2624.895, 7.269110
2626.823, 7.240544
2628.751, 7.090074
2630.680, 6.932144
2632.608, 6.826697
2634.537, 6.804137
2636.465, 7.001110
2638.394, 6.831048
2640.322, 6.532510
2642.251, 7.004583
2644.179, 6.954528
2646.108, 6.600635
2648.036, 6.789946
2649.965, 6.773484
2651.893, 6.619522
2653.822, 6.561619
2655.750, 6.678824
2657.678, 6.778956
2659.607, 6.577078
2661.535, 6.623575
2663.464, 6.768729
2665.392, 6.823205
2667.321, 6.574058
2669.249, 6.334725
2671.178, 6.363170
2673.106, 6.522620
2675.035, 6.552617
2676.963, 6.317345
2678.892, 6.251774
2680.820, 6.204841
2682.749, 6.107065
2684.677, 6.260269
2686.605, 6.364345
2688.534, 6.306251
2690.462, 6.107251
2692.391, 6.040520
2694.319, 6.123383
2696.248, 6.114150
2698.176, 5.990438
2700.105, 5.854211
2702.033, 6.059846
2703.962, 6.042150
2705.890, 5.844635
2707.819, 5.707901
2709.747, 5.706737
2711.676, 5.763498
2713.604, 5.824901
2715.532, 5.499929
2717.461, 5.191837
2719.389, 5.324450
2721.318, 5.451478
2723.246, 5.441448
2725.175, 5.211118
2727.103, 5.229915
2729.032, 5.339277
2730.960, 5.447577
2732.889, 5.406869
2734.817, 5.305905
2736.746, 5.196297
2738.674, 5.146386
2740.603, 5.243639
2742.531, 5.157740
2744.459, 5.221894
2746.388, 5.138241
2748.316, 5.122017
2750.245, 5.139441
2752.173, 4.948802
2754.102, 4.821848
2756.030, 4.970129
2757.959, 4.940469
2759.887, 4.910017
2761.816, 4.946037
2763.744, 4.773286
2765.673, 4.850954
2767.601, 4.750016
2769.530, 4.793940
2771.458, 4.634440
2773.386, 4.648207
2775.315, 4.644414
2777.243, 4.734080
2779.172, 4.819623
2781.100, 4.788983
2783.029, 4.844676
2784.957, 4.758500
2786.886, 4.404078
2788.814, 4.415370
2790.743, 4.513125
2792.671, 4.600383
2794.600, 4.755250
2796.528, 4.608066
2798.457, 4.294765
2800.385, 4.132771
2802.313, 4.252509
2804.242, 4.335937
2806.170, 4.123797
2808.099, 4.191714
2810.027, 4.280401
2811.956, 4.238391
2813.884, 3.912679
2815.813, 3.721559
2817.741, 3.792887
2819.670, 4.286611
2821.598, 4.279747
2823.527, 4.002439
2825.455, 3.857587
2827.384, 3.899812
2829.312, 3.922997
2831.240, 3.806732
2833.169, 3.670046
2835.097, 3.757013
2837.026, 4.010840
2838.954, 4.051876
2840.883, 3.975815
2842.811, 3.816126
2844.740, 3.573562
2846.668, 3.526864
2848.597, 3.545566
2850.525, 3.541352
2852.454, 3.661321
2854.382, 3.540155
2856.311, 3.556998
2858.239, 3.575067
2860.167, 3.444957
2862.096, 3.524258
2864.024, 3.427365
2865.953, 3.257100
2867.881, 3.242589
2869.810, 3.407323
2871.738, 3.357533
2873.667, 3.348534
2875.595, 3.385207
2877.524, 3.330204
2879.452, 3.373882
2881.381, 3.392222
2883.309, 3.277366
2885.238, 3.365871
2887.166, 3.399754
2889.094, 3.329549
2891.023, 3.272747
2892.951, 3.260370
2894.880, 3.270717
2896.808, 3.258236
2898.737, 3.172889
2900.665, 3.184586
2902.594, 3.004368
2904.522, 3.116608
2906.451, 3.110377
2908.379, 3.016829
2910.308, 3.083555
2912.236, 3.173508
2914.165, 3.050900
2916.093, 3.146391
2918.021, 3.107255
2919.950, 3.183932
2921.878, 2.940765
2923.807, 2.909013
2925.735, 2.865552
2927.664, 2.889300
2929.592, 2.993539
2931.521, 2.760810
2933.449, 2.563841
2935.378, 2.560509
2937.306, 2.562226
2939.235, 2.605654
2941.163, 2.801403
2943.092, 2.775674
2945.020, 2.922947
2946.948, 2.878912
2948.877, 2.696758
2950.805, 2.620908
2952.734, 2.703904
2954.662, 2.753934
2956.591, 2.656310
2958.519, 2.738682
2960.448, 2.706254
2962.376, 2.598320
2964.305, 2.579743
2966.233, 2.573190
2968.162, 2.542875
2970.090, 2.610688
2972.019, 2.540109
2973.947, 2.571276
2975.875, 2.555964
2977.804, 2.547057
2979.732, 2.473980
2981.661, 2.585108
2983.589, 2.541409
2985.518, 2.626272
2987.446, 2.411457
2989.375, 2.274683
2991.303, 2.209758
2993.232, 2.081594
2995.160, 2.056063
2997.089, 1.991985
2999.017, 2.091421
3000.946, 2.188349
3002.874, 2.255798
3004.802, 2.279561
3006.731, 2.207079
3008.659, 1.957909
3010.588, 1.741862
3012.516, 1.839040
3014.445, 1.829592
3016.373, 1.843383
3018.302, 1.906528
3020.230, 1.924154
3022.159, 1.959263
3024.087, 1.987322
3026.016, 2.019369
3027.944, 2.026611
3029.873, 2.049871
3031.801, 2.065310
3033.729, 1.990906
3035.658, 1.952363
3037.586, 1.976254
3039.515, 2.020584
3041.443, 1.920745
3043.372, 1.984586
3045.300, 2.095978
3047.229, 2.146538
3049.157, 2.033991
3051.086, 1.952979
3053.014, 1.901594
3054.943, 1.826767
3056.871, 1.892667
3058.800, 1.883843
3060.728, 1.770462
3062.656, 1.588083
3064.585, 1.576899
3066.513, 1.686551
3068.442, 1.807214
3070.370, 1.634523
3072.299, 1.612614
3074.227, 1.679299
3076.156, 1.734620
3078.084, 1.632727
3080.013, 1.825072
3081.941, 2.011842
3083.870, 1.837577
3085.798, 1.856352
3087.727, 1.861068
3089.655, 1.751563
3091.583, 1.479077
3093.512, 1.348329
3095.440, 1.506619
3097.369, 1.792160
3099.297, 1.733294
3101.226, 1.446204
3103.154, 1.281165
3105.083, 1.343606
3107.011, 1.430504
3108.940, 1.377959
3110.868, 1.357851
3112.797, 1.460825
3114.725, 1.300539
3116.654, 1.471448
3118.582, 1.645058
3120.510, 1.471436
3122.439, 1.503907
3124.367, 1.407936
3126.296, 1.301653
3128.224, 1.367880
3130.153, 1.319294
3132.081, 1.555888
3134.010, 1.354742
3135.938, 1.548345
3137.867, 1.574830
3139.795, 1.436262
3141.724, 1.300384
3143.652, 1.384022
3145.581, 1.174062
3147.509, 1.027788
3149.438, 1.041163
3151.366, 1.152955
3153.294, 1.327028
3155.223, 1.244386
3157.151, 1.047979
3159.080, 1.271337
3161.008, 1.106767
3162.937, 1.109615
3164.865, 1.313051
3166.794, 1.351418
3168.722, 1.142122
3170.651, 1.141521
3172.579, 1.306870
3174.508, 1.156397
3176.436, 1.341422
3178.365, 1.270731
3180.293, 0.8912567
3182.221, 0.6195866
3184.150, 0.6935324
3186.078, 0.9320948
3188.007, 1.113139
3189.935, 0.9871366
3191.864, 0.9004299
3193.792, 1.058740
3195.721, 1.169299
3197.649, 1.162376
3199.578, 1.117986
3201.506, 1.240446
3203.435, 0.9511530
3205.363, 0.9750101
3207.292, 1.222284
3209.220, 1.148589
3211.148, 0.9289976
3213.077, 1.010150
3215.005, 0.9054425
3216.934, 0.9280253
3218.862, 1.042081
3220.791, 1.125225
3222.719, 1.015293
3224.648, 0.9814368
3226.576, 0.9901631
3228.505, 0.9599861
3230.433, 0.8255622
3232.362, 0.9344272
3234.290, 1.032805
3236.219, 0.9308390
3238.147, 0.7377824
3240.075, 0.6886408
3242.004, 0.7046379
3243.932, 0.7440078
3245.861, 0.9073025
3247.789, 0.6926897
3249.718, 0.6732221
3251.646, 0.9020673
3253.575, 0.9799623
3255.503, 0.9315484
3257.432, 0.9067785
3259.360, 0.8938888
3261.289, 0.8079529
3263.217, 0.9230445
3265.146, 0.9008123
3267.074, 0.9553572
3269.002, 1.283182
3270.931, 0.8710678
3272.859, 0.7088788
3274.788, 0.8685647
3276.716, 1.130509
3278.645, 0.9454031
3280.573, 0.9786213
3282.502, 0.9916621
3284.430, 0.8665426
3286.359, 0.6651467
3288.287, 0.7740882
3290.216, 0.8350838
3292.144, 0.8756101
3294.073, 1.021979
3296.001, 1.059543
3297.929, 0.7655066
3299.858, 0.5955139
3301.786, 0.7677286
3303.715, 0.9348978
3305.643, 0.8387561
3307.572, 0.7912331
3309.500, 0.8350155
3311.429, 0.7775723
3313.357, 0.9348950
3315.286, 0.9568453
3317.214, 0.8938847
3319.143, 0.8906788
3321.071, 0.8063721
3323.000, 0.8709671
3324.928, 0.6825466
3326.856, 0.7562441
3328.785, 0.8424082
3330.713, 0.7916198
3332.642, 0.5977928
3334.570, 0.4307534
3336.499, 0.4684431
3338.427, 0.7389609
3340.356, 0.7610096
3342.284, 0.6287650
3344.213, 0.5232645
3346.141, 0.6560706
3348.070, 0.5905772
3349.998, 0.5884141
3351.927, 0.7317972
3353.855, 0.9558465
3355.783, 0.8163521
3357.712, 0.9527882
3359.640, 0.9874141
3361.569, 0.7631310
3363.497, 0.5884609
3365.426, 0.4725498
3367.354, 0.5724754
3369.283, 0.7473704
3371.211, 0.8030944
3373.140, 0.5502251
3375.068, 0.7879679
3376.997, 0.8296156
3378.925, 0.6138843
3380.854, 0.7226818
3382.782, 0.8850806
3384.710, 0.7252623
3386.639, 0.6537100
3388.567, 0.8791937
3390.496, 0.8838085
3392.424, 0.6600171
3394.353, 0.6259438
3396.281, 0.7771292
3398.210, 0.9096586
3400.138, 0.8393973
3402.067, 0.9446909
3403.995, 0.8060438
3405.924, 0.4873251
3407.852, 0.5185233
3409.781, 0.5624979
3411.709, 0.6736130
3413.637, 0.7388860
3415.566, 0.6718659
3417.494, 0.4615858
3419.423, 0.6077967
3421.351, 0.5063325
3423.280, 0.4089387
3425.208, 0.5865927
3427.137, 0.5207229
3429.065, 0.5421624
3430.994, 0.6934426
3432.922, 0.8049461
3434.851, 0.7026386
3436.779, 0.7560394
3438.708, 0.7559209
3440.636, 0.6517087
3442.564, 0.7168570
3444.493, 0.6491178
3446.421, 0.5438656
3448.350, 0.5339239
3450.278, 0.5374926
3452.207, 0.4896248
3454.135, 0.3695350
3456.064, 0.3340821
##END=



