##NAMES=Diopside
##RRUFFID=R070123
##IDEAL CHEMISTRY=CaMgSi_2_O_6_
##LOCALITY=Yates mine, Otter Lake, Huddersfield Township, Pontiac County, Québec, Canada
##OWNER=RRUFF
##SOURCE=Michael Scott
##DESCRIPTION=Black prismatic crystals associated with orange calcite
##STATUS=The identification of this mineral has been confirmed by X-ray diffraction and chemical analysis
##URL=https://www.rruff.net/odr/rruff_sample/R070123
##MEASURED CHEMISTRY=(Ca_0.95_Na_0.04_Mn_0.01_)(Mg_0.63_Fe_0.33_Al_0.04_)Si_2.00_O_6_
##DIFFRACTION SAMPLE DESCRIPTION=Powder
##CELL PARAMETERS=a: 9.7658 b: 8.941 c: 5.2568 alpha: 90 beta: 105.696 gamma: 90 volume: 441.89 crystal system: monoclinic
##FILETYPE=Raman RAW
##RAMAN WAVELENGTH=532

86.29395, 119.7197
88.22241, 117.7804
90.15088, 119.4621
92.07935, 123.5281
94.00781, 133.2246
95.93628, 149.5086
97.86475, 171.9278
99.79321, 200.9736
101.7217, 239.1316
103.6501, 283.2573
105.5786, 330.0379
107.5071, 373.3808
109.4355, 425.8202
111.3640, 491.3109
113.2925, 570.9271
115.2209, 659.4141
117.1494, 748.3857
119.0779, 847.1592
121.0063, 968.6304
122.9348, 1119.316
124.8633, 1287.785
126.7917, 1466.938
128.7202, 1661.336
130.6487, 1863.508
132.5771, 2095.347
134.5056, 2336.409
136.4341, 2538.063
138.3625, 2707.008
140.2910, 2826.295
142.2195, 2864.642
144.1479, 2810.862
146.0764, 2750.425
148.0049, 2698.944
149.9333, 2657.565
151.8618, 2624.710
153.7903, 2590.923
155.7188, 2571.040
157.6472, 2573.643
159.5757, 2602.462
161.5042, 2644.807
163.4326, 2695.991
165.3611, 2756.944
167.2896, 2831.569
169.2180, 2931.623
171.1465, 3037.815
173.0750, 3136.823
175.0034, 3224.464
176.9319, 3307.559
178.8604, 3388.755
180.7888, 3466.425
182.7173, 3533.709
184.6458, 3588.244
186.5742, 3632.298
188.5027, 3663.837
190.4312, 3674.563
192.3596, 3687.941
194.2881, 3719.823
196.2166, 3766.982
198.1450, 3784.236
200.0735, 3746.047
202.0020, 3692.815
203.9304, 3659.013
205.8589, 3651.542
207.7874, 3640.603
209.7158, 3617.692
211.6443, 3582.608
213.5727, 3544.711
215.5012, 3493.226
217.4297, 3446.479
219.3581, 3416.647
221.2866, 3412.056
223.2151, 3408.494
225.1435, 3398.840
227.0720, 3383.944
229.0005, 3375.767
230.9289, 3380.999
232.8574, 3388.480
234.7859, 3391.046
236.7143, 3392.484
238.6428, 3382.788
240.5713, 3355.056
242.4997, 3314.158
244.4282, 3275.072
246.3567, 3237.062
248.2851, 3202.313
250.2136, 3174.461
252.1421, 3157.889
254.0705, 3139.128
255.9990, 3116.036
257.9275, 3089.680
259.8560, 3061.119
261.7844, 3025.696
263.7129, 2991.646
265.6414, 2962.896
267.5698, 2939.275
269.4983, 2919.422
271.4268, 2900.077
273.3552, 2884.517
275.2837, 2880.556
277.2122, 2876.364
279.1406, 2891.876
281.0691, 2940.881
282.9976, 3021.540
284.9260, 3116.453
286.8545, 3220.547
288.7830, 3336.141
290.7114, 3468.573
292.6399, 3609.972
294.5684, 3776.973
296.4968, 3973.874
298.4253, 4198.577
300.3538, 4454.867
302.2822, 4743.625
304.2107, 5060.912
306.1392, 5399.757
308.0676, 5754.686
309.9961, 6137.159
311.9246, 6562.313
313.8530, 7021.624
315.7815, 7467.970
317.7100, 7940.611
319.6384, 8373.844
321.5669, 8726.898
323.4954, 9016.611
325.4238, 9191.398
327.3523, 9227.299
329.2808, 9139.849
331.2092, 8989.797
333.1377, 8769.684
335.0661, 8505.051
336.9946, 8234.147
338.9231, 7951.066
340.8515, 7678.334
342.7800, 7416.274
344.7085, 7177.803
346.6369, 6957.756
348.5654, 6749.966
350.4939, 6566.816
352.4223, 6412.766
354.3508, 6290.725
356.2793, 6180.416
358.2077, 6063.788
360.1362, 5963.045
362.0647, 5889.265
363.9931, 5842.990
365.9216, 5815.654
367.8501, 5800.834
369.7785, 5806.278
371.7070, 5847.256
373.6355, 5928.351
375.5639, 6032.293
377.4924, 6161.936
379.4209, 6320.413
381.3493, 6473.299
383.2778, 6630.430
385.2063, 6775.267
387.1347, 6888.555
389.0632, 6977.595
390.9917, 6979.296
392.9201, 6848.979
394.8486, 6612.043
396.7771, 6326.931
398.7055, 5990.817
400.6340, 5629.487
402.5625, 5277.856
404.4909, 4942.317
406.4194, 4611.268
408.3479, 4279.693
410.2763, 3965.523
412.2048, 3681.735
414.1333, 3422.817
416.0617, 3198.100
417.9902, 3003.636
419.9187, 2834.611
421.8471, 2690.674
423.7756, 2578.670
425.7041, 2478.091
427.6325, 2380.536
429.5610, 2285.937
431.4895, 2205.417
433.4179, 2151.429
435.3464, 2114.245
437.2749, 2087.363
439.2033, 2067.122
441.1318, 2047.434
443.0603, 2033.750
444.9887, 2028.605
446.9172, 2032.196
448.8457, 2043.496
450.7741, 2055.730
452.7026, 2071.084
454.6311, 2091.300
456.5595, 2108.327
458.4880, 2112.042
460.4165, 2112.076
462.3449, 2116.058
464.2734, 2131.084
466.2019, 2138.617
468.1303, 2130.672
470.0588, 2115.745
471.9873, 2107.050
473.9157, 2112.127
475.8442, 2120.447
477.7727, 2126.269
479.7011, 2128.865
481.6296, 2134.294
483.5581, 2143.577
485.4865, 2165.094
487.4150, 2201.669
489.3435, 2248.093
491.2719, 2305.625
493.2004, 2375.769
495.1289, 2455.529
497.0573, 2543.023
498.9858, 2647.307
500.9143, 2759.644
502.8427, 2885.709
504.7712, 3008.903
506.6997, 3111.679
508.6281, 3173.220
510.5566, 3216.982
512.4851, 3245.826
514.4136, 3259.126
516.3420, 3256.041
518.2705, 3235.983
520.1990, 3211.755
522.1274, 3187.705
524.0559, 3175.840
525.9844, 3161.928
527.9128, 3141.809
529.8413, 3116.170
531.7698, 3088.783
533.6982, 3060.299
535.6267, 3034.597
537.5552, 3013.728
539.4836, 2993.677
541.4121, 2967.615
543.3406, 2926.500
545.2690, 2897.190
547.1975, 2892.028
549.1260, 2904.282
551.0544, 2918.938
552.9829, 2945.634
554.9114, 2967.767
556.8398, 2981.289
558.7683, 2975.824
560.6968, 2957.037
562.6252, 2924.049
564.5537, 2875.933
566.4822, 2814.005
568.4106, 2732.234
570.3391, 2643.798
572.2676, 2548.449
574.1960, 2460.973
576.1245, 2385.477
578.0530, 2319.890
579.9814, 2252.196
581.9099, 2176.464
583.8383, 2099.090
585.7668, 2029.175
587.6953, 1963.569
589.6237, 1904.756
591.5522, 1856.082
593.4807, 1816.959
595.4091, 1779.585
597.3376, 1737.592
599.2661, 1704.831
601.1945, 1686.549
603.1230, 1687.258
605.0515, 1694.644
606.9799, 1705.447
608.9084, 1729.701
610.8369, 1771.832
612.7653, 1829.571
614.6938, 1898.740
616.6223, 1976.006
618.5507, 2063.844
620.4792, 2171.266
622.4077, 2297.361
624.3361, 2443.896
626.2646, 2603.868
628.1931, 2789.028
630.1215, 3012.633
632.0500, 3278.923
633.9785, 3583.228
635.9069, 3917.222
637.8354, 4286.328
639.7639, 4699.380
641.6923, 5145.642
643.6208, 5649.347
645.5493, 6216.396
647.4777, 6842.404
649.4062, 7541.060
651.3347, 8319.551
653.2631, 9167.655
655.1916, 10094.27
657.1201, 11103.59
659.0485, 12150.04
660.9770, 13349.09
662.9055, 14441.21
664.8339, 15371.23
666.7624, 16198.71
668.6909, 16559.30
670.6193, 16348.14
672.5478, 15821.07
674.4763, 15076.58
676.4047, 14119.00
678.3332, 13079.10
680.2617, 11887.40
682.1901, 10668.34
684.1186, 9537.982
686.0471, 8510.828
687.9755, 7568.707
689.9040, 6702.099
691.8325, 5936.604
693.7609, 5262.515
695.6894, 4681.194
697.6179, 4190.262
699.5463, 3808.752
701.4748, 3506.426
703.4033, 3241.134
705.3317, 3025.495
707.2602, 2829.728
709.1887, 2651.131
711.1171, 2492.602
713.0456, 2351.789
714.9741, 2228.880
716.9025, 2125.126
718.8310, 2041.927
720.7595, 1973.470
722.6879, 1914.317
724.6164, 1867.333
726.5449, 1825.615
728.4733, 1787.898
730.4018, 1747.935
732.3303, 1710.468
734.2587, 1678.382
736.1872, 1651.967
738.1157, 1623.856
740.0441, 1593.938
741.9726, 1575.638
743.9011, 1576.595
745.8295, 1581.563
747.7580, 1578.234
749.6865, 1562.627
751.6149, 1551.797
753.5434, 1554.395
755.4719, 1560.609
757.4003, 1558.087
759.3288, 1548.259
761.2573, 1546.033
763.1857, 1557.034
765.1142, 1567.900
767.0427, 1571.523
768.9711, 1566.199
770.8996, 1564.135
772.8281, 1571.878
774.7565, 1586.448
776.6850, 1593.856
778.6135, 1588.243
780.5419, 1584.722
782.4704, 1590.981
784.3989, 1599.315
786.3273, 1600.894
788.2558, 1599.298
790.1843, 1599.832
792.1127, 1603.222
794.0412, 1605.014
795.9697, 1605.747
797.8981, 1609.676
799.8266, 1618.167
801.7551, 1631.078
803.6835, 1635.795
805.6120, 1637.506
807.5405, 1641.521
809.4689, 1650.684
811.3974, 1663.419
813.3259, 1678.926
815.2543, 1697.055
817.1828, 1716.639
819.1113, 1737.505
821.0397, 1761.307
822.9682, 1787.334
824.8967, 1807.955
826.8251, 1824.565
828.7536, 1842.788
830.6821, 1867.178
832.6105, 1890.635
834.5390, 1909.224
836.4675, 1923.226
838.3959, 1938.905
840.3244, 1957.683
842.2529, 1988.437
844.1813, 2040.040
846.1098, 2096.066
848.0383, 2146.362
849.9667, 2188.055
851.8952, 2248.563
853.8237, 2327.337
855.7521, 2408.570
857.6806, 2470.745
859.6091, 2510.072
861.5375, 2540.118
863.4660, 2562.339
865.3945, 2577.551
867.3229, 2586.839
869.2514, 2590.058
871.1799, 2580.811
873.1083, 2577.645
875.0368, 2576.080
876.9653, 2573.500
878.8937, 2574.986
880.8222, 2596.077
882.7507, 2635.248
884.6791, 2668.971
886.6076, 2689.425
888.5361, 2700.524
890.4645, 2715.896
892.3930, 2728.274
894.3215, 2732.823
896.2499, 2733.501
898.1784, 2737.175
900.1069, 2748.453
902.0353, 2759.859
903.9638, 2764.371
905.8923, 2767.196
907.8207, 2767.849
909.7492, 2760.164
911.6777, 2740.140
913.6061, 2725.473
915.5346, 2718.027
917.4631, 2710.413
919.3915, 2695.751
921.3200, 2673.455
923.2485, 2646.588
925.1769, 2620.713
927.1054, 2597.052
929.0339, 2574.312
930.9623, 2552.281
932.8908, 2535.412
934.8193, 2513.167
936.7477, 2490.290
938.6762, 2471.235
940.6047, 2466.221
942.5331, 2459.191
944.4616, 2450.468
946.3901, 2456.927
948.3185, 2485.778
950.2470, 2519.475
952.1755, 2540.491
954.1039, 2568.369
956.0324, 2611.617
957.9609, 2669.193
959.8893, 2747.541
961.8178, 2856.034
963.7463, 2980.855
965.6747, 3123.472
967.6032, 3280.463
969.5317, 3451.877
971.4601, 3649.169
973.3886, 3850.634
975.3171, 4049.325
977.2455, 4242.104
979.1740, 4476.432
981.1025, 4765.027
983.0309, 5117.952
984.9594, 5519.415
986.8879, 5963.254
988.8163, 6462.928
990.7448, 7013.617
992.6733, 7641.051
994.6017, 8350.001
996.5302, 9132.086
998.4587, 10016.07
1000.387, 11018.07
1002.316, 12122.42
1004.244, 13265.89
1006.173, 14555.52
1008.101, 15937.56
1010.029, 17528.04
1011.958, 18869.26
1013.886, 19894.15
1015.815, 20399.37
1017.743, 20420.51
1019.672, 19904.00
1021.600, 19017.37
1023.529, 17681.77
1025.457, 16177.04
1027.386, 14508.02
1029.314, 12790.16
1031.243, 11259.83
1033.171, 9922.088
1035.100, 8773.389
1037.028, 7862.245
1038.957, 7110.137
1040.885, 6461.196
1042.813, 5935.917
1044.742, 5500.844
1046.670, 5170.688
1048.599, 4919.389
1050.527, 4676.550
1052.456, 4441.309
1054.384, 4211.630
1056.313, 3978.293
1058.241, 3757.167
1060.170, 3560.441
1062.098, 3391.780
1064.027, 3238.380
1065.955, 3097.160
1067.884, 2967.717
1069.812, 2853.967
1071.740, 2758.255
1073.669, 2670.748
1075.597, 2584.798
1077.526, 2510.847
1079.454, 2459.333
1081.383, 2425.345
1083.311, 2387.818
1085.240, 2343.172
1087.168, 2300.791
1089.097, 2261.840
1091.025, 2227.179
1092.953, 2197.014
1094.882, 2171.732
1096.810, 2146.648
1098.739, 2121.526
1100.667, 2095.706
1102.596, 2067.283
1104.524, 2036.087
1106.453, 2011.779
1108.381, 2000.809
1110.310, 1988.624
1112.238, 1971.555
1114.167, 1950.508
1116.095, 1927.714
1118.024, 1902.324
1119.952, 1878.395
1121.880, 1859.793
1123.809, 1840.441
1125.737, 1814.102
1127.666, 1779.926
1129.594, 1751.641
1131.523, 1737.372
1133.451, 1724.171
1135.380, 1705.532
1137.308, 1679.803
1139.237, 1654.958
1141.165, 1636.229
1143.094, 1615.217
1145.022, 1588.317
1146.951, 1555.094
1148.879, 1520.650
1150.807, 1484.538
1152.736, 1455.150
1154.664, 1441.154
1156.593, 1428.362
1158.521, 1404.491
1160.450, 1369.176
1162.378, 1339.748
1164.307, 1322.824
1166.235, 1308.921
1168.164, 1292.038
1170.092, 1273.002
1172.021, 1259.190
1173.949, 1249.934
1175.878, 1245.863
1177.806, 1253.432
1179.734, 1263.313
1181.663, 1262.094
1183.591, 1242.676
1185.520, 1227.600
1187.448, 1226.531
1189.377, 1232.202
1191.305, 1240.054
1193.234, 1241.566
1195.162, 1236.623
1197.091, 1227.711
1199.019, 1221.952
1200.948, 1219.592
1202.876, 1218.574
1204.805, 1222.035
1206.733, 1228.205
1208.661, 1229.977
1210.590, 1226.410
1212.518, 1226.174
1214.447, 1234.158
1216.375, 1245.744
1218.304, 1253.085
1220.232, 1260.951
1222.161, 1264.384
1224.089, 1258.951
1226.018, 1247.776
1227.946, 1236.092
1229.875, 1223.039
1231.803, 1216.707
1233.732, 1225.449
1235.660, 1237.843
1237.589, 1244.828
1239.517, 1245.390
1241.445, 1251.620
1243.374, 1271.106
1245.302, 1283.450
1247.231, 1281.387
1249.159, 1272.356
1251.088, 1265.364
1253.016, 1261.569
1254.945, 1260.314
1256.873, 1258.893
1258.802, 1255.382
1260.730, 1249.644
1262.659, 1246.885
1264.587, 1249.073
1266.516, 1256.535
1268.444, 1262.485
1270.372, 1262.066
1272.301, 1260.965
1274.229, 1263.914
1276.158, 1267.998
1278.086, 1271.435
1280.015, 1281.234
1281.943, 1286.153
1283.872, 1278.767
1285.800, 1266.114
1287.729, 1264.111
1289.657, 1277.652
1291.586, 1284.364
1293.514, 1275.725
1295.443, 1263.154
1297.371, 1257.073
1299.299, 1260.354
1301.228, 1265.115
1303.156, 1259.610
1305.085, 1255.669
1307.013, 1264.728
1308.942, 1279.059
1310.870, 1287.240
1312.799, 1290.750
1314.727, 1296.556
1316.656, 1298.624
1318.584, 1295.996
1320.513, 1292.615
1322.441, 1290.244
1324.370, 1288.950
1326.298, 1288.976
1328.226, 1297.389
1330.155, 1314.669
1332.083, 1326.797
1334.012, 1331.177
1335.940, 1331.293
1337.869, 1333.501
1339.797, 1334.927
1341.726, 1335.380
1343.654, 1336.629
1345.583, 1337.476
1347.511, 1333.608
1349.440, 1321.646
1351.368, 1311.393
1353.297, 1306.731
1355.225, 1310.518
1357.153, 1323.488
1359.082, 1338.291
1361.010, 1345.647
1362.939, 1345.905
1364.867, 1340.964
1366.796, 1323.713
1368.724, 1311.400
1370.653, 1320.238
1372.581, 1341.564
1374.510, 1350.146
1376.438, 1339.528
1378.367, 1324.053
1380.295, 1312.531
1382.224, 1307.813
1384.152, 1303.257
1386.080, 1298.275
1388.009, 1293.964
1389.937, 1289.461
1391.866, 1287.713
1393.794, 1297.992
1395.723, 1307.706
1397.651, 1300.896
1399.580, 1275.886
1401.508, 1265.015
1403.437, 1287.034
1405.365, 1302.624
1407.294, 1297.598
1409.222, 1284.639
1411.151, 1275.124
1413.079, 1268.114
1415.007, 1265.726
1416.936, 1275.730
1418.864, 1282.819
1420.793, 1277.581
1422.721, 1267.056
1424.650, 1262.686
1426.578, 1264.287
1428.507, 1262.782
1430.435, 1254.374
1432.364, 1248.687
1434.292, 1250.307
1436.221, 1253.706
1438.149, 1255.588
1440.078, 1256.045
1442.006, 1254.827
1443.934, 1248.927
1445.863, 1247.037
1447.791, 1258.477
1449.720, 1271.207
1451.648, 1269.190
1453.577, 1250.733
1455.505, 1241.973
1457.434, 1252.442
1459.362, 1262.665
1461.291, 1268.464
1463.219, 1268.059
1465.148, 1259.258
1467.076, 1238.070
1469.005, 1227.017
1470.933, 1233.603
1472.861, 1240.960
1474.790, 1245.526
1476.718, 1247.770
1478.647, 1248.564
1480.575, 1247.482
1482.504, 1246.147
1484.432, 1246.996
1486.361, 1244.616
1488.289, 1232.675
1490.218, 1219.318
1492.146, 1215.815
1494.075, 1223.467
1496.003, 1227.211
1497.932, 1225.510
1499.860, 1222.011
1501.788, 1213.809
1503.717, 1206.855
1505.645, 1210.943
1507.574, 1224.320
1509.502, 1225.130
1511.431, 1203.690
1513.359, 1189.339
1515.288, 1198.311
1517.216, 1211.562
1519.145, 1212.035
1521.073, 1203.240
1523.002, 1199.132
1524.930, 1201.927
1526.859, 1205.224
1528.787, 1209.168
1530.715, 1210.366
1532.644, 1203.594
1534.572, 1193.110
1536.501, 1192.300
1538.429, 1204.791
1540.358, 1213.361
1542.286, 1212.397
1544.215, 1207.800
1546.143, 1199.411
1548.072, 1191.383
1550.000, 1193.486
1551.929, 1207.184
1553.857, 1220.320
1555.786, 1234.898
1557.714, 1243.920
1559.642, 1239.683
1561.571, 1229.695
1563.499, 1228.552
1565.428, 1239.335
1567.356, 1241.688
1569.285, 1225.583
1571.213, 1214.869
1573.142, 1222.697
1575.070, 1232.122
1576.999, 1224.908
1578.927, 1203.085
1580.856, 1196.241
1582.784, 1215.748
1584.713, 1227.566
1586.641, 1222.752
1588.569, 1215.404
1590.498, 1212.586
1592.426, 1212.773
1594.355, 1212.965
1596.283, 1214.318
1598.212, 1213.819
1600.140, 1210.233
1602.069, 1205.945
1603.997, 1200.597
1605.926, 1195.838
1607.854, 1193.856
1609.783, 1194.791
1611.711, 1195.979
1613.640, 1196.484
1615.568, 1198.673
1617.496, 1205.929
1619.425, 1212.008
1621.353, 1214.103
1623.282, 1211.652
1625.210, 1200.581
1627.139, 1167.076
1629.067, 1151.638
1630.996, 1171.943
1632.924, 1188.692
1634.853, 1181.363
1636.781, 1164.622
1638.710, 1160.401
1640.638, 1170.490
1642.567, 1173.045
1644.495, 1158.666
1646.423, 1150.990
1648.352, 1161.194
1650.280, 1171.479
1652.209, 1166.383
1654.137, 1151.095
1656.066, 1143.914
1657.994, 1150.191
1659.923, 1151.125
1661.851, 1144.353
1663.780, 1135.037
1665.708, 1119.753
1667.637, 1106.247
1669.565, 1105.904
1671.494, 1118.285
1673.422, 1125.026
1675.350, 1124.634
1677.279, 1121.443
1679.207, 1110.504
1681.136, 1102.669
1683.064, 1111.810
1684.993, 1125.104
1686.921, 1113.993
1688.850, 1070.745
1690.778, 1046.266
1692.707, 1053.680
1694.635, 1060.303
1696.564, 1058.359
1698.492, 1055.426
1700.421, 1058.399
1702.349, 1065.002
1704.277, 1067.231
1706.206, 1062.432
1708.134, 1060.358
1710.063, 1063.805
1711.991, 1066.229
1713.920, 1065.714
1715.848, 1063.416
1717.777, 1059.009
1719.705, 1053.290
1721.634, 1051.818
1723.562, 1058.261
1725.491, 1062.269
1727.419, 1062.263
1729.348, 1061.864
1731.276, 1061.470
1733.204, 1061.969
1735.133, 1066.890
1737.061, 1075.481
1738.990, 1073.562
1740.918, 1049.469
1742.847, 1036.183
1744.775, 1042.231
1746.704, 1050.219
1748.632, 1053.263
1750.561, 1054.463
1752.489, 1058.190
1754.418, 1064.386
1756.346, 1068.320
1758.275, 1070.576
1760.203, 1069.261
1762.131, 1060.701
1764.060, 1052.895
1765.988, 1049.488
1767.917, 1048.314
1769.845, 1046.113
1771.774, 1042.971
1773.702, 1044.003
1775.631, 1051.001
1777.559, 1057.217
1779.488, 1060.426
1781.416, 1064.255
1783.345, 1072.702
1785.273, 1080.590
1787.202, 1080.860
1789.130, 1074.601
1791.058, 1070.885
1792.987, 1070.473
1794.915, 1070.022
1796.844, 1068.215
1798.772, 1067.515
1800.701, 1071.141
1802.629, 1074.567
1804.558, 1071.813
1806.486, 1065.382
1808.415, 1064.598
1810.343, 1070.363
1812.272, 1076.153
1814.200, 1081.622
1816.129, 1085.654
1818.057, 1089.531
1819.985, 1090.211
1821.914, 1079.570
1823.842, 1065.518
1825.771, 1069.804
1827.699, 1093.458
1829.628, 1101.964
1831.556, 1084.317
1833.485, 1069.195
1835.413, 1062.581
1837.342, 1063.366
1839.270, 1078.796
1841.199, 1097.344
1843.127, 1097.131
1845.056, 1078.206
1846.984, 1068.512
1848.912, 1071.103
1850.841, 1075.754
1852.769, 1085.360
1854.698, 1091.671
1856.626, 1086.415
1858.555, 1080.277
1860.483, 1086.990
1862.412, 1103.129
1864.340, 1111.877
1866.269, 1110.358
1868.197, 1109.396
1870.126, 1107.406
1872.054, 1108.280
1873.983, 1117.458
1875.911, 1124.584
1877.839, 1118.222
1879.768, 1107.954
1881.696, 1114.420
1883.625, 1137.818
1885.553, 1144.560
1887.482, 1128.117
1889.410, 1115.444
1891.339, 1111.599
1893.267, 1111.160
1895.196, 1110.053
1897.124, 1113.252
1899.053, 1131.594
1900.981, 1155.578
1902.910, 1157.889
1904.838, 1138.526
1906.766, 1134.432
1908.695, 1156.490
1910.623, 1170.839
1912.552, 1163.820
1914.480, 1153.206
1916.409, 1145.337
1918.337, 1140.529
1920.266, 1140.654
1922.194, 1144.316
1924.123, 1145.072
1926.051, 1141.648
1927.980, 1141.782
1929.908, 1149.273
1931.837, 1154.982
1933.765, 1155.190
1935.693, 1155.968
1937.622, 1162.976
1939.550, 1170.634
1941.479, 1170.123
1943.407, 1163.212
1945.336, 1162.691
1947.264, 1171.281
1949.193, 1174.830
1951.121, 1171.329
1953.050, 1165.255
1954.978, 1154.020
1956.907, 1144.942
1958.835, 1140.386
1960.764, 1140.844
1962.692, 1149.826
1964.620, 1164.185
1966.549, 1172.803
1968.477, 1175.139
1970.406, 1176.946
1972.334, 1179.046
1974.263, 1180.216
1976.191, 1179.726
1978.120, 1178.718
1980.048, 1178.780
1981.977, 1177.751
1983.905, 1171.302
1985.834, 1162.067
1987.762, 1158.517
1989.691, 1161.122
1991.619, 1166.400
1993.547, 1182.595
1995.476, 1188.007
1997.404, 1170.118
1999.333, 1156.633
2001.261, 1158.124
2003.190, 1166.266
2005.118, 1180.842
2007.047, 1194.654
2008.975, 1188.166
2010.904, 1164.432
2012.832, 1158.819
2014.761, 1176.505
2016.689, 1184.504
2018.618, 1173.423
2020.546, 1162.730
2022.474, 1156.354
2024.403, 1155.613
2026.331, 1168.802
2028.260, 1182.318
2030.188, 1175.925
2032.117, 1156.646
2034.045, 1150.129
2035.974, 1158.795
2037.902, 1163.543
2039.831, 1158.430
2041.759, 1159.404
2043.688, 1177.746
2045.616, 1187.403
2047.545, 1171.774
2049.473, 1154.450
2051.402, 1151.164
2053.330, 1156.399
2055.259, 1166.548
2057.187, 1178.416
2059.115, 1173.038
2061.044, 1149.157
2062.972, 1139.022
2064.901, 1150.430
2066.829, 1159.802
2068.758, 1159.227
2070.686, 1159.117
2072.615, 1167.709
2074.543, 1174.244
2076.471, 1166.265
2078.400, 1153.591
2080.328, 1154.052
2082.257, 1164.761
2084.185, 1166.434
2086.114, 1155.896
2088.042, 1148.815
2089.971, 1143.314
2091.899, 1146.248
2093.828, 1169.043
2095.756, 1183.091
2097.685, 1170.124
2099.613, 1155.032
2101.542, 1157.562
2103.470, 1164.274
2105.398, 1155.348
2107.327, 1137.817
2109.255, 1133.961
2111.184, 1144.176
2113.112, 1150.732
2115.041, 1151.335
2116.969, 1152.542
2118.898, 1156.472
2120.826, 1158.717
2122.755, 1155.112
2124.683, 1153.642
2126.612, 1164.776
2128.540, 1173.801
2130.469, 1161.100
2132.397, 1138.652
2134.325, 1132.317
2136.254, 1139.321
2138.182, 1145.300
2140.111, 1149.917
2142.039, 1148.718
2143.968, 1139.002
2145.896, 1131.008
2147.825, 1128.602
2149.753, 1125.859
2151.682, 1120.052
2153.610, 1114.387
2155.539, 1108.887
2157.467, 1106.200
2159.396, 1112.769
2161.324, 1123.346
2163.252, 1123.665
2165.181, 1114.575
2167.109, 1108.056
2169.038, 1104.109
2170.966, 1106.647
2172.895, 1119.351
2174.823, 1125.393
2176.752, 1117.859
2178.680, 1108.993
2180.609, 1096.815
2182.537, 1092.543
2184.466, 1112.834
2186.394, 1134.890
2188.323, 1132.126
2190.251, 1115.759
2192.179, 1107.156
2194.108, 1105.907
2196.036, 1110.841
2197.965, 1122.739
2199.893, 1124.864
2201.822, 1113.817
2203.750, 1106.632
2205.679, 1108.860
2207.607, 1108.234
2209.536, 1095.628
2211.464, 1086.660
2213.393, 1091.380
2215.321, 1098.681
2217.250, 1101.295
2219.178, 1100.849
2221.106, 1098.355
2223.035, 1094.808
2224.963, 1092.880
2226.892, 1092.524
2228.820, 1094.380
2230.749, 1098.831
2232.677, 1095.727
2234.606, 1081.235
2236.534, 1074.212
2238.463, 1082.488
2240.391, 1089.456
2242.320, 1089.529
2244.248, 1088.212
2246.177, 1084.432
2248.105, 1083.986
2250.033, 1098.665
2251.962, 1112.613
2253.890, 1100.184
2255.819, 1075.373
2257.747, 1072.083
2259.676, 1085.455
2261.604, 1094.936
2263.533, 1099.797
2265.461, 1092.961
2267.390, 1069.194
2269.318, 1058.577
2271.247, 1075.394
2273.175, 1086.295
2275.104, 1082.194
2277.032, 1078.328
2278.960, 1077.299
2280.889, 1079.680
2282.817, 1092.245
2284.746, 1101.455
2286.674, 1090.305
2288.603, 1074.894
2290.531, 1078.680
2292.460, 1091.348
2294.388, 1089.979
2296.317, 1076.725
2298.245, 1063.091
2300.174, 1047.451
2302.102, 1048.174
2304.031, 1073.945
2305.959, 1087.633
2307.887, 1082.833
2309.816, 1080.785
2311.744, 1086.981
2313.673, 1091.343
2315.601, 1086.337
2317.530, 1085.852
2319.458, 1104.044
2321.387, 1119.943
2323.315, 1108.653
2325.244, 1078.086
2327.172, 1101.326
2329.101, 1113.898
2331.029, 1116.374
2332.958, 1078.515
2334.886, 1092.740
2336.814, 1086.093
2338.743, 1078.589
2340.671, 1100.144
2342.600, 1068.152
2344.528, 1089.247
2346.457, 1089.150
2348.385, 1098.752
2350.314, 1087.352
2352.242, 1082.440
2354.171, 1078.005
2356.099, 1086.883
2358.028, 1090.020
2359.956, 1073.992
2361.885, 1060.621
2363.813, 1064.943
2365.741, 1073.305
2367.670, 1076.472
2369.598, 1077.012
2371.527, 1076.470
2373.455, 1076.171
2375.384, 1079.765
2377.312, 1085.276
2379.241, 1085.141
2381.169, 1080.716
2383.098, 1080.435
2385.026, 1084.403
2386.955, 1094.852
2388.883, 1114.124
2390.812, 1114.526
2392.740, 1080.946
2394.668, 1061.450
2396.597, 1067.610
2398.525, 1073.624
2400.454, 1077.105
2402.382, 1080.615
2404.311, 1085.178
2406.239, 1089.092
2408.168, 1091.361
2410.096, 1093.165
2412.025, 1097.195
2413.953, 1098.619
2415.882, 1090.689
2417.810, 1081.346
2419.739, 1078.138
2421.667, 1079.332
2423.595, 1083.417
2425.524, 1089.529
2427.452, 1098.594
2429.381, 1107.491
2431.309, 1103.564
2433.238, 1089.506
2435.166, 1088.685
2437.095, 1102.248
2439.023, 1107.065
2440.952, 1101.109
2442.880, 1095.416
2444.809, 1089.224
2446.737, 1089.355
2448.666, 1098.139
2450.594, 1106.126
2452.522, 1113.758
2454.451, 1114.574
2456.379, 1098.492
2458.308, 1089.074
2460.236, 1099.600
2462.165, 1106.583
2464.093, 1095.068
2466.022, 1088.198
2467.950, 1100.239
2469.879, 1114.346
2471.807, 1124.061
2473.736, 1126.369
2475.664, 1115.154
2477.593, 1098.857
2479.521, 1080.264
2481.449, 1067.259
2483.378, 1075.754
2485.306, 1094.888
2487.235, 1105.731
2489.163, 1110.382
2491.092, 1115.101
2493.020, 1117.792
2494.949, 1105.182
2496.877, 1080.594
2498.806, 1081.432
2500.734, 1109.331
2502.663, 1114.559
2504.591, 1096.512
2506.520, 1091.319
2508.448, 1102.066
2510.376, 1103.067
2512.305, 1087.658
2514.233, 1080.995
2516.162, 1094.108
2518.090, 1099.515
2520.019, 1090.796
2521.947, 1089.345
2523.876, 1101.804
2525.804, 1110.054
2527.733, 1107.162
2529.661, 1105.484
2531.590, 1115.388
2533.518, 1117.340
2535.447, 1095.803
2537.375, 1078.643
2539.303, 1075.989
2541.232, 1081.730
2543.160, 1104.018
2545.089, 1118.063
2547.017, 1098.095
2548.946, 1078.054
2550.874, 1086.932
2552.803, 1100.521
2554.731, 1097.066
2556.660, 1089.244
2558.588, 1090.850
2560.517, 1094.138
2562.445, 1087.534
2564.374, 1079.835
2566.302, 1085.287
2568.230, 1095.001
2570.159, 1091.890
2572.087, 1083.500
2574.016, 1088.502
2575.944, 1099.766
2577.873, 1094.158
2579.801, 1080.691
2581.730, 1089.137
2583.658, 1111.257
2585.587, 1113.288
2587.515, 1098.795
2589.444, 1088.261
2591.372, 1082.176
2593.301, 1091.347
2595.229, 1113.206
2597.157, 1124.658
2599.086, 1125.065
2601.014, 1117.748
2602.943, 1102.250
2604.871, 1084.101
2606.800, 1058.502
2608.728, 1063.368
2610.657, 1102.801
2612.585, 1108.118
2614.514, 1070.837
2616.442, 1058.945
2618.371, 1087.496
2620.299, 1105.156
2622.228, 1105.406
2624.156, 1103.880
2626.084, 1100.384
2628.013, 1096.326
2629.941, 1090.863
2631.870, 1090.729
2633.798, 1099.362
2635.727, 1105.975
2637.655, 1110.856
2639.584, 1109.649
2641.512, 1100.011
2643.441, 1089.222
2645.369, 1074.739
2647.298, 1072.826
2649.226, 1094.977
2651.155, 1110.214
2653.083, 1112.616
2655.011, 1104.979
2656.940, 1076.992
2658.868, 1063.084
2660.797, 1074.727
2662.725, 1086.798
2664.654, 1094.492
2666.582, 1096.752
2668.511, 1091.140
2670.439, 1083.482
2672.368, 1069.835
2674.296, 1064.458
2676.225, 1075.910
2678.153, 1082.828
2680.082, 1073.053
2682.010, 1067.617
2683.938, 1076.655
2685.867, 1085.750
2687.795, 1091.883
2689.724, 1095.539
2691.652, 1095.441
2693.581, 1095.963
2695.509, 1100.725
2697.438, 1102.759
2699.366, 1097.264
2701.295, 1092.462
2703.223, 1089.916
2705.152, 1090.424
2707.080, 1097.286
2709.009, 1100.558
2710.937, 1094.151
2712.865, 1087.317
2714.794, 1080.284
2716.722, 1078.122
2718.651, 1089.373
2720.579, 1092.167
2722.508, 1074.022
2724.436, 1060.705
2726.365, 1065.458
2728.293, 1070.984
2730.222, 1070.208
2732.150, 1073.068
2734.079, 1088.190
2736.007, 1093.310
2737.936, 1077.280
2739.864, 1062.091
2741.792, 1054.175
2743.721, 1049.923
2745.649, 1047.841
2747.578, 1050.691
2749.506, 1060.191
2751.435, 1072.050
2753.363, 1090.105
2755.292, 1097.676
2757.220, 1082.857
2759.149, 1069.696
2761.077, 1058.948
2763.006, 1058.433
2764.934, 1075.463
2766.863, 1080.721
2768.791, 1059.253
2770.719, 1048.390
2772.648, 1063.936
2774.576, 1074.367
2776.505, 1077.944
2778.433, 1074.101
2780.362, 1059.936
2782.290, 1052.429
2784.219, 1054.936
2786.147, 1064.382
2788.076, 1089.242
2790.004, 1089.561
2791.933, 1058.478
2793.861, 1042.628
2795.790, 1047.875
2797.718, 1062.553
2799.646, 1092.646
2801.575, 1101.023
2803.503, 1084.695
2805.432, 1076.297
2807.360, 1076.919
2809.289, 1075.013
2811.217, 1069.697
2813.146, 1064.144
2815.074, 1058.327
2817.003, 1052.076
2818.931, 1046.696
2820.860, 1059.111
2822.788, 1084.553
2824.717, 1089.559
2826.645, 1078.020
2828.573, 1069.007
2830.502, 1064.275
2832.430, 1078.678
2834.359, 1100.926
2836.287, 1096.600
2838.216, 1078.863
2840.144, 1078.291
2842.073, 1086.800
2844.001, 1088.944
2845.930, 1087.901
2847.858, 1086.250
2849.787, 1087.087
2851.715, 1095.985
2853.644, 1108.164
2855.572, 1120.075
2857.500, 1129.901
2859.429, 1136.370
2861.357, 1139.422
2863.286, 1135.966
2865.214, 1133.016
2867.143, 1135.843
2869.071, 1140.694
2871.000, 1149.719
2872.928, 1152.926
2874.857, 1137.491
2876.785, 1127.738
2878.714, 1138.176
2880.642, 1148.519
2882.571, 1155.041
2884.499, 1155.805
2886.427, 1145.432
2888.356, 1143.356
2890.284, 1162.545
2892.213, 1175.049
2894.141, 1178.297
2896.070, 1175.535
2897.998, 1165.730
2899.927, 1160.212
2901.855, 1159.524
2903.784, 1171.198
2905.712, 1198.807
2907.641, 1208.464
2909.569, 1200.753
2911.498, 1184.784
2913.426, 1163.623
2915.354, 1158.160
2917.283, 1167.647
2919.211, 1197.848
2921.140, 1235.736
2923.068, 1240.511
2924.997, 1225.656
2926.925, 1209.314
2928.854, 1197.315
2930.782, 1205.449
2932.711, 1216.651
2934.639, 1206.348
2936.568, 1195.642
2938.496, 1211.239
2940.425, 1223.452
2942.353, 1199.596
2944.281, 1181.764
2946.210, 1198.879
2948.138, 1210.358
2950.067, 1188.998
2951.995, 1173.468
2953.924, 1182.026
2955.852, 1183.292
2957.781, 1169.158
2959.709, 1160.034
2961.638, 1161.273
2963.566, 1164.354
2965.495, 1170.145
2967.423, 1169.820
2969.352, 1163.126
2971.280, 1158.206
2973.208, 1155.478
2975.137, 1150.323
2977.065, 1144.080
2978.994, 1150.283
2980.922, 1162.200
2982.851, 1156.334
2984.779, 1144.158
2986.708, 1151.644
2988.636, 1162.537
2990.565, 1145.222
2992.493, 1128.702
2994.422, 1147.098
2996.350, 1166.858
2998.279, 1161.598
3000.207, 1151.771
3002.135, 1144.907
3004.064, 1141.432
3005.992, 1143.617
3007.921, 1144.630
3009.849, 1142.735
3011.778, 1138.315
3013.706, 1130.070
3015.635, 1127.908
3017.563, 1134.699
3019.492, 1130.612
3021.420, 1113.958
3023.349, 1094.380
3025.277, 1074.784
3027.206, 1082.333
3029.134, 1106.802
3031.063, 1114.070
3032.991, 1111.209
3034.919, 1111.701
3036.848, 1113.265
3038.776, 1113.629
3040.705, 1112.801
3042.633, 1109.897
3044.562, 1107.086
3046.490, 1107.377
3048.419, 1104.936
3050.347, 1091.944
3052.276, 1087.106
3054.204, 1103.987
3056.133, 1114.172
3058.061, 1114.458
3059.990, 1111.154
3061.918, 1104.740
3063.846, 1095.219
3065.775, 1082.176
3067.703, 1083.913
3069.632, 1097.058
3071.560, 1109.939
3073.489, 1118.907
3075.417, 1112.958
3077.346, 1099.868
3079.274, 1087.896
3081.203, 1080.109
3083.131, 1079.474
3085.060, 1083.726
3086.988, 1093.476
3088.917, 1104.610
3090.845, 1117.720
3092.773, 1126.690
3094.702, 1131.934
3096.630, 1125.616
3098.559, 1102.075
3100.487, 1094.736
3102.416, 1105.071
3104.344, 1111.838
3106.273, 1114.143
3108.201, 1110.387
3110.130, 1104.666
3112.058, 1115.670
3113.987, 1129.192
3115.915, 1122.263
3117.844, 1108.339
3119.772, 1094.465
3121.700, 1089.686
3123.629, 1106.880
3125.557, 1119.974
3127.486, 1113.343
3129.414, 1110.421
3131.343, 1116.559
3133.271, 1117.987
3135.200, 1111.816
3137.128, 1108.696
3139.057, 1109.116
3140.985, 1107.713
3142.914, 1106.160
3144.842, 1112.097
3146.771, 1121.340
3148.699, 1129.501
3150.627, 1131.978
3152.556, 1116.536
3154.484, 1103.762
3156.413, 1110.152
3158.341, 1118.927
3160.270, 1126.445
3162.198, 1127.677
3164.127, 1120.365
3166.055, 1111.990
3167.984, 1102.848
3169.912, 1093.679
3171.841, 1086.073
3173.769, 1106.273
3175.698, 1139.101
3177.626, 1131.360
3179.554, 1105.646
3181.483, 1094.459
3183.411, 1093.553
3185.340, 1109.683
3187.268, 1118.702
3189.197, 1095.096
3191.125, 1083.391
3193.054, 1096.424
3194.982, 1113.413
3196.911, 1137.539
3198.839, 1138.157
3200.768, 1116.708
3202.696, 1109.628
3204.625, 1114.692
3206.553, 1123.777
3208.481, 1129.809
3210.410, 1109.697
3212.338, 1091.652
3214.267, 1109.188
3216.195, 1125.229
3218.124, 1112.818
3220.052, 1104.822
3221.981, 1109.519
3223.909, 1115.956
3225.838, 1125.767
3227.766, 1118.357
3229.695, 1096.899
3231.623, 1106.433
3233.552, 1133.352
3235.480, 1132.016
3237.408, 1121.491
3239.337, 1134.401
3241.265, 1146.808
3243.194, 1138.666
3245.122, 1129.175
3247.051, 1125.878
3248.979, 1122.996
3250.908, 1118.800
3252.836, 1120.741
3254.765, 1131.239
3256.693, 1121.486
3258.622, 1100.223
3260.550, 1109.413
3262.479, 1129.960
3264.407, 1124.506
3266.335, 1117.816
3268.264, 1141.810
3270.192, 1153.523
3272.121, 1116.007
3274.049, 1092.260
3275.978, 1094.688
3277.906, 1102.003
3279.835, 1112.338
3281.763, 1112.857
3283.692, 1106.394
3285.620, 1113.190
3287.549, 1123.720
3289.477, 1117.806
3291.406, 1113.224
3293.334, 1127.736
3295.262, 1148.423
3297.191, 1182.596
3299.119, 1190.110
3301.048, 1149.935
3302.976, 1132.792
3304.905, 1140.214
3306.833, 1142.154
3308.762, 1138.537
3310.690, 1127.931
3312.619, 1119.427
3314.547, 1129.008
3316.476, 1140.080
3318.404, 1142.919
3320.333, 1138.593
3322.261, 1124.135
3324.189, 1117.400
3326.118, 1125.459
3328.046, 1121.161
3329.975, 1108.207
3331.903, 1117.749
3333.832, 1136.935
3335.760, 1143.689
3337.689, 1141.278
3339.617, 1124.095
3341.546, 1115.890
3343.474, 1140.898
3345.403, 1148.656
3347.331, 1129.393
3349.260, 1120.537
3351.188, 1124.872
3353.116, 1124.902
3355.045, 1124.094
3356.973, 1137.145
3358.902, 1149.605
3360.830, 1145.560
3362.759, 1135.893
3364.687, 1120.230
3366.616, 1117.879
3368.544, 1140.960
3370.473, 1148.458
3372.401, 1139.159
3374.330, 1126.416
3376.258, 1114.822
3378.187, 1111.259
3380.115, 1119.996
3382.043, 1159.133
3383.972, 1189.484
3385.900, 1191.436
3387.829, 1174.994
3389.757, 1136.140
3391.686, 1130.484
3393.614, 1158.913
3395.543, 1153.245
3397.471, 1128.363
3399.400, 1118.995
3401.328, 1117.403
3403.257, 1118.106
3405.185, 1122.195
3407.114, 1131.766
3409.042, 1138.043
3410.970, 1138.373
3412.899, 1138.585
3414.827, 1139.983
3416.756, 1156.712
3418.684, 1176.971
3420.613, 1183.198
3422.541, 1180.573
3424.470, 1170.419
3426.398, 1159.332
3428.327, 1146.825
3430.255, 1141.442
3432.184, 1143.271
3434.112, 1142.251
3436.041, 1140.524
3437.969, 1148.343
3439.897, 1157.195
3441.826, 1158.964
3443.754, 1156.099
3445.683, 1142.075
3447.611, 1142.407
3449.540, 1161.707
3451.468, 1169.483
3453.397, 1166.915
3455.325, 1180.235
3457.254, 1193.182
3459.182, 1180.474
3461.111, 1158.582
3463.039, 1125.093
3464.968, 1115.518
3466.896, 1142.881
3468.824, 1165.702
3470.753, 1180.914
3472.681, 1205.459
3474.610, 1223.017
3476.538, 1192.951
3478.467, 1154.339
3480.395, 1131.237
3482.324, 1128.295
3484.252, 1159.745
3486.181, 1178.402
3488.109, 1182.094
3490.038, 1174.223
3491.966, 1161.780
3493.895, 1162.425
3495.823, 1165.743
3497.751, 1163.557
3499.680, 1158.883
3501.608, 1150.815
3503.537, 1145.689
3505.465, 1143.630
3507.394, 1138.989
3509.322, 1133.430
3511.251, 1127.963
3513.179, 1130.505
3515.108, 1158.376
3517.036, 1175.156
3518.965, 1164.726
3520.893, 1159.574
3522.822, 1163.405
3524.750, 1170.412
3526.678, 1176.008
3528.607, 1166.358
3530.535, 1150.914
3532.464, 1127.112
3534.392, 1122.172
3536.321, 1147.554
3538.249, 1162.357
3540.178, 1162.463
3542.106, 1163.692
3544.035, 1162.117
3545.963, 1143.743
3547.892, 1131.054
3549.820, 1146.820
3551.749, 1158.065
3553.677, 1154.792
3555.605, 1159.115
3557.534, 1168.790
3559.462, 1148.121
3561.391, 1122.446
3563.319, 1136.551
3565.248, 1147.042
3567.176, 1126.451
3569.105, 1119.840
3571.033, 1140.642
3572.962, 1147.296
3574.890, 1143.073
3576.819, 1138.747
3578.747, 1135.046
3580.676, 1135.515
3582.604, 1130.996
3584.532, 1108.178
3586.461, 1108.431
3588.389, 1130.093
3590.318, 1124.474
3592.246, 1107.418
3594.175, 1110.168
3596.103, 1117.400
3598.032, 1124.000
3599.960, 1119.448
3601.889, 1098.761
3603.817, 1103.484
3605.746, 1125.957
3607.674, 1128.490
3609.603, 1123.358
3611.531, 1120.029
3613.459, 1122.174
3615.388, 1137.094
3617.316, 1140.455
3619.245, 1132.273
3621.173, 1126.918
3623.102, 1122.228
3625.030, 1106.775
3626.959, 1101.258
3628.887, 1133.130
3630.816, 1138.988
3632.744, 1111.380
3634.673, 1109.979
3636.601, 1124.379
3638.530, 1113.837
3640.458, 1106.024
3642.386, 1130.139
3644.315, 1149.498
3646.243, 1157.584
3648.172, 1145.241
3650.100, 1118.906
3652.029, 1113.067
3653.957, 1114.338
3655.886, 1101.749
3657.814, 1104.695
3659.743, 1141.771
3661.671, 1155.290
3663.600, 1142.682
3665.528, 1134.480
3667.457, 1127.216
3669.385, 1113.267
3671.313, 1102.825
3673.242, 1102.131
3675.170, 1102.695
3677.099, 1103.913
3679.027, 1104.779
3680.956, 1108.218
3682.884, 1125.595
3684.813, 1137.807
3686.741, 1132.140
3688.670, 1118.429
3690.598, 1098.816
3692.527, 1106.687
3694.455, 1128.050
3696.384, 1134.380
3698.312, 1133.326
3700.240, 1125.323
3702.169, 1118.653
3704.097, 1114.415
3706.026, 1121.624
3707.954, 1132.219
3709.883, 1125.807
3711.811, 1115.050
3713.740, 1099.410
3715.668, 1104.202
3717.597, 1131.407
3719.525, 1147.972
3721.454, 1149.808
3723.382, 1113.900
3725.311, 1084.138
3727.239, 1093.763
3729.167, 1104.572
3731.096, 1111.800
3733.024, 1102.033
3734.953, 1087.728
3736.881, 1102.651
3738.810, 1113.195
3740.738, 1088.474
3742.667, 1087.269
3744.595, 1112.005
3746.524, 1110.065
3748.452, 1097.718
3750.381, 1109.696
3752.309, 1119.791
3754.238, 1109.958
3756.166, 1110.578
3758.094, 1120.849
3760.023, 1109.750
3761.951, 1095.724
3763.880, 1113.861
3765.808, 1128.052
3767.737, 1121.295
3769.665, 1111.631
3771.594, 1101.906
3773.522, 1106.510
3775.451, 1113.346
3777.379, 1104.739
3779.308, 1103.168
3781.236, 1121.066
3783.165, 1131.925
3785.093, 1134.877
3787.021, 1122.635
3788.950, 1112.854
3790.878, 1121.589
3792.807, 1131.164
3794.735, 1139.875
3796.664, 1119.965
3798.592, 1093.139
3800.521, 1109.967
3802.449, 1126.498
3804.378, 1119.601
3806.306, 1108.618
3808.235, 1096.937
3810.163, 1101.574
3812.092, 1111.884
3814.020, 1115.865
3815.948, 1115.207
3817.877, 1109.751
3819.805, 1108.240
3821.734, 1110.692
3823.662, 1116.478
3825.591, 1123.135
3827.519, 1132.321
3829.448, 1131.917
3831.376, 1120.211
3833.305, 1110.053
3835.233, 1104.277
3837.162, 1109.554
3839.090, 1117.475
3841.019, 1126.852
3842.947, 1128.175
3844.875, 1121.885
3846.804, 1114.148
3848.732, 1109.796
3850.661, 1114.115
3852.589, 1122.168
3854.518, 1134.673
3856.446, 1116.905
3858.375, 1090.048
3860.303, 1113.572
3862.232, 1130.296
3864.160, 1104.568
3866.089, 1091.417
3868.017, 1092.825
3869.946, 1092.450
3871.874, 1093.749
3873.802, 1103.909
3875.731, 1106.784
3877.659, 1096.604
3879.588, 1095.411
3881.516, 1096.777
3883.445, 1085.171
3885.373, 1080.812
3887.302, 1094.163
3889.230, 1094.415
3891.159, 1082.883
3893.087, 1082.842
3895.016, 1086.568
3896.944, 1086.057
3898.873, 1083.787
3900.801, 1080.489
3902.729, 1078.282
3904.658, 1079.328
3906.586, 1089.797
3908.515, 1095.577
3910.443, 1090.525
3912.372, 1083.734
3914.300, 1077.969
3916.229, 1088.150
3918.157, 1097.083
3920.086, 1099.913
3922.014, 1093.389
3923.943, 1074.770
3925.871, 1076.127
3927.800, 1086.580
3929.728, 1090.833
3931.656, 1091.203
3933.585, 1090.108
3935.513, 1085.263
3937.442, 1077.745
3939.370, 1078.898
3941.299, 1077.544
3943.227, 1069.882
3945.156, 1074.861
3947.084, 1083.340
3949.013, 1082.502
3950.941, 1074.997
3952.870, 1055.175
3954.798, 1048.208
3956.727, 1049.102
3958.655, 1058.518
3960.583, 1072.887
3962.512, 1066.471
3964.440, 1058.523
3966.369, 1068.059
3968.297, 1077.365
3970.226, 1076.107
3972.154, 1073.035
3974.083, 1067.017
3976.011, 1051.469
3977.940, 1042.194
3979.868, 1045.047
3981.797, 1063.253
3983.725, 1064.231
3985.654, 1044.990
3987.582, 1045.554
3989.510, 1058.298
3991.439, 1055.748
3993.367, 1045.049
3995.296, 1037.554
3997.224, 1041.709
3999.153, 1048.610
4001.081, 1050.568
4003.010, 1047.484
4004.938, 1059.071
4006.867, 1065.632
4008.795, 1058.026
4010.724, 1058.857
4012.652, 1058.471
4014.581, 1050.542
4016.509, 1051.393
4018.438, 1057.712
4020.366, 1048.325
4022.294, 1042.126
4024.223, 1041.501
4026.151, 1036.233
4028.080, 1034.725
4030.008, 1028.161
4031.937, 1024.239
4033.865, 1046.332
4035.794, 1042.731
4037.722, 1018.370
4039.651, 1021.786
4041.579, 1033.460
4043.508, 1038.992
4045.436, 1040.941
4047.365, 1041.169
4049.293, 1038.020
4051.221, 1037.390
4053.150, 1047.004
4055.078, 1043.555
4057.007, 1029.250
4058.935, 1035.515
4060.864, 1043.451
4062.792, 1033.274
4064.721, 1025.817
4066.649, 1023.771
4068.578, 1025.318
4070.506, 1027.625
4072.435, 1028.079
4074.363, 1026.682
4076.292, 1023.527
4078.220, 1017.894
4080.148, 1017.049
4082.077, 1029.524
4084.005, 1033.878
4085.934, 1025.841
4087.862, 1031.191
4089.791, 1036.553
4091.719, 1021.780
4093.648, 1013.433
4095.576, 1028.233
4097.504, 1034.190
4099.433, 1030.089
4101.361, 1023.867
4103.290, 1022.988
4105.218, 1034.480
4107.147, 1049.092
4109.075, 1055.815
4111.004, 1048.852
4112.932, 1039.500
4114.861, 1024.192
4116.789, 1023.323
4118.718, 1030.713
4120.646, 1020.764
4122.575, 1008.550
4124.503, 1014.635
4126.432, 1027.137
4128.360, 1033.772
4130.289, 1036.536
4132.217, 1029.730
4134.146, 1004.935
4136.074, 1003.223
4138.002, 1020.462
4139.931, 1028.556
4141.859, 1029.434
4143.788, 1024.321
4145.716, 1024.097
4147.645, 1030.852
4149.573, 1015.405
4151.501, 991.9811
4153.430, 1008.882
4155.358, 1028.823
4157.287, 1029.869
4159.215, 1030.555
4161.144, 1037.670
4163.072, 1030.432
4165.001, 1022.617
4166.929, 1030.510
4168.858, 1031.797
4170.786, 1028.786
4172.715, 1032.838
4174.643, 1032.924
4176.572, 1027.977
4178.500, 1023.055
4180.429, 1019.173
4182.357, 1033.246
4184.286, 1044.268
4186.214, 1038.467
4188.143, 1040.811
4190.071, 1043.185
4192.000, 1031.017
4193.928, 1025.024
4195.856, 1031.641
4197.785, 1031.424
4199.713, 1023.018
4201.642, 1012.929
4203.570, 1014.376
4205.499, 1029.489
4207.427, 1040.348
4209.355, 1044.858
4211.284, 1033.865
4213.212, 1036.532
4215.141, 1060.672
4217.069, 1061.493
4218.998, 1056.200
4220.926, 1062.995
4222.855, 1064.364
4224.783, 1057.856
4226.712, 1037.336
4228.640, 1022.372
4230.569, 1034.537
4232.497, 1048.740
4234.426, 1061.166
4236.354, 1058.688
4238.283, 1055.004
4240.211, 1066.070
4242.140, 1054.671
4244.068, 1025.392
4245.997, 1028.756
4247.925, 1046.400
4249.854, 1074.828
4251.782, 1078.391
4253.710, 1063.460
4255.639, 1054.471
4257.567, 1054.794
4259.496, 1068.787
4261.424, 1081.745
4263.353, 1090.586
4265.281, 1089.958
4267.209, 1080.145
4269.138, 1056.987
4271.066, 1064.605
4272.995, 1082.052
4274.923, 1072.094
4276.852, 1072.938
4278.780, 1094.545
4280.709, 1094.602
4282.637, 1089.485
4284.566, 1095.703
4286.494, 1101.762
4288.423, 1105.923
4290.351, 1109.467
4292.280, 1109.266
4294.208, 1102.622
4296.137, 1089.774
4298.065, 1077.604
4299.994, 1097.935
4301.922, 1112.657
4303.851, 1104.508
4305.779, 1097.414
4307.708, 1097.601
4309.636, 1125.909
4311.564, 1130.177
4313.493, 1098.921
4315.421, 1109.176
4317.350, 1127.529
4319.278, 1115.111
4321.207, 1105.798
4323.135, 1103.698
4325.063, 1101.205
4326.992, 1098.943
4328.920, 1094.851
4330.849, 1114.417
4332.777, 1143.339
4334.706, 1139.684
4336.634, 1123.017
4338.563, 1099.973
4340.491, 1102.373
4342.420, 1115.663
4344.348, 1119.125
4346.277, 1121.563
4348.205, 1126.079
4350.134, 1150.222
4352.062, 1167.983
4353.991, 1152.960
4355.919, 1145.498
4357.848, 1144.476
4359.776, 1139.870
4361.705, 1131.578
4363.633, 1114.989
4365.562, 1127.296
4367.490, 1147.928
4369.418, 1147.279
4371.347, 1143.755
4373.275, 1140.702
4375.204, 1139.749
4377.132, 1147.985
4379.061, 1177.344
4380.989, 1170.002
4382.917, 1143.425
4384.846, 1152.186
4386.774, 1157.157
4388.703, 1147.580
4390.631, 1147.170
4392.560, 1152.597
4394.488, 1161.549
4396.417, 1168.841
4398.345, 1172.029
4400.274, 1157.628
4402.202, 1153.717
4404.131, 1175.450
4406.059, 1171.124
4407.988, 1156.764
4409.916, 1159.258
4411.845, 1165.572
4413.773, 1171.325
4415.702, 1152.636
4417.630, 1141.425
4419.559, 1169.229
4421.487, 1168.713
4423.416, 1153.482
4425.344, 1158.137
4427.272, 1159.062
4429.201, 1151.164
4431.129, 1165.699
4433.058, 1181.552
4434.986, 1184.496
4436.915, 1172.668
4438.843, 1157.119
4440.771, 1167.699
4442.700, 1174.766
4444.628, 1170.726
4446.557, 1173.771
4448.485, 1171.671
4450.414, 1142.027
4452.342, 1145.102
4454.271, 1168.859
4456.199, 1165.579
4458.128, 1163.739
4460.056, 1173.603
4461.985, 1164.722
4463.913, 1158.209
4465.842, 1175.517
4467.770, 1182.489
4469.699, 1181.358
4471.627, 1189.464
4473.556, 1193.248
4475.484, 1188.860
4477.413, 1164.237
4479.341, 1146.009
4481.270, 1163.133
4483.198, 1172.370
4485.126, 1171.064
4487.055, 1154.126
4488.983, 1145.129
4490.912, 1150.294
4492.840, 1153.867
4494.769, 1159.825
4496.697, 1171.461
4498.625, 1184.838
4500.554, 1194.597
4502.482, 1189.437
4504.411, 1180.965
4506.339, 1174.185
4508.268, 1188.126
4510.196, 1200.748
4512.125, 1200.626
4514.053, 1178.200
4515.982, 1154.952
4517.910, 1167.168
4519.839, 1176.911
4521.767, 1179.150
4523.696, 1167.514
4525.624, 1167.009
4527.553, 1185.671
4529.481, 1177.596
4531.410, 1164.140
4533.338, 1168.309
4535.267, 1159.212
4537.195, 1146.538
4539.124, 1163.262
4541.052, 1172.302
4542.980, 1165.711
4544.909, 1165.460
4546.837, 1163.369
4548.766, 1153.052
4550.694, 1166.898
4552.623, 1185.943
4554.551, 1183.603
4556.479, 1178.765
4558.408, 1176.981
4560.336, 1193.202
4562.265, 1194.599
4564.193, 1169.297
4566.122, 1182.898
4568.050, 1204.930
4569.979, 1217.934
4571.907, 1192.059
4573.836, 1159.724
4575.764, 1175.883
4577.693, 1191.440
4579.621, 1198.464
4581.550, 1198.622
4583.478, 1193.373
4585.407, 1182.773
4587.335, 1177.891
4589.264, 1178.922
4591.192, 1187.865
4593.121, 1190.505
4595.049, 1187.450
4596.978, 1179.189
4598.906, 1168.832
4600.834, 1161.841
4602.763, 1183.411
4604.691, 1186.509
4606.620, 1155.065
4608.548, 1175.854
4610.477, 1194.533
4612.405, 1174.266
4614.333, 1178.252
4616.262, 1189.234
4618.190, 1175.883
4620.119, 1187.781
4622.047, 1209.974
4623.976, 1180.123
4625.904, 1166.664
4627.833, 1183.446
4629.761, 1200.146
4631.690, 1201.788
4633.618, 1182.132
4635.547, 1188.298
4637.475, 1198.571
4639.404, 1190.198
4641.332, 1186.713
4643.261, 1189.581
4645.189, 1204.051
4647.118, 1206.599
4649.046, 1198.765
4650.975, 1201.278
4652.903, 1189.047
4654.832, 1162.231
4656.760, 1172.034
4658.688, 1187.894
4660.617, 1191.718
4662.545, 1199.163
4664.474, 1207.047
4666.402, 1215.025
4668.331, 1196.786
4670.259, 1171.384
4672.188, 1171.851
4674.116, 1170.997
4676.044, 1166.253
4677.973, 1154.833
4679.901, 1164.073
4681.830, 1194.993
4683.758, 1197.173
4685.687, 1195.105
4687.615, 1198.184
4689.544, 1206.150
4691.472, 1206.342
4693.401, 1183.368
4695.329, 1183.528
4697.258, 1188.144
4699.186, 1175.451
4701.115, 1168.883
4703.043, 1168.989
4704.972, 1171.922
4706.900, 1180.689
4708.829, 1193.337
4710.757, 1203.384
4712.686, 1211.556
4714.614, 1216.432
4716.542, 1205.254
4718.471, 1192.155
4720.399, 1183.185
4722.328, 1199.202
4724.256, 1202.042
4726.185, 1164.487
4728.113, 1181.901
4730.042, 1203.161
4731.970, 1180.075
4733.898, 1197.948
4735.827, 1219.040
4737.755, 1166.651
4739.684, 1163.306
4741.612, 1191.478
4743.541, 1203.033
4745.469, 1204.951
4747.398, 1199.552
4749.326, 1178.479
4751.255, 1191.114
4753.183, 1234.734
4755.112, 1220.706
4757.040, 1212.316
4758.969, 1223.630
4760.897, 1214.070
4762.826, 1196.845
4764.754, 1177.004
4766.683, 1187.047
4768.611, 1200.323
4770.540, 1201.759
4772.468, 1200.982
4774.396, 1197.342
4776.325, 1186.888
4778.253, 1182.425
4780.182, 1189.741
4782.110, 1219.612
4784.039, 1221.261
4785.967, 1207.796
4787.896, 1203.785
4789.824, 1193.108
4791.752, 1183.255
4793.681, 1194.235
4795.609, 1201.482
4797.538, 1202.781
4799.466, 1200.920
4801.395, 1198.399
4803.323, 1196.556
4805.252, 1198.050
4807.180, 1203.073
4809.109, 1209.890
4811.037, 1214.175
4812.966, 1207.047
4814.894, 1188.588
4816.823, 1177.139
4818.751, 1181.204
4820.680, 1200.454
4822.608, 1208.589
4824.537, 1217.563
4826.465, 1232.878
4828.394, 1234.871
4830.322, 1215.345
4832.250, 1173.774
4834.179, 1184.756
4836.107, 1201.499
4838.036, 1191.180
4839.964, 1194.874
4841.893, 1199.296
4843.821, 1196.114
4845.750, 1219.475
4847.678, 1235.117
4849.606, 1205.498
4851.535, 1203.334
4853.463, 1201.848
4855.392, 1177.488
4857.320, 1195.469
4859.249, 1218.254
4861.177, 1200.350
4863.106, 1197.658
4865.034, 1204.459
4866.963, 1216.502
4868.891, 1194.058
4870.820, 1175.104
4872.748, 1210.709
4874.677, 1238.023
4876.605, 1241.335
4878.534, 1199.620
4880.462, 1181.792
4882.391, 1192.534
4884.319, 1245.370
4886.248, 1222.678
4888.176, 1179.045
4890.104, 1186.192
4892.033, 1206.886
4893.961, 1222.661
4895.890, 1212.384
4897.818, 1215.673
4899.747, 1219.912
4901.675, 1200.674
4903.604, 1196.416
4905.532, 1205.655
4907.460, 1225.968
4909.389, 1240.423
4911.317, 1244.644
4913.246, 1233.799
4915.174, 1215.591
4917.103, 1198.004
4919.031, 1186.728
4920.960, 1209.415
4922.888, 1235.102
4924.817, 1225.995
4926.745, 1227.786
4928.674, 1230.107
4930.602, 1219.987
4932.531, 1210.099
4934.459, 1210.059
4936.388, 1229.381
4938.316, 1230.217
4940.245, 1224.379
4942.173, 1222.199
4944.102, 1230.283
4946.030, 1233.310
4947.958, 1220.746
4949.887, 1227.305
4951.815, 1230.877
4953.744, 1213.784
4955.672, 1207.500
4957.601, 1205.390
4959.529, 1204.067
4961.458, 1219.763
4963.386, 1233.381
4965.314, 1234.934
4967.243, 1209.961
4969.171, 1195.799
4971.100, 1206.474
4973.028, 1212.881
4974.957, 1220.566
4976.885, 1227.052
4978.814, 1200.976
4980.742, 1192.087
4982.671, 1208.292
4984.599, 1213.800
4986.528, 1219.408
4988.456, 1224.776
4990.385, 1222.721
4992.313, 1197.556
4994.242, 1172.557
4996.170, 1226.992
4998.099, 1240.983
5000.027, 1222.020
5001.956, 1211.704
5003.884, 1232.805
5005.813, 1255.967
5007.741, 1232.958
5009.669, 1201.125
5011.598, 1191.031
5013.526, 1241.372
5015.455, 1244.918
5017.383, 1231.417
5019.312, 1228.704
5021.240, 1221.489
5023.168, 1219.371
5025.097, 1230.250
5027.025, 1225.920
5028.954, 1231.822
5030.882, 1253.776
5032.811, 1245.312
5034.739, 1230.992
5036.668, 1223.095
5038.596, 1246.533
5040.525, 1258.203
5042.453, 1249.766
5044.382, 1222.482
5046.310, 1214.929
5048.239, 1222.939
5050.167, 1230.303
5052.096, 1217.756
5054.024, 1202.260
5055.953, 1212.957
5057.881, 1208.390
5059.810, 1198.575
5061.738, 1194.135
5063.667, 1197.024
5065.595, 1201.416
5067.523, 1203.570
5069.452, 1229.830
5071.380, 1244.425
5073.309, 1235.713
5075.237, 1233.705
5077.166, 1236.665
5079.094, 1240.947
5081.022, 1240.146
5082.951, 1220.179
5084.879, 1194.970
5086.808, 1199.207
5088.736, 1207.075
5090.665, 1211.188
5092.593, 1205.059
5094.522, 1220.221
5096.450, 1235.101
5098.379, 1230.117
5100.307, 1228.500
5102.236, 1226.822
5104.164, 1224.994
5106.093, 1260.794
5108.021, 1263.319
5109.950, 1227.216
5111.878, 1194.021
5113.807, 1202.891
5115.735, 1234.019
5117.664, 1234.304
5119.592, 1233.314
5121.521, 1231.617
5123.449, 1225.939
5125.377, 1226.107
5127.306, 1231.663
5129.234, 1241.879
5131.163, 1235.370
5133.091, 1226.638
5135.020, 1222.494
5136.948, 1230.560
5138.876, 1231.762
5140.805, 1227.847
5142.733, 1233.308
5144.662, 1240.256
5146.590, 1243.215
5148.519, 1235.833
5150.447, 1223.135
5152.376, 1213.749
5154.304, 1213.263
5156.233, 1225.884
5158.161, 1235.664
5160.090, 1234.442
5162.018, 1199.985
5163.947, 1210.691
5165.875, 1247.778
5167.804, 1228.094
5169.732, 1225.437
5171.661, 1237.359
5173.589, 1252.557
5175.518, 1241.943
5177.446, 1234.165
5179.375, 1246.322
5181.303, 1251.851
5183.231, 1256.518
5185.160, 1260.138
5187.088, 1251.557
5189.017, 1269.047
5190.945, 1286.843
5192.874, 1256.521
5194.802, 1228.091
5196.730, 1216.554
5198.659, 1230.698
5200.587, 1257.664
5202.516, 1270.985
5204.444, 1266.002
5206.373, 1267.320
5208.301, 1239.881
5210.230, 1207.037
5212.158, 1221.348
5214.087, 1223.913
5216.015, 1226.467
5217.944, 1240.965
5219.872, 1246.682
5221.801, 1245.965
5223.729, 1240.451
5225.658, 1222.299
5227.586, 1246.915
5229.515, 1283.453
5231.443, 1260.926
5233.372, 1249.824
5235.300, 1245.896
5237.229, 1243.376
5239.157, 1262.495
5241.085, 1263.887
5243.014, 1248.488
5244.942, 1270.265
5246.871, 1268.027
5248.799, 1254.700
5250.728, 1268.759
5252.656, 1233.458
5254.584, 1201.491
5256.513, 1202.602
5258.441, 1221.840
5260.370, 1230.603
5262.298, 1234.750
5264.227, 1275.678
5266.155, 1274.463
5268.084, 1260.352
5270.012, 1269.883
5271.941, 1255.587
5273.869, 1253.133
5275.798, 1266.209
5277.726, 1235.006
5279.655, 1247.290
5281.583, 1278.162
5283.512, 1273.755
5285.440, 1250.447
5287.369, 1239.043
5289.297, 1254.961
5291.226, 1280.972
5293.154, 1281.013
5295.083, 1261.030
5297.011, 1245.736
5298.939, 1278.643
5300.868, 1296.400
5302.796, 1246.570
5304.725, 1245.004
5306.653, 1266.062
5308.582, 1289.259
5310.510, 1282.945
5312.438, 1276.555
5314.367, 1259.815
5316.295, 1220.945
5318.224, 1243.038
5320.152, 1273.415
5322.081, 1286.698
5324.009, 1269.023
5325.938, 1269.431
5327.866, 1279.057
5329.795, 1279.553
5331.723, 1273.574
5333.652, 1284.738
5335.580, 1306.400
5337.509, 1260.612
5339.437, 1251.537
5341.366, 1260.180
5343.294, 1238.062
5345.223, 1244.594
5347.151, 1269.430
5349.080, 1298.729
5351.008, 1289.195
5352.937, 1286.355
5354.865, 1289.745
5356.793, 1289.196
5358.722, 1279.860
5360.650, 1283.115
5362.579, 1297.057
5364.507, 1259.137
5366.436, 1238.578
5368.364, 1239.079
5370.292, 1252.247
5372.221, 1271.975
5374.149, 1270.959
5376.078, 1249.124
5378.006, 1232.293
5379.935, 1257.052
5381.863, 1278.880
5383.792, 1249.948
5385.720, 1250.924
5387.649, 1261.416
5389.577, 1269.067
5391.506, 1260.724
5393.434, 1254.865
5395.363, 1254.049
5397.291, 1258.638
5399.220, 1270.923
5401.148, 1292.292
5403.077, 1312.935
5405.005, 1314.957
5406.934, 1302.350
5408.862, 1286.630
5410.791, 1274.643
5412.719, 1272.505
5414.647, 1263.597
5416.576, 1264.120
5418.504, 1296.925
5420.433, 1263.781
5422.361, 1246.238
5424.290, 1265.189
5426.218, 1266.224
5428.146, 1287.892
5430.075, 1314.255
5432.003, 1329.119
5433.932, 1302.343
5435.860, 1282.705
5437.789, 1272.736
5439.717, 1253.129
5441.646, 1252.729
5443.574, 1250.835
5445.503, 1247.466
5447.431, 1316.661
5449.360, 1308.071
5451.288, 1276.505
5453.217, 1303.592
5455.145, 1275.560
5457.074, 1277.871
5459.002, 1300.705
5460.931, 1269.854
5462.859, 1263.590
5464.788, 1265.283
5466.716, 1263.067
5468.645, 1261.308
5470.573, 1293.588
5472.501, 1314.418
5474.430, 1271.680
5476.358, 1278.828
5478.287, 1260.968
5480.215, 1236.677
5482.144, 1291.066
5484.072, 1275.197
5486.000, 1259.683
5487.929, 1277.266
5489.857, 1300.263
5491.786, 1284.146
5493.714, 1266.331
5495.643, 1279.831
5497.571, 1297.875
5499.500, 1288.584
5501.428, 1269.366
5503.357, 1275.740
5505.285, 1298.964
5507.214, 1305.152
5509.142, 1291.018
5511.071, 1276.230
5512.999, 1288.362
5514.928, 1297.797
5516.856, 1289.924
5518.785, 1288.858
5520.713, 1277.387
5522.642, 1267.079
5524.570, 1270.487
5526.499, 1252.066
5528.427, 1282.398
5530.355, 1323.734
5532.284, 1298.685
5534.212, 1285.448
5536.141, 1273.543
5538.069, 1261.887
5539.998, 1257.277
5541.926, 1288.771
5543.854, 1316.795
5545.783, 1320.419
5547.711, 1299.261
5549.640, 1279.870
5551.568, 1278.744
5553.497, 1299.121
5555.425, 1280.289
5557.354, 1290.673
5559.282, 1301.549
5561.211, 1276.573
5563.139, 1269.045
5565.068, 1287.709
5566.996, 1312.766
5568.925, 1318.337
5570.853, 1316.828
5572.782, 1303.702
5574.710, 1293.590
5576.639, 1326.592
5578.567, 1299.097
5580.496, 1276.781
5582.424, 1276.664
5584.353, 1267.221
5586.281, 1260.027
5588.209, 1268.448
5590.138, 1290.372
5592.066, 1300.321
5593.995, 1317.886
5595.923, 1314.826
5597.852, 1284.764
5599.780, 1272.113
5601.708, 1307.144
5603.637, 1321.292
5605.565, 1277.667
5607.494, 1299.370
5609.422, 1279.056
5611.351, 1260.587
5613.279, 1291.539
5615.208, 1319.099
5617.136, 1336.688
5619.065, 1340.275
5620.993, 1326.543
5622.922, 1265.057
5624.850, 1276.490
5626.779, 1308.108
5628.707, 1284.277
5630.636, 1262.283
5632.564, 1281.383
5634.493, 1300.350
5636.421, 1265.263
5638.350, 1274.317
5640.278, 1286.189
5642.207, 1286.018
5644.135, 1266.409
5646.063, 1299.567
5647.992, 1311.848
5649.920, 1297.438
5651.849, 1275.639
5653.777, 1261.847
5655.706, 1281.294
5657.634, 1306.731
5659.563, 1299.755
5661.491, 1310.319
5663.419, 1318.079
5665.348, 1307.729
5667.276, 1269.696
5669.205, 1286.043
5671.133, 1309.929
5673.062, 1315.499
5674.990, 1283.049
5676.919, 1304.902
5678.847, 1317.587
5680.776, 1313.375
5682.704, 1303.469
5684.633, 1320.989
5686.561, 1333.725
5688.490, 1330.386
5690.418, 1310.172
5692.347, 1293.686
5694.275, 1299.911
5696.204, 1315.098
5698.132, 1320.748
5700.061, 1283.138
5701.989, 1289.326
5703.917, 1309.892
5705.846, 1312.193
5707.774, 1327.729
5709.703, 1310.585
5711.631, 1291.636
5713.560, 1293.372
5715.488, 1296.888
5717.417, 1301.395
5719.345, 1323.630
5721.273, 1350.772
5723.202, 1300.089
5725.130, 1303.603
5727.059, 1312.680
5728.987, 1306.378
5730.916, 1312.006
5732.844, 1325.455
5734.773, 1333.305
5736.701, 1332.637
5738.630, 1328.440
5740.558, 1307.838
5742.487, 1301.545
5744.415, 1306.126
5746.344, 1302.909
5748.272, 1303.247
5750.201, 1296.461
5752.129, 1291.908
5754.058, 1301.240
5755.986, 1315.581
5757.915, 1316.044
5759.843, 1318.501
5761.771, 1330.177
5763.700, 1307.328
5765.628, 1301.524
5767.557, 1310.825
5769.485, 1326.288
5771.414, 1340.926
5773.342, 1312.029
5775.271, 1320.679
5777.199, 1339.990
5779.127, 1269.964
5781.056, 1286.851
5782.984, 1321.790
5784.913, 1334.915
5786.841, 1313.984
5788.770, 1316.145
5790.698, 1320.241
5792.627, 1327.670
5794.555, 1337.116
5796.484, 1303.952
5798.412, 1299.403
5800.341, 1305.777
5802.269, 1308.599
5804.198, 1305.282
5806.126, 1308.580
5808.055, 1321.197
5809.983, 1332.693
5811.912, 1328.936
5813.840, 1334.808
5815.769, 1311.814
5817.697, 1294.552
5819.625, 1307.956
5821.554, 1286.852
5823.482, 1315.915
5825.411, 1328.342
5827.339, 1313.464
5829.268, 1345.646
5831.196, 1340.343
5833.125, 1342.524
5835.053, 1343.239
5836.981, 1315.320
5838.910, 1352.255
5840.838, 1357.497
5842.767, 1337.608
5844.695, 1319.457
5846.624, 1350.015
5848.552, 1312.207
5850.481, 1305.092
5852.409, 1341.920
5854.338, 1364.225
5856.266, 1347.867
5858.195, 1330.453
5860.123, 1329.465
5862.052, 1344.196
5863.980, 1320.758
5865.909, 1321.269
5867.837, 1333.174
5869.766, 1340.734
5871.694, 1335.072
5873.623, 1322.824
5875.551, 1318.618
5877.479, 1330.273
5879.408, 1354.320
5881.336, 1346.594
5883.265, 1359.057
5885.193, 1331.244
5887.122, 1284.684
5889.050, 1332.249
5890.979, 1333.527
5892.907, 1332.294
5894.835, 1332.452
5896.764, 1326.728
5898.692, 1341.341
5900.621, 1335.811
5902.549, 1345.138
5904.478, 1364.699
5906.406, 1345.711
5908.335, 1319.550
5910.263, 1321.550
5912.192, 1342.033
5914.120, 1360.299
5916.049, 1346.691
5917.977, 1320.511
5919.906, 1319.050
5921.834, 1330.599
5923.763, 1312.875
5925.691, 1323.619
5927.620, 1349.274
5929.548, 1342.370
5931.477, 1303.022
5933.405, 1308.053
5935.333, 1366.322
5937.262, 1358.899
5939.190, 1330.629
5941.119, 1357.032
5943.047, 1349.915
5944.976, 1321.335
5946.904, 1324.526
5948.833, 1340.995
5950.761, 1309.771
5952.689, 1347.003
5954.618, 1378.351
5956.546, 1377.988
5958.475, 1353.353
5960.403, 1341.168
5962.332, 1310.922
5964.260, 1327.861
5966.189, 1356.709
5968.117, 1351.745
5970.046, 1340.391
5971.974, 1324.044
5973.903, 1313.422
5975.831, 1310.874
5977.760, 1314.197
5979.688, 1328.877
5981.617, 1364.393
5983.545, 1370.219
5985.474, 1352.225
5987.402, 1368.486
5989.331, 1366.036
5991.259, 1369.927
5993.188, 1362.441
5995.116, 1340.385
5997.044, 1333.782
5998.973, 1396.127
6000.901, 1389.405
6002.830, 1357.133
6004.758, 1357.301
6006.687, 1357.575
6008.615, 1348.303
6010.543, 1331.434
6012.472, 1333.668
6014.400, 1365.559
6016.329, 1347.148
6018.257, 1333.854
6020.186, 1337.984
6022.114, 1351.214
6024.043, 1358.832
6025.971, 1326.490
6027.900, 1335.455
6029.828, 1338.029
6031.757, 1335.265
6033.685, 1356.801
6035.614, 1348.275
6037.542, 1372.275
6039.471, 1361.145
6041.399, 1332.171
6043.328, 1355.955
6045.256, 1413.235
6047.185, 1387.712
6049.113, 1388.466
6051.042, 1409.777
6052.970, 1359.302
6054.898, 1388.240
6056.827, 1396.103
6058.755, 1388.066
6060.684, 1378.090
6062.612, 1372.406
6064.541, 1398.625
6066.469, 1379.351
6068.397, 1361.381
6070.326, 1369.211
6072.254, 1397.044
6074.183, 1373.370
6076.111, 1334.437
6078.040, 1343.006
6079.968, 1375.897
6081.897, 1375.960
6083.825, 1387.537
6085.754, 1392.669
6087.682, 1390.029
6089.611, 1383.362
6091.539, 1376.736
6093.468, 1368.995
6095.396, 1380.425
6097.325, 1391.360
6099.253, 1387.174
6101.182, 1365.660
6103.110, 1337.743
6105.039, 1353.208
6106.967, 1379.590
6108.896, 1379.000
6110.824, 1349.157
6112.752, 1337.284
6114.681, 1400.091
6116.609, 1375.351
6118.538, 1345.648
6120.466, 1370.194
6122.395, 1418.031
6124.323, 1358.217
6126.251, 1381.064
6128.180, 1397.496
6130.108, 1379.916
6132.037, 1383.084
6133.965, 1358.488
6135.894, 1366.319
6137.822, 1390.776
6139.751, 1387.328
6141.679, 1342.523
6143.608, 1396.646
6145.536, 1381.741
6147.465, 1371.781
6149.393, 1380.736
6151.322, 1384.461
6153.250, 1332.942
6155.179, 1366.389
6157.107, 1338.524
6159.036, 1327.631
6160.964, 1358.438
6162.893, 1376.780
6164.821, 1396.160
6166.750, 1380.506
6168.678, 1364.296
6170.606, 1360.475
6172.535, 1363.124
6174.463, 1356.994
6176.392, 1381.061
6178.320, 1372.072
6180.249, 1361.813
6182.177, 1380.904
6184.105, 1422.250
6186.034, 1412.669
6187.962, 1381.683
6189.891, 1378.729
6191.819, 1383.984
6193.748, 1363.389
6195.676, 1337.337
6197.605, 1353.825
6199.533, 1380.284
6201.462, 1393.270
6203.390, 1376.892
6205.319, 1331.586
6207.247, 1354.181
6209.176, 1358.075
6211.104, 1347.511
6213.033, 1340.843
6214.961, 1346.104
6216.890, 1353.831
6218.818, 1367.389
6220.747, 1395.661
6222.675, 1393.919
6224.604, 1366.938
6226.532, 1354.594
6228.460, 1340.293
6230.389, 1347.046
6232.317, 1348.183
6234.246, 1352.026
6236.174, 1365.555
6238.103, 1374.928
6240.031, 1359.371
6241.959, 1335.157
6243.888, 1362.050
6245.816, 1378.217
6247.745, 1341.472
6249.673, 1387.817
6251.602, 1365.032
6253.530, 1344.984
6255.459, 1368.704
6257.387, 1378.278
6259.316, 1323.106
6261.244, 1414.698
6263.173, 1423.064
6265.101, 1373.923
6267.030, 1352.399
6268.958, 1366.698
6270.887, 1365.255
6272.815, 1334.247
6274.744, 1362.901
6276.672, 1359.928
6278.601, 1335.434
6280.529, 1331.398
6282.458, 1364.828
6284.386, 1377.685
6286.314, 1345.814
6288.243, 1371.960
6290.171, 1376.145
6292.100, 1331.499
6294.028, 1324.325
6295.957, 1341.343
6297.885, 1327.844
6299.813, 1331.679
6301.742, 1351.672
6303.670, 1362.346
6305.599, 1349.800
6307.527, 1370.065
6309.456, 1345.188
6311.384, 1342.143
6313.313, 1362.989
6315.241, 1373.567
6317.170, 1347.816
6319.098, 1368.628
6321.027, 1351.781
6322.955, 1341.974
6324.884, 1365.375
6326.812, 1390.990
6328.741, 1367.538
6330.669, 1354.168
6332.598, 1349.369
6334.526, 1351.402
6336.455, 1377.502
6338.383, 1393.700
6340.312, 1360.059
6342.240, 1335.876
6344.168, 1338.670
6346.097, 1349.433
6348.025, 1348.616
6349.954, 1348.141
6351.882, 1361.765
6353.811, 1372.042
6355.739, 1382.039
6357.667, 1365.595
6359.596, 1338.266
6361.524, 1321.633
6363.453, 1316.171
6365.381, 1305.279
6367.310, 1347.203
6369.238, 1342.052
6371.167, 1337.579
6373.095, 1328.839
6375.024, 1328.406
6376.952, 1363.017
6378.881, 1360.507
6380.809, 1351.523
6382.738, 1367.886
6384.666, 1375.384
6386.595, 1351.788
6388.523, 1319.768
6390.452, 1341.005
6392.380, 1388.531
6394.309, 1329.132
6396.237, 1349.272
6398.166, 1343.824
6400.094, 1301.781
6402.022, 1337.024
6403.951, 1335.748
6405.879, 1332.360
6407.808, 1345.253
6409.736, 1364.781
6411.665, 1359.795
6413.593, 1336.625
6415.521, 1354.489
6417.450, 1349.011
6419.378, 1373.604
6421.307, 1337.707
6423.235, 1306.669
6425.164, 1323.029
6427.092, 1351.095
6429.021, 1300.515
6430.949, 1318.747
6432.878, 1328.385
6434.806, 1331.652
6436.735, 1329.007
6438.663, 1324.028
6440.592, 1331.380
6442.520, 1368.679
6444.449, 1333.551
6446.377, 1346.386
6448.306, 1361.040
6450.234, 1360.081
6452.163, 1350.039
6454.091, 1331.877
6456.020, 1311.130
6457.948, 1316.765
6459.876, 1334.300
6461.805, 1372.116
6463.733, 1386.443
6465.662, 1354.047
6467.590, 1305.840
6469.519, 1298.876
6471.447, 1346.906
6473.375, 1325.075
6475.304, 1313.775
6477.232, 1324.274
6479.161, 1324.636
6481.089, 1310.335
6483.018, 1318.086
6484.946, 1330.828
6486.875, 1307.281
6488.803, 1315.950
6490.732, 1340.283
6492.660, 1345.162
6494.589, 1334.845
6496.517, 1364.474
6498.446, 1331.687
6500.374, 1270.771
6502.303, 1300.881
6504.231, 1296.274
6506.160, 1267.243
6508.088, 1302.978
6510.017, 1316.409
6511.945, 1361.006
6513.874, 1312.492
6515.802, 1323.781
6517.730, 1361.905
6519.659, 1358.530
6521.587, 1322.108
6523.516, 1321.599
6525.444, 1322.555
6527.373, 1327.803
6529.301, 1326.538
6531.229, 1290.411
6533.158, 1298.427
6535.086, 1331.548
6537.015, 1312.577
6538.943, 1315.550
6540.872, 1338.345
6542.800, 1347.313
6544.729, 1326.275
6546.657, 1299.300
6548.586, 1312.669
6550.514, 1355.606
6552.443, 1355.917
6554.371, 1324.996
6556.300, 1306.290
6558.228, 1261.133
6560.157, 1310.146
6562.085, 1345.638
6564.014, 1336.662
6565.942, 1331.285
6567.871, 1312.654
6569.799, 1335.073
6571.728, 1296.092
6573.656, 1261.050
6575.584, 1285.349
6577.513, 1308.809
6579.441, 1300.886
6581.370, 1287.770
6583.298, 1289.162
6585.227, 1316.061
6587.155, 1299.053
6589.083, 1308.663
6591.012, 1269.255
6592.940, 1289.908
6594.869, 1341.647
6596.797, 1318.272
6598.726, 1297.329
6600.654, 1267.292
6602.583, 1334.325
6604.511, 1285.143
6606.440, 1296.296
6608.368, 1299.394
6610.297, 1282.443
6612.225, 1294.336
6614.154, 1282.355
6616.082, 1320.633
6618.011, 1342.857
6619.939, 1323.200
6621.868, 1268.008
6623.796, 1264.122
6625.725, 1301.456
##END=



