##NAMES=Dolerophanite
##RRUFFID=R060139
##IDEAL CHEMISTRY=Cu_2_O(SO_4_)
##LOCALITY=Vesuvius, Italy
##OWNER=RRUFF
##SOURCE=University of Arizona Mineral Museum
##DESCRIPTION=Rootbeer brown fragment
##STATUS=The identification of this mineral has been confirmed by single-crystal X-ray diffraction
##URL=https://www.rruff.net/odr/rruff_sample/R060139
##DIFFRACTION SAMPLE DESCRIPTION=Single crystal, powder profile is calculated
##CELL PARAMETERS=a: 9.371 b: 6.332 c: 7.631 alpha: 90 beta: 122.34 gamma: 90 volume: 382.6 crystal system: monoclinic
##FILETYPE=Raman RAW
##RAMAN WAVELENGTH=780

83.37718, 7.073328
85.30565, 7.203437
87.23412, 7.340938
89.16258, 7.540753
91.09105, 7.690972
93.01952, 7.296967
94.94798, 6.672242
96.87645, 6.220903
98.80492, 5.900092
100.7334, 5.776357
102.6618, 6.056653
104.5903, 6.152360
106.5188, 5.755437
108.4473, 5.132312
110.3757, 4.735196
112.3042, 4.529840
114.2327, 4.358803
116.1611, 4.212450
118.0896, 4.057267
120.0180, 3.808732
121.9465, 3.571113
123.8750, 3.572557
125.8034, 3.797690
127.7319, 3.944739
129.6604, 3.923203
131.5889, 3.858108
133.5173, 3.747425
135.4458, 3.636664
137.3743, 3.607316
139.3027, 3.650416
141.2312, 3.668114
143.1597, 3.583593
145.0881, 3.560703
147.0166, 3.725818
148.9450, 3.921713
150.8735, 3.927568
152.8020, 3.776774
154.7304, 3.684736
156.6589, 3.724574
158.5874, 3.754289
160.5158, 3.761850
162.4443, 3.739801
164.3728, 3.664994
166.3012, 3.550569
168.2297, 3.438648
170.1582, 3.315945
172.0866, 3.227127
174.0151, 3.203574
175.9436, 3.193736
177.8720, 3.163404
179.8005, 3.118958
181.7290, 3.064729
183.6574, 2.978348
185.5859, 2.939224
187.5144, 3.008720
189.4428, 3.061811
191.3713, 2.998433
193.2998, 2.898509
195.2282, 2.884959
197.1567, 2.989120
199.0852, 3.057528
201.0136, 3.085027
202.9421, 3.085353
204.8706, 3.023480
206.7990, 2.960387
208.7275, 2.958397
210.6560, 3.021260
212.5844, 3.083285
214.5129, 3.176930
216.4414, 3.213315
218.3698, 3.127614
220.2983, 3.038868
222.2268, 3.038536
224.1552, 3.098366
226.0837, 3.111321
228.0122, 3.028072
229.9406, 3.014481
231.8691, 3.158499
233.7976, 3.243971
235.7260, 3.066422
237.6545, 2.836057
239.5830, 2.827756
241.5114, 3.067626
243.4399, 3.206344
245.3684, 3.219678
247.2968, 3.202035
249.2253, 3.176199
251.1538, 3.134278
253.0822, 3.050377
255.0107, 2.943651
256.9392, 2.884418
258.8676, 2.885910
260.7961, 2.853996
262.7246, 2.748590
264.6530, 2.665992
266.5815, 2.664265
268.5100, 2.702775
270.4384, 2.723216
272.3669, 2.729102
274.2954, 2.812085
276.2238, 2.998035
278.1523, 3.123356
280.0808, 3.113080
282.0092, 3.080027
283.9377, 3.049112
285.8662, 3.039093
287.7946, 3.125762
289.7231, 3.301885
291.6516, 3.334311
293.5800, 3.158470
295.5085, 2.996663
297.4370, 2.905700
299.3654, 2.865370
301.2939, 2.906365
303.2224, 2.984444
305.1508, 2.975698
307.0793, 2.880045
309.0078, 2.804286
310.9362, 2.788040
312.8647, 2.749572
314.7932, 2.607223
316.7216, 2.484505
318.6501, 2.502708
320.5786, 2.604508
322.5070, 2.661664
324.4355, 2.675251
326.3640, 2.667582
328.2924, 2.600358
330.2209, 2.584635
332.1494, 2.709570
334.0778, 2.829352
336.0063, 2.787060
337.9348, 2.667534
339.8632, 2.691789
341.7917, 2.880133
343.7202, 2.929203
345.6486, 2.638561
347.5771, 2.429088
349.5056, 2.413077
351.4340, 2.457282
353.3625, 2.498906
355.2910, 2.520117
357.2194, 2.477949
359.1479, 2.364954
361.0764, 2.322445
363.0048, 2.431404
364.9333, 2.509217
366.8618, 2.550857
368.7902, 2.536077
370.7187, 2.363117
372.6472, 2.177516
374.5756, 2.235595
376.5041, 2.554980
378.4326, 2.683789
380.3610, 2.402856
382.2895, 2.239428
384.2180, 2.316928
386.1464, 2.407746
388.0749, 2.373681
390.0034, 2.307341
391.9318, 2.331848
393.8603, 2.436408
395.7888, 2.480812
397.7172, 2.438716
399.6457, 2.379771
401.5742, 2.259296
403.5026, 2.200310
405.4311, 2.307325
407.3596, 2.430770
409.2880, 2.441543
411.2165, 2.381982
413.1450, 2.378179
415.0734, 2.452574
417.0019, 2.493385
418.9304, 2.503440
420.8588, 2.435540
422.7873, 2.216865
424.7158, 2.040699
426.6442, 2.007478
428.5727, 2.051146
430.5012, 2.122408
432.4296, 2.218978
434.3581, 2.270771
436.2866, 2.248867
438.2150, 2.341489
440.1435, 2.664169
442.0720, 2.862770
444.0004, 2.668503
445.9289, 2.456638
447.8574, 2.446922
449.7858, 2.547096
451.7143, 2.639283
453.6428, 2.713264
455.5712, 2.692587
457.4997, 2.566952
459.4282, 2.532294
461.3566, 2.703978
463.2851, 2.782447
465.2136, 2.555191
467.1420, 2.332756
469.0705, 2.383372
470.9990, 2.551796
472.9274, 2.502264
474.8559, 2.276998
476.7844, 2.162629
478.7128, 2.180955
480.6413, 2.231471
482.5698, 2.356477
484.4982, 2.393811
486.4267, 2.206897
488.3552, 2.033125
490.2836, 2.054141
492.2121, 2.164419
494.1406, 2.192166
496.0690, 2.156515
497.9975, 2.131050
499.9260, 2.115955
501.8544, 2.137600
503.7829, 2.265208
505.7114, 2.321659
507.6398, 2.184392
509.5683, 2.063480
511.4968, 2.102134
513.4252, 2.207893
515.3537, 2.265388
517.2822, 2.290032
519.2106, 2.345338
521.1391, 2.439920
523.0676, 2.423963
524.9960, 2.148759
526.9245, 2.034951
528.8530, 2.286722
530.7814, 2.466884
532.7099, 2.368656
534.6384, 2.223328
536.5668, 2.178616
538.4953, 2.178667
540.4238, 2.166122
542.3522, 2.156756
544.2807, 2.209262
546.2092, 2.293931
548.1376, 2.164439
550.0661, 2.624656
551.9946, 2.889983
553.9230, 2.970889
555.8515, 2.315024
557.7800, 2.610548
559.7084, 2.959638
561.6369, 2.883492
563.5654, 2.583689
565.4938, 2.465903
567.4223, 2.520122
569.3508, 2.549570
571.2792, 2.556842
573.2077, 2.526124
575.1362, 2.427194
577.0646, 2.374314
578.9931, 2.398697
580.9216, 2.443803
582.8500, 2.488242
584.7785, 2.573811
586.7070, 2.745093
588.6354, 2.917684
590.5639, 2.983135
592.4924, 2.961629
594.4208, 2.923742
596.3493, 2.875940
598.2778, 2.729416
600.2062, 2.431127
602.1347, 2.227624
604.0632, 2.208248
605.9916, 2.219682
607.9201, 2.198826
609.8486, 2.184246
611.7770, 2.196270
613.7055, 2.229884
615.6340, 2.278912
617.5624, 2.362345
619.4909, 2.493355
621.4194, 2.621777
623.3478, 2.635181
625.2763, 2.543414
627.2048, 2.537627
629.1332, 2.672512
631.0617, 2.760387
632.9902, 2.717215
634.9186, 2.669324
636.8471, 2.708390
638.7756, 2.721254
640.7040, 2.532413
642.6325, 2.338260
644.5610, 2.429092
646.4894, 2.680655
648.4179, 2.860917
650.3464, 2.973517
652.2748, 2.914100
654.2033, 2.660789
656.1318, 2.523649
658.0602, 2.589257
659.9887, 2.629668
661.9172, 2.540489
663.8456, 2.520725
665.7741, 2.742744
667.7026, 2.881433
669.6310, 2.682060
671.5595, 2.403485
673.4880, 2.274175
675.4164, 2.228397
677.3449, 2.151798
679.2734, 2.085315
681.2018, 2.166767
683.1303, 2.375928
685.0588, 2.403296
686.9872, 2.164190
688.9157, 2.075237
690.8442, 2.299833
692.7726, 2.417187
694.7011, 2.350189
696.6296, 2.279234
698.5580, 2.192768
700.4865, 2.175766
702.4149, 2.358624
704.3434, 2.546422
706.2719, 2.565280
708.2003, 2.487236
710.1288, 2.382948
712.0573, 2.292785
713.9857, 2.287019
715.9142, 2.348114
717.8427, 2.403526
719.7711, 2.460643
721.6996, 2.481525
723.6281, 2.426658
725.5565, 2.512230
727.4850, 2.863252
729.4135, 2.982589
731.3419, 2.650753
733.2704, 2.368603
735.1989, 2.339848
737.1273, 2.365256
739.0558, 2.359305
740.9843, 2.346231
742.9127, 2.285697
744.8412, 2.268918
746.7697, 2.472237
748.6981, 2.756332
750.6266, 2.852668
752.5551, 2.804577
754.4835, 2.762148
756.4120, 2.732121
758.3405, 2.733867
760.2689, 2.768559
762.1974, 2.787339
764.1259, 2.787061
766.0543, 2.753026
767.9828, 2.672040
769.9113, 2.600483
771.8397, 2.533962
773.7682, 2.508423
775.6967, 2.576509
777.6251, 2.650811
779.5536, 2.660026
781.4821, 2.697268
783.4105, 2.887992
785.3390, 3.058001
787.2675, 3.000981
789.1959, 2.865799
791.1244, 2.877530
793.0529, 2.974652
794.9813, 2.956155
796.9098, 2.853641
798.8383, 2.847444
800.7667, 2.928973
802.6952, 3.004529
804.6237, 3.071136
806.5521, 3.061494
808.4806, 2.947888
810.4091, 2.870965
812.3375, 2.852639
814.2660, 2.870686
816.1945, 2.975111
818.1229, 3.024103
820.0514, 2.947550
821.9799, 2.883800
823.9083, 2.856068
825.8368, 2.880329
827.7653, 3.022340
829.6937, 3.143834
831.6222, 3.127202
833.5507, 3.084468
835.4791, 3.143007
837.4076, 3.184406
839.3361, 3.030057
841.2645, 2.839893
843.1930, 2.811919
845.1215, 2.885133
847.0499, 2.998377
848.9784, 3.128161
850.9069, 3.145032
852.8353, 3.060651
854.7638, 2.986391
856.6923, 2.913775
858.6207, 2.802046
860.5492, 2.639020
862.4777, 2.613587
864.4061, 2.781082
866.3346, 2.872335
868.2631, 2.880186
870.1915, 2.809773
872.1200, 2.600505
874.0485, 2.538661
875.9769, 2.752055
877.9054, 2.897105
879.8339, 2.840199
881.7623, 2.774316
883.6908, 2.791573
885.6193, 2.797076
887.5477, 2.747616
889.4762, 2.669570
891.4047, 2.537998
893.3331, 2.405408
895.2616, 2.301229
897.1901, 2.266819
899.1185, 2.342543
901.0470, 2.400303
902.9755, 2.352995
904.9039, 2.295087
906.8324, 2.311856
908.7609, 2.332480
910.6893, 2.253848
912.6178, 2.155282
914.5463, 2.178291
916.4747, 2.279655
918.4032, 2.362557
920.3317, 2.396362
922.2601, 2.312694
924.1886, 2.173417
926.1171, 2.161666
928.0455, 2.233250
929.9740, 2.272323
931.9025, 2.287906
933.8309, 2.265916
935.7594, 2.202043
937.6879, 2.104521
939.6163, 1.998914
941.5448, 2.061644
943.4733, 2.283738
945.4017, 2.456783
947.3302, 2.575815
949.2587, 2.557350
951.1871, 2.370529
953.1156, 2.228484
955.0441, 2.148941
956.9725, 2.150388
958.9010, 2.265409
960.8295, 2.332334
962.7579, 2.334731
964.6864, 2.290568
966.6149, 2.131506
968.5433, 2.098528
970.4718, 2.317329
972.4003, 2.424957
974.3287, 2.333187
976.2572, 2.269543
978.1857, 2.261183
980.1141, 2.271604
982.0426, 2.279104
983.9711, 2.340338
985.8995, 2.459889
987.8280, 2.666461
989.7565, 3.098866
991.6849, 3.256021
993.6134, 2.853369
995.5419, 2.633256
997.4703, 2.903369
999.3988, 3.052969
1001.327, 2.880439
1003.256, 2.659019
1005.184, 2.397434
1007.113, 2.217766
1009.041, 2.238643
1010.970, 2.256663
1012.898, 2.131238
1014.827, 2.103800
1016.755, 2.355929
1018.683, 2.492217
1020.612, 2.322516
1022.540, 2.145779
1024.469, 2.048146
1026.397, 1.984472
1028.326, 1.943146
1030.254, 1.945453
1032.183, 2.026608
1034.111, 2.097320
1036.040, 2.162048
1037.968, 2.116268
1039.897, 1.789125
1041.825, 1.614686
1043.754, 1.837358
1045.682, 2.060357
1047.610, 2.186945
1049.539, 2.246037
1051.467, 2.202240
1053.396, 2.137669
1055.324, 2.081062
1057.253, 2.050154
1059.181, 2.031693
1061.110, 2.025179
1063.038, 2.053021
1064.967, 2.096890
1066.895, 2.171657
1068.824, 2.206424
1070.752, 2.174702
1072.681, 2.105009
1074.609, 1.912270
1076.537, 1.839211
1078.466, 2.074090
1080.394, 2.241205
1082.323, 2.236122
1084.251, 2.172027
1086.180, 1.987101
1088.108, 1.882757
1090.037, 1.941847
1091.965, 2.020496
1093.894, 2.130876
1095.822, 2.199271
1097.751, 2.194715
1099.679, 2.154420
1101.608, 2.065473
1103.536, 2.007712
1105.464, 1.981628
1107.393, 1.991477
1109.321, 2.074689
1111.250, 2.115379
1113.178, 2.041310
1115.107, 2.043400
1117.035, 2.221101
1118.964, 2.278401
1120.892, 2.146362
1122.821, 2.048908
1124.749, 2.054725
1126.678, 1.905410
1128.606, 1.507202
1130.535, 1.473611
1132.463, 1.840254
1134.391, 1.931251
1136.320, 1.759614
1138.248, 1.730513
1140.177, 1.833635
1142.105, 1.900318
1144.034, 1.908901
1145.962, 1.859846
1147.891, 1.796023
1149.819, 1.757846
1151.748, 1.739722
1153.676, 1.778766
1155.605, 1.840714
1157.533, 1.880511
1159.462, 1.904958
1161.390, 1.840256
1163.318, 1.752546
1165.247, 1.815915
1167.175, 1.939128
1169.104, 2.024033
1171.032, 2.065401
1172.961, 1.944645
1174.889, 1.852907
1176.818, 2.118621
1178.746, 2.333209
1180.675, 2.068800
1182.603, 1.847945
1184.532, 2.080911
1186.460, 2.199476
1188.389, 1.803424
1190.317, 1.574992
1192.245, 1.881852
1194.174, 2.073353
1196.102, 1.991960
1198.031, 1.879045
1199.959, 1.679117
1201.888, 1.562007
1203.816, 1.597264
1205.745, 1.660405
1207.673, 1.757248
1209.602, 1.802313
1211.530, 1.777378
1213.459, 1.856481
1215.387, 2.024325
1217.316, 2.033069
1219.244, 1.913271
1221.172, 1.819315
1223.101, 1.774309
1225.029, 1.882735
1226.958, 2.059571
1228.886, 2.093790
1230.815, 2.041463
1232.743, 2.036246
1234.672, 1.990923
1236.600, 1.736823
1238.529, 1.558487
1240.457, 1.680907
1242.386, 1.826607
1244.314, 1.839029
1246.243, 1.896221
1248.171, 2.196838
1250.099, 2.337426
1252.028, 1.993013
1253.956, 1.792328
1255.885, 1.998187
1257.813, 2.195255
1259.742, 2.301391
1261.670, 2.225894
1263.599, 1.971504
1265.527, 1.909261
1267.456, 2.008006
1269.384, 1.899253
1271.313, 1.660337
1273.241, 1.738869
1275.170, 2.018899
1277.098, 2.009759
1279.026, 1.853931
1280.955, 1.887882
1282.883, 1.972065
1284.812, 1.934501
1286.740, 1.863557
1288.669, 1.817464
1290.597, 1.849765
1292.526, 2.029504
1294.454, 2.140666
1296.383, 2.059194
1298.311, 2.028669
1300.240, 2.134620
1302.168, 2.111490
1304.097, 1.910113
1306.025, 1.863025
1307.953, 1.972212
1309.882, 1.997433
1311.810, 1.965157
1313.739, 1.977893
1315.667, 2.008893
1317.596, 2.035181
1319.524, 2.052045
1321.453, 1.977395
1323.381, 1.876646
1325.310, 1.870017
1327.238, 1.927045
1329.167, 1.986082
1331.095, 2.006021
1333.024, 2.079772
1334.952, 2.161243
1336.880, 2.111353
1338.809, 2.029626
1340.737, 2.041080
1342.666, 2.006054
1344.594, 1.762751
1346.523, 1.785696
1348.451, 2.154182
1350.380, 2.285583
1352.308, 2.204763
1354.237, 2.172413
1356.165, 2.132448
1358.094, 2.036122
1360.022, 1.974304
1361.951, 1.945514
1363.879, 1.943377
1365.807, 2.048244
1367.736, 2.150875
1369.664, 2.228638
1371.593, 2.264996
1373.521, 2.152745
1375.450, 2.111786
1377.378, 2.232057
1379.307, 2.144305
1381.235, 1.872844
1383.164, 1.885750
1385.092, 2.081099
1387.021, 2.202785
1388.949, 2.211523
1390.878, 1.982336
1392.806, 1.783078
1394.734, 1.940433
1396.663, 2.140580
1398.591, 2.130516
1400.520, 2.079960
1402.448, 2.084908
1404.377, 2.075706
1406.305, 2.025985
1408.234, 2.010434
1410.162, 2.036036
1412.091, 2.159513
1414.019, 2.333555
1415.948, 2.285268
1417.876, 2.134672
1419.805, 2.118091
1421.733, 2.158567
1423.661, 2.212860
1425.590, 2.215046
1427.518, 2.060613
1429.447, 1.963052
1431.375, 2.044966
1433.304, 2.083758
1435.232, 2.024044
1437.161, 2.033677
1439.089, 2.133697
1441.018, 2.136379
1442.946, 2.109503
1444.875, 2.307420
1446.803, 2.459006
1448.731, 2.266123
1450.660, 2.113692
1452.588, 2.248215
1454.517, 2.396115
1456.445, 2.414101
1458.374, 2.356668
1460.302, 2.326524
1462.231, 2.267085
1464.159, 2.127749
1466.088, 2.068776
1468.016, 2.095972
1469.945, 2.106165
1471.873, 2.044723
1473.802, 1.918306
1475.730, 1.827085
1477.658, 1.884887
1479.587, 1.990160
1481.515, 2.019155
1483.444, 2.096083
1485.372, 2.263713
1487.301, 2.283572
1489.229, 2.184859
1491.158, 2.090577
1493.086, 2.009406
1495.015, 2.037369
1496.943, 2.058213
1498.872, 1.960647
1500.800, 1.953692
1502.729, 2.122601
1504.657, 2.188699
1506.585, 2.153250
1508.514, 2.268707
1510.442, 2.437639
1512.371, 2.281728
1514.299, 1.987609
1516.228, 2.023761
1518.156, 2.204507
1520.085, 2.352065
1522.013, 2.395586
1523.942, 2.265164
1525.870, 2.203334
1527.799, 2.194465
1529.727, 2.066767
1531.656, 1.946610
1533.584, 1.953358
1535.512, 1.967264
1537.441, 1.971526
1539.369, 2.020904
1541.298, 2.085425
1543.226, 2.120805
1545.155, 2.154025
1547.083, 2.173651
1549.012, 2.175219
1550.940, 2.161352
1552.869, 2.068023
1554.797, 2.065424
1556.726, 2.179740
1558.654, 2.139582
1560.583, 2.050516
1562.511, 2.115391
1564.439, 2.123112
1566.368, 2.060375
1568.296, 2.073522
1570.225, 2.044173
1572.153, 2.035452
1574.082, 2.134100
1576.010, 2.207791
1577.939, 2.185838
1579.867, 2.180870
1581.796, 2.195747
1583.724, 2.028779
1585.653, 1.958965
1587.581, 2.142637
1589.510, 2.234789
1591.438, 2.177922
1593.366, 2.103568
1595.295, 2.043848
1597.223, 2.034297
1599.152, 2.097231
1601.080, 2.257983
1603.009, 2.324839
1604.937, 2.358510
1606.866, 2.396559
1608.794, 2.331699
1610.723, 2.241723
1612.651, 2.204119
1614.580, 2.223218
1616.508, 2.208007
1618.437, 2.057420
1620.365, 1.893491
1622.293, 1.921266
1624.222, 2.007669
1626.150, 2.015053
1628.079, 2.008150
1630.007, 2.072985
1631.936, 2.199570
1633.864, 2.263261
1635.793, 2.251682
1637.721, 2.163657
1639.650, 1.996815
1641.578, 1.874640
1643.507, 1.756340
1645.435, 1.708925
1647.364, 1.757892
1649.292, 1.941010
1651.220, 2.112791
1653.149, 2.090601
1655.077, 2.071212
1657.006, 2.121131
1658.934, 2.105807
1660.863, 1.963682
1662.791, 1.862238
1664.720, 1.918522
1666.648, 2.020754
1668.577, 2.127497
1670.505, 2.283360
1672.434, 2.289059
1674.362, 2.119314
1676.291, 1.996027
1678.219, 1.940117
1680.147, 1.980330
1682.076, 2.083808
1684.004, 2.160061
1685.933, 2.141242
1687.861, 1.968653
1689.790, 1.934407
1691.718, 2.093280
1693.647, 2.146477
1695.575, 2.095783
1697.504, 2.197074
1699.432, 2.290940
1701.361, 2.097889
1703.289, 1.948208
1705.218, 2.043017
1707.146, 2.194191
1709.074, 2.341198
1711.003, 2.269892
1712.931, 2.033948
1714.860, 1.926193
1716.788, 1.883458
1718.717, 1.890390
1720.645, 2.018425
1722.574, 2.055613
1724.502, 1.956934
1726.431, 1.901719
1728.359, 1.820013
1730.288, 1.776415
1732.216, 1.950208
1734.145, 2.055959
1736.073, 2.146034
1738.001, 2.153657
1739.930, 1.945697
1741.858, 1.938104
1743.787, 2.049627
1745.715, 2.116316
1747.644, 2.226336
1749.572, 2.209118
1751.501, 2.047117
1753.429, 2.006360
1755.358, 2.046427
1757.286, 2.007387
1759.215, 1.884239
1761.143, 1.799700
1763.072, 1.755132
1765.000, 1.838528
1766.928, 2.001220
1768.857, 2.020263
1770.785, 1.942144
1772.714, 1.840827
1774.642, 1.777741
1776.571, 1.879256
1778.499, 2.030697
1780.428, 2.052977
1782.356, 1.975052
1784.285, 1.905560
1786.213, 1.959861
1788.142, 2.080543
1790.070, 2.008533
1791.999, 1.900358
1793.927, 1.954424
1795.855, 1.988551
1797.784, 1.898987
1799.712, 1.948470
1801.641, 1.999770
1803.569, 1.706909
1805.498, 1.603750
1807.426, 1.774854
1809.355, 1.891693
1811.283, 1.991446
1813.212, 2.045440
1815.140, 1.958907
1817.069, 1.745369
1818.997, 1.765765
1820.926, 1.992321
1822.854, 2.039048
1824.782, 1.929063
1826.711, 1.905940
1828.639, 1.911386
1830.568, 1.714474
1832.496, 1.733494
1834.425, 1.956900
1836.353, 2.050342
1838.282, 2.093489
1840.210, 1.868268
1842.139, 1.644318
1844.067, 1.772695
1845.996, 1.943097
1847.924, 1.992581
1849.853, 2.100645
1851.781, 2.090998
1853.709, 1.880174
1855.638, 1.755708
1857.566, 1.704290
1859.495, 1.592340
1861.423, 1.547121
1863.352, 1.746319
1865.280, 1.890113
1867.209, 1.829525
1869.137, 1.701725
1871.066, 1.570751
1872.994, 1.686127
1874.923, 1.888843
1876.851, 1.950770
1878.780, 1.941314
1880.708, 1.850924
1882.636, 1.769074
1884.565, 1.788473
1886.493, 1.787277
1888.422, 1.683781
1890.350, 1.562753
1892.279, 1.614891
1894.207, 1.837022
1896.136, 2.005804
1898.064, 2.012382
1899.993, 1.851106
1901.921, 1.734743
1903.850, 1.738684
1905.778, 1.681823
1907.707, 1.588150
1909.635, 1.641167
1911.563, 1.729308
1913.492, 1.741129
1915.420, 1.713055
1917.349, 1.758242
1919.277, 1.835352
1921.206, 1.844545
1923.134, 1.988003
1925.063, 2.047492
1926.991, 1.899434
1928.920, 1.866922
1930.848, 1.772621
1932.777, 1.772185
1934.705, 1.823667
1936.634, 1.768728
1938.562, 1.792504
1940.490, 1.927273
1942.419, 1.764598
1944.347, 1.598246
1946.276, 1.669262
1948.204, 1.628394
1950.133, 1.660156
1952.061, 1.765346
1953.990, 1.765979
1955.918, 1.694970
1957.847, 1.676745
1959.775, 1.856928
1961.704, 1.888277
1963.632, 1.759133
1965.561, 1.766021
1967.489, 1.755647
1969.417, 1.706355
1971.346, 1.709796
1973.274, 1.785911
1975.203, 1.736543
1977.131, 1.583572
1979.060, 1.449868
1980.988, 1.557888
1982.917, 1.795752
1984.845, 1.737724
1986.774, 1.591079
1988.702, 1.566853
1990.631, 1.711698
1992.559, 1.862008
1994.488, 1.751658
1996.416, 1.617952
1998.344, 1.572166
2000.273, 1.529481
2002.201, 1.581598
2004.130, 1.571701
2006.058, 1.539989
2007.987, 1.664184
2009.915, 1.612186
2011.844, 1.497961
2013.772, 1.464765
2015.701, 1.393909
2017.629, 1.453701
2019.558, 1.520652
2021.486, 1.540529
2023.415, 1.477710
2025.343, 1.499850
2027.271, 1.591587
2029.200, 1.572783
2031.128, 1.555791
2033.057, 1.672697
2034.985, 1.845597
2036.914, 1.751164
2038.842, 1.571308
2040.771, 1.524658
2042.699, 1.578490
2044.628, 1.652271
2046.556, 1.684870
2048.485, 1.699987
2050.413, 1.785652
2052.342, 1.756219
2054.270, 1.625099
2056.198, 1.517833
2058.127, 1.425082
2060.055, 1.390925
2061.984, 1.473888
2063.912, 1.564019
2065.841, 1.486853
2067.769, 1.430365
2069.698, 1.274193
2071.626, 1.265068
2073.555, 1.464786
2075.483, 1.730506
2077.412, 1.859696
2079.340, 1.790081
2081.269, 1.558171
2083.197, 1.290920
2085.125, 1.144889
2087.054, 1.262589
2088.982, 1.579876
2090.911, 1.637944
2092.839, 1.579664
2094.768, 1.725368
2096.696, 1.829265
2098.625, 1.633269
2100.553, 1.454285
2102.482, 1.388705
2104.410, 1.266597
2106.339, 1.253614
2108.267, 1.405412
2110.196, 1.493162
2112.124, 1.515420
2114.052, 1.404665
2115.981, 1.303524
2117.909, 1.311364
2119.838, 1.374500
2121.766, 1.395830
2123.695, 1.312300
2125.623, 1.371966
2127.552, 1.524120
2129.480, 1.520331
2131.409, 1.512440
2133.337, 1.501763
2135.266, 1.325985
2137.194, 1.250485
2139.123, 1.510587
2141.051, 1.683605
2142.979, 1.603145
2144.908, 1.348631
2146.836, 1.211560
2148.765, 1.364225
2150.693, 1.349942
2152.622, 1.250457
2154.550, 1.208147
2156.479, 1.233727
2158.407, 1.388709
2160.336, 1.366997
2162.264, 1.188767
2164.193, 1.045382
2166.121, 1.102365
2168.050, 1.494464
2169.978, 1.573588
2171.906, 1.434809
2173.835, 1.374659
2175.763, 1.273556
2177.692, 1.221357
2179.620, 1.307322
2181.549, 1.343692
2183.477, 1.222425
2185.406, 1.286428
2187.334, 1.499532
2189.263, 1.416674
2191.191, 1.298537
2193.120, 1.316067
2195.048, 1.441222
2196.977, 1.509615
2198.905, 1.476025
2200.833, 1.432543
2202.762, 1.239605
2204.690, 1.156606
2206.619, 1.235499
2208.547, 1.274998
2210.476, 1.243359
2212.404, 1.258555
2214.333, 1.291069
2216.261, 1.238467
2218.190, 1.147063
2220.118, 1.165576
2222.047, 1.251314
2223.975, 1.303833
2225.904, 1.341327
2227.832, 1.464497
2229.760, 1.496357
2231.689, 1.439825
2233.617, 1.359840
2235.546, 1.320640
2237.474, 1.269660
2239.403, 1.096464
2241.331, 1.162381
2243.260, 1.632548
2245.188, 1.566403
2247.117, 1.247500
2249.045, 0.9625222
2250.974, 1.047016
2252.902, 1.360538
2254.831, 1.342911
2256.759, 1.286621
2258.688, 1.340738
2260.616, 1.384441
2262.544, 1.352016
2264.473, 1.198158
2266.401, 1.257694
2268.330, 1.456147
2270.258, 1.508078
2272.187, 1.401397
2274.115, 1.215444
2276.044, 1.252719
2277.972, 1.304086
2279.901, 1.302389
2281.829, 1.324107
2283.758, 1.350136
2285.686, 1.292321
2287.615, 1.248515
2289.543, 1.315308
2291.471, 1.078847
2293.400, 0.8860061
2295.328, 1.341193
2297.257, 1.377925
2299.185, 1.152210
2301.114, 1.164224
2303.042, 1.204043
2304.971, 1.258587
2306.899, 1.156896
2308.828, 1.104577
2310.756, 1.347066
2312.685, 1.355512
2314.613, 1.221509
2316.542, 1.213130
2318.470, 1.214703
2320.398, 1.177969
2322.327, 1.068559
2324.255, 1.016756
2326.184, 1.092691
2328.112, 1.274764
2330.041, 1.417231
2331.969, 1.245667
2333.898, 1.165810
2335.826, 1.200277
2337.755, 0.9336880
2339.683, 0.7966919
2341.612, 0.9762068
2343.540, 1.017994
2345.469, 1.047487
2347.397, 1.207701
2349.325, 1.239643
2351.254, 1.170357
2353.182, 1.114743
2355.111, 1.027862
2357.039, 0.9662707
2358.968, 1.102645
2360.896, 1.189259
2362.825, 1.156835
2364.753, 1.233463
2366.682, 1.251041
2368.610, 0.9662284
2370.539, 1.104129
2372.467, 1.411474
2374.396, 1.205739
2376.324, 1.035173
2378.252, 0.9907917
2380.181, 0.9910699
2382.109, 1.045519
2384.038, 1.144916
2385.966, 1.118911
2387.895, 1.085346
2389.823, 1.121635
2391.752, 1.105259
2393.680, 1.057511
2395.609, 0.9969265
2397.537, 0.9472643
2399.466, 0.8833269
2401.394, 1.003232
2403.323, 1.093812
2405.251, 1.067848
2407.179, 1.090330
2409.108, 1.105421
2411.036, 1.044478
2412.965, 0.9853785
2414.893, 0.9673158
2416.822, 0.9973481
2418.750, 1.064310
2420.679, 1.108649
2422.607, 0.9013780
2424.536, 0.7592799
2426.464, 0.7619701
2428.393, 0.9283305
2430.321, 0.9329948
2432.250, 0.7281269
2434.178, 1.019768
2436.106, 1.279257
2438.035, 1.244994
2439.963, 1.156319
2441.892, 1.115451
2443.820, 1.260517
2445.749, 1.108255
2447.677, 0.9042722
2449.606, 1.180313
2451.534, 1.211414
2453.463, 1.033108
2455.391, 0.9103963
2457.320, 0.8899473
2459.248, 0.9626095
2461.177, 0.9479958
2463.105, 0.9499934
2465.033, 0.9418402
2466.962, 0.8248707
2468.890, 0.7460884
2470.819, 0.7567772
2472.747, 0.8056051
2474.676, 0.8796069
2476.604, 0.9541979
2478.533, 0.8345101
2480.461, 0.7208678
2482.390, 0.9148834
2484.318, 1.062368
2486.247, 1.097600
2488.175, 1.146351
2490.104, 1.133083
2492.032, 1.015006
2493.960, 1.027528
2495.889, 1.011554
2497.817, 0.8404481
2499.746, 0.5598608
2501.674, 0.5370516
2503.603, 0.9004216
2505.531, 0.8025471
2507.460, 0.7496269
2509.388, 0.9717296
2511.317, 0.8301694
2513.245, 0.7741169
2515.174, 0.9740804
2517.102, 0.8750811
2519.031, 0.6776291
2520.959, 0.5217736
2522.887, 0.7797471
2524.816, 1.089434
2526.744, 0.9703279
2528.673, 0.7869719
2530.601, 0.7309309
2532.530, 0.8476194
2534.458, 0.7931579
2536.387, 0.6290579
2538.315, 0.6552788
2540.244, 0.6765884
2542.172, 0.6864278
2544.101, 0.7267500
2546.029, 0.8264101
2547.958, 0.8902400
2549.886, 0.6894253
2551.814, 0.6403521
2553.743, 0.7592012
2555.671, 0.9285234
2557.600, 0.9202005
2559.528, 0.5806935
2561.457, 0.4778049
2563.385, 0.5954292
2565.314, 0.7856313
2567.242, 0.8436624
2569.171, 0.8015921
2571.099, 0.6436194
2573.028, 0.6672476
2574.956, 0.7688946
2576.885, 0.9258173
2578.813, 0.9495704
2580.741, 0.9383259
2582.670, 0.9313911
2584.598, 0.6325451
2586.527, 0.6278846
2588.455, 0.8471343
2590.384, 0.7756211
2592.312, 0.7375517
2594.241, 0.4907714
2596.169, 0.5553026
2598.098, 0.7346032
2600.026, 0.8432879
2601.955, 0.9072437
2603.883, 0.8228687
2605.812, 0.7091383
2607.740, 0.7248310
2609.668, 0.7356320
2611.597, 0.6488277
2613.525, 0.8691046
2615.454, 1.092321
2617.382, 1.007858
2619.311, 0.9412413
2621.239, 0.8337259
2623.168, 0.5883171
2625.096, 0.4349022
2627.025, 0.4206379
2628.953, 0.6361633
2630.882, 0.6438805
2632.810, 0.6735288
2634.739, 0.8627213
2636.667, 0.6010258
2638.595, 0.5433598
2640.524, 0.7977546
2642.452, 0.7848343
2644.381, 0.7546515
2646.309, 0.7055662
2648.238, 0.7775536
2650.166, 0.8052027
2652.095, 0.5785664
2654.023, 0.8169779
2655.952, 0.8794763
2657.880, 0.7302300
2659.809, 0.6003389
2661.737, 0.5201157
2663.666, 0.6596148
2665.594, 0.6082531
2667.522, 0.4650857
2669.451, 0.4524331
2671.379, 0.7677671
2673.308, 0.9467332
2675.236, 0.6910500
2677.165, 0.5796187
2679.093, 0.6716756
2681.022, 0.6386473
2682.950, 0.7649406
2684.879, 0.7489026
2686.807, 0.6544607
2688.736, 0.5992004
2690.664, 0.7420314
2692.593, 0.7603513
2694.521, 0.3533349
2696.449, 0.5879280
2698.378, 0.9349892
2700.306, 0.7398957
2702.235, 0.5435818
2704.163, 0.4241314
2706.092, 0.3633414
2708.020, 0.7200260
2709.949, 0.7834822
2711.877, 0.4262136
2713.806, 0.7083914
2715.734, 0.7879069
2717.663, 0.7361815
2719.591, 0.8113645
2721.520, 0.7568809
2723.448, 0.6098170
2725.376, 0.4283967
2727.305, 0.5574346
2729.233, 0.7805178
2731.162, 0.5937942
2733.090, 0.4367980
2735.019, 0.4874512
2736.947, 0.6378636
2738.876, 0.6437396
2740.804, 0.5026485
2742.733, 0.3423556
2744.661, 0.4795133
2746.590, 0.6459486
2748.518, 0.5191712
2750.447, 0.4375497
2752.375, 0.5387249
2754.303, 0.5282053
2756.232, 0.4704776
2758.160, 0.5460807
2760.089, 0.7363583
2762.017, 0.8481162
2763.946, 0.7264100
2765.874, 0.4166113
2767.803, 0.2004282
2769.731, 0.3139405
2771.660, 0.4186589
2773.588, 0.5808665
2775.517, 0.5524498
2777.445, 0.5559276
2779.374, 0.4420508
2781.302, 0.3380542
2783.230, 0.4394087
2785.159, 0.5212499
2787.087, 0.5940105
2789.016, 0.6682310
2790.944, 0.8103978
2792.873, 0.7282133
2794.801, 0.5197121
2796.730, 0.6473020
2798.658, 0.7789322
2800.587, 0.9657308
2802.515, 0.8910558
2804.444, 0.2839042
2806.372, 0.2418126
2808.301, 0.3007704
2810.229, 0.3290078
2812.157, 0.5123246
2814.086, 0.4383353
2816.014, 0.2927878
2817.943, 0.6134338
2819.871, 0.5136562
2821.800, 0.2915210
2823.728, 0.3982067
2825.657, 0.5808108
2827.585, 0.5448774
2829.514, 0.3251155
2831.442, 0.3189300
2833.371, 0.3129348
2835.299, 0.2249461
2837.228, 0.1925972
2839.156, 0.2522776
2841.084, 0.3471221
2843.013, 0.5083380
2844.941, 0.3535068
2846.870, 0.1663130
2848.798, 0.2720097
2850.727, 0.2379291
2852.655, 0.3310642
2854.584, 0.5293508
2856.512, 0.5420494
2858.441, 0.4527004
2860.369, 0.3031202
2862.298, 0.4471225
2864.226, 0.6561352
2866.155, 0.7062885
2868.083, 0.4983371
2870.011, 0.4287393
2871.940, 0.3852004
2873.868, 0.3423396
2875.797, 0.4225354
2877.725, 0.4640622
2879.654, 0.5413781
2881.582, 0.4934521
2883.511, 0.2097449
2885.439, 0.1683243
2887.368, 0.4981304
2889.296, 0.5424965
2891.225, 0.5493101
2893.153, 0.5254021
2895.082, 0.2120364
2897.010, 0.1621117
2898.938, 0.4123760
2900.867, 0.3337492
2902.795, 0.1366569
2904.724, 0.1897192
2906.652, 0.6535445
2908.581, 0.7055061
2910.509, 0.6123818
2912.438, 0.3766796
2914.366, 0.2213835
2916.295, -2.0429920E-04
2918.223, 8.6604618E-02
2920.152, 0.9122731
2922.080, 0.6617994
2924.008, 0.1547650
2925.937, 0.1307670
2927.865, 0.2270787
2929.794, 0.1971495
2931.722, 0.2686126
2933.651, 0.4455543
2935.579, 0.5013551
2937.508, 0.4322461
2939.436, 0.2598893
2941.365, 0.5337827
2943.293, 0.5722392
2945.221, 0.3727297
2947.150, 0.6373855
2949.078, 0.4082491
2951.007, 0.2858344
2952.935, 0.5602134
2954.864, 0.4735562
2956.792, 0.3088724
2958.721, 0.1758614
2960.649, 0.3953397
2962.578, -4.0708940E-02
2964.506, -0.1911936
2966.435, 0.2557974
2968.363, 0.4725083
2970.292, 0.4683980
2972.220, 0.3922772
2974.148, 0.3611297
2976.077, 0.3140628
2978.005, 0.3255062
2979.934, 0.4531727
2981.862, 0.4639189
2983.791, 0.3458899
2985.719, 0.1508724
2987.648, 6.3344426E-02
2989.576, 0.1636359
2991.505, 0.1192202
2993.433, 9.4391286E-02
2995.362, 0.4189771
2997.290, 0.2003096
2999.219, 7.5085133E-02
3001.147, 0.3596101
3003.075, 4.0294081E-02
3005.004, -0.1187396
3006.932, 7.4881367E-02
3008.861, 0.1870350
3010.789, 0.3077785
3012.718, 0.5024945
3014.646, 0.6656095
3016.575, 0.1258160
3018.503, 0.1957196
3020.432, 0.4176577
3022.360, 2.8643681E-02
3024.289, 0.1582086
3026.217, 0.1653058
3028.146, 6.1657541E-02
3030.074, -1.6244330E-02
3032.002, 0.4564745
3033.931, 0.8653708
3035.859, 0.5179828
3037.788, 0.1717924
3039.716, 6.5519877E-02
3041.645, -1.6712910E-02
3043.573, 0.1711250
3045.502, 0.3160895
3047.430, 0.2679176
3049.359, 0.3292767
3051.287, 0.4332071
3053.216, 0.5359519
3055.144, 0.4861785
3057.073, 0.2838216
3059.001, 0.4158653
3060.929, 0.4703745
3062.858, 0.3664416
3064.786, 0.2953764
3066.715, 0.3199842
3068.643, 0.2543325
3070.572, 8.4678762E-02
3072.500, 0.1685174
3074.429, 0.2696116
3076.357, 0.1797727
3078.286, -0.2075957
3080.214, -3.9607570E-02
3082.143, 0.1605287
3084.071, 6.0833890E-02
3086.000, -0.1828357
3087.928, 0.3691434
3089.856, 0.5536493
3091.785, 0.4960583
3093.713, 0.4026435
3095.642, 0.5327218
3097.570, 0.3663124
3099.499, 8.1639133E-02
3101.427, 0.3669109
3103.356, 0.2518767
3105.284, -1.8224180E-02
3107.213, -0.2085382
3109.141, 0.3432298
3111.070, 0.3133385
3112.998, -3.6099952E-02
3114.927, -0.1559654
3116.855, -3.6793591E-03
3118.783, 9.2947111E-02
3120.712, -4.0338272E-03
3122.640, -0.1190201
3124.569, 0.1320052
3126.497, -0.1172596
3128.426, -0.3348178
3130.354, -0.2361414
3132.283, 0.2292695
3134.211, 9.2887521E-02
3136.140, -0.2142069
3138.068, 0.2111897
3139.997, -3.1027300E-02
3141.925, -5.1764851E-03
3143.854, 0.2710260
3145.782, 5.0405461E-02
3147.710, 0.2574621
3149.639, 0.3208298
3151.567, 0.1491533
3153.496, 0.6141176
3155.424, 0.1714799
3157.353, 0.2526372
3159.281, 0.8064908
3161.210, 7.2559088E-02
3163.138, -0.4979379
3165.067, -0.3346265
3166.995, 0.2893254
3168.924, 8.0044463E-02
3170.852, -0.2210937
3172.781, -0.1655291
3174.709, 7.5754553E-02
3176.637, 0.5220152
3178.566, 0.4870895
3180.494, 0.1648712
3182.423, -9.4410181E-02
3184.351, -0.1872214
3186.280, 2.0636760E-02
3188.208, 0.2608502
3190.137, 0.3197913
3192.065, 0.2054183
3193.994, -1.1370700E-03
3195.922, -5.2349899E-02
3197.851, 0.1787579
3199.779, 0.3166607
3201.708, 0.2212153
3203.636, 0.2978294
3205.564, 0.4445268
3207.493, -0.2557015
3209.421, -4.1829091E-02
3211.350, 9.4222479E-02
3213.278, -3.0370660E-02
3215.207, 0.3712389
3217.135, 0.6009668
3219.064, 0.4693998
3220.992, 6.2422909E-02
3222.921, 0.1299279
3224.849, -4.6948981E-02
3226.778, -0.2063936
3228.706, -0.1627060
3230.635, 0.2538633
3232.563, -0.1479871
3234.491, -7.6490410E-02
3236.420, 0.2883405
3238.348, -5.7849210E-02
3240.277, 0.1034698
3242.205, 0.2546610
3244.134, 0.3520673
3246.062, 0.7308768
3247.991, 0.4007530
3249.919, -1.9648310E-02
3251.848, -0.2650284
3253.776, -0.2359310
3255.705, 0.1353218
3257.633, 0.1859973
3259.562, 0.1970408
3261.490, 0.4117768
3263.418, 0.2988556
3265.347, -9.8366581E-02
3267.275, -0.1140593
3269.204, 0.2647220
3271.132, 0.2823011
3273.061, 0.4193307
3274.989, 0.4279456
3276.918, 0.1141369
3278.846, -0.7099295
3280.775, 0.1782042
3282.703, 0.3913126
3284.632, 4.6258640E-02
3286.560, 0.1671224
3288.489, -3.3549249E-02
3290.417, 0.1569713
3292.345, 0.2535602
3294.274, -8.0768473E-02
3296.202, -4.0538501E-02
3298.131, 0.3962797
3300.059, 0.5149034
3301.988, 0.1678327
3303.916, 0.4658826
3305.845, 0.1069990
3307.773, -0.1802858
3309.702, -0.1769285
3311.630, 8.3638262E-03
3313.559, 0.5379925
3315.487, 0.1655672
3317.416, -0.2256293
3319.344, 0.1354318
3321.272, -0.1032499
3323.201, -3.6563560E-02
3325.129, -5.1408559E-02
3327.058, -0.1678195
3328.986, 0.2014254
3330.915, 0.2126486
3332.843, 0.5859262
3334.772, 0.8283249
3336.700, 0.1839917
3338.629, 0.1544764
3340.557, 0.1597402
3342.486, -2.0004410E-02
3344.414, -0.1912215
3346.343, 0.6489048
3348.271, 0.3529364
3350.199, -0.1595662
3352.128, -0.2320962
3354.056, 0.3685160
3355.985, 0.4583558
3357.913, 0.3076220
3359.842, 0.2097582
3361.770, 0.2508713
3363.699, 0.1673029
3365.627, -0.2334078
3367.556, -0.3281640
3369.484, -6.2361259E-02
3371.413, 0.3038599
3373.341, 0.2657007
3375.270, 0.3430353
3377.198, 0.2497416
3379.126, -0.2092187
3381.055, -0.8059443
3382.983, -0.1965517
3384.912, 0.4474575
3386.840, 0.6269248
3388.769, 0.3972429
3390.697, 0.6935979
3392.626, 0.3700088
3394.554, -3.0624120E-02
3396.483, -0.1745591
3398.411, -0.2824237
3400.340, -0.2584299
3402.268, 0.3882405
3404.197, 0.8076937
3406.125, 0.4343595
3408.053, 0.6679589
3409.982, 0.6020682
3411.910, 0.3928042
3413.839, 0.1389636
3415.767, -0.1332153
3417.696, 1.2678210E-02
3419.624, 0.2271247
3421.553, 0.1740641
3423.481, -4.3746211E-02
3425.410, 0.2125987
3427.338, -0.2704807
3429.267, -0.5314454
3431.195, -0.2792381
3433.124, 0.2111145
3435.052, -0.4366972
3436.980, 0.1966976
3438.909, 0.4436227
3440.837, 0.1547404
3442.766, -9.8344572E-02
3444.694, 0.1203322
3446.623, 0.2809872
3448.551, -7.1768597E-02
3450.480, -0.4742132
3452.408, -0.1607555
3454.337, -0.1793825
3456.265, 0.1572876
3458.194, 0.4130045
3460.122, 0.3890070
3462.051, 0.2391942
3463.979, -3.5231221E-02
3465.907, 0.3523089
3467.836, 0.2264488
3469.764, -0.3733725
3471.693, 2.4358690E-02
3473.621, -0.1148602
3475.550, -2.7551411E-02
3477.478, 0.1409781
3479.407, 0.1520582
3481.335, -5.1996209E-02
3483.264, -7.0193619E-03
3485.192, 9.9158220E-02
3487.121, 5.6305520E-02
3489.049, -0.1109500
3490.978, -0.1137554
3492.906, 0.5096370
3494.834, 0.5346549
3496.763, 0.1848706
3498.691, -0.1026708
3500.620, -0.1464928
3502.548, -0.2296338
3504.477, -6.3663190E-03
3506.405, 0.2210045
3508.334, 0.1727038
3510.262, -0.1706098
3512.191, 3.4337789E-02
3514.119, 0.2650271
3516.048, 0.3102727
3517.976, 1.8164540E-02
3519.905, -0.6716074
3521.833, -0.1593292
3523.761, -4.9946290E-02
3525.690, 0.1491272
3527.618, 0.2634582
3529.547, -0.4501968
3531.475, -0.2493082
3533.404, -0.2514997
3535.332, 0.1348301
3537.261, 0.5238899
3539.189, 0.2111845
3541.118, 0.5770553
3543.046, -6.5087430E-02
3544.975, -0.4433447
3546.903, -0.2180499
3548.832, 0.2490398
3550.760, 0.1417617
3552.688, 0.1675137
3554.617, 8.4172644E-02
3556.545, -9.2448197E-02
3558.474, -0.1810419
3560.402, 9.2670269E-02
3562.331, -6.3690923E-02
3564.259, 0.1480368
3566.188, 0.1584183
3568.116, -5.3405359E-02
3570.045, 7.8165136E-02
3571.973, -0.1136502
3573.902, 0.1011039
3575.830, 0.2501864
3577.759, 0.1722033
3579.687, 1.1242180E-02
3581.615, 5.0345581E-09
3583.544, -3.3393830E-02
3585.472, 0.1951664
3587.401, 0.1584429
3589.329, -0.2036758
3591.258, -0.2373746
3593.186, 0.1911853
3595.115, 0.1279062
3597.043, 6.6921398E-02
3598.972, 0.2015187
3600.900, 0.3597614
3602.829, 0.1486296
3604.757, 0.1858062
3606.686, 0.3772204
3608.614, 0.1525751
3610.542, -0.3931979
3612.471, -0.4076242
3614.399, -0.2460195
3616.328, 0.4013970
3618.256, -0.1052728
3620.185, -0.4591956
3622.113, 0.3004366
3624.042, -0.4684225
3625.970, 5.9268489E-02
3627.899, -0.2248924
3629.827, -0.1526962
3631.756, 0.2656545
3633.684, -9.9695334E-03
3635.613, -0.2011867
3637.541, -0.3193382
3639.469, 0.1255347
3641.398, 0.3975586
3643.326, 0.1290908
3645.255, -0.1939479
3647.183, 9.2320018E-02
3649.112, 0.1259211
3651.040, 0.1647864
3652.969, 0.3593850
3654.897, 0.4004991
3656.826, -0.4490858
3658.754, -8.8918313E-02
3660.683, 0.2939233
3662.611, 0.3073459
3664.540, 0.1304889
3666.468, 5.7351470E-02
3668.396, 0.3312545
3670.325, -0.3820614
3672.253, -0.5861873
3674.182, -0.4626579
3676.110, 4.0052291E-02
3678.039, 0.6579883
3679.967, 0.1327873
3681.896, -0.6085746
3683.824, 3.6804989E-02
3685.753, 7.3066071E-02
3687.681, 0.1532865
3689.610, 0.9315283
3691.538, 0.3632813
3693.467, -0.3101178
3695.395, 0.4686988
3697.323, 0.3341319
3699.252, -0.1222223
3701.180, 0.1107156
3703.109, 0.1198381
3705.037, 0.1118164
3706.966, 0.1671831
3708.894, 0.2210646
3710.823, 0.2474461
3712.751, 0.2489090
3714.680, 0.2239298
3716.608, -5.2709419E-02
3718.537, 0.1100892
3720.465, 3.3370961E-02
3722.394, 6.7753410E-03
3724.322, 0.2474487
3726.250, 0.5590110
3728.179, 0.6351691
3730.107, 0.4889368
3732.036, 0.1720680
3733.964, -8.9458503E-02
3735.893, -0.5350817
3737.821, -0.8717733
3739.750, 0.3396796
3741.678, -0.5722290
3743.607, 0.1021229
3745.535, 0.1902045
3747.464, -0.2504718
3749.392, -0.4447177
3751.321, -0.3827570
3753.249, -5.5422660E-02
3755.177, -1.2987700E-03
3757.106, -0.1427509
3759.034, -0.4583330
3760.963, -0.4111295
3762.891, 0.1102877
3764.820, -2.4544179E-02
3766.748, -3.2630891E-02
3768.677, -0.1400319
3770.605, 0.1281795
3772.534, -6.9375481E-03
3774.462, -0.2370304
3776.391, 0.3473021
3778.319, 0.2316181
3780.248, 0.2707984
3782.176, 0.1609387
3784.104, -0.1178374
3786.033, -0.2243871
3787.961, -6.7999460E-02
3789.890, 7.8510292E-02
3791.818, 6.1215110E-02
3793.747, -0.1108725
3795.675, 0.2819862
3797.604, 7.8971341E-02
3799.532, -0.1689294
3801.461, -0.1313224
3803.389, -0.5220603
3805.318, 0.1348921
3807.246, 0.2788407
3809.175, 0.3686511
3811.103, 0.1701742
3813.031, -0.1495755
3814.960, -0.2730903
3816.888, -0.1681779
3818.817, -0.1727000
3820.745, -8.2586192E-02
3822.674, 0.2742752
3824.602, 0.1972914
3826.531, 0.3912886
3828.459, 0.5325110
3830.388, -0.5570742
3832.316, -0.4443192
3834.245, 0.3718553
3836.173, 9.9896923E-02
3838.102, -0.1306078
3840.030, -5.9599780E-02
3841.958, -3.0784801E-02
3843.887, -0.2030402
3845.815, -0.2917406
3847.744, -0.1498600
3849.672, -0.2181866
3851.601, -7.9078183E-02
3853.529, 4.5066979E-02
3855.458, 0.2688023
3857.386, 0.4391608
3859.315, -8.4024981E-02
3861.243, -0.7957380
3863.172, 0.3726572
3865.100, -0.1326524
3867.029, 0.3643250
3868.957, 0.5003749
3870.885, 1.5922099E-02
3872.814, 0.2335640
3874.742, 8.4015884E-02
3876.671, -0.4301313
3878.599, -0.4090948
3880.528, -0.4883607
3882.456, 0.3631035
3884.385, 0.7431430
3886.313, 0.1183898
3888.242, -0.3176020
3890.170, -0.6196381
3892.099, 1.9262660E-02
3894.027, -0.1049917
3895.956, 0.1504084
3897.884, 0.1737250
3899.813, 1.7841000E-02
3901.741, 0.1231674
3903.669, 0.2999463
3905.598, -0.2647280
3907.526, -0.5148485
3909.455, -0.1654502
3911.383, -5.3061739E-02
3913.312, -0.1378582
3915.240, -0.2190009
3917.169, -0.4347689
3919.097, -0.5866900
3921.026, 0.7179936
3922.954, -0.4047293
3924.883, -0.3773098
3926.811, -0.6197591
3928.740, -0.4677793
3930.668, 0.1976213
3932.596, 0.5319350
3934.525, 0.2841405
3936.453, 0.3582693
3938.382, 0.2402003
3940.310, 0.3081839
3942.239, 0.3318575
3944.167, 0.2859475
3946.096, 0.3548512
3948.024, 0.2360721
3949.953, 8.9978963E-02
3951.881, 0.3370667
3953.810, 0.4690322
3955.738, -0.1947047
3957.667, -0.5308819
3959.595, 0.2081067
3961.523, 7.4707270E-02
3963.452, -0.1427601
3965.380, 0.1030845
3967.309, 0.2012759
3969.237, -6.5723583E-02
3971.166, -9.6536390E-02
3973.094, -0.3120894
3975.023, -0.4145072
3976.951, -5.8374960E-02
3978.880, 0.3085867
3980.808, 0.1263691
3982.737, 0.4107591
3984.665, 0.3495387
3986.594, 0.1458085
3988.522, 5.1027641E-02
3990.450, 1.9745490E-02
3992.379, 0.3971499
3994.307, -0.4762632
3996.236, -9.8177053E-02
3998.164, 4.6557151E-02
4000.093, 0.2293244
4002.021, -1.5280470E-02
4003.950, 0.5455379
4005.878, 0.8658600
4007.807, 0.2438513
4009.735, -3.3099961E-02
4011.664, -4.1571911E-03
4013.592, 2.8559349E-03
4015.521, 0.4567619
4017.449, 0.2413017
4019.377, 0.4445758
4021.306, 0.1210805
4023.234, -0.3479418
4025.163, -7.4233517E-02
4027.091, 0.4079542
4029.020, -0.1173291
4030.948, -7.6774947E-02
4032.877, -0.3419202
4034.805, 5.7515199E-03
4036.734, -0.3851601
4038.662, -0.1692308
4040.591, 0.4814047
4042.519, 0.6569135
4044.448, 0.1218946
4046.376, -0.4527985
4048.304, -0.2806608
4050.233, -0.4735379
4052.161, -1.2855770E-02
4054.090, -0.6066085
4056.018, -0.3313131
4057.947, 0.6443997
4059.875, 0.6557544
4061.804, 0.1139799
4063.732, -7.8207357E-03
4065.661, -9.1067906E-03
4067.589, -0.3869440
4069.518, 9.5196120E-02
4071.446, 0.2992354
4073.375, -0.3950950
4075.303, -3.5573091E-02
4077.231, 0.1130800
4079.160, 0.4897498
4081.088, 0.1581874
4083.017, -0.1369950
4084.945, 6.7653008E-02
4086.874, 1.8329130E-02
4088.802, -1.8468820E-02
4090.731, -0.3879771
4092.659, -6.2488029E-03
4094.588, -3.5962541E-02
4096.516, 2.0351419E-02
4098.444, 7.9934493E-02
4100.373, -0.2158017
4102.301, 0.1139409
4104.230, 0.2718779
4106.158, -6.5497577E-02
4108.087, -0.1313202
4110.015, -0.1345623
4111.944, -0.1395414
4113.872, 0.1081881
4115.801, 0.1512842
4117.729, -0.4576525
4119.658, 2.0848600E-02
4121.586, -0.4734699
4123.515, 2.2390559E-02
4125.443, 0.2096401
4127.372, 0.3538590
4129.300, 0.7086737
4131.229, 0.1787961
4133.157, -0.3238393
4135.085, -0.1958079
4137.014, -0.5675046
4138.942, -0.1737841
4140.871, 0.4981904
4142.799, 0.1943285
4144.728, -4.2610630E-02
4146.656, 0.2840711
4148.584, 0.5372675
4150.513, 0.2043189
4152.441, -0.2534640
4154.370, -0.1063088
4156.298, 0.2774409
4158.227, -0.1513297
4160.155, -0.1755795
4162.084, -0.4360536
4164.012, -0.2430665
4165.941, 5.6847751E-02
4167.869, 0.2675115
4169.798, 2.9041400E-02
4171.726, 0.1307526
4173.655, 0.2058341
4175.583, -0.1649714
4177.512, -0.1419192
4179.440, 0.1531085
4181.369, 0.2077441
4183.297, 0.4648804
4185.226, -0.1229756
4187.154, -5.9413329E-02
4189.083, 0.2394335
4191.011, -0.4376349
4192.939, -2.4822030E-02
4194.868, 6.5417007E-02
4196.796, 0.2743477
4198.725, 0.1963243
4200.653, -0.3025143
4202.582, 0.1980423
4204.510, 0.5559030
4206.438, 0.3186390
4208.367, 0.3356050
4210.295, 0.1966192
4212.224, -0.2257717
4214.152, -0.2269647
4216.081, -0.1951267
4218.009, -5.4073490E-02
4219.938, 0.8894615
4221.866, -0.2242410
4223.795, 3.2239009E-02
4225.723, 0.3368498
4227.652, -6.7831852E-02
4229.580, 0.1759736
4231.509, -0.2143898
4233.437, -8.5642152E-03
4235.366, 0.1595471
4237.294, 8.4709842E-03
4239.223, -4.0669609E-02
4241.151, -0.3071323
4243.080, -0.2315067
4245.008, -0.5552133
4246.937, -0.5780990
4248.865, -3.2678161E-02
4250.793, 4.9116671E-02
4252.722, -9.3029991E-02
4254.650, 0.1518777
4256.579, -1.5983971E-02
4258.507, 0.4371714
4260.436, 1.3470590E-02
4262.364, 0.4233002
4264.292, 0.1960789
4266.221, 7.0776694E-02
4268.149, -0.1126305
4270.078, -0.2008369
4272.006, 0.1779357
4273.935, 0.3115175
4275.863, 9.3671687E-02
4277.792, 0.1692269
4279.720, 0.2545615
4281.649, 4.9250361E-02
4283.577, -1.4183490E-03
4285.506, -0.5669936
4287.434, -0.4444666
4289.363, -0.1211409
4291.291, 0.5007300
4293.220, 0.2687106
4295.148, 3.4891460E-02
4297.077, -0.2773455
4299.005, -0.4600080
4300.934, -0.3381925
4302.862, -0.1004820
4304.791, 0.2386710
4306.719, 0.6243252
4308.647, 6.3382477E-02
4310.576, -0.1874944
4312.504, 0.3964506
4314.433, 0.2191591
4316.361, -0.4124598
4318.290, -0.3791772
4320.218, -7.4314088E-02
4322.146, 0.3258728
4324.075, -0.2167378
4326.003, -0.3240719
4327.932, 0.2245824
4329.860, 0.3717932
4331.789, -0.1933570
4333.717, -0.3017953
4335.646, -0.6225196
4337.574, 0.1386379
4339.503, -0.5101990
4341.431, -0.3225698
4343.360, -8.3051041E-02
4345.288, 0.2163447
4347.217, 0.5690835
4349.145, 0.4089918
4351.074, -0.2159934
4353.002, 8.4352799E-02
4354.931, 0.4119494
4356.859, 6.1691418E-02
4358.788, 0.1709928
4360.716, -1.0991730E-02
4362.645, -0.2312379
4364.573, -0.2216449
4366.501, -0.2536018
4368.430, 0.2267544
4370.358, 0.5492644
4372.287, -1.2116920E-02
4374.215, -0.2488993
4376.144, 7.8718767E-02
4378.072, -1.4705180E-02
4380.000, -0.1188664
4381.929, -9.0336673E-02
##END=



