##NAMES=Epidote
##RRUFFID=R040092
##IDEAL CHEMISTRY=Ca_2_(Al_2_Fe^3+^)[Si_2_O_7_][SiO_4_]O(OH)
##LOCALITY=Nahant, Massachusetts, USA
##OWNER=RRUFF
##SOURCE=University of Arizona Mineral Museum
##DESCRIPTION=Green prismatic crystals imbedded in quartz
##STATUS=The identification of this mineral has been confirmed by X-ray diffraction and chemical analysis
##URL=https://www.rruff.net/odr/rruff_sample/R040092
##MEASURED CHEMISTRY=Ca_2.01_Al_2.00_Fe_1.00_(Si_1.00_O_4_)(Si_1.97_Fe_0.02_Al_0.01_Ti_0.01_O_7_)O(OH)
##DIFFRACTION SAMPLE DESCRIPTION=Powder
##CELL PARAMETERS=a: 8.882 b: 5.619 c: 10.138 alpha: 90 beta: 115.38 gamma: 90 volume: 457.1 crystal system: monoclinic
##FILETYPE=Raman RAW
##RAMAN WAVELENGTH=785

144.7371, 3099.244
146.6655, 3538.019
148.5940, 3921.290
150.5225, 3947.023
152.4509, 3858.080
154.3794, 3747.057
156.3079, 3727.625
158.2363, 3782.936
160.1648, 3983.447
162.0933, 4350.913
164.0217, 4770.023
165.9502, 5303.104
167.8787, 5780.082
169.8071, 6094.194
171.7356, 6244.168
173.6641, 6137.381
175.5925, 5735.738
177.5210, 5324.086
179.4495, 4908.231
181.3779, 4574.750
183.3064, 4398.922
185.2349, 4320.555
187.1633, 4203.803
189.0918, 4042.486
191.0203, 3902.141
192.9487, 3778.999
194.8772, 3696.861
196.8057, 3685.317
198.7341, 3700.173
200.6626, 3712.953
202.5911, 3721.042
204.5195, 3695.383
206.4480, 3625.317
208.3765, 3577.597
210.3049, 3550.514
212.2334, 3574.639
214.1619, 3654.130
216.0903, 3793.929
218.0188, 4010.819
219.9473, 4305.283
221.8757, 4655.080
223.8042, 5109.298
225.7327, 5475.235
227.6611, 5690.254
229.5896, 5792.164
231.5181, 5751.394
233.4465, 5615.818
235.3750, 5537.442
237.3035, 5517.354
239.2319, 5467.581
241.1604, 5389.108
243.0889, 5250.057
245.0173, 4984.605
246.9458, 4708.270
248.8743, 4522.748
250.8027, 4415.411
252.7312, 4325.608
254.6597, 4254.596
256.5881, 4181.651
258.5166, 4067.334
260.4451, 4013.141
262.3735, 4011.088
264.3020, 4115.010
266.2305, 4413.000
268.1589, 4883.018
270.0874, 5410.272
272.0159, 6037.405
273.9443, 6422.687
275.8728, 6430.670
277.8013, 6256.074
279.7297, 5858.390
281.6582, 5405.108
283.5867, 5069.628
285.5151, 4847.347
287.4436, 4688.573
289.3721, 4593.192
291.3005, 4561.056
293.2290, 4638.404
295.1575, 4713.521
297.0859, 4740.032
299.0144, 4751.818
300.9429, 4770.591
302.8713, 4805.629
304.7998, 4897.356
306.7283, 5054.186
308.6567, 5193.570
310.5852, 5358.212
312.5137, 5403.371
314.4421, 5234.122
316.3706, 4979.429
318.2991, 4708.162
320.2275, 4449.001
322.1560, 4288.675
324.0845, 4228.918
326.0129, 4158.006
327.9414, 4050.513
329.8699, 3948.104
331.7983, 3829.458
333.7268, 3752.459
335.6553, 3728.627
337.5837, 3785.744
339.5122, 3986.786
341.4407, 4317.903
343.3691, 4719.229
345.2976, 5264.236
347.2261, 5633.540
349.1545, 5767.996
351.0830, 5714.564
353.0115, 5381.071
354.9399, 4945.709
356.8684, 4601.111
358.7969, 4337.657
360.7253, 4138.252
362.6538, 4007.296
364.5823, 3896.688
366.5107, 3821.938
368.4392, 3731.028
370.3677, 3590.336
372.2961, 3453.141
374.2246, 3344.499
376.1531, 3272.413
378.0815, 3247.429
380.0100, 3267.810
381.9385, 3328.424
383.8669, 3448.503
385.7954, 3548.415
387.7239, 3639.664
389.6523, 3677.889
391.5808, 3617.079
393.5093, 3522.793
395.4377, 3442.568
397.3662, 3379.417
399.2947, 3336.647
401.2231, 3314.531
403.1516, 3325.106
405.0801, 3369.458
407.0085, 3449.605
408.9370, 3521.104
410.8655, 3682.529
412.7939, 3966.562
414.7224, 4367.686
416.6509, 4934.662
418.5793, 5600.822
420.5078, 6268.359
422.4363, 6941.715
424.3647, 7414.633
426.2932, 7553.668
428.2217, 7698.220
430.1501, 7951.262
432.0786, 8129.277
434.0071, 8145.064
435.9355, 8059.716
437.8640, 7830.768
439.7925, 7581.226
441.7209, 7548.608
443.6494, 7738.775
445.5779, 8110.175
447.5063, 8801.569
449.4348, 9388.698
451.3633, 9973.627
453.2917, 10272.96
455.2202, 10160.50
457.1487, 9760.438
459.0771, 9018.178
461.0056, 8131.532
462.9341, 7354.413
464.8625, 6691.734
466.7910, 6179.150
468.7195, 5851.815
470.6479, 5581.523
472.5764, 5357.040
474.5049, 5192.210
476.4333, 5100.909
478.3618, 5056.532
480.2903, 5054.931
482.2188, 5086.468
484.1472, 5145.285
486.0757, 5226.389
488.0042, 5302.160
489.9326, 5360.508
491.8611, 5521.065
493.7896, 5860.785
495.7180, 6178.527
497.6465, 6477.525
499.5750, 6746.775
501.5034, 7014.662
503.4319, 7214.554
505.3604, 7316.059
507.2888, 7313.004
509.2173, 7172.449
511.1458, 6919.189
513.0742, 6640.441
515.0027, 6320.256
516.9312, 6075.279
518.8596, 5949.779
520.7881, 5805.188
522.7166, 5620.953
524.6450, 5438.428
526.5735, 5259.073
528.5020, 5099.735
530.4304, 4963.486
532.3589, 4860.468
534.2874, 4804.176
536.2158, 4790.855
538.1443, 4810.843
540.0728, 4865.043
542.0012, 4941.554
543.9297, 5045.156
545.8582, 5156.208
547.7866, 5261.039
549.7151, 5398.377
551.6436, 5527.923
553.5720, 5772.195
555.5005, 6219.184
557.4290, 6787.052
559.3574, 7568.661
561.2859, 8333.390
563.2144, 8720.293
565.1428, 8742.296
567.0713, 8419.078
568.9998, 7662.720
570.9282, 7096.437
572.8567, 6726.728
574.7852, 6516.090
576.7136, 6497.435
578.6421, 6549.522
580.5706, 6659.581
582.4990, 6788.304
584.4275, 6923.875
586.3560, 7059.448
588.2844, 7169.583
590.2129, 7288.001
592.1414, 7520.559
594.0698, 7822.399
595.9983, 7958.353
597.9268, 7922.962
599.8552, 7694.348
601.7837, 7233.088
603.7122, 6785.005
605.6406, 6373.040
607.5691, 6001.326
609.4976, 5688.996
611.4260, 5384.586
613.3545, 5082.226
615.2830, 4757.738
617.2114, 4362.802
619.1399, 3964.171
621.0684, 3631.225
622.9968, 3360.027
624.9253, 3148.931
626.8538, 2994.437
628.7822, 2860.257
630.7107, 2745.826
632.6392, 2652.949
634.5676, 2583.348
636.4961, 2526.311
638.4246, 2480.830
640.3530, 2446.048
642.2815, 2430.443
644.2100, 2410.273
646.1384, 2372.346
648.0669, 2330.828
649.9954, 2290.079
651.9238, 2254.070
653.8523, 2225.023
655.7808, 2205.025
657.7092, 2205.173
659.6377, 2218.424
661.5662, 2207.832
663.4946, 2176.242
665.4231, 2158.749
667.3516, 2157.004
669.2800, 2160.341
671.2085, 2167.390
673.1370, 2179.683
675.0654, 2196.729
676.9939, 2221.434
678.9224, 2263.133
680.8508, 2300.937
682.7793, 2335.136
684.7078, 2353.454
686.6362, 2348.627
688.5647, 2323.394
690.4932, 2278.296
692.4216, 2215.941
694.3501, 2129.252
696.2786, 2031.634
698.2070, 1965.788
700.1355, 1925.774
702.0640, 1882.092
703.9924, 1834.636
705.9209, 1797.419
707.8494, 1771.576
709.7778, 1758.558
711.7063, 1765.563
713.6348, 1759.441
715.5632, 1718.151
717.4917, 1692.386
719.4202, 1705.299
721.3486, 1719.187
723.2771, 1724.972
725.2056, 1722.706
727.1340, 1707.015
729.0625, 1689.122
730.9910, 1676.148
732.9194, 1668.668
734.8479, 1668.834
736.7764, 1674.202
738.7048, 1682.809
740.6333, 1692.121
742.5618, 1692.983
744.4902, 1688.244
746.4187, 1695.038
748.3472, 1712.907
750.2756, 1717.696
752.2041, 1706.044
754.1326, 1697.446
756.0610, 1693.754
757.9895, 1693.550
759.9180, 1695.616
761.8464, 1703.385
763.7749, 1721.828
765.7034, 1738.513
767.6318, 1754.042
769.5603, 1762.451
771.4888, 1755.317
773.4172, 1748.715
775.3457, 1755.020
777.2742, 1760.692
779.2026, 1749.699
781.1311, 1739.043
783.0596, 1747.890
784.9880, 1765.051
786.9165, 1779.057
788.8450, 1789.773
790.7734, 1791.771
792.7019, 1792.481
794.6304, 1812.230
796.5588, 1846.831
798.4873, 1874.411
800.4158, 1896.234
802.3442, 1934.442
804.2727, 1989.819
806.2012, 2060.761
808.1296, 2153.548
810.0581, 2231.266
811.9866, 2292.436
813.9150, 2338.610
815.8435, 2357.721
817.7720, 2384.347
819.7004, 2411.716
821.6289, 2461.321
823.5574, 2552.720
825.4858, 2638.493
827.4143, 2727.740
829.3428, 2779.225
831.2712, 2764.019
833.1997, 2731.145
835.1282, 2684.246
837.0566, 2648.431
838.9851, 2634.319
840.9136, 2639.596
842.8420, 2662.670
844.7705, 2705.024
846.6990, 2776.232
848.6274, 2858.597
850.5559, 2934.396
852.4844, 3014.366
854.4128, 3119.437
856.3413, 3228.481
858.2698, 3306.869
860.1982, 3371.522
862.1267, 3450.809
864.0552, 3541.499
865.9836, 3639.718
867.9121, 3741.867
869.8406, 3820.185
871.7690, 3890.852
873.6975, 4043.340
875.6260, 4267.657
877.5544, 4483.414
879.4829, 4689.779
881.4114, 4874.034
883.3398, 5037.716
885.2683, 5131.904
887.1968, 5154.120
889.1252, 5119.135
891.0537, 5008.973
892.9822, 4941.272
894.9106, 4903.062
896.8391, 4977.210
898.7676, 5165.033
900.6960, 5469.120
902.6245, 5887.309
904.5530, 6446.369
906.4814, 7169.290
908.4099, 7967.721
910.3384, 8911.646
912.2668, 9555.250
914.1953, 9857.563
916.1238, 9708.327
918.0522, 9011.363
919.9807, 8145.424
921.9092, 7121.698
923.8376, 6185.896
925.7661, 5385.102
927.6946, 4722.125
929.6230, 4212.240
931.5515, 3799.311
933.4800, 3479.384
935.4084, 3223.478
937.3369, 3029.796
939.2654, 2881.870
941.1938, 2780.510
943.1223, 2710.600
945.0508, 2672.672
946.9792, 2653.700
948.9077, 2653.287
950.8362, 2663.108
952.7646, 2686.324
954.6931, 2707.882
956.6216, 2730.407
958.5500, 2735.616
960.4785, 2699.005
962.4070, 2674.732
964.3354, 2674.721
966.2639, 2702.766
968.1924, 2744.469
970.1208, 2838.916
972.0493, 3029.113
973.9778, 3230.007
975.9063, 3474.295
977.8347, 3625.847
979.7632, 3632.121
981.6917, 3539.085
983.6201, 3304.779
985.5486, 3064.751
987.4771, 2848.204
989.4055, 2670.164
991.3340, 2548.322
993.2625, 2447.419
995.1909, 2351.355
997.1194, 2278.542
999.0479, 2247.846
1000.976, 2222.982
1002.905, 2186.848
1004.833, 2160.859
1006.762, 2157.080
1008.690, 2157.527
1010.619, 2146.991
1012.547, 2154.472
1014.476, 2204.523
1016.404, 2248.669
1018.333, 2269.543
1020.261, 2287.409
1022.189, 2299.285
1024.118, 2323.339
1026.046, 2362.565
1027.975, 2417.475
1029.903, 2487.062
1031.832, 2574.449
1033.760, 2702.183
1035.689, 2809.099
1037.617, 2895.207
1039.546, 2940.465
1041.474, 2926.847
1043.403, 2900.178
1045.331, 2869.168
1047.260, 2816.141
1049.188, 2699.925
1051.116, 2652.023
1053.045, 2720.259
1054.973, 2766.830
1056.902, 2781.161
1058.830, 2773.627
1060.759, 2737.930
1062.687, 2702.830
1064.616, 2668.109
1066.544, 2637.876
1068.473, 2606.172
1070.401, 2605.753
1072.330, 2630.939
1074.258, 2741.590
1076.187, 2943.123
1078.115, 3204.725
1080.043, 3529.268
1081.972, 3783.966
1083.900, 3961.630
1085.829, 3902.988
1087.757, 3625.834
1089.686, 3279.592
1091.614, 2890.253
1093.543, 2594.112
1095.471, 2383.177
1097.400, 2243.724
1099.328, 2156.271
1101.257, 2068.183
1103.185, 1992.180
1105.114, 1964.102
1107.042, 1956.785
1108.970, 1924.068
1110.899, 1888.396
1112.827, 1883.293
1114.756, 1884.828
1116.684, 1869.536
1118.613, 1848.868
1120.541, 1828.370
1122.470, 1810.990
1124.398, 1799.621
1126.327, 1790.668
1128.255, 1785.430
1130.184, 1775.623
1132.112, 1755.380
1134.041, 1733.955
1135.969, 1712.392
1137.897, 1697.394
1139.826, 1693.146
1141.754, 1689.241
1143.683, 1683.920
1145.611, 1675.095
1147.540, 1662.166
1149.468, 1645.370
1151.397, 1623.202
1153.325, 1608.076
1155.254, 1601.607
1157.182, 1597.399
1159.111, 1595.363
1161.039, 1598.462
1162.968, 1605.319
1164.896, 1596.382
1166.824, 1575.483
1168.753, 1559.656
1170.681, 1548.677
1172.610, 1545.722
1174.538, 1544.464
1176.467, 1528.230
1178.395, 1510.547
1180.324, 1514.880
1182.252, 1521.743
1184.181, 1512.612
1186.109, 1496.184
1188.038, 1470.985
1189.966, 1452.065
1191.895, 1449.950
1193.823, 1451.050
1195.751, 1455.037
1197.680, 1451.379
1199.608, 1435.303
1201.537, 1418.600
1203.465, 1402.850
1205.394, 1391.277
1207.322, 1384.423
1209.251, 1379.002
1211.179, 1374.695
1213.108, 1374.241
1215.036, 1376.768
1216.965, 1373.908
1218.893, 1367.507
1220.822, 1365.199
1222.750, 1365.910
1224.678, 1370.633
1226.607, 1373.276
1228.535, 1360.855
1230.464, 1345.745
1232.392, 1339.537
1234.321, 1338.048
1236.249, 1341.210
1238.178, 1343.524
1240.106, 1345.259
1242.035, 1340.464
1243.963, 1319.919
1245.892, 1310.022
1247.820, 1318.020
1249.749, 1324.598
1251.677, 1328.598
1253.605, 1319.201
1255.534, 1296.968
1257.462, 1285.002
1259.391, 1283.572
1261.319, 1293.247
1263.248, 1307.386
1265.176, 1310.288
1267.105, 1306.030
1269.033, 1295.256
1270.962, 1287.099
1272.890, 1296.120
1274.819, 1303.427
1276.747, 1293.711
1278.676, 1283.049
1280.604, 1273.218
1282.532, 1272.910
1284.461, 1293.437
1286.389, 1303.708
1288.318, 1298.329
1290.246, 1296.241
1292.175, 1298.222
1294.103, 1297.816
1296.032, 1296.239
1297.960, 1306.336
1299.889, 1319.416
1301.817, 1308.806
1303.746, 1292.146
1305.674, 1289.448
1307.603, 1295.077
1309.531, 1309.813
1311.459, 1322.765
1313.388, 1330.063
1315.316, 1330.488
1317.245, 1318.113
1319.173, 1312.208
1321.102, 1317.502
1323.030, 1323.447
1324.959, 1330.056
1326.887, 1335.549
1328.816, 1339.643
1330.744, 1339.662
1332.673, 1336.836
1334.601, 1330.851
1336.530, 1327.065
1338.458, 1337.443
1340.386, 1343.990
1342.315, 1332.168
1344.243, 1320.448
1346.172, 1312.892
1348.100, 1318.855
1350.029, 1345.640
1351.957, 1361.504
1353.886, 1362.644
1355.814, 1351.087
1357.743, 1330.613
1359.671, 1333.352
1361.600, 1348.912
1363.528, 1356.364
1365.457, 1355.525
1367.385, 1339.784
1369.313, 1324.812
1371.242, 1314.176
1373.170, 1321.296
1375.099, 1359.200
1377.027, 1380.521
1378.956, 1374.444
1380.884, 1362.965
1382.813, 1348.827
1384.741, 1352.732
1386.670, 1368.130
1388.598, 1369.787
1390.527, 1364.569
1392.455, 1364.194
1394.384, 1362.493
1396.312, 1348.785
1398.240, 1341.727
1400.169, 1353.411
1402.097, 1356.788
1404.026, 1344.910
1405.954, 1335.201
1407.883, 1329.670
1409.811, 1328.246
1411.740, 1331.077
1413.668, 1340.997
1415.597, 1352.512
1417.525, 1357.935
1419.454, 1358.419
1421.382, 1350.313
1423.311, 1345.465
1425.239, 1350.267
1427.167, 1354.317
1429.096, 1356.078
1431.024, 1356.390
1432.953, 1355.527
1434.881, 1354.223
1436.810, 1353.812
1438.738, 1358.075
1440.667, 1364.357
1442.595, 1368.718
1444.524, 1374.496
1446.452, 1391.397
1448.381, 1394.884
1450.309, 1370.661
1452.238, 1359.046
1454.166, 1363.522
1456.094, 1362.250
1458.023, 1356.669
1459.951, 1358.043
1461.880, 1360.444
1463.808, 1357.103
1465.737, 1347.008
1467.665, 1326.233
1469.594, 1303.975
1471.522, 1274.607
1473.451, 1267.845
1475.379, 1292.365
1477.308, 1281.076
1479.236, 1242.615
1481.165, 1233.723
1483.093, 1239.787
1485.021, 1240.097
1486.950, 1237.532
1488.878, 1233.181
1490.807, 1228.466
1492.735, 1224.162
1494.664, 1218.751
1496.592, 1211.818
1498.521, 1207.201
1500.449, 1203.554
1502.378, 1194.055
1504.306, 1180.741
1506.235, 1159.516
1508.163, 1148.125
1510.092, 1163.907
1512.020, 1174.903
1513.948, 1171.394
1515.877, 1163.153
1517.805, 1150.907
1519.734, 1150.828
1521.662, 1157.977
1523.591, 1161.672
1525.519, 1160.601
1527.448, 1150.104
1529.376, 1142.801
1531.305, 1145.776
1533.233, 1145.218
1535.162, 1138.643
1537.090, 1123.825
1539.019, 1104.622
1540.947, 1099.225
1542.875, 1103.389
1544.804, 1118.609
1546.732, 1127.487
1548.661, 1117.351
1550.589, 1114.008
1552.518, 1124.890
1554.446, 1126.554
1556.375, 1117.678
1558.303, 1096.673
1560.232, 1077.471
1562.160, 1096.484
1564.089, 1110.860
1566.017, 1082.595
1567.946, 1070.942
1569.874, 1093.316
1571.802, 1086.378
1573.731, 1051.127
1575.659, 1060.074
1577.588, 1086.145
1579.516, 1079.107
1581.445, 1060.742
1583.373, 1039.125
1585.302, 1028.713
1587.230, 1034.286
1589.159, 1031.031
1591.087, 1019.937
1593.016, 1025.917
1594.944, 1038.677
1596.873, 1037.508
1598.801, 1039.350
1600.729, 1067.039
1602.658, 1074.814
1604.586, 1052.549
1606.515, 1039.356
1608.443, 1035.626
1610.372, 1030.974
1612.300, 1024.673
1614.229, 1011.667
1616.157, 1004.209
1618.086, 1015.616
1620.014, 1018.211
1621.943, 1008.402
1623.871, 1010.653
1625.800, 1019.565
1627.728, 1015.155
1629.656, 1006.668
1631.585, 1002.168
1633.513, 998.6438
1635.442, 995.9712
1637.370, 990.5729
1639.299, 982.9164
1641.227, 984.3945
1643.156, 989.8211
1645.084, 990.7609
1647.013, 989.4385
1648.941, 987.2820
1650.870, 982.9117
1652.798, 975.5295
1654.727, 967.6455
1656.655, 960.7037
1658.583, 964.3351
1660.512, 967.4776
1662.440, 958.8672
1664.369, 948.4730
1666.297, 937.8500
1668.226, 933.5712
1670.154, 935.2062
1672.083, 936.9337
1674.011, 934.5507
1675.940, 912.0394
1677.868, 903.1516
1679.797, 932.5610
1681.725, 947.1526
1683.654, 938.0738
1685.582, 935.6068
1687.510, 932.5518
1689.439, 902.3597
1691.367, 880.0492
1693.296, 890.9754
1695.224, 896.9024
1697.153, 888.3915
1699.081, 887.0856
1701.010, 889.8777
1702.938, 883.9630
1704.867, 877.9816
1706.795, 879.2191
1708.724, 879.1321
1710.652, 874.8301
1712.581, 883.1001
1714.509, 899.9106
1716.438, 913.3013
1718.366, 917.4283
1720.294, 897.3672
1722.223, 890.0543
1724.151, 905.6255
1726.080, 907.9696
1728.008, 898.3271
1729.937, 891.8052
1731.865, 886.9515
1733.794, 885.1381
1735.722, 877.3737
1737.651, 860.9438
1739.579, 849.4202
1741.508, 844.4826
1743.436, 851.1104
1745.365, 857.3738
1747.293, 851.8823
1749.221, 839.8345
1751.150, 821.4573
1753.078, 815.3046
1755.007, 818.2982
1756.935, 820.2522
1758.864, 816.7020
1760.792, 795.3710
1762.721, 788.2711
1764.649, 801.2467
1766.578, 798.1979
1768.506, 786.3607
1770.435, 784.3945
1772.363, 790.6558
1774.292, 811.4594
1776.220, 821.6680
1778.148, 819.1812
1780.077, 801.4659
1782.005, 777.2164
1783.934, 751.4010
1785.862, 743.5312
1787.791, 781.7979
1789.719, 791.1113
1791.648, 771.5436
1793.576, 755.5582
1795.505, 731.7261
1797.433, 754.4001
1799.362, 766.8285
1801.290, 769.5625
1803.219, 733.5646
1805.147, 747.5809
1807.075, 741.5539
1809.004, 734.7046
1810.932, 755.7601
1812.861, 725.3956
1814.789, 746.0085
1816.718, 746.2720
1818.646, 755.8491
1820.575, 744.2615
1822.503, 745.0819
1824.432, 736.9759
1826.360, 731.4238
1828.289, 729.2563
1830.217, 727.3249
1832.146, 726.1609
1834.074, 725.3662
1836.002, 722.7861
1837.931, 718.6481
1839.859, 726.3741
1841.788, 736.0468
1843.716, 728.7108
1845.645, 718.7436
1847.573, 709.7475
1849.502, 706.0377
1851.430, 707.0842
1853.359, 702.7994
1855.287, 699.8190
1857.216, 707.4515
1859.144, 710.4655
1861.073, 705.6537
1863.001, 697.9590
1864.929, 687.8358
1866.858, 670.2097
1868.786, 664.2972
1870.715, 677.3114
1872.643, 683.6506
1874.572, 683.7581
1876.500, 683.7363
1878.429, 683.6399
1880.357, 692.7093
1882.286, 682.2387
1884.214, 652.2728
1886.143, 659.8836
1888.071, 677.2090
1890.000, 664.8791
1891.928, 656.9203
1893.856, 663.9421
1895.785, 654.4647
1897.713, 639.3462
1899.642, 658.4440
1901.570, 670.8849
1903.499, 655.0099
1905.427, 646.7446
1907.356, 645.0817
1909.284, 637.0216
1911.213, 631.0651
1913.141, 637.7303
1915.070, 641.3327
1916.998, 640.9733
1918.927, 638.1021
1920.855, 634.0689
1922.783, 630.0618
1924.712, 631.4617
1926.640, 636.7759
1928.569, 629.2825
1930.497, 621.0380
1932.426, 621.3700
1934.354, 624.6409
1936.283, 631.2064
1938.211, 627.6614
1940.140, 621.4473
1942.068, 621.7881
1943.997, 621.2722
1945.925, 622.3070
1947.854, 616.6620
1949.782, 606.1257
1951.710, 604.3474
1953.639, 606.1689
1955.567, 604.3597
1957.496, 599.6860
1959.424, 597.2153
1961.353, 604.0860
1963.281, 606.9114
1965.210, 598.0507
1967.138, 592.3185
1969.067, 591.4103
1970.995, 584.3880
1972.924, 571.0918
1974.852, 550.6062
1976.781, 559.0810
1978.709, 586.8019
1980.637, 584.1813
1982.566, 575.0565
1984.494, 572.2700
1986.423, 571.9946
1988.351, 573.7396
1990.280, 577.6376
1992.208, 578.6168
1994.137, 572.8497
1996.065, 566.4398
1997.994, 562.3438
1999.922, 563.4830
2001.851, 562.2015
2003.779, 554.8901
2005.708, 547.1615
2007.636, 540.5981
2009.564, 539.9747
2011.493, 539.5512
2013.421, 536.1306
2015.350, 543.7707
2017.278, 553.1691
2019.207, 540.2986
2021.135, 524.2653
2023.064, 511.8246
2024.992, 512.7712
2026.921, 523.5219
2028.849, 521.2368
2030.778, 516.0859
2032.706, 513.9565
2034.635, 508.5472
2036.563, 505.4377
2038.491, 521.3201
2040.420, 523.7192
2042.348, 494.9983
2044.277, 496.1340
2046.205, 509.8011
2048.134, 503.3061
2050.062, 496.0969
2051.991, 496.0670
2053.919, 497.0363
2055.848, 493.6627
2057.776, 482.5723
2059.705, 475.1495
2061.633, 473.4942
2063.562, 476.7494
2065.490, 478.8826
2067.418, 474.6078
2069.347, 478.1459
2071.275, 487.5195
2073.204, 480.5423
2075.132, 470.9176
2077.061, 466.9667
2078.989, 465.9288
2080.918, 466.7834
2082.846, 469.3624
2084.775, 463.1234
2086.703, 441.2245
2088.632, 439.7290
2090.560, 447.2012
2092.489, 437.2352
2094.417, 435.2966
2096.345, 448.6648
2098.274, 441.1541
2100.202, 431.2297
2102.131, 439.6480
2104.059, 450.2551
2105.988, 458.1251
2107.916, 447.2299
2109.845, 436.4037
2111.773, 437.1922
2113.702, 432.7564
2115.630, 425.0815
2117.559, 423.9172
2119.487, 423.0187
2121.416, 420.7607
2123.344, 422.4557
2125.272, 425.6765
2127.201, 428.9582
2129.129, 428.6526
2131.058, 424.3672
2132.986, 411.5729
2134.915, 398.5228
2136.843, 390.1434
2138.772, 390.9392
2140.700, 395.8990
2142.629, 395.0911
2144.557, 390.4442
2146.486, 381.0345
2148.414, 379.4597
2150.343, 382.8684
2152.271, 393.2701
2154.199, 397.9939
2156.128, 394.4642
2158.056, 389.8595
2159.985, 386.1183
2161.913, 383.0077
2163.842, 380.3386
2165.770, 378.1130
2167.699, 372.2727
2169.627, 374.0298
2171.556, 381.2065
2173.484, 364.3430
2175.413, 351.0678
2177.341, 363.7942
2179.270, 371.9249
2181.198, 369.4395
2183.126, 357.9120
2185.055, 355.5468
2186.983, 363.1401
2188.912, 361.3457
2190.840, 356.7540
2192.769, 360.9695
2194.697, 363.1137
2196.626, 360.3802
2198.554, 347.6417
2200.483, 339.8451
2202.411, 341.8542
2204.340, 347.0946
2206.268, 355.5398
2208.197, 356.1403
2210.125, 350.3050
2212.053, 343.8822
2213.982, 348.8670
2215.910, 348.3251
2217.839, 332.0068
2219.767, 334.5689
2221.696, 344.6924
2223.624, 343.9103
2225.553, 334.8064
2227.481, 319.4462
2229.410, 309.6442
2231.338, 308.4127
2233.267, 312.4445
2235.195, 312.8333
2237.124, 307.5446
2239.052, 303.2200
2240.980, 304.1521
2242.909, 303.4159
2244.837, 302.6043
2246.766, 308.8866
2248.694, 314.6060
2250.623, 320.1132
2252.551, 315.7879
2254.480, 292.8570
2256.408, 297.9391
2258.337, 313.0783
2260.265, 309.1728
2262.194, 302.2663
2264.122, 297.6373
2266.051, 297.3243
2267.979, 299.8855
2269.907, 303.7233
2271.836, 296.1548
2273.764, 290.8730
2275.693, 299.6408
2277.621, 298.3972
2279.550, 288.8975
2281.478, 289.0123
2283.407, 290.4659
2285.335, 293.3038
2287.264, 277.9496
2289.192, 271.1030
2291.121, 286.1629
2293.049, 280.0804
2294.978, 272.0122
2296.906, 278.9855
2298.834, 278.7061
2300.763, 269.0779
2302.691, 270.2040
2304.620, 270.6286
2306.548, 268.0828
2308.477, 271.3484
2310.405, 271.8970
2312.334, 278.4026
2314.262, 279.8948
2316.191, 277.4347
2318.119, 276.4462
2320.048, 269.6215
2321.976, 261.2285
2323.905, 258.2013
2325.833, 264.3859
2327.761, 274.7828
2329.690, 262.9983
2331.618, 252.0200
2333.547, 256.6005
2335.475, 254.1942
2337.404, 254.6131
2339.332, 261.1455
2341.261, 248.6168
2343.189, 235.2148
2345.118, 240.1098
2347.046, 243.4715
2348.975, 240.3125
2350.903, 245.3047
2352.832, 247.1677
2354.760, 244.3121
2356.688, 240.2365
2358.617, 239.0095
2360.545, 247.6397
2362.474, 246.0163
2364.402, 234.9927
2366.331, 240.4265
2368.259, 239.1833
2370.188, 235.6461
2372.116, 234.1650
2374.045, 230.8398
2375.973, 232.8944
2377.902, 228.3486
2379.830, 222.3008
2381.759, 222.7034
2383.687, 221.9040
2385.615, 212.6670
2387.544, 209.0312
2389.472, 213.2955
2391.401, 219.0965
2393.329, 223.2246
2395.258, 230.4495
2397.186, 227.9098
2399.115, 211.3493
2401.043, 211.5901
2402.972, 216.4915
2404.900, 220.1277
2406.829, 217.5779
2408.757, 204.7019
2410.686, 189.3112
2412.614, 192.9146
2414.542, 203.9949
2416.471, 199.0939
2418.399, 193.8488
2420.328, 196.6123
2422.256, 190.5008
2424.185, 189.3143
2426.113, 198.4108
2428.042, 209.4893
2429.970, 206.4398
2431.899, 188.7122
2433.827, 186.5619
2435.756, 193.9649
2437.684, 196.8853
2439.613, 192.7657
2441.541, 191.0421
2443.469, 185.8980
2445.398, 182.0850
2447.326, 182.8258
2449.255, 188.0841
2451.183, 185.6395
2453.112, 184.8668
2455.040, 176.6408
2456.969, 180.6862
2458.897, 190.9906
2460.826, 189.2140
2462.754, 180.2555
2464.683, 172.8216
2466.611, 179.1455
2468.540, 182.4123
2470.468, 178.1114
2472.396, 168.6888
2474.325, 164.7727
2476.253, 165.3553
2478.182, 168.7559
2480.110, 170.6101
2482.039, 170.0315
2483.967, 175.7223
2485.896, 172.2014
2487.824, 157.0492
2489.753, 157.0840
2491.681, 161.6994
2493.610, 166.1290
2495.538, 162.1514
2497.467, 159.2275
2499.395, 161.3587
2501.323, 161.9044
2503.252, 161.5552
2505.180, 160.4353
2507.109, 156.3376
2509.037, 155.3923
2510.966, 157.4527
2512.894, 156.7491
2514.823, 155.2525
2516.751, 152.2632
2518.680, 150.5529
2520.608, 150.8313
2522.537, 151.3805
2524.465, 149.6740
2526.394, 149.1252
2528.322, 149.8083
2530.250, 148.6358
2532.179, 147.5875
2534.107, 149.2617
2536.036, 143.3415
2537.964, 137.6832
2539.893, 137.6474
2541.821, 131.3519
2543.750, 129.6923
2545.678, 139.1229
2547.607, 141.4868
2549.535, 142.8326
2551.464, 147.0012
2553.392, 144.0139
2555.321, 137.8665
2557.249, 130.7631
2559.177, 132.9956
2561.106, 136.0242
2563.034, 136.1716
2564.963, 136.2582
2566.891, 131.7664
2568.820, 121.6250
2570.748, 128.2863
2572.677, 133.7875
2574.605, 129.6692
2576.534, 118.9638
2578.462, 114.9031
2580.391, 123.0638
2582.319, 116.2504
2584.248, 114.2280
2586.176, 126.0251
2588.104, 121.2874
2590.033, 118.6124
2591.961, 125.2641
2593.890, 123.3404
2595.818, 119.8578
2597.747, 115.5001
2599.675, 119.0765
2601.604, 122.9614
2603.532, 124.3702
2605.461, 116.7630
2607.389, 117.4369
2609.318, 124.7091
2611.246, 121.7551
2613.175, 118.3125
2615.103, 112.7033
2617.031, 106.8816
2618.960, 110.8398
2620.888, 117.2793
2622.817, 108.5924
2624.745, 105.8303
2626.674, 104.8276
2628.602, 107.6204
2630.531, 112.0668
2632.459, 110.4053
2634.388, 98.99327
2636.316, 97.61847
2638.245, 100.1859
2640.173, 94.32381
2642.102, 102.6701
2644.030, 106.4378
2645.958, 96.99603
2647.887, 97.68510
2649.815, 100.2079
2651.744, 102.0386
2653.672, 96.59243
2655.601, 94.61114
2657.529, 93.61942
2659.458, 92.26099
2661.386, 94.38222
2663.315, 88.63277
2665.243, 94.97181
2667.172, 103.9274
2669.100, 97.62669
2671.029, 89.00719
2672.957, 92.77666
2674.885, 98.76895
2676.814, 95.91099
2678.742, 91.19452
2680.671, 91.85730
2682.599, 96.84296
2684.528, 90.23064
2686.456, 84.06442
2688.385, 86.68372
2690.313, 88.51782
2692.242, 82.76591
2694.170, 77.39623
2696.099, 89.29182
2698.027, 90.57774
2699.956, 86.44317
2701.884, 85.21210
2703.813, 84.75175
2705.741, 87.20160
2707.669, 83.35094
2709.598, 79.58373
2711.526, 75.75854
2713.455, 78.53782
2715.383, 78.24558
2717.312, 73.94857
2719.240, 80.52284
2721.169, 83.71349
2723.097, 79.03354
2725.026, 73.79784
2726.954, 78.41123
2728.883, 79.59629
2730.811, 73.49635
2732.740, 72.34830
2734.668, 72.92657
2736.596, 72.41863
2738.525, 74.92912
2740.453, 74.32521
2742.382, 71.09248
2744.310, 73.03850
2746.239, 72.62400
2748.167, 75.16216
2750.096, 76.10320
2752.024, 71.10854
2753.953, 70.14177
2755.881, 66.65697
2757.810, 74.34173
2759.738, 77.70240
2761.667, 73.99238
2763.595, 69.96745
2765.523, 65.25544
2767.452, 63.64113
2769.380, 73.17237
2771.309, 74.44084
2773.237, 66.04311
2775.166, 57.12337
2777.094, 66.62737
2779.023, 81.06158
2780.951, 69.93863
2782.880, 63.63898
2784.808, 59.46559
2786.737, 59.21859
2788.665, 58.39795
2790.594, 58.01952
2792.522, 66.45047
2794.450, 68.26050
2796.379, 60.36232
2798.307, 54.52530
2800.236, 58.79187
2802.164, 57.42772
2804.093, 56.85057
2806.021, 61.64066
2807.950, 65.39278
2809.878, 61.20142
2811.807, 57.56718
2813.735, 58.77638
2815.664, 56.11742
2817.592, 53.97919
2819.521, 58.02611
2821.449, 58.33919
2823.377, 55.84205
2825.306, 61.41773
2827.234, 59.26211
2829.163, 55.18959
2831.091, 58.40343
2833.020, 56.12513
2834.948, 52.43151
2836.877, 53.20586
2838.805, 53.43568
2840.734, 51.56382
2842.662, 53.27226
2844.591, 53.25019
2846.519, 57.52149
2848.448, 57.14378
2850.376, 50.98852
2852.304, 49.81578
2854.233, 52.36612
2856.161, 56.78088
2858.090, 53.25702
2860.018, 43.86659
2861.947, 47.29755
2863.875, 56.12503
2865.804, 49.23294
2867.732, 48.35714
2869.661, 46.18293
2871.589, 47.70308
2873.518, 54.20356
2875.446, 54.05433
2877.375, 43.55170
2879.303, 39.43855
2881.231, 44.98185
2883.160, 51.38959
2885.088, 55.75400
2887.017, 50.02763
2888.945, 43.23236
2890.874, 51.31552
2892.802, 50.58149
2894.731, 53.00721
2896.659, 51.41663
2898.588, 50.60463
2900.516, 46.49943
2902.445, 47.72431
2904.373, 53.28287
2906.302, 47.43413
2908.230, 48.10040
2910.158, 50.78124
2912.087, 45.69083
2914.015, 47.40471
2915.944, 46.30919
2917.872, 39.77231
2919.801, 39.13729
2921.729, 40.83274
2923.658, 45.07917
2925.586, 49.32051
2927.515, 49.43391
2929.443, 52.79657
2931.372, 55.86637
2933.300, 56.01854
2935.229, 57.93096
2937.157, 62.68411
2939.085, 61.27906
2941.014, 53.45119
2942.942, 50.80742
2944.871, 54.70669
2946.799, 51.26564
2948.728, 52.97625
2950.656, 57.78477
2952.585, 58.75978
2954.513, 58.22723
2956.442, 58.46027
2958.370, 60.81033
2960.299, 58.92761
2962.227, 54.50348
2964.156, 52.94783
2966.084, 52.26394
2968.012, 42.98777
2969.941, 42.63733
2971.869, 44.10769
2973.798, 36.76343
2975.726, 34.35450
2977.655, 36.60619
2979.583, 39.91286
2981.512, 35.43375
2983.440, 36.91739
2985.369, 37.43658
2987.297, 32.98506
2989.226, 35.17120
2991.154, 32.04793
2993.083, 28.84559
2995.011, 35.25620
2996.939, 31.51083
2998.868, 30.55550
3000.796, 34.12852
3002.725, 34.94332
3004.653, 34.01625
3006.582, 34.42095
3008.510, 36.42623
3010.439, 32.20821
3012.367, 26.40334
3014.296, 27.32943
3016.224, 41.26042
3018.153, 34.67701
3020.081, 34.76386
3022.010, 37.65877
3023.938, 19.80005
3025.866, 17.91043
3027.795, 29.73071
3029.723, 45.51866
3031.652, 28.80748
3033.580, 29.22135
3035.509, 32.54848
3037.437, 27.67323
3039.366, 27.79710
3041.294, 25.05520
3043.223, 21.52197
3045.151, 25.00656
3047.080, 23.75969
3049.008, 23.88145
3050.937, 23.70979
3052.865, 20.37459
3054.793, 17.31293
3056.722, 16.38494
3058.650, 18.15801
3060.579, 21.12356
3062.507, 16.66359
3064.436, 15.42557
3066.364, 17.37981
3068.293, 22.06308
3070.221, 26.37754
3072.150, 22.02013
3074.078, 10.54550
3076.007, 10.47030
3077.935, 21.66579
3079.864, 28.98808
3081.792, 22.46694
3083.720, 22.93639
3085.649, 23.44169
3087.577, 22.78233
3089.506, 22.45071
3091.434, 26.83113
3093.363, 20.83104
3095.291, 14.60157
3097.220, 20.07070
3099.148, 11.65310
3101.077, 13.62221
3103.005, 20.87995
3104.934, 21.40765
3106.862, 21.20084
3108.791, 15.90276
3110.719, 10.55738
3112.647, 11.68684
3114.576, 23.70810
3116.504, 29.38421
3118.433, 23.66624
3120.361, 12.25095
3122.290, 17.65469
3124.218, 20.41363
3126.147, 16.10417
3128.075, 15.69406
3130.004, 14.45224
3131.932, 22.17102
3133.861, 29.32932
3135.789, 14.16540
3137.718, 9.276716
3139.646, 6.893866
3141.574, 4.504119
3143.503, 8.868242
3145.431, 18.41794
3147.360, 19.02979
3149.288, 16.97655
3151.217, 23.18502
3153.145, 23.54548
3155.074, 22.47032
3157.002, 19.41677
3158.931, 9.632874
3160.859, 12.30988
3162.788, 12.72047
3164.716, 10.13189
3166.645, 20.05544
3168.573, 16.33288
3170.501, 11.77299
3172.430, 10.75506
3174.358, 2.426873
3176.287, 10.29346
3178.215, 12.04064
3180.144, 11.62397
3182.072, 12.92615
3184.001, 13.64624
3185.929, 10.05245
3187.858, 8.162946
3189.786, 15.02165
3191.715, 9.556944
3193.643, 16.57639
3195.572, 19.07271
3197.500, 6.586373
3199.428, 21.91778
3201.357, 10.29273
3203.285, 3.378806
3205.214, 13.54620
3207.142, 3.448443
3209.071, 3.599987
3210.999, 8.740287
3212.928, 12.06052
3214.856, 18.21412
3216.785, 13.76658
3218.713, 11.46066
3220.642, 10.17889
3222.570, 7.238806
3224.499, 5.552569
3226.427, 14.96696
3228.355, 23.60844
3230.284, 11.79198
3232.212, 10.24397
3234.141, 11.58893
3236.069, 13.43026
3237.998, 14.60014
3239.926, 11.10468
3241.855, 11.67305
3243.783, 15.24217
3245.712, 19.42237
3247.640, 15.29947
3249.569, 6.528786
3251.497, 13.37335
3253.426, 24.41359
3255.354, 18.64587
3257.282, 18.46282
3259.211, 11.22460
3261.139, 6.836010
3263.068, 8.976290
3264.996, 12.71124
3266.925, 8.068345
3268.853, 4.318484
3270.782, 5.751006
3272.710, 6.082109
3274.639, 23.05242
3276.567, 12.32315
3278.496, -1.108567
3280.424, 9.552760
3282.353, 19.69726
3284.281, 15.49977
3286.209, 6.186811
3288.138, -2.858289
3290.066, -7.392138
3291.995, -1.437658
3293.923, 0.3037072
3295.852, 3.254663
3297.780, 14.29330
3299.709, 19.01857
3301.637, 13.23135
3303.566, 16.89919
3305.494, 25.53768
3307.423, 7.949403
3309.351, 20.48122
3311.280, 18.86263
3313.208, 7.734479
3315.136, 6.261114
3317.065, 9.327562
3318.993, 1.306853
3320.922, -1.791725
3322.850, 6.305036
3324.779, 16.87549
3326.707, 24.55342
3328.636, 15.92293
3330.564, 5.735898
3332.493, 5.078990
3334.421, 9.267955
3336.350, 12.34274
3338.278, 9.226631
3340.207, 7.711669
3342.135, 17.19878
3344.063, 15.58146
3345.992, 11.53258
3347.920, 10.60327
3349.849, 15.20110
3351.777, 18.09150
3353.706, 3.292758
3355.634, 7.823413
3357.563, 12.22862
3359.491, -7.585190
3361.420, 11.97109
3363.348, 23.02511
3365.277, 21.50570
3367.205, 15.70863
3369.134, 15.21836
3371.062, 16.80325
3372.990, 19.84422
3374.919, 12.53483
3376.847, 1.461407
3378.776, 19.17933
3380.704, 11.99200
3382.633, 4.554711
3384.561, 6.322478
3386.490, 12.66848
3388.418, 0.8940743
3390.347, 11.20831
3392.275, 19.56281
3394.204, 15.73469
3396.132, 3.597338
3398.061, 9.008635
3399.989, 8.994584
3401.917, 12.07135
3403.846, 15.84196
3405.774, 13.35765
3407.703, 20.21090
3409.631, 20.84086
3411.560, 21.64721
3413.488, 21.76308
3415.417, 15.45043
3417.345, 19.25593
3419.274, 10.64589
3421.202, 8.077548
3423.131, 12.67257
3425.059, 10.05291
3426.988, 7.688549
3428.916, 9.704466
3430.844, 9.753601
3432.773, 9.256223
3434.701, 14.00377
3436.630, -4.349423
3438.558, 5.781295
3440.487, 17.67880
3442.415, 15.82565
3444.344, 5.690379
3446.272, 7.620416
3448.201, 15.27369
3450.129, 10.44071
3452.058, 2.333610
3453.986, 10.33915
3455.915, 8.044402
3457.843, 2.042615
3459.771, -1.489270
3461.700, 2.289759
3463.628, 13.81649
3465.557, 21.43068
3467.485, 16.17036
3469.414, 1.494939
3471.342, -1.196913
3473.271, 16.88244
3475.199, 12.92853
3477.128, 11.79413
3479.056, 7.431430
3480.985, -1.692705
3482.913, -8.970591
3484.842, 5.932684
3486.770, -1.798798
3488.698, 6.058356
3490.627, 20.93162
3492.555, 26.10568
3494.484, 10.58689
3496.412, 6.182027
3498.341, 4.372560
3500.269, 11.62518
3502.198, 18.17048
3504.126, 9.002126
3506.055, 13.45766
3507.983, 7.874202
3509.912, 6.488868
3511.840, 6.118301
3513.769, 3.179580
3515.697, 13.46879
3517.625, 12.68411
3519.554, 11.48081
3521.482, 13.34913
3523.411, 11.41660
3525.339, -3.840088
3527.268, 1.882357
3529.196, 12.66319
3531.125, 15.06450
3533.053, 11.86397
3534.982, 8.961802
3536.910, -0.9971358
3538.839, 17.20413
3540.767, 9.704411
3542.696, -2.879544
3544.624, -2.138910
3546.552, 4.498950
3548.481, 9.143318
3550.409, 3.856640
3552.338, -3.180073
3554.266, 2.387205
3556.195, 17.36979
3558.123, 2.572011
3560.052, 4.812850
3561.980, 16.57934
3563.909, 12.18663
3565.837, -2.529684
3567.766, -5.048267
3569.694, 4.670149
3571.623, 7.787744
3573.551, 6.021745
3575.479, 1.948450
3577.408, -0.6297065
3579.336, 3.032956
3581.265, 15.15271
3583.193, 2.709499
3585.122, 0.3787017
3587.050, 3.399280
3588.979, 3.256724
3590.907, 17.04275
3592.836, 13.59742
3594.764, 4.730156
3596.693, 4.254050
3598.621, 12.21636
3600.550, 16.44439
3602.478, -2.368831
3604.406, 13.02664
3606.335, 12.19478
3608.263, -0.1974981
3610.192, -3.213595
3612.120, 8.604032
3614.049, 6.876644
3615.977, 9.974483
3617.906, 9.791001
3619.834, 13.91514
3621.763, 15.90023
3623.691, 8.100893
3625.620, 1.092092
3627.548, -18.75230
3629.477, 1.604238
3631.405, 16.57083
3633.333, 9.168720
3635.262, -1.673245
3637.190, 13.28081
3639.119, 2.673834
3641.047, 9.923678
3642.976, 4.002872
3644.904, -1.276603
3646.833, 8.291265
3648.761, 10.73045
3650.690, 13.30236
3652.618, 8.103363
3654.547, 11.98923
3656.475, 8.724209
3658.404, 1.659708
3660.332, 17.67385
3662.260, 4.583324
3664.189, 22.19182
3666.117, 15.26696
3668.046, 9.243614
3669.974, 9.628931
3671.903, 0.6200299
3673.831, 0.3883943
3675.760, -6.025264
3677.688, 8.270124
3679.617, 19.10096
3681.545, 7.458699
3683.474, -4.772809
3685.402, 24.53179
3687.331, 7.574476
3689.259, 11.25698
3691.188, 1.378850
3693.116, -0.8851203
3695.044, 10.45453
3696.973, 14.76486
3698.901, -2.818206
3700.830, 1.082550
3702.758, 3.160787
3704.687, -3.317228
3706.615, -0.7792568
3708.544, 12.75109
3710.472, 15.93451
3712.401, -9.928737
3714.329, -0.1507870
3716.258, 23.01829
3718.186, 17.98096
3720.115, 3.244882
3722.043, 6.936837
3723.971, 23.83469
3725.900, 4.471326
3727.828, 2.001144
3729.757, -0.8094086
3731.685, 3.443613
3733.614, 11.45386
3735.542, 14.69841
3737.471, 15.20245
3739.399, 17.04139
3741.328, 16.85064
3743.256, 13.95205
3745.185, 6.452488
3747.113, -2.796930
3749.042, -5.840951
3750.970, 3.978624
3752.898, 1.592865
3754.827, 11.47162
3756.755, 8.041402
3758.684, -2.600377
3760.612, 2.794647
3762.541, 15.71076
3764.469, 2.646175
3766.398, 14.73346
3768.326, 6.428834
3770.255, 2.423574
3772.183, -9.857096
3774.112, -10.40590
3776.040, 3.212383
3777.969, 6.041718
3779.897, 1.321879
3781.825, 9.425279
3783.754, 2.694260
3785.682, 3.118679
3787.611, 8.606879
3789.539, 1.775307
3791.468, -11.51319
3793.396, 12.36406
3795.325, 7.066349
3797.253, 16.05843
3799.182, 14.31681
3801.110, 10.03894
3803.039, 8.375917
3804.967, 6.395517
3806.896, 1.388897
3808.824, -4.389308
3810.752, -2.758505
3812.681, -1.961085
3814.609, 2.606316
3816.538, 11.10450
3818.466, 7.541190
3820.395, -3.021278
3822.323, 3.622362
3824.252, 2.788225
3826.180, 13.46367
3828.109, 22.02495
3830.037, 8.727116
3831.966, -1.746691
3833.894, 0.7839916
3835.823, 5.113795
3837.751, 2.152282
3839.679, -0.8246449
3841.608, 5.970956
3843.536, -2.430640
3845.465, 1.6534140E-02
3847.393, 3.921273
3849.322, 1.369235
3851.250, 0.7475703
3853.179, 8.835255
3855.107, 10.08152
3857.036, -0.7284321
3858.964, 8.377493
3860.893, 7.210615
3862.821, 1.254726
3864.750, 3.780708
3866.678, 5.126808
3868.606, -2.333445
3870.535, 3.536922
3872.463, 6.255615
3874.392, 18.38096
3876.320, 8.128641
3878.249, 4.881365
3880.177, 4.763971
3882.106, 2.169681
3884.034, 4.127001
3885.963, 12.91645
3887.891, 9.338373
3889.820, -4.955764
3891.748, 9.711582
3893.677, 2.653309
3895.605, 7.713254
3897.533, 10.48810
3899.462, 11.10667
3901.390, 12.71077
3903.319, 7.148561
3905.247, 14.77471
3907.176, 7.581983
3909.104, 7.870023
3911.033, 9.583951
3912.961, 13.12067
3914.890, 8.251860
3916.818, 6.410039
3918.747, 9.855294
3920.675, 4.538571
3922.604, -6.297493
3924.532, -1.117255
3926.460, 2.539638
3928.389, 12.88750
3930.317, 5.939310
3932.246, 5.411610
3934.174, 5.691673
3936.103, -1.105805
3938.031, -3.628555
3939.960, 5.092988
3941.888, 4.871841
3943.817, 13.78613
3945.745, 4.647219
3947.674, 4.659321
3949.602, 9.587510
3951.531, 7.744787
3953.459, 5.237184
3955.387, 8.015530
3957.316, 7.544751
3959.244, -0.6228580
3961.173, 11.20939
3963.101, 5.896428
3965.030, 8.202443
3966.958, 1.450724
3968.887, -6.053396
3970.815, -3.191637
3972.744, 4.135709
3974.672, 0.8877019
3976.601, -1.400093
3978.529, 15.68513
3980.458, 11.00979
3982.386, 3.842212
3984.314, 15.48987
3986.243, 15.46982
3988.171, 2.687112
3990.100, -9.690927
3992.028, 5.8454771E-02
3993.957, 16.13550
3995.885, 14.30652
3997.814, 0.3056595
3999.742, -2.555557
4001.671, 2.762019
4003.599, 2.045028
4005.528, 9.357242
4007.456, 7.190241
4009.385, 8.982726
4011.313, 1.725876
4013.241, -2.175973
4015.170, -1.784410
4017.098, 1.218177
4019.027, 4.361451
4020.955, 2.334697
4022.884, 0.4890443
4024.812, 11.33321
4026.741, 13.84212
4028.669, 4.534658
4030.598, 4.512218
4032.526, 2.751537
4034.455, -4.789109
4036.383, -4.080325
4038.312, -1.388032
4040.240, -0.4086735
4042.168, 2.831615
4044.097, 1.658509
4046.025, -7.042837
4047.954, 8.148267
4049.882, 0.7327232
4051.811, 9.821908
4053.739, 4.085670
4055.668, 18.08243
4057.596, 9.866977
4059.525, 12.42511
4061.453, 17.93576
4063.382, 5.908531
4065.310, -5.291834
4067.239, 3.152083
4069.167, 11.63450
4071.095, 0.6063776
4073.024, -5.256340
4074.952, -7.118667
4076.881, 3.314089
4078.809, 0.7778382
4080.738, -7.754698
4082.666, -6.277158
4084.595, -1.594980
4086.523, 8.836898
4088.452, 16.07585
4090.380, 4.779257
4092.309, -2.795447
4094.237, 8.253828
4096.166, 9.443651
4098.094, 3.019303
4100.022, 12.30708
4101.951, 7.189875
4103.879, 2.193747
4105.808, -4.061007
4107.736, 3.332334
4109.665, 7.776335
4111.593, 9.151636
4113.521, 6.638393
4115.450, 15.12677
4117.379, 14.62560
4119.307, 4.848296
4121.235, 1.383191
4123.164, 5.026620
4125.093, 8.919836
4127.021, 6.695354
4128.949, 9.566317
4130.878, 9.776557
4132.807, 2.507596
4134.735, 1.783132
4136.663, 9.008460
4138.592, 6.315427
4140.521, 7.515048
4142.449, 8.814852
4144.377, 0.2942295
4146.306, 5.013652
4148.234, 8.815964
4150.163, 10.73973
4152.091, 4.600560
4154.020, 2.956120
4155.948, 7.178365
4157.876, -4.620543
4159.805, 2.326198
4161.733, 13.35417
4163.662, 6.587354
4165.590, 10.73025
4167.519, -2.106550
4169.447, 9.997060
4171.376, -2.622763
4173.304, 4.398659
4175.232, 6.964372
4177.161, 9.199522
4179.090, 12.50997
4181.018, 3.958939
4182.946, 1.863840
4184.875, 8.536798
4186.804, 10.63145
4188.732, 8.313408
4190.660, 5.944528
4192.589, 5.824211
4194.518, 6.363662
4196.446, 5.263716
4198.374, 12.77427
4200.303, 14.01260
4202.231, -0.2330523
4204.160, -2.173169
4206.088, 1.603977
4208.017, 5.881645
4209.945, 18.56776
4211.874, 8.439978
4213.802, -1.492183
4215.730, 3.240660
4217.659, 11.34794
4219.587, 12.16527
4221.516, 1.870660
4223.444, 1.379288
4225.373, -2.615832
4227.301, 10.40572
4229.229, 7.786510
4231.158, -9.414316
4233.087, -6.669355
4235.015, 2.537654
4236.943, 3.951192
4238.872, 8.247840
4240.801, 7.413269
4242.729, 1.107947
4244.657, 11.42032
4246.586, 10.80269
4248.515, -6.763702
4250.443, -0.3807090
4252.371, 12.58185
4254.300, 21.88268
4256.229, 3.796834
4258.157, 9.822807
4260.085, 8.8432141E-02
4262.014, -11.20260
4263.942, 9.672167
4265.871, 16.14985
4267.799, 3.348004
4269.728, 7.388830
4271.656, 4.999202
4273.584, 9.326834
4275.513, -1.939428
4277.441, 17.11722
4279.370, 6.327405
4281.298, 6.828949
4283.227, 10.78330
4285.155, 5.975195
4287.084, 0.8045294
4289.012, 36.07520
4290.940, 20.43789
4292.869, 4.798919
4294.798, 9.006174
4296.726, 3.202868
4298.654, -0.3556373
4300.583, 9.469537
4302.512, 9.890003
4304.440, -7.074895
4306.368, -9.950358
4308.297, 1.897430
4310.226, 7.274576
4312.154, 3.781497
4314.082, 9.890518
4316.011, 15.23649
4317.939, 5.574864
4319.868, 12.58809
##END=



