##NAMES=Erionite-Ca
##RRUFFID=R061110
##IDEAL CHEMISTRY=Ca_5_[Si_26_Al_10_O_72_]·30H_2_O
##LOCALITY=Maze, Niigata Prefecture, Japan
##OWNER=RRUFF
##SOURCE=Michael Scott
##DESCRIPTION=Radiating white crystals with clinoptilolite
##STATUS=The identification of this mineral is confirmed by single-crystal X-ray diffraction and chemical analysis
##URL=https://www.rruff.net/odr/rruff_sample/R061110
##MEASURED CHEMISTRY=(Ca_2.02_Na_2.64_K_1.92_)(Si_27.40_Al_8.60_)O_72_·19.40H_2_O
##DIFFRACTION SAMPLE DESCRIPTION=Single crystal, powder profile is calculated
##CELL PARAMETERS=a: 13.258 b: 13.258 c: 15.082 alpha: 90 beta: 90 gamma: 120 volume: 2296 crystal system: hexagonal
##FILETYPE=Raman Processed
##RAMAN WAVELENGTH=780

109.1240, 321.9791
111.0525, 320.8356
112.9810, 321.6822
114.9094, 324.0007
116.8379, 327.5359
118.7664, 332.1255
120.6948, 338.7606
122.6233, 344.8765
124.5518, 350.1508
126.4802, 354.1747
128.4087, 356.7440
130.3372, 357.8538
132.2656, 357.1422
134.1941, 353.8761
136.1226, 349.5706
138.0510, 344.2271
139.9795, 338.1143
141.9080, 331.4825
143.8364, 324.3500
145.7649, 316.9799
147.6934, 308.9731
149.6218, 301.2866
151.5503, 294.1823
153.4788, 287.3570
155.4072, 280.4385
157.3357, 273.4835
159.2642, 267.0794
161.1926, 261.8133
163.1211, 256.2804
165.0496, 250.1113
166.9780, 243.9404
168.9065, 238.0223
170.8350, 232.3989
172.7634, 227.3038
174.6919, 222.9425
176.6204, 218.7714
178.5488, 214.7561
180.4773, 210.9783
182.4058, 207.3851
184.3342, 204.0791
186.2627, 201.3614
188.1912, 199.4621
190.1196, 197.3213
192.0481, 194.6706
193.9766, 192.2637
195.9050, 190.3754
197.8335, 188.9202
199.7620, 187.9819
201.6904, 187.5755
203.6189, 186.9417
205.5474, 185.8876
207.4758, 185.1877
209.4043, 185.1825
211.3328, 185.4880
213.2612, 185.9100
215.1897, 186.4401
217.1182, 187.0991
219.0466, 187.9380
220.9751, 188.5126
222.9036, 188.5430
224.8320, 188.6436
226.7605, 189.3238
228.6890, 190.0639
230.6174, 190.2325
232.5459, 189.7932
234.4744, 188.6648
236.4028, 186.5813
238.3313, 184.6562
240.2598, 183.5443
242.1882, 182.4554
244.1167, 180.8051
246.0452, 178.7896
247.9736, 177.0459
249.9021, 175.5706
251.8306, 174.0832
253.7590, 172.3011
255.6875, 170.8489
257.6160, 170.1600
259.5444, 169.7371
261.4729, 168.9137
263.4014, 167.8277
265.3298, 167.2312
267.2583, 167.4367
269.1868, 167.1407
271.1152, 165.7670
273.0437, 164.1646
274.9722, 162.5250
276.9006, 161.0105
278.8291, 159.9438
280.7576, 159.2794
282.6860, 158.6064
284.6145, 157.8181
286.5430, 157.1170
288.4714, 156.4910
290.3999, 156.0129
292.3284, 155.7603
294.2568, 155.6931
296.1853, 155.7451
298.1138, 155.9262
300.0422, 156.0913
301.9707, 156.1372
303.8992, 156.2751
305.8276, 156.5710
307.7561, 156.9532
309.6846, 157.4582
311.6130, 157.9873
313.5415, 158.2182
315.4700, 157.9233
317.3984, 158.2314
319.3269, 159.6517
321.2554, 161.0167
323.1838, 161.9033
325.1123, 162.7073
327.0408, 163.7971
328.9692, 165.0644
330.8977, 166.1959
332.8262, 167.2667
334.7546, 167.9715
336.6831, 168.4236
338.6116, 168.4054
340.5400, 167.7190
342.4685, 166.6549
344.3970, 165.4744
346.3254, 164.1243
348.2539, 162.3836
350.1824, 160.0704
352.1108, 157.9278
354.0393, 156.0812
355.9678, 154.1416
357.8962, 151.8656
359.8247, 149.5891
361.7532, 147.5227
363.6816, 145.6267
365.6101, 143.7956
367.5386, 142.0142
369.4670, 140.4782
371.3955, 139.2305
373.3240, 138.1167
375.2524, 137.1030
377.1809, 136.2146
379.1094, 135.6323
381.0378, 135.0762
382.9663, 133.9459
384.8948, 132.2454
386.8232, 131.2256
388.7517, 131.0126
390.6802, 130.7901
392.6086, 130.4033
394.5371, 129.9496
396.4656, 129.3181
398.3940, 128.7801
400.3225, 128.6800
402.2510, 128.9199
404.1794, 129.0786
406.1079, 129.1611
408.0364, 129.0824
409.9648, 128.5934
411.8933, 128.5584
413.8218, 129.5394
415.7502, 130.7458
417.6787, 131.6842
419.6072, 132.5770
421.5356, 133.8825
423.4641, 135.5279
425.3926, 137.0254
427.3210, 138.2708
429.2495, 139.8345
431.1780, 141.9385
433.1064, 144.2697
435.0349, 146.1441
436.9634, 148.7575
438.8918, 153.1410
440.8203, 159.0824
442.7488, 165.8549
444.6772, 173.5058
446.6057, 182.7112
448.5342, 193.5868
450.4626, 205.9427
452.3911, 220.7061
454.3196, 235.5193
456.2480, 250.0937
458.1765, 263.7954
460.1050, 276.1688
462.0334, 287.1333
463.9619, 296.2911
465.8904, 303.6300
467.8188, 309.8655
469.7473, 314.2835
471.6758, 319.0074
473.6042, 324.7070
475.5327, 330.1369
477.4612, 335.0999
479.3896, 339.2555
481.3181, 343.6505
483.2466, 346.5529
485.1750, 344.2970
487.1035, 336.7845
489.0320, 324.4476
490.9604, 304.8692
492.8889, 284.1305
494.8174, 260.7608
496.7458, 238.4404
498.6743, 217.7905
500.6028, 199.4105
502.5313, 183.7292
504.4597, 170.4975
506.3882, 159.5895
508.3167, 151.0175
510.2451, 143.6349
512.1736, 137.5738
514.1021, 132.5071
516.0305, 128.5855
517.9590, 125.3491
519.8875, 122.8543
521.8159, 120.7548
523.7444, 118.7482
525.6729, 117.0868
527.6013, 116.1454
529.5298, 115.8066
531.4583, 115.6444
533.3867, 115.7008
535.3152, 115.6344
537.2437, 115.3578
539.1721, 115.2747
541.1006, 115.2553
543.0291, 115.8572
544.9575, 117.6255
546.8860, 119.7901
548.8145, 121.9322
550.7429, 124.1561
552.6714, 126.7468
554.5999, 129.5925
556.5283, 132.2012
558.4568, 134.6068
560.3853, 136.0463
562.3137, 136.5159
564.2422, 135.7371
566.1707, 133.1878
568.0991, 130.1715
570.0276, 127.2791
571.9561, 123.9958
573.8845, 119.5244
575.8130, 114.7521
577.7415, 110.8950
579.6699, 107.8325
581.5984, 105.0594
583.5269, 102.5775
585.4553, 100.4954
587.3838, 98.83778
589.3123, 97.52197
591.2407, 96.74940
593.1692, 95.95242
595.0977, 94.87733
597.0261, 93.88882
598.9546, 93.35855
600.8831, 92.86491
602.8115, 91.70589
604.7400, 90.36998
606.6685, 89.97569
608.5969, 90.29268
610.5254, 90.08395
612.4539, 89.19401
614.3823, 88.56909
616.3108, 88.55197
618.2393, 88.31386
620.1677, 87.50156
622.0962, 86.83517
624.0247, 86.68723
625.9531, 86.59456
627.8816, 86.20882
629.8101, 85.75887
631.7385, 85.48933
633.6670, 85.34373
635.5955, 85.26122
637.5239, 85.22250
639.4524, 85.00028
641.3809, 84.56197
643.3093, 84.03648
645.2378, 83.28636
647.1663, 82.69326
649.0947, 82.27937
651.0232, 82.02797
652.9517, 82.19456
654.8801, 82.17374
656.8086, 81.32467
658.7371, 80.42217
660.6655, 80.35794
662.5940, 80.54600
664.5225, 79.80782
666.4509, 78.39600
668.3794, 77.74039
670.3079, 77.94805
672.2363, 77.86001
674.1648, 77.40524
676.0933, 76.95159
678.0217, 76.48454
679.9502, 76.13520
681.8787, 76.02438
683.8071, 75.83171
685.7356, 75.27593
687.6641, 74.80135
689.5925, 74.74263
691.5210, 74.78336
693.4495, 74.61893
695.3779, 74.37141
697.3064, 74.28039
699.2349, 74.28683
701.1633, 74.15714
703.0918, 73.89170
705.0203, 73.52097
706.9487, 73.02684
708.8772, 72.80774
710.8057, 72.93221
712.7341, 73.23320
714.6626, 73.92882
716.5911, 74.13663
718.5195, 73.09877
720.4480, 72.20560
722.3765, 72.08606
724.3049, 72.13298
726.2334, 71.91808
728.1619, 71.71335
730.0903, 71.96815
732.0188, 72.32961
733.9473, 72.01781
735.8757, 71.34599
737.8042, 71.32877
739.7327, 71.81975
741.6611, 72.03221
743.5896, 71.92950
745.5181, 71.65306
747.4465, 71.12595
749.3750, 70.91379
751.3035, 71.24770
753.2319, 71.56690
755.1604, 71.84418
757.0889, 71.99443
759.0173, 71.86549
760.9458, 71.78679
762.8743, 71.90197
764.8027, 72.12698
766.7312, 72.46558
768.6597, 72.82870
770.5881, 73.15211
772.5166, 73.42297
774.4451, 73.59901
776.3735, 73.72054
778.3020, 73.88342
780.2305, 74.07374
782.1589, 74.26833
784.0874, 74.47547
786.0159, 74.33134
787.9443, 73.69542
789.8728, 73.23145
791.8013, 73.05564
793.7297, 72.84434
795.6582, 72.50991
797.5867, 72.32767
799.5151, 72.31003
801.4436, 72.49852
803.3721, 73.01679
805.3005, 73.53368
807.2290, 73.92959
809.1575, 74.24454
811.0859, 74.61172
813.0144, 74.75860
814.9429, 74.53768
816.8713, 73.97655
818.7998, 73.04874
820.7283, 71.84401
822.6567, 70.28174
824.5852, 68.64372
826.5137, 67.60735
828.4421, 67.03508
830.3706, 66.36707
832.2991, 65.62990
834.2275, 65.14161
836.1560, 64.91087
838.0845, 64.71279
840.0129, 64.55911
841.9414, 64.22771
843.8699, 63.67694
845.7983, 63.27982
847.7268, 63.13224
849.6553, 62.80238
851.5837, 62.08209
853.5122, 61.65187
855.4407, 61.78469
857.3691, 61.97192
859.2976, 62.17797
861.2261, 62.20295
863.1545, 61.78791
865.0830, 61.46356
867.0115, 61.52950
868.9399, 61.63784
870.8684, 61.58119
872.7969, 61.50597
874.7253, 61.57953
876.6538, 61.62305
878.5823, 61.40387
880.5107, 61.12105
882.4392, 61.07259
884.3677, 61.06895
886.2961, 60.73157
888.2246, 60.29586
890.1531, 60.24138
892.0815, 60.40258
894.0100, 60.44764
895.9385, 60.39764
897.8669, 60.30650
899.7954, 60.18782
901.7239, 60.11340
903.6523, 60.07433
905.5808, 59.95056
907.5093, 59.74038
909.4377, 59.72757
911.3662, 59.95997
913.2947, 60.01874
915.2231, 59.82439
917.1516, 59.75439
919.0801, 59.91272
921.0085, 59.94025
922.9370, 59.61388
924.8655, 59.59291
926.7939, 60.12349
928.7224, 60.47062
930.6509, 60.60421
932.5793, 60.51077
934.5078, 60.01122
936.4363, 59.68243
938.3647, 59.70372
940.2932, 59.74400
942.2217, 59.71417
944.1501, 59.71006
946.0786, 59.81152
948.0071, 59.82406
949.9355, 59.62498
951.8640, 59.43532
953.7925, 59.40188
955.7209, 59.29246
957.6494, 58.91572
959.5779, 58.58492
961.5063, 58.38343
963.4348, 58.39447
965.3633, 58.91169
967.2917, 59.31694
969.2202, 59.17183
971.1487, 58.93794
973.0771, 58.85076
975.0056, 58.82780
976.9341, 58.78150
978.8625, 58.81074
980.7910, 59.07280
982.7195, 59.34436
984.6479, 59.40976
986.5764, 59.43105
988.5049, 59.53804
990.4333, 59.69411
992.3618, 59.87576
994.2903, 60.07451
996.2188, 60.36455
998.1472, 60.58213
1000.076, 60.44885
1002.004, 60.23997
1003.933, 60.24192
1005.861, 60.39106
1007.790, 60.70131
1009.718, 61.02418
1011.646, 61.16877
1013.575, 61.21035
1015.503, 61.10590
1017.432, 61.08518
1019.360, 61.71328
1021.289, 62.38326
1023.217, 62.05610
1025.146, 61.46459
1027.074, 61.69660
1029.003, 62.19729
1030.931, 62.27853
1032.860, 62.11198
1034.788, 61.82846
1036.717, 61.52294
1038.645, 61.29996
1040.573, 61.14563
1042.502, 61.03265
1044.430, 60.98150
1046.359, 61.08944
1048.287, 61.20887
1050.216, 61.07745
1052.144, 60.92780
1054.073, 61.23573
1056.001, 61.52094
1057.930, 60.92558
1059.858, 60.24944
1061.787, 60.60849
1063.715, 61.22921
1065.644, 61.21491
1067.572, 60.99676
1069.500, 60.89949
1071.429, 60.99271
1073.357, 61.38686
1075.286, 61.96782
1077.214, 62.78892
1079.143, 63.56194
1081.071, 64.03838
1083.000, 64.33553
1084.928, 64.48766
1086.857, 64.58920
1088.785, 64.48849
1090.714, 64.65228
1092.642, 65.70044
1094.571, 66.77560
1096.499, 67.29330
1098.427, 67.63856
1100.356, 68.00243
1102.284, 68.32499
1104.213, 68.53694
1106.141, 68.74653
1108.070, 68.97616
1109.998, 69.26215
1111.927, 69.77593
1113.855, 70.11040
1115.784, 70.04959
1117.712, 69.88781
1119.641, 69.54105
1121.569, 69.43031
1123.498, 69.84774
1125.426, 70.17641
1127.354, 70.24985
1129.283, 70.25159
1131.211, 70.17699
1133.140, 70.14153
1135.068, 70.23431
1136.997, 70.15798
1138.925, 69.82063
1140.854, 69.44626
1142.782, 68.97636
1144.711, 68.89954
1146.639, 69.40466
1148.568, 69.50871
1150.496, 69.11150
1152.425, 68.45652
1154.353, 67.51978
1156.281, 67.08719
1158.210, 67.18742
1160.138, 66.94353
1162.067, 66.34753
1163.995, 65.68899
1165.924, 64.99650
1167.852, 64.45206
1169.781, 64.02042
1171.709, 63.58387
1173.638, 63.09974
1175.566, 62.36322
1177.495, 61.52372
1179.423, 60.87514
1181.352, 60.36873
1183.280, 59.93346
1185.208, 59.57926
1187.137, 59.54525
1189.065, 59.33078
1190.994, 57.99974
1192.922, 56.87174
1194.851, 57.22821
1196.779, 57.63989
1198.708, 57.21891
1200.636, 56.66021
1202.565, 56.23668
1204.493, 55.90539
1206.422, 55.64567
1208.350, 55.48179
1210.279, 55.43538
1212.207, 55.45555
1214.135, 55.62431
1216.064, 55.29675
1217.992, 54.23275
1219.921, 53.71198
1221.849, 53.95084
1223.778, 53.78386
1225.706, 53.13088
1227.635, 53.14121
1229.563, 53.78182
1231.492, 54.05264
1233.420, 53.96757
1235.349, 53.58742
1237.277, 53.10231
1239.206, 53.17688
1241.134, 53.49913
1243.063, 53.45976
1244.991, 53.27023
1246.919, 53.22007
1248.848, 53.18700
1250.776, 53.04902
1252.705, 52.87143
1254.633, 52.66943
1256.562, 52.49561
1258.490, 52.29293
1260.419, 52.26804
1262.347, 52.65459
1264.276, 52.93600
1266.204, 52.94814
1268.133, 52.97126
1270.061, 53.03419
1271.990, 53.11025
1273.918, 53.21759
1275.846, 53.15040
1277.775, 52.90268
1279.703, 52.90891
1281.632, 53.11202
1283.560, 52.95844
1285.489, 52.67091
1287.417, 53.13507
1289.346, 53.80696
1291.274, 53.64742
1293.203, 53.20739
1295.131, 52.94889
1297.060, 52.85720
1298.988, 52.97015
1300.917, 53.16373
1302.845, 53.47346
1304.773, 53.62169
1306.702, 53.47330
1308.630, 53.22209
1310.559, 52.78596
1312.487, 52.80886
1314.416, 53.52845
1316.344, 53.78897
1318.273, 53.49932
1320.201, 53.44822
1322.130, 53.61288
1324.058, 53.87857
1325.987, 54.19242
1327.915, 54.44180
1329.844, 54.59809
1331.772, 54.55328
1333.700, 54.46729
1335.629, 54.50301
1337.557, 54.55793
1339.486, 54.45605
1341.414, 54.57798
1343.343, 55.18677
1345.271, 55.62209
1347.200, 55.69059
1349.128, 55.87011
1351.057, 56.23943
1352.985, 56.32959
1354.914, 56.14859
1356.842, 56.20778
1358.771, 56.44374
1360.699, 56.58048
1362.627, 56.59686
1364.556, 56.33049
1366.484, 56.06563
1368.413, 56.16323
1370.341, 56.36837
1372.270, 56.58528
1374.198, 56.70207
1376.127, 56.63264
1378.055, 56.52190
1379.984, 56.36353
1381.912, 56.25256
1383.841, 56.18817
1385.769, 56.25816
1387.698, 56.44439
1389.626, 56.52546
1391.554, 56.48837
1393.483, 56.20335
1395.411, 55.88823
1397.340, 55.85923
1399.268, 55.96156
1401.197, 56.14251
1403.125, 56.28068
1405.054, 56.38866
1406.982, 56.26748
1408.911, 55.65577
1410.839, 55.38741
1412.768, 55.70497
1414.696, 55.80048
1416.625, 55.67729
1418.553, 55.53926
1420.481, 55.42540
1422.410, 55.59612
1424.338, 55.76505
1426.267, 55.33120
1428.195, 54.92907
1430.124, 55.09344
1432.052, 55.30323
1433.981, 55.40493
1435.909, 55.31202
1437.838, 54.95959
1439.766, 54.74458
1441.695, 54.71495
1443.623, 54.61156
1445.552, 54.47005
1447.480, 54.59058
1449.408, 54.78123
1451.337, 54.69725
1453.265, 54.43457
1455.194, 53.85735
1457.122, 53.51796
1459.051, 53.87873
1460.979, 54.07725
1462.908, 53.91319
1464.836, 53.73705
1466.765, 53.59294
1468.693, 53.47326
1470.622, 53.36372
1472.550, 53.19079
1474.479, 52.98698
1476.407, 52.73181
1478.335, 52.57523
1480.264, 52.85405
1482.192, 52.93750
1484.121, 52.24253
1486.049, 51.89608
1487.978, 52.18192
1489.906, 52.26286
1491.835, 52.11425
1493.763, 52.32867
1495.692, 52.72051
1497.620, 52.69597
1499.549, 52.43669
1501.477, 52.02742
1503.406, 51.70902
1505.334, 51.75455
1507.262, 51.71004
1509.191, 51.31180
1511.119, 51.14133
1513.048, 51.26574
1514.976, 51.45867
1516.905, 51.66576
1518.833, 51.52098
1520.762, 51.20461
1522.690, 50.82982
1524.619, 50.71438
1526.547, 51.29190
1528.476, 51.58772
1530.404, 51.11558
1532.333, 50.98755
1534.261, 51.44336
1536.189, 51.48025
1538.118, 51.16403
1540.046, 50.79293
1541.975, 50.52399
1543.903, 50.69468
1545.832, 50.97658
1547.760, 51.18945
1549.689, 51.34764
1551.617, 51.44990
1553.546, 51.51052
1555.474, 51.53135
1557.403, 51.58180
1559.331, 51.62096
1561.260, 51.47311
1563.188, 51.25417
1565.116, 50.97572
1567.045, 50.91942
1568.973, 51.47699
1570.902, 51.82558
1572.830, 51.82070
1574.759, 51.56217
1576.687, 51.15228
1578.616, 51.38487
1580.544, 51.90535
1582.473, 51.99350
1584.401, 51.93424
1586.330, 51.90635
1588.258, 51.95691
1590.187, 52.17279
1592.115, 52.32760
1594.043, 52.40951
1595.972, 52.19525
1597.900, 51.83765
1599.829, 51.94767
1601.757, 52.15062
1603.686, 51.90951
1605.614, 51.82281
1607.543, 52.30976
1609.471, 52.78254
1611.400, 53.20360
1613.328, 53.36554
1615.257, 53.31797
1617.185, 53.30802
1619.114, 53.34177
1621.042, 53.50819
1622.970, 53.55048
1624.899, 53.22642
1626.827, 53.08599
1628.756, 53.29515
1630.684, 53.43527
1632.613, 53.50982
1634.541, 53.75283
1636.470, 53.87952
1638.398, 53.23779
1640.327, 52.67282
1642.255, 52.66433
1644.184, 52.53286
1646.112, 52.11943
1648.041, 51.86364
1649.969, 51.74428
1651.897, 51.58099
1653.826, 51.33368
1655.754, 50.83831
1657.683, 50.43771
1659.611, 50.34190
1661.540, 50.09680
1663.468, 49.64007
1665.397, 49.54513
1667.325, 49.62584
1669.254, 49.07334
1671.182, 48.44364
1673.111, 48.30931
1675.039, 48.37557
1676.968, 48.67812
1678.896, 48.48206
1680.824, 47.80104
1682.753, 47.86047
1684.681, 48.22781
1686.610, 47.98298
1688.538, 47.54492
1690.467, 47.06121
1692.395, 46.85166
1694.324, 47.06012
1696.252, 47.18365
1698.181, 47.19876
1700.109, 46.99751
1702.038, 46.75301
1703.966, 46.65177
1705.895, 46.62111
1707.823, 46.82393
1709.751, 46.49105
1711.680, 45.51016
1713.608, 45.61895
1715.537, 46.26216
1717.465, 46.17048
1719.394, 45.90635
1721.322, 45.73965
1723.251, 45.74824
1725.179, 46.01620
1727.108, 45.96656
1729.036, 45.67588
1730.965, 45.50792
1732.893, 45.35765
1734.822, 45.08690
1736.750, 44.88851
1738.678, 44.82994
1740.607, 44.81804
1742.535, 44.82903
1744.464, 44.77884
1746.392, 44.63823
1748.321, 44.23581
1750.249, 43.95543
1752.178, 43.91460
1754.106, 44.24418
1756.035, 44.85689
1757.963, 44.62812
1759.892, 44.05169
1761.820, 43.93541
1763.749, 43.97898
1765.677, 44.14695
1767.605, 43.97139
1769.534, 43.44068
1771.462, 43.17515
1773.391, 43.17206
1775.319, 43.61170
1777.248, 43.86723
1779.176, 43.29072
1781.105, 43.05815
1783.033, 43.28121
1784.962, 43.29896
1786.890, 43.14577
1788.819, 42.86022
1790.747, 42.63126
1792.676, 42.65837
1794.604, 42.54683
1796.532, 42.22951
1798.461, 42.35030
1800.389, 42.68507
1802.318, 42.85386
1804.246, 42.86200
1806.175, 42.63770
1808.103, 42.46671
1810.032, 42.38673
1811.960, 42.27351
1813.889, 42.15803
1815.817, 42.15326
1817.746, 42.03162
1819.674, 41.59312
1821.603, 41.49696
1823.531, 41.77117
1825.459, 41.65570
1827.388, 41.40387
1829.316, 41.38094
1831.245, 41.39139
1833.173, 41.37444
1835.102, 41.46402
1837.030, 41.60590
1838.959, 41.29608
1840.887, 40.98795
1842.816, 41.43439
1844.744, 41.41777
1846.673, 40.63699
1848.601, 40.26853
1850.530, 40.29350
1852.458, 40.57345
1854.386, 40.76392
1856.315, 40.53953
1858.243, 40.28242
1860.172, 40.05625
1862.100, 40.20275
1864.029, 40.48857
1865.957, 40.59003
1867.886, 40.49827
1869.814, 40.11788
1871.743, 39.88363
1873.671, 39.80239
1875.600, 39.84961
1877.528, 39.83125
1879.457, 39.40992
1881.385, 39.21665
1883.313, 39.46781
1885.242, 39.21769
1887.170, 38.81777
1889.099, 39.31657
1891.027, 39.73218
1892.956, 39.41566
1894.884, 39.09258
1896.813, 38.81207
1898.741, 38.21950
1900.670, 37.85266
1902.598, 38.42815
1904.527, 38.86704
1906.455, 38.81513
1908.384, 38.66793
1910.312, 38.48906
1912.240, 38.37372
1914.169, 38.42461
1916.097, 38.80569
1918.026, 38.62295
1919.954, 37.90985
1921.883, 37.58324
1923.811, 37.53936
1925.740, 37.76893
1927.668, 37.95283
1929.597, 38.02512
1931.525, 38.20533
1933.454, 38.24232
1935.382, 37.31562
1937.311, 36.80825
1939.239, 37.25124
1941.167, 37.46925
1943.096, 37.41374
1945.024, 37.27078
1946.953, 37.10299
1948.881, 36.95067
1950.810, 36.76206
1952.738, 36.56622
1954.667, 36.61839
1956.595, 36.76374
1958.524, 37.05941
1960.452, 36.75362
1962.381, 35.73028
1964.309, 35.77084
1966.238, 36.26316
1968.166, 36.25074
1970.094, 36.11139
1972.023, 35.99988
1973.951, 35.59014
1975.880, 35.11383
1977.808, 35.21054
1979.737, 35.40503
1981.665, 35.55967
1983.594, 35.35001
1985.522, 34.87454
1987.451, 34.53059
1989.379, 34.36775
1991.308, 34.47801
1993.236, 34.54658
1995.165, 34.52879
1997.093, 34.32045
1999.021, 34.09980
2000.950, 34.00246
2002.878, 33.94276
2004.807, 33.90879
2006.735, 33.94848
2008.664, 34.01988
2010.592, 34.05503
2012.521, 34.24910
2014.449, 34.59904
2016.378, 34.10601
2018.306, 33.41837
2020.235, 33.43747
2022.163, 33.69689
2024.092, 34.07652
2026.020, 33.63103
2027.948, 32.92569
2029.877, 32.80238
2031.805, 32.79974
2033.734, 32.80383
2035.662, 32.82745
2037.591, 32.77729
2039.519, 32.39902
2041.448, 32.14899
2043.376, 32.14281
2045.305, 32.14725
2047.233, 32.20152
2049.162, 32.53959
2051.090, 32.56557
2053.019, 32.06330
2054.947, 31.87506
2056.875, 31.82647
2058.804, 31.50508
2060.732, 31.44501
2062.661, 31.90588
2064.589, 31.95428
2066.518, 31.73311
2068.446, 31.33673
2070.375, 31.16741
2072.303, 31.39634
2074.232, 31.36517
2076.160, 31.20970
2078.089, 31.13671
2080.017, 30.93535
2081.946, 30.53580
2083.874, 30.57364
2085.802, 30.77557
2087.731, 30.88695
2089.659, 30.73465
2091.588, 30.30070
2093.516, 30.31418
2095.445, 30.41150
2097.373, 30.24110
2099.302, 30.01542
2101.230, 29.78711
2103.159, 29.67175
2105.087, 29.57198
2107.016, 29.37020
2108.944, 29.38842
2110.873, 29.57999
2112.801, 29.52284
2114.729, 29.51931
2116.658, 29.82096
2118.586, 29.75678
2120.515, 29.37301
2122.443, 28.74240
2124.372, 28.52705
2126.300, 29.08085
2128.229, 29.27335
2130.157, 29.14274
2132.086, 28.75630
2134.014, 28.45311
2135.943, 28.31852
2137.871, 28.44112
2139.800, 28.62635
2141.728, 28.74062
2143.656, 28.52490
2145.585, 28.00196
2147.513, 28.01083
2149.442, 28.09909
2151.370, 27.86770
2153.299, 27.86334
2155.227, 28.04836
2157.156, 27.95181
2159.084, 28.26272
2161.013, 29.53394
2162.941, 29.15342
2164.870, 27.95939
2166.798, 27.68884
2168.727, 27.38766
2170.655, 26.82348
2172.583, 27.13125
2174.512, 27.60714
2176.440, 27.56928
2178.369, 27.29251
2180.297, 26.92326
2182.226, 27.06669
2184.154, 27.07053
2186.083, 26.57915
2188.011, 26.52472
2189.940, 26.66555
2191.868, 26.31076
2193.797, 26.02154
2195.725, 25.93455
2197.654, 26.07298
2199.582, 26.20333
2201.510, 25.99250
2203.439, 26.01066
2205.367, 26.21486
2207.296, 26.35824
2209.224, 26.21843
2211.153, 25.60476
2213.081, 25.35295
2215.010, 25.34010
2216.938, 25.37403
2218.867, 25.39531
2220.795, 25.38956
2222.724, 25.32830
2224.652, 25.17740
2226.581, 24.79757
2228.509, 24.78606
2230.438, 25.00038
2232.366, 25.08131
2234.294, 25.13252
2236.223, 25.18745
2238.151, 24.61371
2240.080, 24.14214
2242.008, 24.40627
2243.937, 24.69185
2245.865, 24.83093
2247.794, 24.47065
2249.722, 24.07218
2251.651, 23.79096
2253.579, 23.98562
2255.508, 24.13955
2257.436, 23.65812
2259.365, 23.40036
2261.293, 23.43952
2263.221, 23.68289
2265.150, 23.93921
2267.078, 24.13398
2269.007, 23.87597
2270.935, 23.52476
2272.864, 23.53948
2274.792, 23.29038
2276.721, 22.88692
2278.649, 22.82707
2280.578, 22.95351
2282.506, 23.19675
2284.435, 23.19893
2286.363, 23.07779
2288.292, 22.92080
2290.220, 22.74804
2292.148, 22.59791
2294.077, 22.56094
2296.005, 22.57261
2297.934, 22.61087
2299.862, 22.31642
2301.791, 22.10155
2303.719, 22.39135
2305.648, 22.44811
2307.576, 22.31527
2309.505, 22.07164
2311.433, 22.01175
2313.362, 22.14413
2315.290, 21.89201
2317.219, 21.73560
2319.147, 21.95435
2321.075, 21.73172
2323.004, 21.52229
2324.932, 22.03067
2326.861, 21.95561
2328.789, 21.40039
2330.718, 21.36694
2332.646, 21.34983
2334.575, 21.19971
2336.503, 21.07570
2338.432, 20.91463
2340.360, 20.66701
2342.289, 20.35552
2344.217, 20.14284
2346.146, 20.40663
2348.074, 20.60887
2350.002, 20.61884
2351.931, 20.06994
2353.859, 20.02294
2355.788, 20.79172
2357.716, 20.67107
2359.645, 20.26606
2361.573, 20.12489
2363.502, 19.70185
2365.430, 19.35803
2367.359, 19.92752
2369.287, 20.08761
2371.216, 19.80767
2373.144, 19.83767
2375.073, 20.00818
2377.001, 20.27742
2378.929, 20.26419
2380.858, 20.10087
2382.786, 19.88470
2384.715, 19.39944
2386.643, 19.00641
2388.572, 19.25579
2390.500, 19.38311
2392.429, 19.34744
2394.357, 19.36794
2396.286, 19.38626
2398.214, 19.37773
2400.143, 19.34394
2402.071, 18.99763
2404.000, 18.22226
2405.928, 18.58965
2407.856, 19.03240
2409.785, 18.51535
2411.713, 18.39465
2413.642, 18.53084
2415.570, 18.51154
2417.499, 18.40894
2419.427, 18.25287
2421.356, 18.06942
2423.284, 17.99244
2425.213, 18.03691
2427.141, 18.12380
2429.070, 18.18041
2430.998, 18.17905
2432.927, 17.87541
2434.855, 17.62203
2436.783, 17.76530
2438.712, 17.87876
2440.640, 17.98825
2442.569, 18.24614
2444.497, 18.11118
2446.426, 17.74889
2448.354, 17.57686
2450.283, 17.52416
2452.211, 17.55772
2454.140, 17.76055
2456.068, 17.57760
2457.997, 16.91269
2459.925, 17.09305
2461.854, 17.20816
2463.782, 16.80420
2465.710, 16.83814
2467.639, 17.08772
2469.567, 17.41908
2471.496, 17.12274
2473.424, 16.67746
2475.353, 16.60181
2477.281, 16.30991
2479.210, 15.99884
2481.138, 16.08111
2483.067, 16.19724
2484.995, 16.30993
2486.924, 16.54634
2488.852, 16.41757
2490.781, 16.02982
2492.709, 16.04031
2494.637, 16.12490
2496.566, 16.18300
2498.494, 16.15483
2500.423, 16.13723
2502.351, 16.15009
2504.280, 16.08795
2506.208, 15.89129
2508.137, 15.52684
2510.065, 15.51146
2511.994, 15.70235
2513.922, 16.10889
2515.851, 15.90560
2517.779, 15.59158
2519.708, 15.62709
2521.636, 15.62913
2523.564, 15.55805
2525.493, 15.36136
2527.421, 15.28082
2529.350, 15.18100
2531.278, 14.82272
2533.207, 14.91811
2535.135, 15.14062
2537.064, 14.85799
2538.992, 14.86339
2540.921, 15.01957
2542.849, 14.88581
2544.778, 14.53724
2546.706, 14.22998
2548.635, 14.79320
2550.563, 14.78938
2552.491, 14.37702
2554.420, 14.80439
2556.348, 14.90361
2558.277, 14.63942
2560.205, 14.65907
2562.134, 14.70295
2564.062, 14.66673
2565.991, 14.34812
2567.919, 14.16372
2569.848, 14.16597
2571.776, 14.19129
2573.705, 14.17897
2575.633, 14.15666
2577.562, 14.43637
2579.490, 14.37250
2581.418, 13.92271
2583.347, 13.73223
2585.275, 13.71472
2587.204, 13.81468
2589.132, 13.92859
2591.061, 13.79624
2592.989, 13.41205
2594.918, 13.41157
2596.846, 13.40287
2598.775, 13.28044
2600.703, 13.11585
2602.632, 13.03957
2604.560, 13.06182
2606.489, 12.90396
2608.417, 12.91678
2610.345, 13.13577
2612.274, 13.13584
2614.202, 13.04497
2616.131, 12.89526
2618.059, 12.57101
2619.988, 12.55508
2621.916, 12.82165
2623.845, 12.70285
2625.773, 12.45835
2627.702, 12.21145
2629.630, 12.11114
2631.559, 12.13207
2633.487, 12.22762
2635.416, 12.31576
2637.344, 12.31214
2639.272, 12.23862
2641.201, 12.10581
2643.129, 12.36516
2645.058, 12.73262
2646.986, 12.39964
2648.915, 12.02877
2650.843, 11.81269
2652.772, 11.94059
2654.700, 12.10808
2656.629, 12.18832
2658.557, 12.06249
2660.486, 11.77901
2662.414, 11.48027
2664.343, 11.31130
2666.271, 11.27815
2668.199, 11.27830
2670.128, 11.22146
2672.056, 11.11684
2673.985, 10.98177
2675.913, 10.82659
2677.842, 11.10642
2679.770, 11.37259
2681.699, 11.35390
2683.627, 10.97064
2685.556, 10.82624
2687.484, 11.09796
2689.413, 10.97928
2691.341, 10.82994
2693.270, 10.77316
2695.198, 10.71402
2697.126, 10.50376
2699.055, 10.25102
2700.983, 10.56295
2702.912, 10.44589
2704.840, 10.08076
2706.769, 10.45004
2708.697, 10.49936
2710.626, 10.33469
2712.554, 10.40983
2714.483, 10.35549
2716.411, 10.17262
2718.340, 9.804480
2720.268, 9.971889
2722.197, 10.16768
2724.125, 9.928256
2726.053, 9.859964
2727.982, 9.793024
2729.910, 9.640518
2731.839, 9.837014
2733.767, 9.764880
2735.696, 9.355429
2737.624, 9.641806
2739.553, 9.622660
2741.481, 9.299590
2743.410, 9.299255
2745.338, 9.494585
2747.267, 9.681050
2749.195, 9.557929
2751.124, 9.500166
2753.052, 9.436336
2754.980, 9.265925
2756.909, 9.193620
2758.837, 9.208520
2760.766, 9.266175
2762.694, 8.949728
2764.623, 8.743356
2766.551, 8.791674
2768.480, 9.137272
2770.408, 9.050718
2772.337, 8.679671
2774.265, 8.608073
2776.194, 8.938935
2778.122, 9.202002
2780.051, 8.660997
2781.979, 8.630823
2783.907, 8.709625
2785.836, 8.551972
2787.764, 8.362971
2789.693, 8.374318
2791.621, 8.605244
2793.550, 8.457166
2795.478, 8.441125
2797.407, 8.533161
2799.335, 8.397336
2801.264, 8.377804
2803.192, 8.418889
2805.121, 8.417880
2807.049, 8.335668
2808.978, 8.294634
2810.906, 8.321590
2812.834, 7.962984
2814.763, 7.695598
2816.691, 7.652693
2818.620, 7.666154
2820.548, 7.942217
2822.477, 8.246793
2824.405, 8.114162
2826.334, 8.028093
2828.262, 7.838370
2830.191, 7.413818
2832.119, 7.358028
2834.048, 7.433551
2835.976, 7.505937
2837.905, 7.348169
2839.833, 7.431041
2841.761, 7.616754
2843.690, 7.546161
2845.618, 7.385526
2847.547, 7.308566
2849.475, 7.468019
2851.404, 7.134344
2853.332, 6.906823
2855.261, 6.987188
2857.189, 7.333025
2859.118, 7.384549
2861.046, 7.143786
2862.975, 6.715040
2864.903, 6.780028
2866.832, 6.936534
2868.760, 6.935009
2870.688, 7.126387
2872.617, 7.096240
2874.545, 6.916332
2876.474, 7.249006
2878.402, 7.228093
2880.331, 7.083498
2882.259, 7.162204
2884.188, 6.848744
2886.116, 6.662235
2888.045, 6.732842
2889.973, 6.561083
2891.902, 6.581608
2893.830, 6.691454
2895.759, 6.604172
2897.687, 6.329104
2899.615, 6.248271
2901.544, 6.578133
2903.472, 6.434393
2905.401, 6.324241
2907.329, 6.300407
2909.258, 6.179860
2911.186, 6.174296
2913.115, 6.284983
2915.043, 6.480025
2916.972, 6.002932
2918.900, 5.938367
2920.829, 6.333325
2922.757, 6.351781
2924.686, 6.187968
2926.614, 5.985501
2928.542, 5.835435
2930.471, 5.667585
2932.399, 5.679021
2934.328, 5.819072
2936.256, 5.686114
2938.185, 5.773170
2940.113, 5.807139
2942.042, 5.504541
2943.970, 5.557979
2945.899, 5.814791
2947.827, 6.001236
2949.756, 5.429947
2951.684, 5.461775
2953.613, 5.666349
2955.541, 5.491682
2957.469, 5.636997
2959.398, 5.564316
2961.326, 5.281137
2963.255, 5.189944
2965.183, 5.390711
2967.112, 5.531339
2969.040, 5.347171
2970.969, 5.466249
2972.897, 5.378781
2974.826, 5.108435
2976.754, 4.938994
2978.683, 4.985389
2980.611, 5.040689
2982.540, 4.987838
2984.468, 4.876032
2986.396, 4.893736
2988.325, 4.966811
2990.253, 4.952125
2992.182, 4.974909
2994.110, 4.952346
2996.039, 4.865272
2997.967, 4.793572
2999.896, 4.502728
3001.824, 4.397952
3003.753, 4.812248
3005.681, 4.978952
3007.610, 4.745685
3009.538, 4.386529
3011.467, 4.480392
3013.395, 4.404164
3015.323, 4.457052
3017.252, 4.694512
3019.180, 4.219425
3021.109, 4.059016
3023.037, 4.141450
3024.966, 4.218439
3026.894, 4.116297
3028.823, 4.147391
3030.751, 4.280599
3032.680, 4.256656
3034.608, 4.108872
3036.537, 4.112336
3038.465, 4.309741
3040.394, 4.163249
3042.322, 3.879400
3044.250, 3.802074
3046.179, 4.142671
3048.107, 4.277241
3050.036, 4.230695
3051.964, 4.081587
3053.893, 3.900697
3055.821, 4.011688
3057.750, 4.083684
3059.678, 4.010013
3061.607, 3.864250
3063.535, 3.941010
3065.464, 3.858336
3067.392, 3.445308
3069.321, 3.746299
3071.249, 3.892052
3073.177, 3.797473
3075.106, 3.515768
3077.034, 3.710024
3078.963, 3.784919
3080.891, 3.765768
3082.820, 3.973305
3084.748, 3.877933
3086.677, 3.695720
3088.605, 3.580967
3090.534, 3.640190
3092.462, 3.916177
3094.391, 3.965108
3096.319, 3.694736
3098.248, 3.881669
3100.176, 3.729514
3102.104, 3.546643
3104.033, 3.602458
3105.961, 3.705923
3107.890, 3.780511
3109.818, 3.757502
3111.747, 3.597844
3113.675, 3.472068
3115.604, 3.431094
3117.532, 3.458522
3119.461, 3.541502
3121.389, 3.348799
3123.318, 3.182086
3125.246, 3.158793
3127.175, 3.352660
3129.103, 3.376602
3131.031, 3.454235
3132.960, 3.563416
3134.888, 3.464545
3136.817, 3.341766
3138.745, 3.433657
3140.674, 3.696058
3142.602, 3.782281
3144.531, 3.510086
3146.459, 3.385726
3148.388, 3.487247
3150.316, 3.228648
3152.245, 3.240876
3154.173, 3.159817
3156.102, 2.958508
3158.030, 3.395481
3159.958, 3.528199
3161.887, 3.456898
3163.815, 3.366230
3165.744, 3.536742
3167.672, 3.464442
3169.601, 3.490088
3171.529, 3.702083
3173.458, 3.552982
3175.386, 3.329972
3177.315, 3.330205
3179.243, 3.577420
3181.172, 3.515075
3183.100, 3.300902
3185.029, 3.348013
3186.957, 3.679613
3188.885, 3.507413
3190.814, 3.403645
3192.742, 3.417734
3194.671, 3.428793
3196.599, 3.069186
3198.528, 3.094885
3200.456, 3.047449
3202.385, 2.863940
3204.313, 3.174170
3206.242, 2.915042
3208.170, 2.788354
3210.099, 3.020211
3212.027, 3.360972
3213.956, 3.180282
3215.884, 3.027364
3217.813, 3.021778
3219.741, 2.921420
3221.669, 3.340197
3223.598, 3.289481
3225.526, 2.950944
3227.455, 3.072711
3229.383, 3.257512
3231.312, 3.029966
3233.240, 2.845817
3235.169, 3.365954
3237.097, 2.990513
3239.026, 2.978487
3240.954, 3.179727
3242.883, 3.239440
3244.811, 3.184464
3246.740, 3.039613
3248.668, 2.991140
3250.596, 3.080651
3252.525, 2.964755
3254.453, 3.095781
3256.382, 3.004608
3258.310, 2.764348
3260.239, 3.201459
3262.167, 3.186061
3264.096, 3.094569
3266.024, 3.095445
3267.953, 3.173474
3269.881, 2.918067
3271.810, 2.961604
3273.738, 3.147129
3275.667, 3.131050
3277.595, 2.754035
3279.523, 2.705649
3281.452, 2.855919
3283.380, 3.022145
3285.309, 3.237728
3287.237, 3.074191
3289.166, 2.947773
3291.094, 2.979110
3293.023, 2.969151
3294.951, 2.883172
3296.880, 2.918363
3298.808, 3.018378
3300.737, 3.037754
3302.665, 2.755572
3304.594, 2.851631
3306.522, 2.999298
3308.450, 2.942916
3310.379, 2.749445
3312.307, 3.391679
3314.236, 3.431285
3316.164, 2.914618
3318.093, 2.905910
3320.021, 2.976810
3321.950, 2.888047
3323.878, 2.913231
3325.807, 3.217385
3327.735, 2.969323
3329.664, 3.131630
3331.592, 3.109104
3333.521, 2.837402
3335.449, 2.994189
3337.377, 2.933999
3339.306, 2.686103
3341.234, 2.600809
3343.163, 2.920915
3345.091, 3.014693
3347.020, 3.137261
3348.948, 3.274171
3350.877, 3.252194
3352.805, 2.797536
3354.734, 2.786221
3356.662, 2.905389
3358.591, 2.974504
3360.519, 2.975346
3362.448, 3.155225
3364.376, 3.168754
3366.304, 2.985979
3368.233, 2.842685
3370.161, 3.143445
3372.090, 3.002585
3374.018, 3.090160
3375.947, 3.050179
3377.875, 2.703052
3379.804, 3.233398
3381.732, 2.956639
3383.661, 2.848053
3385.589, 2.978158
3387.518, 2.865394
3389.446, 2.420879
3391.375, 4.205134
3393.303, 4.656826
3395.231, 3.060308
3397.160, 2.894097
3399.088, 2.798815
3401.017, 2.836200
3402.945, 2.988521
3404.874, 3.162970
3406.802, 3.241438
3408.731, 2.963790
3410.659, 2.887535
3412.588, 3.020353
3414.516, 3.097374
3416.445, 2.935652
3418.373, 2.963988
3420.302, 2.976933
3422.230, 2.892286
3424.158, 2.772102
3426.087, 3.262272
3428.015, 2.949330
3429.944, 2.736195
3431.872, 3.058220
3433.801, 3.181710
3435.729, 2.959960
3437.658, 2.804192
3439.586, 2.804423
3441.515, 2.887475
3443.443, 2.864772
3445.372, 2.991207
3447.300, 2.812304
3449.229, 2.596118
3451.157, 2.639047
3453.085, 2.709038
3455.014, 2.873787
3456.942, 2.943233
##END=



