##NAMES=Ferrierite-Mg
##RRUFFID=R060982
##IDEAL CHEMISTRY=[Mg_2_(K,Na)_2_Ca_0.5_](Si_29_Al_7_)O_72_·18H_2_O
##LOCALITY=Monte Lake, British Columbia, Canada
##OWNER=RRUFF
##SOURCE=Bob Jenkins
##DESCRIPTION=Orange lath shaped crystals in radial aggregates associated with white calcite
##STATUS=The identification of this mineral is confirmed by single-crystal X-ray diffraction and chemical analysis
##URL=https://www.rruff.net/odr/rruff_sample/R060982
##MEASURED CHEMISTRY=(Mg_1.70_K_0.83_Fe_0.49_Na_0.36_Ca_0.21_)(Si_30.01_Al_5.99_)O_72_·20.71H_2_O ; = dark phase. Light phase is calcite: (Ca_0.96_Mn_0.02_Mg_0.01_Fe_0.01_)CO_3_
##DIFFRACTION SAMPLE DESCRIPTION=Single crystal, powder profile is calculated
##CELL PARAMETERS=a: 19.15 b: 14.09 c: 7.475 alpha: 90 beta: 90 gamma: 90 volume: 2017 crystal system: orthorhombic
##FILETYPE=Raman RAW
##RAMAN WAVELENGTH=785

131.1372, 1372.684
133.0657, 1801.458
134.9941, 2125.123
136.9226, 2322.630
138.8511, 2423.126
140.7795, 2317.281
142.7080, 2198.543
144.6365, 2268.774
146.5649, 2513.059
148.4934, 2776.995
150.4219, 3168.300
152.3503, 3402.103
154.2788, 3362.155
156.2073, 3230.833
158.1357, 3110.443
160.0642, 3005.808
161.9927, 2938.989
163.9211, 2938.237
165.8496, 2905.349
167.7781, 2813.952
169.7065, 2715.120
171.6350, 2628.721
173.5635, 2549.710
175.4919, 2471.783
177.4204, 2395.052
179.3489, 2318.914
181.2773, 2226.986
183.2058, 2158.134
185.1343, 2133.918
187.0627, 2124.082
188.9912, 2107.135
190.9197, 2084.016
192.8481, 2056.580
194.7766, 2016.506
196.7051, 1990.398
198.6335, 1986.943
200.5620, 1988.380
202.4905, 1990.473
204.4189, 1990.703
206.3474, 1987.189
208.2759, 1980.362
210.2043, 1963.981
212.1328, 1918.814
214.0613, 1891.969
215.9897, 1905.754
217.9182, 1925.396
219.8467, 1927.797
221.7751, 1917.699
223.7036, 1905.594
225.6321, 1892.405
227.5605, 1874.359
229.4890, 1848.391
231.4175, 1821.860
233.3459, 1794.192
235.2744, 1769.300
237.2029, 1749.630
239.1313, 1735.269
241.0598, 1726.601
242.9883, 1729.729
244.9167, 1728.397
246.8452, 1723.464
248.7737, 1713.050
250.7021, 1690.236
252.6306, 1665.399
254.5591, 1651.119
256.4875, 1647.740
258.4160, 1640.972
260.3445, 1626.150
262.2729, 1615.393
264.2014, 1612.149
266.1299, 1609.942
268.0583, 1605.414
269.9868, 1599.992
271.9153, 1593.686
273.8438, 1585.609
275.7722, 1588.306
277.7007, 1608.403
279.6292, 1626.963
281.5576, 1635.904
283.4861, 1650.186
285.4146, 1676.845
287.3430, 1714.780
289.2715, 1769.671
291.2000, 1844.731
293.1284, 1894.666
295.0569, 1914.697
296.9854, 1920.747
298.9138, 1911.945
300.8423, 1892.664
302.7708, 1858.875
304.6992, 1819.786
306.6277, 1785.043
308.5562, 1754.615
310.4846, 1732.067
312.4131, 1719.183
314.3416, 1709.854
316.2700, 1700.910
318.1985, 1699.323
320.1270, 1710.678
322.0554, 1729.832
323.9839, 1754.752
325.9124, 1784.243
327.8408, 1807.999
329.7693, 1825.378
331.6978, 1837.932
333.6262, 1846.400
335.5547, 1848.655
337.4832, 1839.100
339.4116, 1827.801
341.3401, 1826.175
343.2686, 1828.850
345.1970, 1816.624
347.1255, 1783.556
349.0540, 1764.195
350.9824, 1766.956
352.9109, 1762.598
354.8394, 1736.278
356.7678, 1710.204
358.6963, 1699.763
360.6248, 1695.918
362.5532, 1685.903
364.4817, 1669.751
366.4102, 1652.456
368.3386, 1631.454
370.2671, 1618.132
372.1956, 1612.846
374.1240, 1617.348
376.0525, 1638.714
377.9810, 1664.444
379.9094, 1687.161
381.8379, 1706.561
383.7664, 1720.979
385.6948, 1729.463
387.6233, 1739.019
389.5518, 1747.365
391.4802, 1763.394
393.4087, 1783.745
395.3372, 1821.456
397.2656, 1888.855
399.1941, 1971.351
401.1226, 2054.468
403.0510, 2139.958
404.9795, 2237.164
406.9080, 2347.530
408.8364, 2464.821
410.7649, 2605.978
412.6934, 2701.843
414.6218, 2712.313
416.5503, 2700.964
418.4788, 2694.929
420.4072, 2691.183
422.3357, 2684.210
424.2642, 2675.981
426.1926, 2679.728
428.1211, 2697.733
430.0496, 2703.666
431.9780, 2693.091
433.9065, 2679.383
435.8350, 2662.197
437.7634, 2649.470
439.6919, 2651.289
441.6204, 2653.934
443.5488, 2644.656
445.4773, 2623.950
447.4058, 2592.401
449.3342, 2549.673
451.2627, 2503.261
453.1912, 2456.091
455.1196, 2392.955
457.0481, 2302.681
458.9766, 2207.922
460.9050, 2111.796
462.8335, 2022.052
464.7620, 1945.011
466.6904, 1879.149
468.6189, 1824.135
470.5474, 1779.614
472.4758, 1727.780
474.4043, 1666.238
476.3328, 1617.396
478.2612, 1587.295
480.1897, 1564.354
482.1182, 1549.433
484.0466, 1534.365
485.9751, 1514.198
487.9036, 1492.338
489.8320, 1472.437
491.7605, 1454.427
493.6890, 1438.567
495.6174, 1424.784
497.5459, 1410.495
499.4744, 1395.508
501.4028, 1380.759
503.3313, 1367.595
505.2598, 1352.386
507.1882, 1333.184
509.1167, 1312.244
511.0452, 1287.727
512.9736, 1264.350
514.9021, 1249.812
516.8306, 1242.243
518.7590, 1233.256
520.6875, 1223.169
522.6160, 1219.733
524.5444, 1225.442
526.4729, 1227.961
528.4014, 1219.988
530.3298, 1217.349
532.2583, 1227.548
534.1868, 1240.964
536.1152, 1252.227
538.0437, 1263.435
539.9722, 1279.355
541.9006, 1296.783
543.8291, 1304.920
545.7576, 1305.314
547.6860, 1309.589
549.6145, 1318.772
551.5430, 1329.396
553.4714, 1343.302
555.3999, 1352.759
557.3284, 1357.559
559.2568, 1355.190
561.1853, 1343.726
563.1138, 1325.558
565.0422, 1296.667
566.9707, 1265.803
568.8992, 1249.249
570.8276, 1243.142
572.7561, 1235.429
574.6846, 1225.856
576.6130, 1212.598
578.5415, 1194.091
580.4700, 1179.299
582.3984, 1170.637
584.3269, 1164.539
586.2554, 1163.223
588.1838, 1160.004
590.1123, 1147.261
592.0408, 1135.959
593.9692, 1137.955
595.8977, 1146.031
597.8262, 1147.397
599.7546, 1145.809
601.6831, 1151.411
603.6116, 1164.188
605.5400, 1182.886
607.4685, 1209.782
609.3970, 1228.003
611.3254, 1234.590
613.2539, 1233.332
615.1824, 1223.027
617.1108, 1208.167
619.0393, 1192.768
620.9678, 1170.156
622.8962, 1127.422
624.8247, 1082.730
626.7532, 1054.520
628.6816, 1039.572
630.6101, 1035.150
632.5386, 1037.826
634.4670, 1035.565
636.3955, 1027.944
638.3240, 1016.732
640.2524, 1000.248
642.1809, 987.6365
644.1094, 979.7995
646.0378, 976.4960
647.9663, 979.7217
649.8948, 984.5438
651.8232, 989.6431
653.7517, 995.6304
655.6802, 1006.567
657.6086, 1014.835
659.5371, 1012.474
661.4656, 1003.204
663.3940, 989.3182
665.3225, 974.0790
667.2510, 966.9084
669.1794, 966.9026
671.1079, 964.8830
673.0364, 960.6411
674.9648, 952.7642
676.8933, 934.4331
678.8218, 929.3705
680.7502, 951.7482
682.6787, 965.6353
684.6072, 963.1632
686.5356, 955.6382
688.4641, 941.6486
690.3926, 930.2035
692.3210, 926.6863
694.2495, 927.4786
696.1780, 933.8100
698.1064, 939.2178
700.0349, 934.6710
701.9634, 924.6629
703.8918, 917.1033
705.8203, 912.0670
707.7488, 909.9551
709.6772, 910.7977
711.6057, 913.3694
713.5342, 919.9375
715.4626, 919.6823
717.3911, 905.7947
719.3196, 897.4802
721.2480, 896.5717
723.1765, 898.4444
725.1050, 908.0178
727.0334, 911.4941
728.9619, 897.5324
730.8904, 887.1620
732.8188, 892.8418
734.7473, 902.4946
736.6758, 911.2824
738.6042, 916.5785
740.5327, 911.6027
742.4612, 905.4856
744.3896, 912.4330
746.3181, 926.5131
748.2466, 933.6160
750.1750, 935.7774
752.1035, 944.9083
754.0320, 960.7914
755.9604, 963.3682
757.8889, 948.2847
759.8174, 947.2813
761.7458, 966.5671
763.6743, 981.5927
765.6028, 990.9565
767.5313, 999.3036
769.4597, 1004.659
771.3882, 1015.556
773.3167, 1037.210
775.2451, 1056.863
777.1736, 1067.842
779.1021, 1081.421
781.0305, 1105.953
782.9590, 1129.382
784.8875, 1147.692
786.8159, 1158.311
788.7444, 1160.212
790.6729, 1153.053
792.6013, 1132.723
794.5298, 1106.371
796.4583, 1081.335
798.3867, 1057.897
800.3152, 1037.861
802.2437, 1019.422
804.1721, 995.4893
806.1006, 968.2410
808.0291, 949.2892
809.9575, 938.2915
811.8860, 930.6308
813.8145, 926.4850
815.7429, 923.3789
817.6714, 921.7121
819.5999, 918.7895
821.5283, 915.1929
823.4568, 905.3814
825.3853, 886.9150
827.3137, 874.1716
829.2422, 871.8168
831.1707, 862.8663
833.0991, 840.5022
835.0276, 822.3558
836.9561, 813.3730
838.8845, 808.7889
840.8130, 809.0061
842.7415, 809.1365
844.6699, 806.6479
846.5984, 804.6396
848.5269, 803.2282
850.4553, 804.3900
852.3838, 814.7051
854.3123, 820.5904
856.2407, 809.4312
858.1692, 795.7468
860.0977, 788.5300
862.0261, 786.4092
863.9546, 790.4865
865.8831, 796.6998
867.8115, 800.4990
869.7400, 803.4799
871.6685, 809.8597
873.5969, 815.4777
875.5254, 812.3013
877.4539, 803.5547
879.3823, 792.4341
881.3108, 782.5383
883.2393, 786.4301
885.1677, 798.7026
887.0962, 801.2207
889.0247, 796.5483
890.9531, 797.6003
892.8816, 801.7672
894.8101, 791.3771
896.7385, 770.2672
898.6670, 764.2451
900.5955, 771.9841
902.5239, 778.1899
904.4524, 782.4288
906.3809, 787.9290
908.3093, 794.4567
910.2378, 794.6061
912.1663, 788.0213
914.0947, 785.4851
916.0232, 787.9863
917.9517, 781.7401
919.8801, 764.5616
921.8086, 758.1882
923.7371, 766.0176
925.6655, 771.5297
927.5940, 772.1730
929.5225, 777.0298
931.4509, 788.8803
933.3794, 794.7732
935.3079, 791.3254
937.2363, 790.5583
939.1648, 795.8181
941.0933, 796.6017
943.0217, 789.0842
944.9502, 784.8506
946.8787, 787.2519
948.8071, 787.4594
950.7356, 781.3701
952.6641, 780.4059
954.5925, 790.1252
956.5210, 795.6632
958.4495, 791.1644
960.3779, 790.6583
962.3064, 802.7245
964.2349, 805.8712
966.1633, 788.6667
968.0918, 778.2633
970.0203, 779.8192
971.9487, 785.4790
973.8772, 801.1535
975.8057, 808.5046
977.7341, 799.6108
979.6626, 791.7473
981.5911, 785.4655
983.5195, 783.8419
985.4480, 791.4072
987.3765, 796.4069
989.3049, 795.8890
991.2334, 794.8127
993.1619, 792.6262
995.0903, 792.2758
997.0188, 796.5731
998.9473, 798.3404
1000.876, 794.9326
1002.804, 791.7545
1004.733, 787.4688
1006.661, 787.2863
1008.590, 796.8971
1010.518, 801.4583
1012.447, 798.5220
1014.375, 791.8795
1016.303, 775.9690
1018.232, 767.6745
1020.160, 773.0883
1022.089, 777.3441
1024.017, 778.6039
1025.946, 779.8707
1027.874, 781.1630
1029.803, 782.8316
1031.731, 787.1938
1033.660, 787.0629
1035.588, 776.7772
1037.517, 774.6292
1039.445, 787.8345
1041.374, 792.1396
1043.302, 782.4229
1045.230, 777.2987
1047.159, 777.4119
1049.087, 780.1340
1051.016, 786.2460
1052.944, 792.7948
1054.873, 801.5335
1056.801, 800.8064
1058.730, 788.9750
1060.658, 780.1746
1062.587, 774.2122
1064.515, 775.3821
1066.444, 783.8020
1068.372, 787.2364
1070.301, 785.8171
1072.229, 781.2950
1074.157, 774.8023
1076.086, 779.4180
1078.014, 791.6913
1079.943, 789.6317
1081.871, 778.7447
1083.800, 783.5475
1085.728, 796.4958
1087.657, 794.4380
1089.585, 783.7673
1091.514, 778.1299
1093.442, 775.3978
1095.371, 770.5261
1097.299, 766.9796
1099.228, 772.6546
1101.156, 780.0864
1103.084, 779.6283
1105.013, 776.4421
1106.941, 773.6994
1108.870, 773.1696
1110.798, 778.0635
1112.727, 783.3334
1114.655, 785.7428
1116.584, 786.9420
1118.512, 784.2452
1120.441, 786.6389
1122.369, 801.8226
1124.298, 815.7183
1126.226, 825.0291
1128.155, 827.3457
1130.083, 818.7749
1132.011, 813.2789
1133.940, 815.6483
1135.868, 815.8433
1137.797, 810.5556
1139.725, 810.0165
1141.654, 816.2639
1143.582, 824.0978
1145.511, 833.0930
1147.439, 838.3842
1149.368, 839.4311
1151.296, 828.4775
1153.225, 807.3566
1155.153, 804.0181
1157.082, 815.2663
1159.010, 814.0435
1160.938, 804.7105
1162.867, 804.3873
1164.795, 808.5762
1166.724, 806.3590
1168.652, 800.8587
1170.581, 797.0129
1172.509, 793.7139
1174.438, 788.5018
1176.366, 784.3099
1178.295, 784.4835
1180.223, 786.2696
1182.152, 789.0403
1184.080, 790.6821
1186.009, 790.2988
1187.937, 788.1444
1189.865, 783.4775
1191.794, 778.5073
1193.722, 773.3885
1195.651, 769.2837
1197.579, 768.2642
1199.508, 759.4167
1201.436, 739.1417
1203.365, 733.2662
1205.293, 743.8669
1207.222, 743.4208
1209.150, 732.0992
1211.079, 725.4221
1213.007, 722.4843
1214.936, 715.9708
1216.864, 708.8670
1218.792, 711.3445
1220.721, 716.1441
1222.649, 710.4576
1224.578, 702.4911
1226.506, 700.7962
1228.435, 701.8458
1230.363, 703.7678
1232.292, 706.0323
1234.220, 711.9355
1236.149, 712.0413
1238.077, 696.1859
1240.006, 686.4012
1241.934, 693.0698
1243.863, 694.0093
1245.791, 683.3616
1247.719, 681.9973
1249.648, 692.2312
1251.576, 695.6166
1253.505, 692.5296
1255.433, 696.7939
1257.362, 705.9794
1259.290, 710.7558
1261.219, 711.5068
1263.147, 704.5732
1265.076, 699.1152
1267.004, 710.1162
1268.933, 721.0993
1270.861, 718.5034
1272.790, 712.3575
1274.718, 704.7193
1276.646, 701.4662
1278.575, 706.3336
1280.503, 712.1065
1282.432, 718.0237
1284.360, 723.3572
1286.289, 728.7247
1288.217, 729.9548
1290.146, 726.9828
1292.074, 723.9106
1294.003, 721.2161
1295.931, 722.7595
1297.860, 725.4391
1299.788, 720.8047
1301.717, 715.7492
1303.645, 718.4200
1305.573, 724.0690
1307.502, 732.9091
1309.430, 737.0097
1311.359, 730.7283
1313.287, 725.7378
1315.216, 725.7454
1317.144, 725.1796
1319.073, 723.0035
1321.001, 722.3016
1322.930, 723.2335
1324.858, 724.3416
1326.787, 725.3052
1328.715, 724.8346
1330.644, 722.9456
1332.572, 718.8483
1334.500, 714.3218
1336.429, 712.6544
1338.357, 708.8984
1340.286, 695.0193
1342.214, 691.5414
1344.143, 710.2024
1346.071, 720.5778
1348.000, 716.0560
1349.928, 704.4661
1351.857, 686.8864
1353.785, 684.0161
1355.714, 692.4409
1357.642, 691.7343
1359.571, 686.7123
1361.499, 688.3213
1363.427, 690.7974
1365.356, 688.1614
1367.284, 683.0001
1369.213, 675.2669
1371.141, 668.2236
1373.070, 661.7110
1374.998, 660.9216
1376.927, 667.4835
1378.855, 664.9690
1380.784, 653.4534
1382.712, 649.9366
1384.641, 653.0624
1386.569, 657.9630
1388.498, 663.3081
1390.426, 669.8560
1392.354, 671.9600
1394.283, 661.5879
1396.211, 650.8448
1398.140, 642.8941
1400.068, 640.2077
1401.997, 644.3258
1403.925, 646.3363
1405.854, 645.6422
1407.782, 646.2554
1409.711, 647.4127
1411.639, 644.9579
1413.568, 641.5648
1415.496, 642.9951
1417.425, 643.1070
1419.353, 635.5946
1421.281, 627.0119
1423.210, 616.5891
1425.138, 613.5627
1427.067, 620.9335
1428.995, 626.2067
1430.924, 628.5822
1432.852, 624.2988
1434.781, 617.5654
1436.709, 623.8185
1438.638, 630.9608
1440.566, 621.7271
1442.495, 611.9160
1444.423, 611.1461
1446.352, 613.6534
1448.280, 620.0857
1450.208, 624.5975
1452.137, 627.2334
1454.065, 623.4953
1455.994, 615.6665
1457.922, 620.0895
1459.851, 626.4923
1461.779, 615.8956
1463.708, 602.4011
1465.636, 592.7486
1467.565, 590.7567
1469.493, 602.1921
1471.422, 611.5512
1473.350, 617.9398
1475.279, 617.0936
1477.207, 609.9523
1479.135, 603.5821
1481.064, 597.3534
1482.992, 586.3290
1484.921, 580.6650
1486.849, 593.1110
1488.778, 600.0438
1490.706, 587.4613
1492.635, 586.0598
1494.563, 604.6343
1496.492, 608.6817
1498.420, 600.5380
1500.349, 590.7100
1502.277, 582.2330
1504.206, 581.3002
1506.134, 582.2854
1508.063, 582.7555
1509.991, 580.8977
1511.919, 574.3613
1513.848, 577.3162
1515.776, 592.1178
1517.705, 587.8249
1519.633, 571.4893
1521.562, 561.9248
1523.490, 558.3293
1525.419, 563.5817
1527.347, 567.9155
1529.276, 566.8002
1531.204, 567.3607
1533.133, 571.5850
1535.061, 565.3722
1536.990, 550.2906
1538.918, 536.4291
1540.846, 529.3816
1542.775, 546.2082
1544.703, 562.1027
1546.632, 558.6137
1548.560, 555.9941
1550.489, 558.4864
1552.417, 564.8939
1554.346, 574.2805
1556.274, 582.4854
1558.203, 585.5241
1560.131, 569.6381
1562.060, 552.6626
1563.988, 549.1117
1565.917, 550.7204
1567.845, 556.6597
1569.773, 559.2479
1571.702, 558.3998
1573.630, 565.3867
1575.559, 572.7378
1577.487, 559.8359
1579.416, 543.5601
1581.344, 537.2243
1583.273, 535.5334
1585.201, 537.4082
1587.130, 542.2808
1589.058, 549.1832
1590.987, 544.9256
1592.915, 537.1701
1594.844, 544.3266
1596.772, 552.8768
1598.700, 548.8746
1600.629, 549.2303
1602.557, 561.9974
1604.486, 561.3187
1606.414, 548.5770
1608.343, 550.2034
1610.271, 557.3611
1612.200, 553.9789
1614.128, 549.4740
1616.057, 550.3303
1617.985, 551.4211
1619.914, 551.8621
1621.842, 551.6505
1623.771, 551.2002
1625.699, 553.5587
1627.627, 556.1144
1629.556, 557.8937
1631.484, 554.9304
1633.413, 538.3210
1635.341, 534.3553
1637.270, 547.1523
1639.198, 545.8775
1641.127, 537.1991
1643.055, 539.3597
1644.984, 544.4612
1646.912, 548.6671
1648.841, 549.1609
1650.769, 543.2454
1652.698, 540.9256
1654.626, 541.7691
1656.554, 539.3925
1658.483, 537.2651
1660.411, 541.7944
1662.340, 544.3199
1664.268, 541.2043
1666.197, 533.4689
1668.125, 521.0167
1670.054, 519.4705
1671.982, 524.0098
1673.911, 527.0450
1675.839, 524.7143
1677.768, 510.9205
1679.696, 505.9384
1681.625, 515.3633
1683.553, 523.1902
1685.481, 527.7247
1687.410, 522.5158
1689.338, 515.9700
1691.267, 515.1447
1693.195, 517.0356
1695.124, 521.5416
1697.052, 520.8536
1698.981, 515.7257
1700.909, 511.7887
1702.838, 509.6315
1704.766, 513.9276
1706.695, 510.7390
1708.623, 493.4249
1710.552, 492.5768
1712.480, 507.0310
1714.408, 503.7358
1716.337, 494.8481
1718.265, 496.8821
1720.194, 500.3390
1722.122, 503.0396
1724.051, 498.0751
1725.979, 487.0161
1727.908, 486.0956
1729.836, 488.9093
1731.765, 487.4000
1733.693, 483.3149
1735.622, 475.5837
1737.550, 475.3829
1739.479, 482.0635
1741.407, 484.9478
1743.335, 485.8193
1745.264, 483.5836
1747.192, 488.6140
1749.121, 511.5284
1751.049, 507.9533
1752.978, 482.5503
1754.906, 482.3421
1756.835, 489.1934
1758.763, 478.7911
1760.692, 474.3989
1762.620, 489.2686
1764.549, 483.9498
1766.477, 463.9202
1768.406, 460.9103
1770.334, 464.9768
1772.262, 472.4439
1774.191, 471.1177
1776.119, 453.9215
1778.048, 449.0015
1779.976, 454.0772
1781.905, 466.8764
1783.833, 473.5323
1785.762, 453.4688
1787.690, 450.1732
1789.619, 473.6605
1791.547, 479.6866
1793.476, 473.2079
1795.404, 458.4362
1797.333, 447.8816
1799.261, 451.9232
1801.189, 446.8303
1803.118, 432.2726
1805.046, 436.3183
1806.975, 445.4111
1808.903, 443.0411
1810.832, 440.6351
1812.760, 442.9874
1814.689, 438.1380
1816.617, 429.3823
1818.546, 432.0625
1820.474, 434.8954
1822.403, 428.1603
1824.331, 427.9673
1826.260, 438.0121
1828.188, 434.8807
1830.116, 426.2795
1832.045, 423.8073
1833.973, 422.8914
1835.902, 421.8018
1837.830, 423.6873
1839.759, 426.9422
1841.687, 419.0235
1843.616, 410.4476
1845.544, 409.5385
1847.473, 411.7417
1849.401, 416.5555
1851.330, 412.7851
1853.258, 405.2560
1855.187, 402.4966
1857.115, 402.8737
1859.043, 407.4848
1860.972, 402.2912
1862.900, 389.5827
1864.829, 387.6987
1866.757, 391.0999
1868.686, 396.9691
1870.614, 397.0878
1872.543, 391.3719
1874.471, 392.8357
1876.400, 395.6529
1878.328, 389.1565
1880.257, 387.5602
1882.185, 394.4815
1884.114, 395.7597
1886.042, 393.9358
1887.970, 398.6200
1889.899, 397.5176
1891.827, 377.6421
1893.756, 379.9952
1895.684, 398.1344
1897.613, 392.7849
1899.541, 381.5942
1901.470, 378.0494
1903.398, 374.5781
1905.327, 369.8877
1907.255, 370.9723
1909.184, 375.5900
1911.112, 379.0616
1913.041, 378.8667
1914.969, 375.3725
1916.897, 368.3557
1918.826, 364.6689
1920.754, 378.4412
1922.683, 385.9442
1924.611, 371.5591
1926.540, 372.8962
1928.468, 382.0053
1930.397, 372.3828
1932.325, 364.0699
1934.254, 368.9278
1936.182, 368.2977
1938.111, 364.4117
1940.039, 371.1604
1941.968, 375.6473
1943.896, 369.2820
1945.824, 365.8329
1947.753, 366.2589
1949.681, 363.4591
1951.610, 360.7223
1953.538, 362.1302
1955.467, 363.8655
1957.395, 363.2533
1959.324, 358.6875
1961.252, 356.1284
1963.181, 357.3840
1965.109, 359.0754
1967.038, 361.9331
1968.966, 361.6644
1970.895, 359.4497
1972.823, 358.2358
1974.751, 351.6782
1976.680, 340.6673
1978.608, 351.0116
1980.537, 365.3671
1982.465, 353.7316
1984.394, 347.6396
1986.322, 354.3059
1988.251, 351.4347
1990.179, 344.5914
1992.108, 334.4984
1994.036, 331.3420
1995.965, 337.4665
1997.893, 343.3517
1999.822, 346.8589
2001.750, 340.2378
2003.678, 337.7024
2005.607, 339.1641
2007.535, 339.5406
2009.464, 339.7407
2011.392, 342.6816
2013.321, 342.0583
2015.249, 335.5797
2017.178, 332.2452
2019.106, 331.0199
2021.035, 333.4742
2022.963, 334.6583
2024.892, 331.8459
2026.820, 329.4277
2028.749, 331.2526
2030.677, 334.1312
2032.605, 329.4993
2034.534, 320.8150
2036.462, 317.1645
2038.391, 317.0006
2040.319, 327.9684
2042.248, 327.0749
2044.176, 314.9294
2046.105, 314.5903
2048.033, 316.0603
2049.962, 313.8874
2051.890, 318.1737
2053.819, 324.4787
2055.747, 322.8098
2057.676, 321.2991
2059.604, 322.9193
2061.532, 318.6900
2063.461, 312.8500
2065.389, 311.4298
2067.318, 313.6973
2069.246, 315.0254
2071.175, 311.2286
2073.103, 307.9446
2075.032, 305.6458
2076.960, 299.8450
2078.889, 292.3590
2080.817, 298.2803
2082.746, 304.8855
2084.674, 302.9715
2086.603, 289.5927
2088.531, 268.8459
2090.459, 268.8156
2092.388, 277.4372
2094.316, 287.9901
2096.245, 294.9737
2098.173, 294.1571
2100.102, 281.9479
2102.030, 278.0670
2103.959, 286.3797
2105.887, 288.8384
2107.816, 285.3806
2109.744, 278.6116
2111.673, 275.2969
2113.601, 277.1029
2115.530, 276.4007
2117.458, 274.3081
2119.386, 272.9858
2121.315, 273.5820
2123.243, 273.7560
2125.172, 261.5728
2127.100, 253.7594
2129.029, 255.3784
2130.957, 253.7184
2132.886, 251.2137
2134.814, 248.6170
2136.743, 249.9692
2138.671, 251.5708
2140.600, 252.9177
2142.528, 254.0051
2144.457, 254.3950
2146.385, 252.0131
2148.313, 248.8757
2150.242, 250.3839
2152.170, 251.2939
2154.099, 250.9707
2156.027, 248.6705
2157.956, 249.2041
2159.884, 255.5366
2161.813, 255.6763
2163.741, 252.0886
2165.670, 243.1206
2167.598, 237.7734
2169.527, 241.3179
2171.455, 245.8557
2173.384, 246.4509
2175.312, 229.8807
2177.240, 222.9209
2179.169, 228.6992
2181.097, 233.7146
2183.026, 238.6415
2184.954, 241.2007
2186.883, 237.6842
2188.811, 232.8028
2190.740, 234.0015
2192.668, 228.4722
2194.597, 216.6521
2196.525, 219.2160
2198.454, 226.0940
2200.382, 232.2043
2202.311, 226.7224
2204.239, 217.5296
2206.167, 222.9754
2208.096, 230.3394
2210.024, 235.8174
2211.953, 226.7774
2213.881, 216.2311
2215.810, 213.0689
2217.738, 217.6459
2219.667, 222.9840
2221.595, 213.5371
2223.524, 209.2878
2225.452, 212.9628
2227.381, 217.8762
2229.309, 215.5166
2231.238, 198.8363
2233.166, 200.1508
2235.094, 209.3544
2237.023, 208.0224
2238.951, 199.1363
2240.880, 187.0883
2242.808, 189.6372
2244.737, 196.4302
2246.665, 202.8056
2248.594, 199.7566
2250.522, 193.8224
2252.451, 195.3649
2254.379, 193.4039
2256.308, 189.6675
2258.236, 194.6430
2260.165, 196.5178
2262.093, 191.5456
2264.021, 190.6378
2265.950, 191.0278
2267.878, 191.3069
2269.807, 192.7040
2271.735, 193.9465
2273.664, 198.8845
2275.592, 200.3257
2277.521, 197.5222
2279.449, 189.2340
2281.378, 185.1677
2283.306, 186.7460
2285.235, 189.2681
2287.163, 191.5042
2289.092, 179.4292
2291.020, 182.2643
2292.948, 195.1047
2294.877, 192.1440
2296.805, 187.8369
2298.734, 185.3180
2300.662, 185.7982
2302.591, 186.8518
2304.519, 188.5928
2306.448, 183.9268
2308.376, 178.2188
2310.305, 176.0986
2312.233, 174.1998
2314.162, 176.8277
2316.090, 187.9797
2318.019, 188.4459
2319.947, 175.1174
2321.875, 168.9800
2323.804, 169.2622
2325.732, 176.0801
2327.661, 181.9402
2329.589, 183.8004
2331.518, 183.5099
2333.446, 183.5325
2335.375, 184.0436
2337.303, 178.6438
2339.232, 174.2367
2341.160, 172.0463
2343.089, 171.7613
2345.017, 174.7432
2346.946, 180.7915
2348.874, 180.7204
2350.802, 175.8612
2352.731, 166.2235
2354.659, 166.2254
2356.588, 171.2673
2358.516, 170.3134
2360.445, 164.5372
2362.373, 163.9245
2364.302, 173.0723
2366.230, 172.2843
2368.159, 166.2524
2370.087, 166.6437
2372.016, 168.6671
2373.944, 168.4691
2375.873, 165.2148
2377.801, 165.8399
2379.729, 163.8614
2381.658, 162.6240
2383.586, 164.2836
2385.515, 161.0965
2387.443, 164.6580
2389.372, 169.4497
2391.300, 162.7284
2393.229, 159.1452
2395.157, 155.1912
2397.086, 148.5287
2399.014, 148.5575
2400.943, 150.1983
2402.871, 152.9245
2404.800, 152.0317
2406.728, 144.7492
2408.656, 142.4883
2410.585, 145.3853
2412.513, 148.1655
2414.442, 148.8456
2416.370, 148.4389
2418.299, 146.7898
2420.227, 145.6606
2422.156, 148.6366
2424.084, 147.8510
2426.013, 150.2485
2427.941, 150.9038
2429.870, 142.0301
2431.798, 142.6401
2433.727, 143.7853
2435.655, 134.1234
2437.583, 132.2768
2439.512, 136.7062
2441.440, 139.1953
2443.369, 140.6583
2445.297, 139.4106
2447.226, 136.2124
2449.154, 137.6194
2451.083, 136.2820
2453.011, 137.0330
2454.940, 136.7055
2456.868, 134.3375
2458.797, 133.8676
2460.725, 135.5468
2462.654, 135.1132
2464.582, 133.1684
2466.510, 130.6173
2468.439, 130.2765
2470.367, 133.2247
2472.296, 128.5502
2474.224, 122.3096
2476.153, 128.7617
2478.081, 130.3486
2480.010, 126.0116
2481.938, 115.3288
2483.867, 111.8773
2485.795, 119.3498
2487.724, 122.8882
2489.652, 128.4308
2491.581, 122.7619
2493.509, 118.9071
2495.438, 122.9205
2497.366, 124.5133
2499.294, 120.7271
2501.223, 117.9508
2503.151, 121.3911
2505.080, 118.3741
2507.008, 108.1404
2508.937, 109.4805
2510.865, 117.9641
2512.794, 113.4662
2514.722, 106.2184
2516.651, 102.8187
2518.579, 103.1606
2520.508, 110.3312
2522.436, 114.3192
2524.365, 116.0293
2526.293, 108.6748
2528.221, 106.8630
2530.150, 105.7795
2532.078, 101.3312
2534.007, 110.9782
2535.935, 115.0686
2537.864, 106.3468
2539.792, 111.3293
2541.721, 114.9585
2543.649, 102.5328
2545.578, 106.2861
2547.506, 115.1652
2549.435, 111.2360
2551.363, 108.8338
2553.292, 110.0135
2555.220, 109.7766
2557.148, 102.3896
2559.077, 97.06178
2561.005, 102.2885
2562.934, 99.95508
2564.862, 96.45764
2566.791, 94.86472
2568.719, 106.5937
2570.648, 110.6222
2572.576, 95.36565
2574.505, 91.67782
2576.433, 99.51276
2578.362, 104.4205
2580.290, 101.0435
2582.219, 94.17998
2584.147, 87.06673
2586.075, 84.91853
2588.004, 90.19015
2589.932, 93.57518
2591.861, 99.23993
2593.789, 98.16895
2595.718, 91.28037
2597.646, 90.12182
2599.575, 89.54219
2601.503, 91.18433
2603.432, 97.35693
2605.360, 94.84667
2607.289, 84.26328
2609.217, 85.33013
2611.146, 88.71936
2613.074, 91.37462
2615.002, 90.91901
2616.931, 90.76804
2618.859, 92.27058
2620.788, 89.93596
2622.716, 91.16889
2624.645, 92.52770
2626.573, 88.07913
2628.502, 84.88354
2630.430, 83.35363
2632.359, 88.02126
2634.287, 81.13213
2636.216, 75.33783
2638.144, 91.35866
2640.073, 96.53237
2642.001, 93.43931
2643.929, 88.71775
2645.858, 80.15221
2647.786, 76.81989
2649.715, 85.14724
2651.643, 84.53939
2653.572, 80.99036
2655.500, 78.78312
2657.429, 85.19044
2659.357, 86.78542
2661.286, 81.36955
2663.214, 77.64838
2665.143, 86.31871
2667.071, 97.49828
2669.000, 82.24725
2670.928, 79.16965
2672.856, 84.87038
2674.785, 88.43334
2676.713, 83.20300
2678.642, 78.05518
2680.570, 82.57040
2682.499, 77.29432
2684.427, 72.84042
2686.356, 76.02182
2688.284, 77.83809
2690.213, 77.40980
2692.141, 75.39251
2694.070, 73.42087
2695.998, 75.80010
2697.927, 80.53859
2699.855, 75.94983
2701.783, 76.94660
2703.712, 81.34033
2705.640, 74.21581
2707.569, 78.09972
2709.497, 83.53833
2711.426, 71.93794
2713.354, 66.03004
2715.283, 65.92198
2717.211, 73.94187
2719.140, 77.57087
2721.068, 74.25228
2722.997, 67.37119
2724.925, 74.63407
2726.854, 79.11129
2728.782, 77.83887
2730.710, 76.36206
2732.639, 71.55951
2734.567, 68.84663
2736.496, 73.98888
2738.424, 70.39100
2740.353, 65.84860
2742.281, 67.63929
2744.210, 73.31185
2746.138, 70.86742
2748.067, 64.71220
2749.995, 64.99903
2751.924, 64.90649
2753.852, 64.78011
2755.781, 59.29224
2757.709, 58.20329
2759.637, 60.95080
2761.566, 63.79018
2763.494, 58.54690
2765.423, 57.82487
2767.351, 62.82414
2769.280, 68.58297
2771.208, 66.37763
2773.137, 53.35664
2775.065, 52.79067
2776.994, 54.51618
2778.922, 53.95488
2780.851, 55.25040
2782.779, 55.76659
2784.708, 52.49887
2786.636, 51.28130
2788.564, 61.37573
2790.493, 68.00405
2792.421, 60.90465
2794.350, 49.89017
2796.278, 45.43116
2798.207, 45.59099
2800.135, 49.73602
2802.064, 52.56090
2803.992, 44.64357
2805.921, 43.28154
2807.849, 54.31713
2809.778, 56.62175
2811.706, 50.81337
2813.635, 55.25175
2815.563, 58.28864
2817.491, 56.64460
2819.420, 51.92345
2821.348, 46.81901
2823.277, 42.81496
2825.205, 47.23847
2827.134, 49.58248
2829.062, 46.88754
2830.991, 45.94752
2832.919, 50.11839
2834.848, 53.86993
2836.776, 53.02216
2838.705, 50.34151
2840.633, 44.58920
2842.562, 38.06010
2844.490, 44.24427
2846.418, 48.08736
2848.347, 48.25485
2850.275, 52.72617
2852.204, 47.18268
2854.132, 42.69479
2856.061, 45.51306
2857.989, 43.04097
2859.918, 43.00803
2861.846, 43.68145
2863.775, 44.84102
2865.703, 47.43928
2867.632, 45.04945
2869.560, 42.48042
2871.489, 37.23594
2873.417, 36.04077
2875.345, 37.81768
2877.274, 38.83624
2879.202, 44.91346
2881.131, 45.03821
2883.059, 31.98769
2884.988, 25.17641
2886.916, 34.10502
2888.845, 42.99978
2890.773, 38.80704
2892.702, 37.38715
2894.630, 40.03439
2896.559, 44.51022
2898.487, 38.26315
2900.416, 33.32545
2902.344, 36.26174
2904.272, 35.24883
2906.201, 30.47545
2908.129, 36.23173
2910.058, 42.14450
2911.986, 36.22675
2913.915, 31.31788
2915.843, 34.30379
2917.772, 35.71496
2919.700, 28.93678
2921.629, 27.87805
2923.557, 32.91824
2925.486, 35.93647
2927.414, 33.68882
2929.343, 26.42837
2931.271, 20.75377
2933.199, 30.62308
2935.128, 39.12242
2937.056, 36.59910
2938.985, 39.86270
2940.913, 33.94220
2942.842, 27.08345
2944.770, 25.69532
2946.699, 28.81661
2948.627, 31.35099
2950.556, 28.93928
2952.484, 31.43728
2954.413, 26.27504
2956.341, 23.72954
2958.270, 29.17278
2960.198, 35.48082
2962.126, 33.19302
2964.055, 35.83337
2965.983, 33.40752
2967.912, 28.23009
2969.840, 22.20526
2971.769, 28.05513
2973.697, 29.54531
2975.626, 31.46508
2977.554, 26.14367
2979.483, 20.73137
2981.411, 27.54727
2983.340, 34.18784
2985.268, 36.54373
2987.197, 25.40709
2989.125, 21.47950
2991.053, 21.33640
2992.982, 18.52235
2994.910, 23.58046
2996.839, 29.27402
2998.767, 28.70819
3000.696, 23.63221
3002.624, 26.77538
3004.553, 28.26580
3006.481, 24.87596
3008.410, 27.93082
3010.338, 26.95454
3012.267, 27.77728
3014.195, 32.04580
3016.124, 32.79576
3018.052, 35.47980
3019.980, 34.75026
3021.909, 34.98654
3023.837, 26.38750
3025.766, 31.21173
3027.694, 35.28025
3029.623, 18.47547
3031.551, 19.04341
3033.480, 19.11720
3035.408, 17.19440
3037.337, 17.75674
3039.265, 20.06880
3041.194, 26.00127
3043.122, 31.25560
3045.051, 22.37157
3046.979, 29.39345
3048.907, 30.08308
3050.836, 16.29333
3052.764, 24.55158
3054.693, 26.05601
3056.621, 24.99188
3058.550, 32.08316
3060.478, 29.37475
3062.407, 16.10313
3064.335, 5.616644
3066.264, 12.84164
3068.192, 15.46285
3070.121, 18.76550
3072.049, 15.46953
3073.978, 16.92783
3075.906, 18.74775
3077.834, 20.43675
3079.763, 19.82335
3081.691, 20.27945
3083.620, 23.99408
3085.548, 25.70523
3087.477, 25.19062
3089.405, 16.77386
3091.334, 14.57377
3093.262, 16.45232
3095.191, 18.75434
3097.119, 16.34572
3099.048, 12.58434
3100.976, 13.50638
3102.905, 20.81974
3104.833, 20.76752
3106.761, 16.51383
3108.690, 13.15625
3110.618, 12.75262
3112.547, 9.104462
3114.475, 12.04641
3116.404, 13.49250
3118.332, 5.716102
3120.261, 7.517159
3122.189, 15.24166
3124.118, 19.04499
3126.046, 10.41225
3127.975, 6.869942
3129.903, 10.21787
3131.832, 17.47698
3133.760, 25.72795
3135.688, 15.44921
3137.617, 12.97252
3139.545, 16.98054
3141.474, 20.64651
3143.402, 16.70596
3145.331, 14.28843
3147.259, 12.40710
3149.188, 9.023574
3151.116, 10.07546
3153.045, 14.31018
3154.973, 16.54062
3156.902, 9.366041
3158.830, 1.580826
3160.759, 9.713145
3162.687, 14.67894
3164.615, 2.594837
3166.544, -5.725444
3168.472, -4.612567
3170.401, 2.048541
3172.329, 9.231821
3174.258, 11.54729
3176.186, 6.521565
3178.115, 2.593470
3180.043, 4.520832
3181.972, 16.50003
3183.900, 9.571050
3185.829, 4.972427
3187.757, 11.04323
3189.686, 16.87891
3191.614, 14.30127
3193.542, 9.924226
3195.471, 8.803396
3197.399, 16.54337
3199.328, 15.68791
3201.256, 6.305274
3203.185, -0.5933227
3205.113, 9.784344
3207.042, 8.589097
3208.970, 8.380918
3210.899, 7.448087
3212.827, 1.171432
3214.756, 12.14499
3216.684, 18.14626
3218.613, 17.89161
3220.541, 14.19975
3222.469, 6.151950
3224.398, -0.7915679
3226.326, -0.1651235
3228.255, 6.140758
3230.183, 0.1733823
3232.112, 1.634474
3234.040, 1.701360
3235.969, -2.206440
3237.897, -6.399249
3239.826, -5.330251
3241.754, 0.8208496
3243.683, 7.776373
3245.611, 9.376175
3247.540, 8.853251
3249.468, -1.032807
3251.396, -4.328943
3253.325, 7.470954
3255.253, 7.532877
3257.182, 1.629011
3259.110, -0.2825719
3261.039, 2.015654
3262.967, 5.423849
3264.896, 5.163906
3266.824, 3.680310
3268.753, 2.264017
3270.681, 6.763658
3272.610, 13.31616
3274.538, 9.780376
3276.467, 6.356414
3278.395, 6.308662
3280.323, 9.920847
3282.252, 3.654225
3284.180, 6.690050
3286.109, 13.37278
3288.037, 16.22373
3289.966, 8.467592
3291.894, 3.565889
3293.823, 5.370849
3295.751, 10.29961
3297.680, 8.872007
3299.608, 4.473049
3301.537, 8.407428
3303.465, 10.77737
3305.394, -2.247395
3307.322, 8.005560
3309.250, 11.36050
3311.179, 8.232478
3313.107, 5.431935
3315.036, 2.395470
3316.964, 7.868729
3318.893, 10.87973
3320.821, 7.083703
3322.750, -0.2376260
3324.678, 5.255398
3326.607, 8.010173
3328.535, 5.110689
3330.464, 0.2779297
3332.392, 8.091321
3334.321, 5.385667
3336.249, 9.154536
3338.177, 14.52288
3340.106, 13.14515
3342.034, -0.6203615
3343.963, 2.822180
3345.891, 12.61485
3347.820, 16.27344
3349.748, 4.390839
3351.677, 3.153498
3353.605, 5.165133
3355.534, 7.924057
3357.462, 8.065196
3359.391, 9.536460
3361.319, 12.59479
3363.248, 10.16090
3365.176, 7.994251
3367.104, 7.457019
3369.033, 0.9143059
3370.961, 6.944410
3372.890, 15.16003
3374.818, 16.23206
3376.747, 1.012194
3378.675, 5.502005
3380.604, -1.572021
3382.532, -0.6263393
3384.461, 11.48807
3386.389, 6.443456
3388.318, 5.140612
3390.246, 7.408522
3392.175, 5.675892
3394.103, -2.087893
3396.031, -1.670129
3397.960, 10.66299
3399.888, 14.01681
3401.817, 6.345741
3403.745, -4.289215
3405.674, -2.487962
3407.602, 17.60493
3409.531, 7.819674
3411.459, -7.383032
3413.388, 7.311574
3415.316, 12.92755
3417.245, 10.24727
3419.173, 6.518827
3421.102, 6.299420
3423.030, 8.415958
3424.958, -7.134293
3426.887, 8.421265
3428.815, 16.92366
3430.744, 7.540742
3432.672, -6.953588
3434.601, 1.821199
3436.529, 9.752826
3438.458, 2.258857
3440.386, -3.549348
3442.315, 9.651456
3444.243, -0.5246741
3446.172, 5.940936
3448.100, 7.507050
3450.029, 1.901190
3451.957, -2.283202
3453.885, -1.818289
3455.814, -0.2452021
3457.742, 2.441938
3459.671, 7.635565
3461.599, 12.44913
3463.528, -8.541193
3465.456, 3.818506
3467.385, 6.363344
3469.313, 1.288288
3471.242, 0.6765985
3473.170, -1.584891
3475.099, -2.284683
3477.027, 1.485011
3478.956, 6.034814
3480.884, 7.603909
3482.813, 4.414083
3484.741, -2.616236
3486.669, -2.152462
3488.598, -6.451834
3490.526, -9.114345
3492.455, 9.670520
3494.383, 12.77190
3496.312, 3.401263
3498.240, -4.030624
3500.169, -3.730096
3502.097, 2.086317
3504.026, 4.822793
3505.954, 6.445945
3507.883, -1.685846
3509.811, -8.941155
3511.740, -8.132248
3513.668, -7.878803
3515.596, 4.361512
3517.525, 10.70355
3519.453, -3.937710
3521.382, -17.63448
3523.310, 2.190394
3525.239, 6.904133
3527.167, 4.447038
3529.096, 6.976821
3531.024, 8.665467
3532.953, 2.971291
3534.881, -3.480606
3536.810, 7.491492
3538.738, 2.415233
3540.667, -4.624336
3542.595, -4.728259
3544.523, -4.860933
3546.452, -0.8443457
3548.380, -5.332090
3550.309, -6.172806
3552.237, -2.126479
3554.166, 1.828302
3556.094, -0.6288373
3558.023, 1.158278
3559.951, 11.17840
3561.880, 3.472060
3563.808, -12.28688
3565.737, -9.769278
3567.665, -9.153727
3569.594, 10.95596
3571.522, 6.492416
3573.450, -5.972649
3575.379, -6.557953
3577.307, 4.840894
3579.236, 3.314832
3581.164, 6.8957403E-02
3583.093, -8.178869
3585.021, -16.29449
3586.950, -15.40153
3588.878, -4.3351341E-02
3590.807, 0.2376803
3592.735, 5.391898
3594.664, 2.881680
3596.592, 0.6473983
3598.521, 5.976720
3600.449, 0.5132900
3602.377, -3.458866
3604.306, -2.062607
3606.234, -0.9267331
3608.163, -0.1283859
3610.091, 1.920823
3612.020, 1.191805
3613.948, 5.349885
3615.877, -3.414837
3617.805, -6.884863
3619.734, -7.495489
3621.662, -15.15568
3623.591, -23.17684
3625.519, -4.176529
3627.448, 13.96666
3629.376, 4.786116
3631.304, -8.719567
3633.233, -1.579372
3635.161, 5.377262
3637.090, -2.203654
3639.018, -1.254424
3640.947, -1.699790
3642.875, -2.530646
3644.804, -1.765114
3646.732, -8.970282
3648.661, -7.470745
3650.589, -7.693463
3652.518, -7.575253
3654.446, -0.2842743
3656.375, 4.648506
3658.303, -11.32338
3660.231, -5.040560
3662.160, -14.21622
3664.088, -10.98985
3666.017, -6.162031
3667.945, -1.331210
3669.874, 9.608056
3671.802, -8.1246473E-02
3673.731, 3.300688
3675.659, 1.347280
3677.588, 9.112695
3679.516, 15.38335
3681.445, 3.464735
3683.373, -15.92184
3685.302, -6.966733
3687.230, -8.038807
3689.158, -20.18946
3691.087, -15.81489
3693.015, -4.481863
3694.944, -11.95156
3696.872, 8.337786
3698.801, 2.154234
3700.729, 2.170068
3702.658, -8.185865
3704.586, -9.195454
3706.515, 0.4748666
3708.443, -23.38777
3710.372, -4.416937
3712.300, 3.107871
3714.229, -3.000010
3716.157, -11.41381
3718.085, -10.49415
3720.014, -3.434970
3721.942, -13.61095
3723.871, -9.078322
3725.799, -10.07651
3727.728, 0.4364608
3729.656, 3.377592
3731.585, -3.568915
3733.513, -2.581872
3735.442, 11.00258
3737.370, -14.25343
3739.299, -11.72423
3741.227, 1.676471
3743.156, -6.020258
3745.084, -9.200768
3747.012, 18.65158
3748.941, 12.61277
3750.869, 1.508526
3752.798, -13.92192
3754.726, -4.433530
3756.655, 3.709214
3758.583, -3.592546
3760.512, -7.824494
3762.440, 16.08289
3764.369, -0.3028927
3766.297, -7.052219
3768.226, -1.723109
3770.154, -1.714604
3772.083, -10.26753
3774.011, -13.16461
3775.939, 5.615311
3777.868, -5.304997
3779.796, -4.003805
3781.725, -13.14191
3783.653, -4.519612
3785.582, 7.918666
3787.510, 7.395012
3789.439, -0.3544062
3791.367, -6.546602
3793.296, -6.057857
3795.224, 2.072852
3797.153, -1.692340
3799.081, -4.905927
3801.010, 0.5474573
3802.938, -0.3248962
3804.866, -22.99389
3806.795, -3.869378
3808.723, 4.790323
3810.652, 0.8969877
3812.580, -12.09040
3814.509, -10.05743
3816.437, -4.724181
3818.366, -12.41983
3820.294, 0.1154751
3822.223, -8.367662
3824.151, -4.839514
3826.080, -10.19591
3828.008, -10.86223
3829.937, -2.014857
3831.865, -1.204671
3833.793, -15.66106
3835.722, -15.03198
3837.650, -7.493558
3839.579, -10.51358
3841.507, -12.67728
3843.436, -6.049681
3845.364, -6.062100
3847.293, -13.30931
3849.221, -13.32239
3851.150, -4.871223
3853.078, -19.62148
3855.007, -17.77077
3856.935, 1.443154
3858.864, -5.119488
3860.792, -10.89420
3862.720, -8.282960
3864.649, -5.956947
3866.577, 3.168205
3868.506, -4.042271
3870.434, -15.02651
3872.363, -5.812925
3874.291, -12.76178
3876.220, -8.379805
3878.148, -5.061930
3880.077, -8.583600
3882.005, -3.828261
3883.934, -3.590183
3885.862, -11.60050
3887.791, -9.486395
3889.719, -17.35313
3891.647, -12.33469
3893.576, -17.46700
3895.504, -15.94322
3897.433, -6.756585
3899.361, -14.18761
3901.290, -10.07949
3903.218, -12.17976
3905.147, -3.426945
3907.075, -20.20990
3909.004, -18.37274
3910.932, -6.864601
3912.861, -4.764903
3914.789, -6.087162
3916.718, -2.975924
3918.646, -11.92360
3920.574, 4.662502
3922.503, 14.78779
3924.431, -7.501560
3926.360, -8.436434
3928.288, -2.613922
3930.217, -11.49027
3932.145, -15.86096
3934.074, -4.943902
3936.002, -4.739780
3937.931, -4.169007
3939.859, -2.584638
3941.788, -13.80897
3943.716, -7.366544
3945.645, 2.362901
3947.573, -2.086123
3949.501, -10.00231
3951.430, -12.67630
3953.358, -17.08091
3955.287, -22.36828
3957.215, 3.467535
3959.144, -9.392601
3961.072, -12.62308
3963.001, -5.899456
3964.929, -7.558305
3966.858, -9.361998
3968.786, -8.882390
3970.715, -8.963117
3972.643, -11.78939
3974.572, -15.62800
3976.500, -2.159075
3978.428, -20.70996
3980.357, -22.36593
3982.285, -8.383364
3984.214, -0.4101790
3986.142, -3.303336
3988.071, -8.374712
3989.999, -16.58369
3991.928, -15.35800
3993.856, -2.377280
3995.785, -13.48609
3997.713, -20.17767
3999.642, -2.819984
4001.570, -4.119864
4003.499, -12.20236
4005.427, 2.989149
4007.355, 11.05011
4009.284, -11.71405
4011.212, -18.63307
4013.141, -4.538835
4015.069, -7.469762
4016.998, -14.50632
4018.926, -2.642267
4020.855, -6.118742
4022.783, -3.258134
4024.712, -17.77023
4026.640, -4.791033
4028.569, -19.40157
4030.497, -7.765466
4032.426, -2.511977
4034.354, -3.518744
4036.282, -1.222285
4038.211, -16.19514
4040.139, -18.41235
4042.068, 4.838633
4043.996, -9.805796
4045.925, -13.23539
4047.853, -0.4465583
4049.782, -7.884197
4051.710, 5.264787
4053.639, -1.891514
4055.567, -11.30895
4057.496, -11.78990
4059.424, -18.35433
4061.353, -20.71286
4063.281, -9.942668
4065.209, -15.48594
4067.138, 3.431345
4069.066, 0.2703510
4070.995, 3.225719
4072.923, -4.499588
4074.852, -1.075910
4076.780, -7.616696
4078.709, -6.577017
4080.637, -7.520904
4082.566, -11.64178
4084.494, -7.881084
4086.423, -6.148199
4088.351, -15.65885
4090.280, -15.59416
4092.208, -2.769619
4094.136, -10.87770
4096.065, -0.5493411
4097.993, -18.41671
4099.922, -2.531494
4101.851, -1.225724
4103.779, 3.713713
4105.707, -8.557955
4107.636, -19.19706
4109.564, -6.935252
4111.493, -1.919716
4113.421, -10.87189
4115.350, -5.835855
4117.278, 4.423253
4119.207, -4.514768
4121.135, -3.515482
4123.063, -17.43528
4124.992, 1.288991
4126.920, -11.21358
4128.849, -29.99316
4130.777, -14.93164
4132.706, 0.8570098
4134.634, -8.441449
4136.563, -12.39014
4138.491, -3.878449
4140.420, -10.43580
4142.348, -5.287859
4144.276, 0.9995718
4146.205, -14.22633
4148.134, -20.73886
4150.062, -13.36985
4151.990, -16.64379
4153.919, -20.03707
4155.848, 2.411720
4157.776, -16.24433
4159.704, 2.797787
4161.633, -17.36736
4163.562, -13.83820
4165.490, -9.648628
4167.418, -7.062495
4169.347, -15.45823
4171.275, -19.72329
4173.204, -9.037426
4175.132, -14.65221
4177.061, -9.762751
4178.989, -7.2394058E-02
4180.917, -9.288674
4182.846, -19.99163
4184.774, -21.89251
4186.703, -15.69874
4188.631, -13.73205
4190.560, -2.274581
4192.488, 1.297583
4194.417, -6.567781
4196.345, -16.16842
4198.273, -4.662849
4200.202, -11.05908
4202.131, -6.367103
4204.059, -6.228235
4205.987, -1.815728
4207.916, -8.775059
4209.845, 6.247890
4211.773, -2.906860
4213.701, -15.31518
4215.630, -6.185464
4217.559, -2.883412
4219.487, -9.954394
4221.415, -12.89557
4223.344, -14.96965
4225.272, -18.10049
4227.201, -14.65227
4229.129, -4.902930
4231.058, 1.965304
4232.986, -1.539843
4234.915, -8.436032
4236.843, -21.09436
4238.771, -14.66859
4240.700, -17.70099
4242.628, -12.29578
4244.557, -13.97978
4246.485, -4.324832
4248.414, -1.832696
4250.342, -15.32165
4252.271, -11.18524
4254.199, -17.26455
4256.128, -1.092493
4258.056, 3.934657
4259.984, -16.92674
4261.913, 0.9357926
4263.842, -0.7716359
4265.770, -8.221810
4267.698, -26.12689
4269.627, -26.55322
4271.556, -12.19682
4273.484, -2.767973
4275.412, 2.331169
4277.341, -11.33193
4279.270, -11.28819
4281.198, -4.705896
4283.126, -14.74423
4285.055, -12.08172
4286.983, -9.182474
4288.912, -3.725536
4290.840, -5.632211
4292.769, -5.709834
4294.697, 6.628486
4296.625, -11.52896
4298.554, -8.354836
4300.482, -12.24890
4302.411, -4.659348
4304.339, -4.500480
4306.268, -6.750349
4308.196, -5.961226
4310.125, -10.34366
4312.053, -9.835459
4313.981, -11.25443
4315.910, -8.209409
4317.839, -17.84317
4319.767, -3.832946
4321.695, -25.27457
4323.624, -6.4321809E-02
4325.553, -15.43290
##END=



