##NAMES=Ferricopiapite
##RRUFFID=R060721
##IDEAL CHEMISTRY=Fe^3+^_0.67_Fe^3+^_4_(SO_4_)_6_(OH)_2_·20H_2_O
##LOCALITY=Alcaparrosa mine, near Cerritos Bayos, El Loa Province, Chile
##OWNER=RRUFF
##SOURCE=University of Arizona Mineral Museum
##DESCRIPTION=Yellow platy crystals associated with parabutlerite
##STATUS=The identification of this mineral has been confirmed only by single crystal X-ray diffraction
##URL=https://www.rruff.net/odr/rruff_sample/R060721
##DIFFRACTION SAMPLE DESCRIPTION=Single crystal, powder profile is calculated
##CELL PARAMETERS=a: 7.388 b: 18.4 c: 7.349 alpha: 93.71 beta: 102.14 gamma: 98.57 volume: 961 crystal system: triclinic
##FILETYPE=Raman Processed
##RAMAN WAVELENGTH=532

95.17188, 2525.076
97.10034, 2596.937
99.02881, 2682.252
100.9573, 2835.046
102.8857, 2999.859
104.8142, 3166.433
106.7427, 3345.528
108.6711, 3515.445
110.5996, 3678.943
112.5281, 3842.906
114.4565, 3980.020
116.3850, 4091.380
118.3135, 4185.987
120.2419, 4262.175
122.1704, 4314.873
124.0989, 4375.713
126.0273, 4443.556
127.9558, 4517.343
129.8843, 4617.342
131.8127, 4741.928
133.7412, 4891.269
135.6697, 5059.982
137.5981, 5253.505
139.5266, 5460.103
141.4551, 5674.796
143.3835, 5897.827
145.3120, 6137.170
147.2405, 6409.367
149.1689, 6698.927
151.0974, 6985.526
153.0259, 7307.000
154.9543, 7594.849
156.8828, 7810.088
158.8113, 7953.064
160.7397, 8059.205
162.6682, 8116.546
164.5967, 8136.758
166.5251, 8163.041
168.4536, 8192.909
170.3821, 8228.750
172.3105, 8268.201
174.2390, 8303.638
176.1675, 8363.243
178.0959, 8449.019
180.0244, 8565.968
181.9529, 8710.615
183.8813, 8901.408
185.8098, 9111.546
187.7383, 9322.614
189.6667, 9577.843
191.5952, 9789.975
193.5237, 9948.018
195.4521, 10056.48
197.3806, 10122.21
199.3091, 10102.04
201.2375, 10060.87
203.1660, 10047.03
205.0945, 10037.50
207.0229, 10083.73
208.9514, 10209.76
210.8799, 10407.96
212.8083, 10645.30
214.7368, 10927.86
216.6653, 11239.69
218.5938, 11565.30
220.5222, 11905.44
222.4507, 12257.62
224.3792, 12621.27
226.3076, 12998.26
228.2361, 13385.09
230.1646, 13796.27
232.0930, 14211.13
234.0215, 14612.91
235.9500, 15017.68
237.8784, 15378.64
239.8069, 15684.76
241.7354, 15924.23
243.6638, 16122.15
245.5923, 16247.08
247.5208, 16337.76
249.4492, 16437.37
251.3777, 16525.12
253.3062, 16647.08
255.2346, 16830.47
257.1631, 17080.47
259.0916, 17323.58
261.0200, 17638.30
262.9485, 17914.21
264.8770, 18004.32
266.8054, 17913.01
268.7339, 17629.57
270.6624, 17061.31
272.5908, 16230.65
274.5193, 15376.89
276.4478, 14463.43
278.3762, 13568.43
280.3047, 12802.70
282.2332, 12169.00
284.1616, 11645.77
286.0901, 11252.61
288.0186, 10978.00
289.9470, 10768.00
291.8755, 10660.72
293.8040, 10592.18
295.7324, 10501.80
297.6609, 10422.90
299.5894, 10270.15
301.5178, 10011.85
303.4463, 9649.301
305.3748, 9232.618
307.3032, 8727.222
309.2317, 8193.822
311.1602, 7681.795
313.0886, 7181.595
315.0171, 6723.911
316.9456, 6314.083
318.8740, 5953.165
320.8025, 5635.196
322.7310, 5364.869
324.6594, 5131.084
326.5879, 4925.278
328.5164, 4748.951
330.4448, 4594.146
332.3733, 4457.474
334.3018, 4339.314
336.2302, 4236.273
338.1587, 4150.312
340.0872, 4077.205
342.0156, 4013.657
343.9441, 3959.287
345.8726, 3918.037
347.8010, 3891.375
349.7295, 3877.692
351.6580, 3871.341
353.5864, 3870.910
355.5149, 3879.071
357.4434, 3895.586
359.3718, 3921.368
361.3003, 3951.980
363.2288, 3985.467
365.1572, 4023.539
367.0857, 4067.819
369.0142, 4118.684
370.9426, 4175.032
372.8711, 4235.407
374.7996, 4300.028
376.7280, 4372.359
378.6565, 4452.731
380.5850, 4540.661
382.5134, 4635.667
384.4419, 4738.976
386.3704, 4846.028
388.2988, 4952.841
390.2273, 5061.649
392.1558, 5182.027
394.0842, 5315.703
396.0127, 5458.034
397.9412, 5607.127
399.8696, 5762.378
401.7981, 5922.532
403.7266, 6088.018
405.6550, 6256.365
407.5835, 6423.898
409.5120, 6588.169
411.4404, 6754.480
413.3689, 6923.003
415.2974, 7092.705
417.2258, 7274.545
419.1543, 7456.204
421.0828, 7657.415
423.0112, 7893.264
424.9397, 8160.367
426.8682, 8464.486
428.7966, 8808.558
430.7251, 9188.230
432.6536, 9602.991
434.5820, 10073.12
436.5105, 10555.15
438.4390, 11048.86
440.3674, 11553.43
442.2959, 12021.36
444.2244, 12467.96
446.1528, 12862.67
448.0813, 13164.00
450.0098, 13331.58
451.9382, 13468.88
453.8667, 13554.04
455.7952, 13615.86
457.7236, 13735.64
459.6521, 13923.11
461.5806, 14177.57
463.5090, 14525.15
465.4375, 14994.33
467.3660, 15448.53
469.2944, 15935.71
471.2229, 16377.17
473.1514, 16701.03
475.0798, 16945.22
477.0083, 16982.47
478.9368, 16791.07
480.8652, 16344.10
482.7937, 15683.44
484.7222, 14705.95
486.6506, 13608.15
488.5791, 12476.20
490.5076, 11258.13
492.4360, 10163.67
494.3645, 9201.620
496.2930, 8365.143
498.2214, 7639.208
500.1499, 7028.403
502.0784, 6507.712
504.0068, 6073.618
505.9353, 5719.546
507.8638, 5418.156
509.7922, 5180.336
511.7207, 4976.577
513.6492, 4801.673
515.5776, 4653.355
517.5061, 4521.573
519.4346, 4408.531
521.3630, 4310.146
523.2915, 4224.951
525.2200, 4154.187
527.1484, 4095.091
529.0769, 4048.868
531.0054, 4014.662
532.9338, 3990.032
534.8623, 3976.046
536.7908, 3970.826
538.7192, 3975.695
540.6477, 3992.568
542.5762, 4007.131
544.5046, 4023.070
546.4331, 4033.917
548.3616, 4036.253
550.2900, 4029.281
552.2185, 4017.819
554.1470, 4003.933
556.0754, 3986.861
558.0039, 3963.884
559.9324, 3931.667
561.8608, 3899.831
563.7893, 3864.288
565.7178, 3828.200
567.6462, 3811.300
569.5747, 3822.222
571.5032, 3845.787
573.4316, 3877.469
575.3601, 3917.612
577.2886, 3966.813
579.2170, 4023.499
581.1455, 4092.357
583.0740, 4175.464
585.0024, 4273.307
586.9309, 4388.798
588.8594, 4530.979
590.7878, 4689.135
592.7163, 4845.478
594.6448, 5010.814
596.5732, 5152.554
598.5017, 5255.478
600.4302, 5322.494
602.3586, 5375.683
604.2871, 5409.485
606.2156, 5434.443
608.1440, 5469.920
610.0725, 5515.765
612.0010, 5500.782
613.9294, 5392.923
615.8579, 5235.459
617.7864, 5054.779
619.7148, 4822.977
621.6433, 4623.025
623.5718, 4458.627
625.5002, 4328.277
627.4287, 4228.972
629.3572, 4166.733
631.2856, 4115.256
633.2141, 4071.268
635.1426, 4031.530
637.0710, 3985.922
638.9995, 3933.426
640.9280, 3876.357
642.8564, 3812.048
644.7849, 3742.532
646.7134, 3677.915
648.6418, 3618.585
650.5703, 3566.014
652.4988, 3520.817
654.4272, 3484.307
656.3557, 3452.262
658.2842, 3423.949
660.2126, 3400.236
662.1411, 3382.797
664.0696, 3372.066
665.9980, 3362.979
667.9265, 3355.136
669.8550, 3348.272
671.7834, 3342.139
673.7119, 3336.125
675.6404, 3331.664
677.5688, 3328.848
679.4973, 3327.386
681.4258, 3326.512
683.3542, 3325.856
685.2827, 3325.554
687.2112, 3326.819
689.1396, 3328.889
691.0681, 3327.079
692.9966, 3317.737
694.9250, 3309.185
696.8535, 3305.256
698.7820, 3305.238
700.7104, 3304.538
702.6389, 3302.027
704.5674, 3299.645
706.4958, 3298.242
708.4243, 3297.931
710.3528, 3296.785
712.2813, 3292.622
714.2097, 3288.781
716.1382, 3288.634
718.0667, 3292.353
719.9951, 3293.518
721.9236, 3287.270
723.8521, 3280.616
725.7805, 3278.775
727.7090, 3286.484
729.6375, 3292.253
731.5659, 3296.324
733.4944, 3298.516
735.4229, 3298.345
737.3513, 3295.258
739.2798, 3292.152
741.2083, 3289.556
743.1367, 3287.184
745.0652, 3284.699
746.9937, 3282.988
748.9221, 3279.350
750.8506, 3273.950
752.7791, 3265.906
754.7075, 3254.148
756.6360, 3237.675
758.5645, 3220.413
760.4929, 3203.345
762.4214, 3186.963
764.3499, 3172.333
766.2783, 3160.711
768.2068, 3149.473
770.1353, 3138.332
772.0637, 3126.702
773.9922, 3113.301
775.9207, 3096.579
777.8491, 3079.593
779.7776, 3063.472
781.7061, 3048.158
783.6345, 3032.934
785.5630, 3018.956
787.4915, 3004.701
789.4199, 2989.204
791.3484, 2973.098
793.2769, 2958.950
795.2053, 2946.368
797.1338, 2936.529
799.0623, 2930.479
800.9907, 2928.190
802.9192, 2924.774
804.8477, 2918.070
806.7761, 2912.502
808.7046, 2910.785
810.6331, 2912.871
812.5615, 2913.616
814.4900, 2911.033
816.4185, 2909.578
818.3469, 2912.129
820.2754, 2918.587
822.2039, 2922.540
824.1323, 2921.759
826.0608, 2919.595
827.9893, 2917.376
829.9177, 2914.870
831.8462, 2910.459
833.7747, 2905.347
835.7031, 2896.937
837.6316, 2883.149
839.5601, 2864.498
841.4885, 2846.183
843.4170, 2828.780
845.3455, 2811.852
847.2739, 2795.585
849.2024, 2779.948
851.1309, 2762.992
853.0593, 2743.165
854.9878, 2723.267
856.9163, 2704.271
858.8447, 2686.178
860.7732, 2669.560
862.7017, 2656.320
864.6301, 2643.136
866.5586, 2628.259
868.4871, 2611.898
870.4155, 2598.449
872.3440, 2588.958
874.2725, 2581.072
876.2009, 2573.821
878.1294, 2567.276
880.0579, 2562.352
881.9863, 2560.132
883.9148, 2557.703
885.8433, 2553.401
887.7717, 2547.478
889.7002, 2542.957
891.6287, 2539.802
893.5571, 2537.977
895.4856, 2538.655
897.4141, 2540.977
899.3425, 2541.901
901.2710, 2539.964
903.1995, 2540.026
905.1279, 2544.211
907.0564, 2551.597
908.9849, 2559.813
910.9133, 2567.757
912.8418, 2577.441
914.7703, 2588.226
916.6987, 2600.788
918.6272, 2616.702
920.5557, 2636.258
922.4841, 2657.636
924.4126, 2677.988
926.3411, 2701.341
928.2695, 2732.335
930.1980, 2769.972
932.1265, 2819.734
934.0549, 2879.285
935.9834, 2951.822
937.9119, 3040.416
939.8403, 3142.774
941.7688, 3267.219
943.6973, 3415.516
945.6257, 3586.526
947.5542, 3778.759
949.4827, 3992.360
951.4111, 4220.661
953.3396, 4464.418
955.2681, 4723.336
957.1965, 4995.107
959.1250, 5279.555
961.0535, 5591.229
962.9819, 5911.175
964.9104, 6274.290
966.8389, 6688.498
968.7673, 7157.787
970.6958, 7708.258
972.6243, 8342.369
974.5527, 9062.316
976.4812, 9885.342
978.4097, 10791.07
980.3381, 11703.91
982.2666, 12716.34
984.1951, 13616.05
986.1235, 14398.92
988.0520, 15039.27
989.9805, 15489.07
991.9089, 15739.75
993.8374, 15865.44
995.7659, 15834.76
997.6943, 15709.58
999.6228, 15544.18
1001.551, 15324.76
1003.480, 15114.17
1005.408, 14907.96
1007.337, 14723.19
1009.265, 14578.00
1011.194, 14482.81
1013.122, 14387.05
1015.051, 14476.60
1016.979, 14398.38
1018.907, 13934.79
1020.836, 13149.25
1022.764, 12191.15
1024.693, 10936.23
1026.621, 9720.818
1028.550, 8618.592
1030.478, 7637.530
1032.407, 6794.693
1034.335, 6123.134
1036.264, 5555.866
1038.192, 5106.815
1040.121, 4752.939
1042.049, 4468.653
1043.978, 4254.224
1045.906, 4085.701
1047.834, 3967.754
1049.763, 3889.717
1051.691, 3842.975
1053.620, 3828.581
1055.548, 3838.656
1057.477, 3875.365
1059.405, 3934.757
1061.334, 4017.822
1063.262, 4124.857
1065.191, 4249.427
1067.119, 4391.252
1069.048, 4549.272
1070.976, 4723.362
1072.905, 4913.896
1074.833, 5117.693
1076.761, 5330.861
1078.690, 5567.677
1080.618, 5834.202
1082.547, 6124.274
1084.475, 6436.778
1086.404, 6774.795
1088.332, 7127.035
1090.261, 7500.724
1092.189, 7879.922
1094.118, 8266.629
1096.046, 8655.744
1097.975, 9019.105
1099.903, 9364.702
1101.832, 9670.625
1103.760, 9937.412
1105.688, 10154.85
1107.617, 10299.52
1109.545, 10362.51
1111.474, 10377.25
1113.402, 10349.75
1115.331, 10280.19
1117.259, 10167.41
1119.188, 10009.51
1121.116, 9806.807
1123.045, 9554.041
1124.973, 9265.316
1126.902, 8923.892
1128.830, 8548.739
1130.759, 8203.260
1132.687, 7887.403
1134.615, 7605.984
1136.544, 7370.572
1138.472, 7167.733
1140.401, 6987.575
1142.329, 6836.310
1144.258, 6683.747
1146.186, 6530.804
1148.115, 6369.958
1150.043, 6195.146
1151.972, 6006.030
1153.900, 5817.243
1155.829, 5622.266
1157.757, 5437.061
1159.686, 5265.355
1161.614, 5107.447
1163.542, 4961.584
1165.471, 4827.811
1167.399, 4704.982
1169.328, 4595.669
1171.256, 4494.971
1173.185, 4400.576
1175.113, 4312.527
1177.042, 4227.262
1178.970, 4139.047
1180.899, 4060.152
1182.827, 3995.129
1184.756, 3941.285
1186.684, 3893.942
1188.613, 3855.841
1190.541, 3815.716
1192.469, 3769.611
1194.398, 3722.664
1196.326, 3680.473
1198.255, 3642.386
1200.183, 3600.211
1202.112, 3551.031
1204.040, 3502.461
1205.969, 3458.273
1207.897, 3416.811
1209.826, 3375.054
1211.754, 3332.480
1213.683, 3289.444
1215.611, 3246.275
1217.540, 3201.426
1219.468, 3153.161
1221.396, 3101.302
1223.325, 3050.706
1225.253, 3003.003
1227.182, 2955.076
1229.110, 2904.385
1231.039, 2853.979
1232.967, 2807.483
1234.896, 2765.089
1236.824, 2726.095
1238.753, 2690.897
1240.681, 2659.104
1242.610, 2630.578
1244.538, 2605.155
1246.467, 2581.921
1248.395, 2560.463
1250.323, 2541.470
1252.252, 2524.610
1254.180, 2509.953
1256.109, 2497.928
1258.037, 2489.140
1259.966, 2480.061
1261.894, 2471.172
1263.823, 2461.541
1265.751, 2450.869
1267.680, 2439.361
1269.608, 2427.132
1271.537, 2413.769
1273.465, 2402.411
1275.394, 2395.954
1277.322, 2390.107
1279.250, 2381.911
1281.179, 2371.662
1283.107, 2361.719
1285.036, 2351.384
1286.964, 2342.410
1288.893, 2335.356
1290.821, 2329.304
1292.750, 2323.288
1294.678, 2317.372
1296.607, 2311.107
1298.535, 2304.529
1300.464, 2297.922
1302.392, 2290.654
1304.321, 2283.726
1306.249, 2279.861
1308.177, 2279.923
1310.106, 2278.846
1312.034, 2273.940
1313.963, 2268.954
1315.891, 2267.138
1317.820, 2267.384
1319.748, 2265.608
1321.677, 2260.999
1323.605, 2257.040
1325.534, 2254.392
1327.462, 2253.581
1329.391, 2255.684
1331.319, 2260.980
1333.248, 2264.381
1335.176, 2262.886
1337.104, 2261.851
1339.033, 2262.379
1340.961, 2263.347
1342.890, 2263.563
1344.818, 2263.181
1346.747, 2261.389
1348.675, 2258.295
1350.604, 2254.561
1352.532, 2249.825
1354.461, 2245.465
1356.389, 2244.564
1358.318, 2248.167
1360.246, 2249.477
1362.175, 2244.350
1364.103, 2239.955
1366.031, 2240.835
1367.960, 2245.026
1369.888, 2248.417
1371.817, 2250.660
1373.745, 2252.357
1375.674, 2253.469
1377.602, 2254.201
1379.531, 2254.506
1381.459, 2254.501
1383.388, 2254.872
1385.316, 2255.759
1387.245, 2256.738
1389.173, 2258.409
1391.102, 2259.445
1393.030, 2258.375
1394.958, 2255.400
1396.887, 2253.863
1398.815, 2255.828
1400.744, 2256.389
1402.672, 2252.916
1404.601, 2249.340
1406.529, 2249.317
1408.458, 2252.401
1410.386, 2255.333
1412.315, 2258.625
1414.243, 2259.840
1416.172, 2256.383
1418.100, 2251.970
1420.029, 2250.678
1421.957, 2252.036
1423.885, 2250.941
1425.814, 2244.966
1427.742, 2242.065
1429.671, 2247.403
1431.599, 2255.243
1433.528, 2260.948
1435.456, 2264.403
1437.385, 2267.495
1439.313, 2268.830
1441.242, 2271.823
1443.170, 2278.647
1445.099, 2286.041
1447.027, 2290.871
1448.956, 2293.035
1450.884, 2295.595
1452.813, 2298.645
1454.741, 2302.056
1456.669, 2305.659
1458.598, 2309.750
1460.526, 2315.493
1462.455, 2322.644
1464.383, 2326.148
1466.312, 2324.187
1468.240, 2321.707
1470.169, 2319.146
1472.097, 2316.937
1474.026, 2315.647
1475.954, 2315.452
1477.883, 2315.977
1479.811, 2317.199
1481.740, 2320.346
1483.668, 2327.634
1485.596, 2335.159
1487.525, 2339.068
1489.453, 2340.560
1491.382, 2343.774
1493.310, 2348.936
1495.239, 2353.463
1497.167, 2355.662
1499.096, 2358.313
1501.024, 2363.869
1502.953, 2371.284
1504.881, 2377.740
1506.810, 2383.644
1508.738, 2388.435
1510.667, 2390.702
1512.595, 2393.696
1514.523, 2397.828
1516.452, 2403.574
1518.380, 2412.348
1520.309, 2425.003
1522.237, 2436.093
1524.166, 2444.278
1526.094, 2452.063
1528.023, 2460.421
1529.951, 2468.786
1531.880, 2476.214
1533.808, 2482.624
1535.737, 2490.501
1537.665, 2500.068
1539.594, 2510.910
1541.522, 2523.134
1543.450, 2536.269
1545.379, 2549.572
1547.307, 2563.029
1549.236, 2577.999
1551.164, 2596.310
1553.093, 2612.106
1555.021, 2623.090
1556.950, 2633.417
1558.878, 2644.079
1560.807, 2656.306
1562.735, 2673.867
1564.664, 2697.794
1566.592, 2720.040
1568.521, 2736.304
1570.449, 2754.945
1572.377, 2779.526
1574.306, 2807.513
1576.234, 2835.963
1578.163, 2864.898
1580.091, 2894.752
1582.020, 2925.085
1583.948, 2958.391
1585.877, 2995.137
1587.805, 3036.214
1589.734, 3082.859
1591.662, 3134.483
1593.591, 3189.848
1595.519, 3248.804
1597.448, 3310.751
1599.376, 3376.365
1601.304, 3443.119
1603.233, 3509.510
1605.161, 3576.222
1607.090, 3645.757
1609.018, 3717.988
1610.947, 3783.765
1612.875, 3840.759
1614.804, 3895.596
1616.732, 3950.121
1618.661, 4003.312
1620.589, 4054.808
1622.518, 4104.176
1624.446, 4151.576
1626.375, 4198.196
1628.303, 4235.698
1630.231, 4265.226
1632.160, 4281.653
1634.088, 4283.596
1636.017, 4271.901
1637.945, 4247.657
1639.874, 4210.696
1641.802, 4157.882
1643.731, 4084.608
1645.659, 4005.191
1647.588, 3920.345
1649.516, 3833.074
1651.445, 3742.219
1653.373, 3651.247
1655.302, 3569.421
1657.230, 3498.387
1659.158, 3429.483
1661.087, 3359.860
1663.015, 3295.562
1664.944, 3237.258
1666.872, 3184.889
1668.801, 3139.579
1670.729, 3100.467
1672.658, 3063.046
1674.586, 3027.632
1676.515, 2993.721
1678.443, 2960.898
1680.372, 2930.762
1682.300, 2903.774
1684.229, 2879.993
1686.157, 2859.438
1688.085, 2841.940
1690.014, 2825.770
1691.942, 2810.932
1693.871, 2796.072
1695.799, 2780.248
1697.728, 2764.664
1699.656, 2750.315
1701.585, 2736.565
1703.513, 2722.291
1705.442, 2707.548
1707.370, 2694.564
1709.299, 2684.758
1711.227, 2674.878
1713.156, 2662.852
1715.084, 2652.347
1717.012, 2646.385
1718.941, 2642.980
1720.869, 2637.881
1722.798, 2630.690
1724.726, 2623.717
1726.655, 2616.234
1728.583, 2610.324
1730.512, 2607.937
1732.440, 2605.833
1734.369, 2601.807
1736.297, 2596.745
1738.226, 2592.574
1740.154, 2589.313
1742.083, 2586.461
1744.011, 2584.074
1745.939, 2581.612
1747.868, 2578.734
1749.796, 2575.969
1751.725, 2573.951
1753.653, 2572.503
1755.582, 2571.056
1757.510, 2569.753
1759.439, 2568.598
1761.367, 2567.897
1763.296, 2566.294
1765.224, 2560.656
1767.153, 2556.406
1769.081, 2557.983
1771.010, 2562.112
1772.938, 2562.540
1774.866, 2559.434
1776.795, 2557.937
1778.723, 2559.783
1780.652, 2560.255
1782.580, 2557.709
1784.509, 2554.497
1786.437, 2550.396
1788.366, 2547.183
1790.294, 2548.010
1792.223, 2552.202
1794.151, 2555.161
1796.080, 2556.405
1798.008, 2556.822
1799.937, 2556.370
1801.865, 2555.408
1803.793, 2553.273
1805.722, 2551.346
1807.650, 2551.040
1809.579, 2552.138
1811.507, 2554.238
1813.436, 2557.693
1815.364, 2559.510
1817.293, 2558.572
1819.221, 2557.643
1821.150, 2557.572
1823.078, 2558.412
1825.007, 2560.398
1826.935, 2563.230
1828.864, 2566.252
1830.792, 2569.312
1832.720, 2571.680
1834.649, 2572.841
1836.577, 2573.484
1838.506, 2571.729
1840.434, 2571.546
1842.363, 2577.805
1844.291, 2585.345
1846.220, 2586.230
1848.148, 2581.082
1850.077, 2577.771
1852.005, 2577.347
1853.934, 2576.443
1855.862, 2575.092
1857.791, 2573.439
1859.719, 2570.798
1861.647, 2569.068
1863.576, 2570.539
1865.504, 2574.066
1867.433, 2576.176
1869.361, 2576.120
1871.290, 2577.558
1873.218, 2580.875
1875.147, 2583.860
1877.075, 2586.338
1879.004, 2587.801
1880.932, 2588.097
1882.861, 2587.562
1884.789, 2586.834
1886.718, 2585.977
1888.646, 2583.365
1890.574, 2578.159
1892.503, 2577.894
1894.431, 2586.148
1896.360, 2592.384
1898.288, 2591.896
1900.217, 2590.204
1902.145, 2589.699
1904.074, 2590.289
1906.002, 2593.465
1907.931, 2598.034
1909.859, 2596.487
1911.788, 2587.307
1913.716, 2584.534
1915.645, 2593.522
1917.573, 2602.032
1919.501, 2606.756
1921.430, 2608.264
1923.358, 2603.948
1925.287, 2598.158
1927.215, 2598.114
1929.144, 2603.214
1931.072, 2607.565
1933.001, 2611.391
1934.929, 2614.217
1936.858, 2615.729
1938.786, 2616.924
1940.715, 2616.372
1942.643, 2617.388
1944.572, 2623.878
1946.500, 2632.074
1948.428, 2635.711
1950.357, 2635.244
1952.285, 2636.505
1954.214, 2639.361
1956.142, 2644.009
1958.071, 2652.135
1959.999, 2658.622
1961.928, 2661.982
1963.856, 2663.673
1965.785, 2663.234
1967.713, 2662.722
1969.642, 2665.456
1971.570, 2670.478
1973.499, 2673.031
1975.427, 2673.085
1977.355, 2676.159
1979.284, 2683.515
1981.212, 2691.374
1983.141, 2699.097
1985.069, 2705.721
1986.998, 2709.144
1988.926, 2712.078
1990.855, 2717.923
1992.783, 2724.767
1994.712, 2728.608
1996.640, 2729.550
1998.569, 2728.846
2000.497, 2725.298
2002.426, 2723.997
2004.354, 2727.657
2006.282, 2730.564
2008.211, 2730.585
2010.139, 2730.235
2012.068, 2730.267
2013.996, 2731.129
2015.925, 2734.125
2017.853, 2738.661
2019.782, 2741.239
2021.710, 2741.705
2023.639, 2743.630
2025.567, 2747.854
2027.496, 2751.680
2029.424, 2754.667
2031.353, 2756.402
2033.281, 2754.687
2035.209, 2753.388
2037.138, 2756.968
2039.066, 2762.090
2040.995, 2763.033
2042.923, 2760.527
2044.852, 2759.308
2046.780, 2759.680
2048.709, 2760.057
2050.637, 2760.892
2052.566, 2760.780
2054.494, 2757.616
2056.423, 2756.080
2058.351, 2760.625
2060.280, 2765.193
2062.208, 2763.564
2064.136, 2759.571
2066.065, 2760.246
2067.993, 2764.894
2069.922, 2767.753
2071.850, 2768.376
2073.779, 2770.052
2075.707, 2772.953
2077.636, 2776.344
2079.564, 2780.968
2081.493, 2784.249
2083.421, 2784.806
2085.350, 2784.317
2087.278, 2783.662
2089.207, 2783.321
2091.135, 2783.866
2093.063, 2785.308
2094.992, 2787.511
2096.920, 2790.590
2098.849, 2792.433
2100.777, 2791.077
2102.706, 2791.984
2104.634, 2797.206
2106.563, 2802.031
2108.491, 2805.639
2110.420, 2808.639
2112.348, 2811.067
2114.277, 2813.465
2116.205, 2816.112
2118.134, 2819.062
2120.062, 2822.035
2121.990, 2825.204
2123.919, 2830.626
2125.847, 2838.720
2127.776, 2845.084
2129.704, 2848.285
2131.633, 2851.623
2133.561, 2855.747
2135.490, 2859.444
2137.418, 2861.609
2139.347, 2863.854
2141.275, 2868.158
2143.204, 2872.726
2145.132, 2874.741
2147.061, 2876.031
2148.989, 2882.067
2150.917, 2892.238
2152.846, 2898.343
2154.774, 2899.355
2156.703, 2903.616
2158.631, 2913.276
2160.560, 2919.983
2162.488, 2919.229
2164.417, 2918.404
2166.345, 2920.757
2168.274, 2923.422
2170.202, 2925.811
2172.131, 2927.586
2174.059, 2928.261
2175.988, 2928.382
2177.916, 2927.690
2179.844, 2926.589
2181.773, 2930.600
2183.701, 2939.799
2185.630, 2947.229
2187.558, 2951.707
2189.487, 2955.997
2191.415, 2960.586
2193.344, 2964.635
2195.272, 2968.646
2197.201, 2971.201
2199.129, 2971.865
2201.058, 2970.978
2202.986, 2967.770
2204.915, 2964.306
2206.843, 2963.782
2208.771, 2965.321
2210.700, 2965.140
2212.628, 2963.383
2214.557, 2967.078
2216.485, 2976.751
2218.414, 2983.489
2220.342, 2986.017
2222.271, 2985.726
2224.199, 2980.813
2226.128, 2977.310
2228.056, 2980.300
2229.985, 2981.507
2231.913, 2975.129
2233.842, 2968.605
2235.770, 2968.096
2237.698, 2970.635
2239.627, 2973.233
2241.555, 2975.290
2243.484, 2974.463
2245.412, 2971.209
2247.341, 2971.290
2249.269, 2974.687
2251.198, 2976.172
2253.126, 2975.310
2255.055, 2973.566
2256.983, 2970.414
2258.912, 2968.719
2260.840, 2969.782
2262.769, 2971.448
2264.697, 2973.047
2266.625, 2974.841
2268.554, 2977.791
2270.482, 2980.104
2272.411, 2978.915
2274.339, 2977.112
2276.268, 2979.758
2278.196, 2984.600
2280.125, 2984.953
2282.053, 2982.319
2283.982, 2985.958
2285.910, 2996.741
2287.839, 3003.587
2289.767, 3004.152
2291.696, 3006.165
2293.624, 3012.011
2295.552, 3015.310
2297.481, 3012.047
2299.409, 3011.457
2301.338, 3017.823
2303.266, 3024.067
2305.195, 3027.160
2307.123, 3028.903
2309.052, 3030.945
2310.980, 3032.019
2312.909, 3028.307
2314.837, 3024.123
2316.766, 3027.625
2318.694, 3037.013
2320.623, 3047.033
2322.551, 3057.654
2324.479, 3064.964
2326.408, 3069.130
2328.336, 3068.121
2330.265, 3060.910
2332.193, 3055.552
2334.122, 3053.378
2336.050, 3051.297
2337.979, 3048.281
2339.907, 3045.593
2341.836, 3043.191
2343.764, 3041.954
2345.693, 3041.743
2347.621, 3043.657
2349.550, 3050.543
2351.478, 3057.472
2353.406, 3059.948
2355.335, 3060.247
2357.263, 3060.596
2359.192, 3060.730
2361.120, 3060.298
2363.049, 3059.323
2364.977, 3057.522
2366.906, 3055.102
2368.834, 3055.930
2370.763, 3061.337
2372.691, 3061.245
2374.620, 3054.483
2376.548, 3051.009
2378.477, 3052.319
2380.405, 3055.028
2382.333, 3060.107
2384.262, 3062.207
2386.190, 3055.636
2388.119, 3052.233
2390.047, 3057.466
2391.976, 3063.270
2393.904, 3066.203
2395.833, 3068.427
2397.761, 3070.824
2399.690, 3073.454
2401.618, 3076.476
2403.547, 3079.488
2405.475, 3082.312
2407.404, 3084.555
2409.332, 3084.975
2411.260, 3084.688
2413.189, 3087.548
2415.117, 3092.771
2417.046, 3094.133
2418.974, 3092.052
2420.903, 3093.834
2422.831, 3099.554
2424.760, 3106.055
2426.688, 3112.826
2428.617, 3120.574
2430.545, 3130.159
2432.474, 3136.201
2434.402, 3136.214
2436.331, 3135.670
2438.259, 3137.101
2440.188, 3135.521
2442.116, 3128.617
2444.044, 3122.736
2445.973, 3120.302
2447.901, 3118.876
2449.830, 3116.951
2451.758, 3115.188
2453.687, 3114.817
2455.615, 3112.793
2457.544, 3104.856
2459.472, 3095.868
2461.401, 3091.775
2463.329, 3089.275
2465.258, 3084.119
2467.186, 3078.337
2469.115, 3074.985
2471.043, 3073.481
2472.971, 3072.124
2474.900, 3071.048
2476.828, 3071.625
2478.757, 3073.136
2480.685, 3070.262
2482.614, 3063.068
2484.542, 3061.662
2486.471, 3066.152
2488.399, 3068.389
2490.328, 3067.823
2492.256, 3067.417
2494.185, 3068.104
2496.113, 3066.796
2498.042, 3059.800
2499.970, 3058.163
2501.898, 3064.915
2503.827, 3069.209
2505.755, 3069.529
2507.684, 3066.454
2509.612, 3057.448
2511.541, 3051.812
2513.469, 3057.211
2515.398, 3060.268
2517.326, 3051.580
2519.255, 3046.644
2521.183, 3055.712
2523.112, 3064.114
2525.040, 3063.447
2526.969, 3061.314
2528.897, 3062.828
2530.825, 3064.686
2532.754, 3064.618
2534.682, 3064.213
2536.611, 3064.406
2538.539, 3065.771
2540.468, 3069.946
2542.396, 3074.332
2544.325, 3074.457
2546.253, 3073.107
2548.182, 3075.135
2550.110, 3078.250
2552.039, 3077.083
2553.967, 3074.374
2555.896, 3078.128
2557.824, 3085.883
2559.752, 3087.916
2561.681, 3086.022
2563.609, 3087.364
2565.538, 3091.313
2567.466, 3094.698
2569.395, 3097.518
2571.323, 3099.927
2573.252, 3102.088
2575.180, 3103.481
2577.109, 3104.212
2579.037, 3103.819
2580.966, 3102.258
2582.894, 3105.535
2584.823, 3114.777
2586.751, 3120.375
2588.679, 3120.568
2590.608, 3121.366
2592.536, 3122.787
2594.465, 3125.403
2596.393, 3129.613
2598.322, 3133.243
2600.250, 3135.916
2602.179, 3138.137
2604.107, 3138.927
2606.036, 3141.403
2607.964, 3145.622
2609.893, 3152.456
2611.821, 3164.116
2613.750, 3172.046
2615.678, 3174.560
2617.606, 3173.472
2619.535, 3164.058
2621.463, 3161.575
2623.392, 3174.838
2625.320, 3185.688
2627.249, 3190.119
2629.177, 3192.865
2631.106, 3194.163
2633.034, 3196.150
2634.963, 3200.133
2636.891, 3204.410
2638.820, 3209.515
2640.748, 3213.442
2642.677, 3213.004
2644.605, 3215.091
2646.533, 3223.828
2648.462, 3230.584
2650.390, 3229.720
2652.319, 3229.292
2654.247, 3233.139
2656.176, 3238.261
2658.104, 3246.276
2660.033, 3251.925
2661.961, 3251.481
2663.890, 3251.380
2665.818, 3254.358
2667.747, 3258.386
2669.675, 3262.685
2671.604, 3266.569
2673.532, 3268.231
2675.460, 3271.054
2677.389, 3278.546
2679.317, 3285.259
2681.246, 3286.558
2683.174, 3289.434
2685.103, 3300.266
2687.031, 3310.787
2688.960, 3315.222
2690.888, 3319.650
2692.817, 3328.306
2694.745, 3337.231
2696.674, 3343.985
2698.602, 3350.755
2700.531, 3359.182
2702.459, 3366.523
2704.387, 3367.790
2706.316, 3371.061
2708.244, 3384.231
2710.173, 3396.004
2712.101, 3399.862
2714.030, 3402.603
2715.958, 3408.992
2717.887, 3415.217
2719.815, 3417.130
2721.744, 3421.194
2723.672, 3432.696
2725.601, 3443.465
2727.529, 3446.804
2729.458, 3451.642
2731.386, 3465.667
2733.314, 3478.084
2735.243, 3482.590
2737.171, 3485.744
2739.100, 3488.818
2741.028, 3494.101
2742.957, 3504.877
2744.885, 3514.864
2746.814, 3521.191
2748.742, 3526.786
2750.671, 3531.402
2752.599, 3538.293
2754.528, 3548.634
2756.456, 3560.847
2758.385, 3574.497
2760.313, 3588.401
2762.241, 3601.874
2764.170, 3614.722
2766.098, 3627.863
2768.027, 3637.844
2769.955, 3643.571
2771.884, 3647.000
2773.812, 3646.619
2775.741, 3648.981
2777.669, 3659.420
2779.598, 3666.593
2781.526, 3667.118
2783.455, 3671.208
2785.383, 3682.230
2787.312, 3692.829
2789.240, 3699.463
2791.168, 3708.585
2793.097, 3722.110
2795.025, 3731.750
2796.954, 3735.228
2798.882, 3743.070
2800.811, 3758.668
2802.739, 3771.121
2804.668, 3778.359
2806.596, 3785.807
2808.525, 3793.457
2810.453, 3802.120
2812.382, 3811.766
2814.310, 3819.519
2816.239, 3824.300
2818.167, 3834.774
2820.095, 3852.050
2822.024, 3863.799
2823.952, 3870.820
2825.881, 3885.080
2827.809, 3905.466
2829.738, 3918.482
2831.666, 3924.919
2833.595, 3934.083
2835.523, 3945.207
2837.452, 3954.031
2839.380, 3961.659
2841.309, 3970.019
2843.237, 3980.078
2845.166, 3993.678
2847.094, 4010.061
2849.022, 4029.692
2850.951, 4048.435
2852.879, 4055.076
2854.808, 4060.098
2856.736, 4080.488
2858.665, 4104.542
2860.593, 4118.687
2862.522, 4128.846
2864.450, 4139.034
2866.379, 4150.402
2868.307, 4164.013
2870.236, 4179.014
2872.164, 4195.858
2874.093, 4212.657
2876.021, 4228.047
2877.949, 4244.311
2879.878, 4263.681
2881.806, 4282.674
2883.735, 4297.503
2885.663, 4315.698
2887.592, 4341.560
2889.520, 4362.658
2891.449, 4373.378
2893.377, 4387.205
2895.306, 4408.963
2897.234, 4431.567
2899.163, 4455.492
2901.091, 4478.646
2903.020, 4501.078
2904.948, 4520.328
2906.876, 4534.562
2908.805, 4557.271
2910.733, 4589.681
2912.662, 4614.279
2914.590, 4632.008
2916.519, 4649.500
2918.447, 4667.486
2920.376, 4686.351
2922.304, 4706.956
2924.233, 4731.609
2926.161, 4759.497
2928.090, 4790.266
2930.018, 4821.255
2931.947, 4847.689
2933.875, 4872.412
2935.803, 4898.996
2937.732, 4925.953
2939.660, 4951.421
2941.589, 4977.962
2943.517, 5008.610
2945.446, 5039.487
2947.374, 5068.414
2949.303, 5096.527
2951.231, 5123.222
2953.160, 5151.522
2955.088, 5183.453
2957.017, 5216.005
2958.945, 5249.733
2960.874, 5282.041
2962.802, 5311.625
2964.730, 5346.478
2966.659, 5388.252
2968.587, 5427.539
2970.516, 5462.601
2972.444, 5500.165
2974.373, 5539.644
2976.301, 5577.196
2978.230, 5613.053
2980.158, 5649.479
2982.087, 5685.870
2984.015, 5717.010
2985.944, 5748.310
2987.872, 5793.233
2989.801, 5841.809
2991.729, 5880.032
2993.657, 5917.833
2995.586, 5968.029
2997.514, 6017.869
2999.443, 6057.475
3001.371, 6096.625
3003.300, 6136.654
3005.228, 6182.935
3007.157, 6241.115
3009.085, 6295.933
3011.014, 6344.023
3012.942, 6390.783
3014.871, 6436.626
3016.799, 6485.279
3018.728, 6537.188
3020.656, 6589.556
3022.584, 6642.419
3024.513, 6704.413
3026.441, 6773.025
3028.370, 6833.089
3030.298, 6887.891
3032.227, 6951.930
3034.155, 7017.583
3036.084, 7069.386
3038.012, 7118.308
3039.941, 7176.314
3041.869, 7239.192
3043.798, 7306.323
3045.726, 7371.770
3047.655, 7429.439
3049.583, 7489.310
3051.511, 7556.196
3053.440, 7624.859
3055.368, 7695.946
3057.297, 7763.431
3059.225, 7822.609
3061.154, 7889.701
3063.082, 7965.510
3065.011, 8042.475
3066.939, 8119.590
3068.868, 8188.549
3070.796, 8253.124
3072.725, 8330.276
3074.653, 8414.686
3076.582, 8499.227
3078.510, 8580.230
3080.438, 8651.363
3082.367, 8720.499
3084.295, 8792.650
3086.224, 8869.301
3088.152, 8955.960
3090.081, 9037.257
3092.009, 9100.796
3093.938, 9170.054
3095.866, 9250.358
3097.795, 9325.672
3099.723, 9393.845
3101.652, 9462.697
3103.580, 9533.146
3105.509, 9606.661
3107.437, 9682.600
3109.365, 9758.608
3111.294, 9832.644
3113.222, 9898.688
3115.151, 9962.363
3117.079, 10032.03
3119.008, 10103.46
3120.936, 10176.90
3122.865, 10246.07
3124.793, 10304.14
3126.722, 10362.00
3128.650, 10423.61
3130.579, 10478.52
3132.507, 10523.17
3134.436, 10563.00
3136.364, 10597.54
3138.292, 10647.95
3140.221, 10709.87
3142.149, 10745.26
3144.078, 10762.67
3146.006, 10786.24
3147.935, 10811.03
3149.863, 10828.66
3151.792, 10844.82
3153.720, 10868.68
3155.649, 10887.86
3157.577, 10894.23
3159.506, 10899.13
3161.434, 10905.50
3163.363, 10912.33
3165.291, 10919.95
3167.219, 10924.72
3169.148, 10926.66
3171.076, 10928.22
3173.005, 10930.40
3174.933, 10936.93
3176.862, 10945.20
3178.790, 10946.22
3180.719, 10945.11
3182.647, 10947.59
3184.576, 10949.28
3186.504, 10950.61
3188.433, 10943.47
3190.361, 10923.24
3192.290, 10903.15
3194.218, 10887.67
3196.146, 10874.64
3198.075, 10864.08
3200.003, 10852.46
3201.932, 10838.05
3203.860, 10811.36
3205.789, 10779.33
3207.717, 10767.53
3209.646, 10760.92
3211.574, 10738.56
3213.503, 10715.35
3215.431, 10700.46
3217.360, 10690.95
3219.288, 10689.61
3221.217, 10677.97
3223.145, 10643.84
3225.073, 10614.38
3227.002, 10591.07
3228.930, 10559.01
3230.859, 10521.50
3232.787, 10495.66
3234.716, 10477.71
3236.644, 10457.32
3238.573, 10439.95
3240.501, 10430.71
3242.430, 10425.35
3244.358, 10425.54
3246.287, 10418.42
3248.215, 10398.50
3250.144, 10377.93
3252.072, 10358.70
3254.000, 10340.54
3255.929, 10324.14
3257.857, 10312.83
3259.786, 10305.44
3261.714, 10300.94
3263.643, 10294.54
3265.571, 10273.71
3267.500, 10256.91
3269.428, 10259.44
3271.357, 10264.31
3273.285, 10265.68
3275.214, 10268.33
3277.142, 10273.21
3279.071, 10273.30
3280.999, 10267.78
3282.927, 10259.00
3284.856, 10250.09
3286.784, 10252.76
3288.713, 10257.61
3290.641, 10250.15
3292.570, 10243.56
3294.498, 10249.89
3296.427, 10253.01
3298.355, 10238.61
3300.284, 10239.70
3302.212, 10259.45
3304.141, 10269.31
3306.069, 10266.91
3307.998, 10258.35
3309.926, 10245.93
3311.854, 10238.38
3313.783, 10230.15
3315.711, 10212.27
3317.640, 10200.21
3319.568, 10206.14
3321.497, 10208.94
3323.425, 10200.64
3325.354, 10194.79
3327.282, 10191.31
3329.211, 10185.55
3331.139, 10180.09
3333.068, 10192.55
3334.996, 10206.13
3336.925, 10188.79
3338.853, 10169.01
3340.781, 10165.99
3342.710, 10165.73
3344.638, 10163.52
3346.567, 10163.88
3348.495, 10167.48
3350.424, 10160.50
3352.352, 10144.74
3354.281, 10140.27
3356.209, 10137.90
3358.138, 10120.07
3360.066, 10100.11
3361.995, 10093.64
3363.923, 10082.68
3365.852, 10058.44
3367.780, 10040.92
3369.708, 10036.59
3371.637, 10026.25
3373.565, 10010.54
3375.494, 9992.626
3377.422, 9973.337
3379.351, 9953.537
3381.279, 9932.870
3383.208, 9912.080
3385.136, 9886.384
3387.065, 9850.897
3388.993, 9817.926
3390.922, 9789.774
3392.850, 9749.691
3394.779, 9699.794
3396.707, 9655.905
3398.635, 9611.512
3400.564, 9553.712
3402.492, 9496.016
3404.421, 9455.084
3406.349, 9407.042
3408.278, 9340.717
3410.206, 9289.277
3412.135, 9259.017
3414.063, 9216.807
3415.992, 9166.110
3417.920, 9118.829
3419.849, 9074.752
3421.777, 9035.983
3423.706, 8997.399
3425.634, 8958.228
3427.563, 8914.974
3429.491, 8865.082
3431.419, 8824.027
3433.348, 8791.097
3435.276, 8751.596
3437.205, 8706.601
3439.133, 8657.149
3441.062, 8607.254
3442.990, 8563.053
3444.919, 8514.307
3446.847, 8456.238
3448.776, 8401.013
3450.704, 8350.567
3452.633, 8299.968
3454.561, 8248.968
3456.490, 8199.808
3458.418, 8147.372
3460.346, 8082.135
3462.275, 8017.903
3464.203, 7961.907
3466.132, 7907.779
3468.060, 7854.193
3469.989, 7803.975
3471.917, 7755.686
3473.846, 7701.200
3475.774, 7645.159
3477.703, 7594.228
3479.631, 7547.917
3481.560, 7508.408
3483.488, 7468.250
3485.417, 7423.142
3487.345, 7390.293
3489.273, 7369.288
3491.202, 7347.092
3493.130, 7328.999
3495.059, 7325.002
3496.987, 7333.896
3498.916, 7355.059
3500.844, 7389.713
3502.773, 7437.996
3504.701, 7500.097
3506.630, 7577.461
3508.558, 7674.098
3510.487, 7783.671
3512.415, 7899.279
3514.344, 8009.963
3516.272, 8117.875
3518.200, 8200.899
3520.129, 8260.762
3522.057, 8257.211
3523.986, 8188.822
3525.914, 8088.583
3527.843, 7951.110
3529.771, 7762.336
3531.700, 7551.558
3533.628, 7334.848
3535.557, 7114.776
3537.485, 6891.410
3539.414, 6673.681
3541.342, 6464.272
3543.271, 6280.175
3545.199, 6115.037
3547.127, 5956.201
3549.056, 5814.510
3550.984, 5695.850
3552.913, 5587.277
3554.841, 5484.914
3556.770, 5396.216
3558.698, 5317.038
3560.627, 5229.706
3562.555, 5141.645
3564.484, 5063.474
3566.412, 4989.789
3568.341, 4919.729
3570.269, 4851.823
3572.198, 4785.991
3574.126, 4728.078
3576.054, 4673.620
3577.983, 4607.907
3579.911, 4542.204
3581.840, 4487.866
3583.768, 4431.393
3585.697, 4366.713
3587.625, 4304.471
3589.554, 4245.107
3591.482, 4187.307
3593.411, 4130.313
3595.339, 4072.494
3597.268, 4015.583
3599.196, 3959.074
3601.125, 3908.171
3603.053, 3863.427
3604.981, 3813.693
3606.910, 3761.480
3608.838, 3719.350
3610.767, 3679.060
3612.695, 3631.414
3614.624, 3587.565
3616.552, 3551.341
3618.481, 3517.614
3620.409, 3485.809
3622.338, 3454.774
3624.266, 3424.793
3626.195, 3396.052
3628.123, 3369.276
3630.052, 3346.617
3631.980, 3322.619
3633.908, 3296.693
3635.837, 3266.797
3637.765, 3235.478
3639.694, 3210.083
3641.622, 3186.584
3643.551, 3162.820
3645.479, 3140.060
3647.408, 3119.094
3649.336, 3097.493
3651.265, 3076.048
3653.193, 3059.658
3655.122, 3044.136
3657.050, 3022.659
3658.979, 3004.846
3660.907, 2994.219
3662.835, 2978.542
3664.764, 2957.518
3666.692, 2938.880
3668.621, 2922.549
3670.549, 2908.359
3672.478, 2896.117
3674.406, 2886.809
3676.335, 2874.739
3678.263, 2859.401
3680.192, 2846.190
3682.120, 2835.678
3684.049, 2831.662
3685.977, 2824.631
3687.906, 2806.218
3689.834, 2792.910
3691.762, 2786.914
3693.691, 2777.934
3695.619, 2768.063
3697.548, 2763.425
3699.476, 2758.293
3701.405, 2749.511
3703.333, 2737.377
3705.262, 2721.954
3707.190, 2713.279
3709.119, 2709.345
3711.047, 2706.001
3712.976, 2702.094
3714.904, 2696.164
3716.833, 2690.544
3718.761, 2685.351
3720.689, 2679.999
3722.618, 2674.312
3724.546, 2667.711
3726.475, 2661.733
3728.403, 2657.760
3730.332, 2654.637
3732.260, 2652.307
3734.189, 2652.078
3736.117, 2652.943
3738.046, 2653.564
3739.974, 2652.309
3741.903, 2646.882
3743.831, 2641.664
3745.760, 2637.245
3747.688, 2632.689
3749.616, 2628.369
3751.545, 2625.851
3753.473, 2622.439
3755.402, 2615.031
3757.330, 2609.826
3759.259, 2607.379
3761.187, 2608.414
3763.116, 2610.386
3765.044, 2609.271
3766.973, 2606.927
3768.901, 2603.908
3770.830, 2600.476
3772.758, 2596.617
3774.687, 2591.615
3776.615, 2587.363
3778.543, 2588.312
3780.472, 2586.042
3782.400, 2574.475
3784.329, 2570.087
3786.257, 2571.522
3788.186, 2568.553
3790.114, 2564.926
3792.043, 2564.524
3793.971, 2563.757
3795.900, 2561.102
3797.828, 2561.475
3799.757, 2562.395
3801.685, 2555.492
3803.614, 2549.185
3805.542, 2549.917
3807.470, 2548.493
3809.399, 2543.552
3811.327, 2539.294
3813.256, 2535.511
3815.184, 2531.073
3817.113, 2528.286
3819.041, 2529.195
3820.970, 2525.406
3822.898, 2517.500
3824.827, 2518.634
3826.755, 2522.056
3828.684, 2521.094
3830.612, 2519.165
3832.541, 2517.116
3834.469, 2514.578
3836.397, 2511.465
3838.326, 2506.907
3840.254, 2502.190
3842.183, 2497.130
3844.111, 2495.825
3846.040, 2498.703
3847.968, 2497.413
3849.897, 2496.678
3851.825, 2507.456
3853.754, 2509.527
3855.682, 2494.302
3857.611, 2495.228
3859.539, 2507.413
3861.468, 2502.554
3863.396, 2493.114
3865.324, 2485.726
3867.253, 2484.350
3869.181, 2488.810
3871.110, 2490.227
3873.038, 2489.351
3874.967, 2487.124
3876.895, 2484.469
3878.824, 2481.030
3880.752, 2480.252
3882.681, 2481.081
3884.609, 2479.626
3886.538, 2476.856
3888.466, 2472.136
3890.395, 2472.448
3892.323, 2478.684
3894.251, 2479.649
3896.180, 2478.625
3898.108, 2480.446
3900.037, 2481.411
3901.965, 2480.149
3903.894, 2479.735
3905.822, 2479.733
3907.751, 2476.844
3909.679, 2476.209
3911.608, 2482.305
3913.536, 2484.728
3915.465, 2482.778
3917.393, 2482.462
3919.322, 2484.079
3921.250, 2491.178
3923.178, 2491.726
3925.107, 2483.904
3927.035, 2484.141
3928.964, 2487.997
3930.892, 2485.643
3932.821, 2483.489
3934.749, 2484.242
3936.678, 2485.221
3938.606, 2485.614
3940.535, 2483.834
3942.463, 2480.039
3944.392, 2473.098
3946.320, 2470.980
3948.249, 2473.515
3950.177, 2470.987
3952.105, 2467.004
3954.034, 2465.408
3955.962, 2462.433
3957.891, 2457.022
3959.819, 2450.032
3961.748, 2443.066
3963.676, 2439.239
3965.605, 2435.445
3967.533, 2431.032
3969.462, 2424.570
3971.390, 2418.603
3973.319, 2422.028
3975.247, 2423.758
3977.176, 2415.977
3979.104, 2413.900
3981.032, 2416.064
3982.961, 2413.673
3984.889, 2409.433
3986.818, 2403.708
3988.746, 2403.552
3990.675, 2407.734
3992.603, 2401.929
3994.532, 2395.586
3996.460, 2398.339
3998.389, 2398.189
4000.317, 2392.746
4002.246, 2396.406
4004.174, 2400.692
4006.103, 2395.419
4008.031, 2387.441
4009.959, 2378.383
4011.888, 2369.735
4013.816, 2365.098
4015.745, 2373.796
4017.673, 2376.550
4019.602, 2367.573
4021.530, 2364.792
4023.459, 2364.636
4025.387, 2357.418
4027.316, 2352.382
4029.244, 2355.489
4031.173, 2353.101
4033.101, 2348.518
4035.030, 2349.107
4036.958, 2351.082
4038.886, 2353.145
4040.815, 2350.556
4042.743, 2344.331
4044.672, 2335.934
4046.600, 2332.384
4048.529, 2338.617
4050.457, 2339.359
4052.386, 2335.752
4054.314, 2334.209
4056.243, 2333.422
4058.171, 2333.448
4060.100, 2329.680
4062.028, 2323.249
4063.957, 2319.506
4065.885, 2316.566
4067.813, 2313.506
4069.742, 2311.026
4071.670, 2308.935
4073.599, 2307.005
4075.527, 2303.148
4077.456, 2295.363
4079.384, 2292.423
4081.313, 2293.730
4083.241, 2294.823
4085.170, 2294.950
4087.098, 2293.153
4089.027, 2291.607
4090.955, 2289.774
4092.884, 2284.368
4094.812, 2279.765
4096.740, 2279.314
4098.669, 2278.264
4100.598, 2275.925
4102.526, 2270.408
4104.454, 2265.165
4106.383, 2261.999
4108.312, 2260.957
4110.240, 2260.307
4112.168, 2253.507
4114.097, 2248.373
4116.025, 2248.458
4117.954, 2247.399
4119.882, 2245.273
4121.811, 2242.362
4123.739, 2240.969
4125.667, 2241.933
4127.596, 2245.153
4129.524, 2248.566
4131.453, 2247.451
4133.381, 2247.214
4135.310, 2250.688
4137.238, 2246.628
4139.167, 2238.581
4141.095, 2228.766
4143.023, 2227.149
4144.952, 2235.489
4146.881, 2234.136
4148.809, 2230.762
4150.737, 2237.345
4152.666, 2237.729
4154.595, 2230.652
4156.523, 2230.276
4158.451, 2232.640
4160.380, 2234.603
4162.309, 2235.862
4164.237, 2236.206
4166.165, 2231.238
4168.094, 2226.623
4170.022, 2226.890
4171.951, 2223.316
4173.879, 2217.930
4175.808, 2224.405
4177.736, 2229.223
4179.665, 2224.243
4181.593, 2220.705
4183.521, 2218.294
4185.450, 2214.436
4187.378, 2213.322
4189.307, 2217.715
4191.235, 2211.975
4193.164, 2203.853
4195.092, 2206.192
4197.021, 2206.801
4198.949, 2203.488
4200.878, 2196.448
4202.806, 2189.928
4204.734, 2187.563
4206.663, 2187.139
4208.592, 2186.949
4210.520, 2178.747
4212.448, 2175.314
4214.377, 2184.847
4216.306, 2190.111
4218.234, 2189.143
4220.162, 2176.427
4222.091, 2168.541
4224.020, 2170.369
4225.948, 2170.650
4227.876, 2169.723
4229.805, 2169.881
4231.733, 2165.643
4233.662, 2157.319
4235.590, 2156.629
4237.519, 2157.763
##END=



