##NAMES=Germanite
##RRUFFID=R050439
##IDEAL CHEMISTRY=Cu_13_Fe_2_Ge_2_S_16_
##LOCALITY=Tsumeb mine, Tsumeb, Otavi District, Oshikoto, Namibia
##OWNER=RRUFF
##SOURCE=University of Arizona Mineral Museum
##DESCRIPTION=Black with purple hints, massive
##STATUS=The identification of this mineral has been confirmed by X-ray diffraction and chemical analysis
##URL=https://www.rruff.net/odr/rruff_sample/R050439
##MEASURED CHEMISTRY=(Cu_11.61_Fe^2+^_0.87_Zn_0.52_)Fe_2.00_(Ge_1.71_As_0.29_)S_16.00_ ; = dark-gray phase. (Cu_10.59_Zn_0.41_)Fe_4.00_(Ge_1.46_As_0.54_)S_16.00_ = lighter-gray phase. Lightest phase is PbS.
##DIFFRACTION SAMPLE DESCRIPTION=Powder, with minor tennantite (cubic: a=10.24)
##CELL PARAMETERS=a: 10.611 b: 10.611 c: 10.611 alpha: 90 beta: 90 gamma: 90 volume: 1194.7 crystal system: cubic
##FILETYPE=Raman Processed
##RAMAN WAVELENGTH=780

149.1023, 44.62390
151.0308, 44.83932
152.9592, 44.91137
154.8877, 44.62709
156.8162, 44.41137
158.7446, 44.38366
160.6731, 44.46279
162.6016, 44.59491
164.5300, 44.76578
166.4585, 44.89125
168.3870, 44.90916
170.3154, 44.97812
172.2439, 45.33372
174.1724, 45.56083
176.1008, 45.16253
178.0293, 44.39309
179.9578, 43.89774
181.8862, 43.86924
183.8147, 43.75262
185.7432, 43.35817
187.6716, 43.01397
189.6001, 42.90269
191.5286, 42.96036
193.4570, 43.10939
195.3855, 43.38555
197.3140, 43.59375
199.2424, 43.69001
201.1709, 43.76964
203.0994, 43.89496
205.0278, 43.98793
206.9563, 43.94806
208.8848, 43.76634
210.8132, 43.73135
212.7417, 43.92035
214.6702, 44.12412
216.5986, 44.34572
218.5271, 44.55232
220.4556, 44.69912
222.3840, 44.81582
224.3125, 45.01357
226.2410, 45.41343
228.1694, 45.57010
230.0979, 45.30299
232.0264, 45.06843
233.9548, 45.13821
235.8833, 45.31607
237.8118, 45.38235
239.7402, 45.33025
241.6687, 45.26659
243.5972, 45.10253
245.5256, 45.14567
247.4541, 45.72026
249.3826, 46.25335
251.3110, 46.32209
253.2395, 46.08454
255.1680, 45.95530
257.0964, 45.91396
259.0249, 46.09289
260.9534, 46.60485
262.8818, 47.12761
264.8103, 47.56933
266.7388, 47.93719
268.6672, 48.25169
270.5957, 48.48170
272.5242, 48.44626
274.4526, 48.08003
276.3811, 47.88829
278.3096, 48.10608
280.2380, 48.36432
282.1665, 48.44712
284.0950, 48.48939
286.0234, 48.75745
287.9519, 49.22466
289.8804, 49.55909
291.8088, 49.74253
293.7373, 49.77785
295.6658, 49.55660
297.5942, 49.32211
299.5227, 49.09503
301.4512, 48.96886
303.3796, 49.26088
305.3081, 49.90305
307.2366, 50.17542
309.1650, 49.74990
311.0935, 49.52148
313.0220, 49.75872
314.9504, 50.17507
316.8789, 50.65608
318.8074, 51.15309
320.7358, 51.65634
322.6643, 52.15933
324.5928, 52.33415
326.5212, 51.89723
328.4497, 51.54232
330.3782, 51.54378
332.3066, 51.50110
334.2351, 51.11296
336.1636, 50.53876
338.0920, 49.96758
340.0205, 49.39535
341.9490, 49.09310
343.8774, 49.24015
345.8059, 49.44891
347.7344, 49.81195
349.6628, 50.08885
351.5913, 49.97141
353.5198, 49.73668
355.4482, 49.87500
357.3767, 50.41452
359.3052, 50.57469
361.2336, 50.03081
363.1621, 49.55046
365.0906, 49.24588
367.0190, 48.93202
368.9475, 48.52521
370.8760, 48.05528
372.8044, 47.49813
374.7329, 46.86407
376.6614, 46.47890
378.5898, 46.47029
380.5183, 46.46471
382.4468, 46.48903
384.3752, 46.46569
386.3037, 46.35662
388.2322, 46.18272
390.1606, 45.89220
392.0891, 45.55718
394.0176, 45.46426
395.9460, 45.69759
397.8745, 45.81657
399.8030, 45.78786
401.7314, 45.74520
403.6599, 45.86282
405.5884, 45.79549
407.5168, 45.04598
409.4453, 44.13993
411.3738, 44.06949
413.3022, 44.83193
415.2307, 45.32685
417.1592, 45.55019
419.0876, 45.60817
421.0161, 45.40839
422.9446, 45.25060
424.8730, 45.31976
426.8015, 45.44454
428.7300, 45.48372
430.6584, 45.46122
432.5869, 45.40224
434.5154, 45.30430
436.4438, 45.36143
438.3723, 45.66641
440.3008, 45.82422
442.2292, 45.58749
444.1577, 45.35250
446.0862, 45.33556
448.0146, 45.35137
449.9431, 45.08617
451.8716, 44.68184
453.8000, 44.75757
455.7285, 45.31368
457.6570, 45.52319
459.5854, 45.08211
461.5139, 44.77510
463.4424, 44.78464
465.3708, 44.97770
467.2993, 45.58857
469.2278, 46.15430
471.1563, 45.88802
473.0847, 45.14082
475.0132, 44.90711
476.9417, 45.23521
478.8701, 45.42698
480.7986, 45.30383
482.7271, 45.19756
484.6555, 45.24872
486.5840, 45.25701
488.5125, 45.02710
490.4409, 44.77561
492.3694, 44.78566
494.2979, 44.91112
496.2263, 44.83117
498.1548, 44.53243
500.0833, 44.41860
502.0117, 44.57122
503.9402, 44.80420
505.8687, 45.35912
507.7971, 45.65428
509.7256, 45.18813
511.6541, 44.69751
513.5825, 44.84863
515.5110, 45.25355
517.4395, 45.32426
519.3679, 45.08852
521.2964, 45.12678
523.2249, 45.64053
525.1533, 45.93892
527.0818, 46.03899
529.0103, 45.88298
530.9387, 45.15733
532.8672, 44.61041
534.7957, 44.85540
536.7241, 45.30166
538.6526, 45.34975
540.5811, 45.16778
542.5095, 45.30412
544.4380, 45.80233
546.3665, 45.95337
548.2949, 45.59498
550.2234, 45.60285
552.1519, 46.39068
554.0803, 46.77418
556.0088, 45.96640
557.9373, 45.13194
559.8657, 45.03364
561.7942, 45.15661
563.7227, 44.81131
565.6511, 44.21454
567.5796, 44.13781
569.5081, 44.61515
571.4365, 45.12724
573.3650, 45.71721
575.2935, 46.01754
577.2219, 45.84001
579.1504, 45.70952
581.0789, 45.91770
583.0073, 46.08404
584.9358, 45.97374
586.8643, 45.77594
588.7927, 45.72339
590.7212, 45.74116
592.6497, 45.55371
594.5781, 45.22091
596.5066, 45.18751
598.4351, 45.46848
600.3635, 45.50159
602.2920, 45.04988
604.2205, 44.91661
606.1489, 45.71604
608.0774, 46.27670
610.0059, 46.03690
611.9343, 45.69047
613.8628, 45.75922
615.7913, 45.96732
617.7197, 45.99215
619.6482, 45.89135
621.5767, 45.69996
623.5051, 45.43528
625.4336, 45.22461
627.3621, 45.02913
629.2905, 45.16979
631.2190, 46.04195
633.1475, 46.61238
635.0759, 46.59407
637.0044, 46.44447
638.9329, 46.22327
640.8613, 46.05744
642.7898, 46.05049
644.7183, 46.13583
646.6467, 46.24706
648.5752, 46.38053
650.5037, 46.54518
652.4321, 46.72245
654.3606, 46.77941
656.2891, 46.66850
658.2175, 46.66168
660.1460, 47.05024
662.0745, 47.01820
664.0029, 46.09108
665.9314, 45.46966
667.8599, 45.61620
669.7883, 45.88153
671.7168, 45.92212
673.6453, 45.98371
675.5737, 46.41450
677.5022, 46.86744
679.4307, 46.68853
681.3591, 46.11663
683.2876, 46.06246
685.2161, 46.51690
687.1445, 46.72317
689.0730, 46.66349
691.0015, 46.47283
692.9299, 46.02195
694.8584, 45.88866
696.7869, 46.32624
698.7153, 46.64404
700.6438, 46.56416
702.5723, 46.43693
704.5007, 46.48003
706.4292, 46.43261
708.3577, 46.03032
710.2861, 45.67393
712.2146, 45.79566
714.1431, 46.15599
716.0715, 46.39812
718.0000, 46.52917
719.9285, 46.43134
721.8569, 46.12944
723.7854, 46.34807
725.7139, 47.17964
727.6423, 47.54295
729.5708, 47.20510
731.4993, 46.81909
733.4277, 46.43125
735.3562, 46.25714
737.2847, 46.66117
739.2131, 46.89339
741.1416, 46.49824
743.0701, 46.05254
744.9985, 45.83045
746.9270, 45.85235
748.8555, 46.28906
750.7839, 46.78386
752.7124, 46.81213
754.6409, 46.61863
756.5693, 46.69260
758.4978, 46.91522
760.4263, 46.93521
762.3547, 46.77763
764.2832, 46.61602
766.2117, 46.42755
768.1401, 46.38084
770.0686, 46.60270
771.9971, 46.70568
773.9255, 46.36923
775.8540, 46.33387
777.7825, 47.17395
779.7109, 47.61073
781.6394, 46.75927
783.5679, 46.09529
785.4963, 46.62981
787.4248, 47.30906
789.3533, 47.33929
791.2817, 47.10711
793.2102, 47.00475
795.1387, 46.97675
797.0671, 46.79375
798.9956, 46.58109
800.9241, 46.81832
802.8525, 47.36816
804.7810, 47.45786
806.7095, 47.10054
808.6379, 46.80824
810.5664, 46.53930
812.4949, 46.67567
814.4233, 47.48483
816.3518, 47.81744
818.2803, 47.49771
820.2087, 47.20417
822.1372, 46.98316
824.0657, 46.91417
825.9941, 47.05917
827.9226, 47.18549
829.8511, 47.24300
831.7795, 47.25259
833.7080, 47.21204
835.6365, 47.13443
837.5649, 46.93617
839.4934, 46.81697
841.4219, 46.99162
843.3503, 47.19396
845.2788, 47.15877
847.2073, 47.10154
849.1357, 47.28440
851.0642, 47.52587
852.9927, 47.60305
854.9211, 47.54101
856.8496, 47.28809
858.7781, 46.91668
860.7065, 46.71025
862.6350, 46.66216
864.5635, 46.76552
866.4919, 46.98057
868.4204, 47.02402
870.3489, 46.92545
872.2773, 46.98697
874.2058, 47.21619
876.1343, 47.37261
878.0627, 47.45763
879.9912, 47.27303
881.9197, 46.68545
883.8481, 46.30126
885.7766, 46.32681
887.7051, 46.26522
889.6335, 45.74936
891.5620, 45.62245
893.4905, 46.55244
895.4189, 47.10997
897.3474, 46.67993
899.2759, 46.12372
901.2043, 45.60705
903.1328, 45.30407
905.0613, 45.45034
906.9897, 45.66289
908.9182, 45.67148
910.8467, 45.63327
912.7751, 45.77948
914.7036, 45.81789
916.6321, 45.39840
918.5605, 44.95527
920.4890, 44.71460
922.4175, 44.67345
924.3459, 45.12717
926.2744, 45.72809
928.2029, 45.99593
930.1313, 45.98477
932.0598, 45.79934
933.9883, 45.58944
935.9167, 45.55000
937.8452, 45.52309
939.7737, 45.21701
941.7021, 44.78699
943.6306, 44.51748
945.5591, 44.40120
947.4875, 44.56470
949.4160, 44.96385
951.3445, 45.32198
953.2729, 45.58794
955.2014, 45.44954
957.1299, 44.94347
959.0583, 44.67124
960.9868, 44.65718
962.9153, 44.81289
964.8438, 45.13612
966.7722, 45.14257
968.7007, 44.79874
970.6292, 44.69354
972.5576, 44.85426
974.4861, 44.98822
976.4146, 45.07447
978.3430, 45.18348
980.2715, 45.32570
982.2000, 45.37580
984.1284, 45.33649
986.0569, 45.00200
987.9854, 44.30286
989.9138, 44.25765
991.8423, 45.06734
993.7708, 45.26577
995.6992, 44.56047
997.6277, 44.19744
999.5562, 44.45273
1001.485, 44.61726
1003.413, 44.52599
1005.342, 44.32930
1007.270, 44.05034
1009.198, 43.82168
1011.127, 43.64654
1013.055, 43.74011
1014.984, 44.20875
1016.912, 44.43732
1018.841, 44.30798
1020.769, 44.13095
1022.698, 43.92300
1024.626, 43.78072
1026.555, 43.70465
1028.483, 43.67443
1030.412, 43.67759
1032.340, 43.75426
1034.269, 43.99783
1036.197, 44.10609
1038.125, 43.93311
1040.054, 43.94268
1041.982, 44.35221
1043.911, 44.51416
1045.839, 44.22325
1047.768, 44.01976
1049.696, 43.97430
1051.625, 43.95923
1053.553, 43.99505
1055.482, 43.88310
1057.410, 43.65297
1059.339, 43.41454
1061.267, 43.02581
1063.196, 42.83056
1065.124, 42.92879
1067.052, 42.94915
1068.981, 42.94795
1070.909, 42.78877
1072.838, 42.26895
1074.766, 42.19114
1076.695, 42.78933
1078.623, 43.00640
1080.552, 42.70360
1082.480, 42.71649
1084.409, 43.14497
1086.337, 43.23252
1088.266, 42.90196
1090.194, 42.64201
1092.123, 42.43762
1094.051, 42.21138
1095.979, 42.03940
1097.908, 42.11591
1099.836, 42.38555
1101.765, 42.59748
1103.693, 42.74324
1105.622, 42.83778
1107.550, 42.87573
1109.479, 42.60030
1111.407, 42.12626
1113.336, 42.20861
1115.264, 42.64411
1117.193, 42.52254
1119.121, 42.06610
1121.050, 41.97448
1122.978, 42.08533
1124.906, 41.95135
1126.835, 41.68300
1128.763, 41.56161
1130.692, 41.56566
1132.620, 41.62728
1134.549, 41.79205
1136.477, 42.26406
1138.406, 42.70362
1140.334, 42.57275
1142.263, 42.17534
1144.191, 41.81639
1146.120, 41.63007
1148.048, 41.68847
1149.977, 41.82008
1151.905, 42.02487
1153.833, 42.24447
1155.762, 42.32173
1157.690, 42.34287
1159.619, 42.62326
1161.547, 42.71996
1163.476, 41.99739
1165.404, 41.52588
1167.333, 42.02763
1169.261, 42.40645
1171.190, 42.16657
1173.118, 42.02649
1175.047, 42.31463
1176.975, 42.42915
1178.904, 42.16095
1180.832, 41.88973
1182.760, 41.67439
1184.689, 41.46426
1186.617, 41.22919
1188.546, 41.24568
1190.474, 41.58112
1192.403, 41.47825
1194.331, 40.91587
1196.260, 40.84532
1198.188, 41.19464
1200.117, 41.34806
1202.045, 41.37107
1203.974, 41.31633
1205.902, 41.19840
1207.831, 41.23959
1209.759, 41.41552
1211.688, 41.57909
1213.616, 41.71099
1215.544, 41.80846
1217.473, 41.81084
1219.401, 41.65636
1221.330, 41.51429
1223.258, 41.59661
1225.187, 41.69809
1227.115, 41.59942
1229.044, 41.39829
1230.972, 41.08080
1232.901, 40.96755
1234.829, 41.20831
1236.758, 41.48285
1238.686, 41.82371
1240.615, 41.88730
1242.543, 41.53356
1244.471, 41.40649
1246.400, 41.65449
1248.328, 41.50266
1250.257, 40.85950
1252.185, 40.53757
1254.114, 40.56430
1256.042, 40.62184
1257.971, 40.72303
1259.899, 41.00334
1261.828, 41.35240
1263.756, 41.55425
1265.685, 41.65372
1267.613, 41.59667
1269.542, 41.41329
1271.470, 41.15209
1273.398, 40.95739
1275.327, 41.02253
1277.255, 41.11168
1279.184, 40.96210
1281.112, 40.91790
1283.041, 41.30134
1284.969, 41.52671
1286.898, 41.23400
1288.826, 41.06247
1290.755, 41.19172
1292.683, 41.31008
1294.612, 41.52361
1296.540, 41.64967
1298.469, 41.52565
1300.397, 41.35725
1302.325, 41.31928
1304.254, 41.65067
1306.182, 41.96281
1308.111, 41.40506
1310.039, 40.65188
1311.968, 40.72604
1313.896, 41.04444
1315.825, 40.91658
1317.753, 40.84573
1319.682, 41.34874
1321.610, 41.68380
1323.539, 41.46999
1325.467, 41.41577
1327.396, 41.79502
1329.324, 41.78449
1331.252, 41.15827
1333.181, 41.07288
1335.109, 41.63039
1337.038, 41.86381
1338.966, 41.76637
1340.895, 41.74880
1342.823, 41.79419
1344.752, 41.63210
1346.680, 41.36684
1348.609, 41.31064
1350.537, 41.38205
1352.466, 41.44164
1354.394, 41.45948
1356.323, 41.54977
1358.251, 41.57280
1360.179, 41.25849
1362.108, 41.15184
1364.036, 41.48464
1365.965, 41.43396
1367.893, 40.90649
1369.822, 40.87091
1371.750, 41.29251
1373.679, 41.62801
1375.607, 41.77797
1377.536, 41.39553
1379.464, 40.89152
1381.393, 40.88567
1383.321, 40.99172
1385.250, 40.92318
1387.178, 40.84484
1389.106, 40.89290
1391.035, 40.89251
1392.963, 40.65816
1394.892, 40.55439
1396.820, 40.63845
1398.749, 40.87215
1400.677, 41.27621
1402.606, 41.06612
1404.534, 40.50222
1406.463, 40.67134
1408.391, 41.14072
1410.320, 41.23928
1412.248, 41.18540
1414.177, 41.02706
1416.105, 40.83787
1418.033, 40.81950
1419.962, 40.98834
1421.890, 41.28025
1423.819, 41.27156
1425.747, 40.88339
1427.676, 40.72425
1429.604, 40.83895
1431.533, 40.60408
1433.461, 40.20330
1435.390, 40.47770
1437.318, 41.00577
1439.247, 41.13310
1441.175, 41.03438
1443.104, 40.73452
1445.032, 40.54482
1446.960, 40.61720
1448.889, 40.67876
1450.817, 40.72910
1452.746, 40.75787
1454.674, 40.68227
1456.603, 40.74000
1458.531, 40.88417
1460.460, 40.51385
1462.388, 40.05870
1464.317, 40.40759
1466.245, 40.78550
1468.174, 40.34063
1470.102, 40.01741
1472.031, 40.44942
1473.959, 40.58258
1475.887, 40.20160
1477.816, 39.93387
1479.744, 39.79006
1481.673, 39.73400
1483.601, 39.74770
1485.530, 40.04362
1487.458, 40.37855
1489.387, 40.25814
1491.315, 40.00061
1493.244, 39.83850
1495.172, 39.89140
1497.101, 40.16237
1499.029, 40.48623
1500.958, 40.97939
1502.886, 40.81006
1504.814, 40.08637
1506.743, 40.02401
1508.671, 40.27284
1510.600, 39.97777
1512.528, 39.61185
1514.457, 39.62881
1516.385, 39.67276
1518.314, 39.51758
1520.242, 39.57578
1522.171, 40.01082
1524.099, 40.23827
1526.028, 40.24709
1527.956, 40.10392
1529.885, 39.91750
1531.813, 39.88168
1533.741, 39.85172
1535.670, 39.67040
1537.598, 39.57726
1539.527, 39.74729
1541.455, 39.95081
1543.384, 40.09930
1545.312, 39.84777
1547.241, 39.30687
1549.169, 39.37651
1551.098, 39.81188
1553.026, 39.97712
1554.955, 39.83620
1556.883, 39.37605
1558.812, 39.04788
1560.740, 38.92870
1562.668, 39.06456
1564.597, 39.46248
1566.525, 39.51747
1568.454, 39.27355
1570.382, 39.06216
1572.311, 38.89508
1574.239, 38.95611
1576.168, 39.13020
1578.096, 39.27614
1580.025, 39.32296
1581.953, 39.20066
1583.882, 39.08147
1585.810, 39.08465
1587.739, 39.05121
1589.667, 38.88214
1591.595, 38.55581
1593.524, 37.97931
1595.452, 38.50117
1597.381, 38.78430
1599.309, 38.84154
1601.238, 37.99628
1603.166, 38.31641
1605.095, 38.16950
1607.023, 38.00345
1608.952, 38.48759
1610.880, 37.77361
1612.809, 38.09199
1614.737, 38.05412
1616.666, 38.18110
1618.594, 38.22839
1620.522, 38.12952
1622.451, 38.08664
1624.379, 38.08186
1626.308, 37.99247
1628.236, 37.81059
1630.165, 37.70414
1632.093, 37.75191
1634.022, 37.94042
1635.950, 37.87376
1637.879, 37.55779
1639.807, 37.41877
1641.736, 37.31701
1643.664, 37.42084
1645.593, 37.63661
1647.521, 37.48352
1649.449, 37.37713
1651.378, 37.58964
1653.306, 37.52437
1655.235, 37.17409
1657.163, 37.05943
1659.092, 37.11107
1661.020, 36.95715
1662.949, 36.71064
1664.877, 36.71381
1666.806, 36.85313
1668.734, 36.84108
1670.663, 36.86972
1672.591, 37.11702
1674.520, 37.09587
1676.448, 36.88868
1678.376, 36.93851
1680.305, 36.96138
1682.233, 36.85035
1684.162, 36.95212
1686.090, 37.24660
1688.019, 37.26954
1689.947, 37.08105
1691.876, 36.44411
1693.804, 35.86761
1695.733, 36.29688
1697.661, 36.62419
1699.590, 36.16828
1701.518, 35.78285
1703.447, 35.76313
1705.375, 35.94273
1707.303, 36.07890
1709.232, 36.10611
1711.160, 36.12441
1713.089, 35.93307
1715.017, 35.67738
1716.946, 35.48383
1718.874, 35.40749
1720.803, 35.53233
1722.731, 35.45845
1724.660, 35.33227
1726.588, 35.60357
1728.517, 35.78417
1730.445, 35.34813
1732.374, 34.96238
1734.302, 35.15189
1736.230, 35.36068
1738.159, 35.32856
1740.087, 35.12757
1742.016, 34.93579
1743.944, 34.74651
1745.873, 34.77171
1747.801, 34.97947
1749.730, 34.95970
1751.658, 34.74338
1753.587, 34.42421
1755.515, 34.08972
1757.444, 33.79164
1759.372, 33.67874
1761.301, 33.74369
1763.229, 34.06071
1765.157, 34.64281
1767.086, 34.63826
1769.014, 34.27303
1770.943, 34.08913
1772.871, 34.01909
1774.800, 33.86716
1776.728, 33.95699
1778.657, 34.24960
1780.585, 33.74504
1782.514, 33.22471
1784.442, 33.69424
1786.371, 34.07106
1788.299, 34.03344
1790.228, 33.82866
1792.156, 33.52559
1794.084, 33.65943
1796.013, 33.74077
1797.941, 33.40339
1799.870, 33.14271
1801.798, 33.09400
1803.727, 33.37644
1805.655, 33.64686
1807.584, 33.01664
1809.512, 32.45537
1811.441, 32.69590
1813.369, 32.92940
1815.298, 32.85745
1817.226, 32.84375
1819.155, 32.92549
1821.083, 32.92601
1823.011, 32.91084
1824.940, 32.91334
1826.868, 32.75071
1828.797, 32.43364
1830.725, 32.24697
1832.654, 32.28761
1834.582, 32.19213
1836.511, 32.02713
1838.439, 32.00608
1840.368, 31.97696
1842.296, 31.83061
1844.225, 31.69909
1846.153, 31.72544
1848.082, 31.52627
1850.010, 31.33581
1851.938, 31.52890
1853.867, 31.41496
1855.795, 31.00168
1857.724, 30.87301
1859.652, 30.90243
1861.581, 31.15284
1863.509, 31.26604
1865.438, 30.92617
1867.366, 30.84208
1869.295, 31.13718
1871.223, 31.24544
1873.152, 31.10750
1875.080, 31.07163
1877.009, 30.99430
1878.937, 30.54452
1880.865, 30.49504
1882.794, 30.70313
1884.722, 30.60376
1886.651, 30.44885
1888.579, 29.89494
1890.508, 29.68879
1892.436, 29.99901
1894.365, 29.77536
1896.293, 29.64008
1898.222, 29.92105
1900.150, 29.85672
1902.079, 29.58682
1904.007, 29.45728
1905.936, 29.43597
1907.864, 29.37952
1909.792, 29.18763
1911.721, 29.26512
1913.649, 29.39571
1915.578, 29.43971
1917.506, 29.42381
1919.435, 29.34642
1921.363, 29.24692
1923.292, 29.19120
1925.220, 29.29160
1927.149, 29.15002
1929.077, 28.85881
1931.006, 29.07347
1932.934, 29.07193
1934.863, 28.47123
1936.791, 28.30378
1938.719, 28.55968
1940.648, 28.97236
1942.576, 29.17631
1944.505, 28.84534
1946.433, 28.92959
1948.362, 29.12765
1950.290, 28.71253
1952.219, 28.54687
1954.147, 28.85887
1956.076, 28.88465
1958.004, 28.86310
1959.933, 28.65118
1961.861, 28.34697
1963.790, 28.09336
1965.718, 27.73473
1967.646, 27.68689
1969.575, 27.94576
1971.503, 27.78761
1973.432, 27.55131
1975.360, 27.50477
1977.289, 27.37566
1979.217, 27.31876
1981.146, 27.25299
1983.074, 27.10275
1985.003, 27.05787
1986.931, 27.29035
1988.860, 27.40024
1990.788, 27.23215
1992.717, 26.58331
1994.645, 26.07590
1996.573, 26.36952
1998.502, 26.56480
2000.430, 26.56435
2002.359, 26.41763
2004.287, 26.16019
2006.216, 26.44817
2008.144, 26.87352
2010.073, 26.93370
2012.001, 26.67440
2013.930, 26.29079
2015.858, 26.05322
2017.787, 25.96449
2019.715, 26.11640
2021.644, 26.16815
2023.572, 25.98206
2025.500, 25.86731
2027.429, 25.91867
2029.357, 25.64917
2031.286, 25.31355
2033.214, 25.26379
2035.143, 25.51856
2037.071, 25.66022
2039.000, 25.41892
2040.928, 25.06798
2042.857, 25.06745
2044.785, 24.99429
2046.714, 24.82643
2048.642, 24.96773
2050.571, 25.10121
2052.499, 25.33113
2054.427, 25.38525
2056.356, 25.09437
2058.284, 24.84027
2060.213, 24.58528
2062.141, 24.29514
2064.070, 24.25106
2065.998, 24.57468
2067.927, 24.78455
2069.855, 24.38774
2071.784, 24.10438
2073.712, 24.04951
2075.641, 23.82087
2077.569, 23.93006
2079.498, 23.89178
2081.426, 23.97615
2083.354, 24.43478
2085.283, 24.13656
2087.211, 23.62375
2089.140, 23.67905
2091.068, 23.98145
2092.997, 23.94733
2094.925, 23.80567
2096.854, 23.65639
2098.782, 23.44340
2100.711, 23.32648
2102.639, 23.19315
2104.568, 23.20038
2106.496, 23.09568
2108.425, 22.58260
2110.353, 22.61004
2112.281, 23.01007
2114.210, 22.97880
2116.138, 22.84972
2118.067, 22.81258
2119.995, 22.66402
2121.924, 22.62515
2123.852, 22.90996
2125.781, 22.62529
2127.709, 22.22217
2129.638, 22.37560
2131.566, 22.44689
2133.495, 22.05403
2135.423, 21.87679
2137.352, 21.77146
2139.280, 21.20799
2141.208, 20.97706
2143.137, 21.68847
2145.065, 22.02683
2146.994, 21.66896
2148.922, 21.55399
2150.851, 21.69871
2152.779, 22.08985
2154.708, 21.94600
2156.636, 21.53609
2158.565, 21.69268
2160.493, 21.82571
2162.422, 21.53037
2164.350, 21.07719
2166.279, 20.94431
2168.207, 21.04640
2170.135, 21.08176
2172.064, 20.85710
2173.992, 20.72444
2175.921, 20.99775
2177.849, 21.27503
2179.778, 21.08583
2181.706, 20.76704
2183.635, 20.48054
2185.563, 20.57035
2187.492, 20.95820
2189.420, 20.80434
2191.349, 20.30279
2193.277, 20.11847
2195.206, 20.08901
2197.134, 20.14955
2199.063, 20.57221
2200.991, 20.84675
2202.919, 20.30306
2204.848, 19.47592
2206.776, 19.40553
2208.705, 19.80247
2210.633, 19.89616
2212.562, 19.74544
2214.490, 19.61969
2216.419, 19.72144
2218.347, 19.78067
2220.276, 19.74457
2222.204, 19.62903
2224.133, 19.18851
2226.061, 18.97493
2227.990, 19.32342
2229.918, 19.06322
2231.846, 18.32366
2233.775, 18.45303
2235.703, 18.92939
2237.632, 19.20399
2239.560, 18.76186
2241.489, 18.11721
2243.417, 18.41420
2245.346, 18.69181
2247.274, 18.56813
2249.203, 18.50831
2251.131, 18.47524
2253.060, 18.24048
2254.988, 18.08682
2256.917, 18.21758
2258.845, 18.41678
2260.773, 18.20593
2262.702, 18.03132
2264.630, 18.50246
2266.559, 18.81018
2268.487, 18.72966
2270.416, 18.34600
2272.344, 17.97968
2274.273, 18.01815
2276.201, 17.93276
2278.130, 17.80004
2280.058, 17.55762
2281.987, 17.37735
2283.915, 17.86455
2285.844, 17.63316
2287.772, 17.30145
2289.700, 17.38242
2291.629, 17.02687
2293.557, 16.99887
2295.486, 17.32668
2297.414, 17.20679
2299.343, 16.97868
2301.271, 17.26247
2303.200, 17.29311
2305.128, 16.87862
2307.057, 16.74216
2308.985, 16.86001
2310.914, 16.74853
2312.842, 16.80053
2314.771, 16.60702
2316.699, 16.04990
2318.627, 16.49063
2320.556, 17.26634
2322.484, 16.91043
2324.413, 16.44069
2326.341, 16.20557
2328.270, 15.88493
2330.198, 15.83127
2332.127, 16.15283
2334.055, 16.13014
2335.984, 16.09007
2337.912, 15.89228
2339.841, 15.51965
2341.769, 15.46613
2343.698, 15.55993
2345.626, 15.69798
2347.554, 15.75489
2349.483, 15.69624
2351.411, 15.60659
2353.340, 15.63139
2355.268, 15.52981
2357.197, 15.21385
2359.125, 15.43052
2361.054, 15.59072
2362.982, 15.34992
2364.911, 15.19843
2366.839, 15.18567
2368.768, 15.02183
2370.696, 14.69074
2372.625, 14.72784
2374.553, 14.89693
2376.481, 14.81854
2378.410, 14.65642
2380.338, 14.62153
2382.267, 14.53609
2384.195, 14.30456
2386.124, 14.28936
2388.052, 14.54077
2389.981, 14.52755
2391.909, 14.40223
2393.838, 14.30339
2395.766, 14.18263
2397.695, 14.28123
2399.623, 14.78142
2401.552, 14.74504
2403.480, 14.53235
2405.408, 14.18661
2407.337, 13.80458
2409.265, 13.66090
2411.194, 13.97446
2413.122, 14.13471
2415.051, 13.95359
2416.979, 13.89990
2418.908, 13.98585
2420.836, 13.92051
2422.765, 13.41662
2424.693, 13.20515
2426.622, 13.39465
2428.550, 13.25541
2430.479, 13.33945
2432.407, 13.93356
2434.335, 14.13152
2436.264, 13.88135
2438.192, 12.78717
2440.121, 12.49462
2442.049, 12.94086
2443.978, 12.86378
2445.906, 12.72233
2447.835, 13.01705
2449.763, 12.85672
2451.692, 12.70265
2453.620, 12.68397
2455.549, 12.54655
2457.477, 12.53273
2459.406, 12.62529
2461.334, 12.57143
2463.262, 12.61403
2465.191, 12.72016
2467.119, 12.66212
2469.048, 12.47334
2470.976, 11.94929
2472.905, 11.75548
2474.833, 12.10110
2476.762, 12.42068
2478.690, 12.32597
2480.619, 11.91635
2482.547, 11.79520
2484.476, 12.04084
2486.404, 12.36793
2488.333, 11.93170
2490.261, 11.42890
2492.189, 11.45785
2494.118, 11.37607
2496.046, 11.10688
2497.975, 11.14585
2499.903, 11.63033
2501.832, 11.95333
2503.760, 11.34312
2505.689, 11.21286
2507.617, 11.38319
2509.546, 11.47607
2511.474, 11.78472
2513.403, 11.80308
2515.331, 11.14370
2517.260, 10.80255
2519.188, 10.77788
2521.116, 11.22593
2523.045, 11.19662
2524.973, 10.82202
2526.902, 11.20890
2528.830, 11.36129
2530.759, 11.14818
2532.687, 10.61555
2534.616, 10.21361
2536.544, 10.21974
2538.473, 10.23770
2540.401, 10.27558
2542.330, 10.55175
2544.258, 10.38960
2546.187, 10.01833
2548.115, 10.04096
2550.043, 10.29105
2551.972, 10.41193
2553.900, 10.51143
2555.829, 10.61261
2557.757, 10.53553
2559.686, 10.43698
2561.614, 10.30009
2563.543, 10.16711
2565.471, 10.11993
2567.400, 10.01438
2569.328, 9.918665
2571.257, 9.825240
2573.185, 9.800809
2575.114, 9.750414
2577.042, 9.946780
2578.970, 9.740067
2580.899, 9.439881
2582.827, 9.909025
2584.756, 9.609499
2586.684, 9.049149
2588.613, 9.405869
2590.541, 9.442434
2592.470, 9.299683
2594.398, 9.407788
2596.327, 9.417187
2598.255, 9.532825
2600.184, 9.621179
2602.112, 9.490939
2604.041, 9.236240
2605.969, 9.062735
2607.897, 8.960185
2609.826, 8.953677
2611.754, 9.030225
2613.683, 8.925449
2615.611, 8.909131
2617.540, 8.827184
2619.468, 8.620905
2621.397, 8.533261
2623.325, 8.808807
2625.254, 8.775166
2627.182, 8.604094
2629.111, 8.530814
2631.039, 8.594028
2632.968, 8.618061
2634.896, 8.929931
2636.824, 8.709400
2638.753, 8.334300
2640.681, 8.656235
2642.610, 8.546251
2644.538, 8.283803
2646.467, 8.199059
2648.395, 8.332383
2650.324, 8.328238
2652.252, 7.781366
2654.181, 8.438867
2656.109, 9.053405
2658.038, 8.468540
2659.966, 8.352694
2661.895, 8.221158
2663.823, 7.695519
2665.751, 7.734184
2667.680, 7.647629
2669.608, 7.529861
2671.537, 7.762976
2673.465, 7.941435
2675.394, 7.989289
2677.322, 7.886001
2679.251, 7.516170
2681.179, 7.079560
2683.108, 7.464313
2685.036, 7.754207
2686.965, 7.705188
2688.893, 7.289609
2690.822, 7.260327
2692.750, 7.616630
2694.678, 7.205285
2696.607, 7.150012
2698.535, 7.353889
2700.464, 6.679878
2702.392, 6.742515
2704.321, 7.150877
2706.249, 7.136679
2708.178, 6.809751
2710.106, 6.546106
2712.035, 6.892594
2713.963, 7.035750
2715.892, 7.013155
2717.820, 7.057333
2719.749, 6.708849
2721.677, 6.589295
2723.605, 6.938615
2725.534, 6.773160
2727.462, 6.642210
2729.391, 6.554842
2731.319, 6.493801
2733.248, 6.453033
2735.176, 6.366570
2737.105, 6.617611
2739.033, 6.669103
2740.962, 6.537043
2742.890, 6.613610
2744.819, 6.368647
2746.747, 6.083656
2748.676, 6.575742
2750.604, 6.512482
2752.532, 6.173579
2754.461, 6.206901
2756.389, 6.257970
2758.318, 6.194171
2760.246, 6.246877
2762.175, 6.287702
2764.103, 6.416473
2766.032, 6.709670
2767.960, 6.266151
2769.889, 6.020055
2771.817, 6.136014
2773.746, 6.623822
2775.674, 6.581961
2777.603, 6.195844
2779.531, 6.051326
2781.459, 6.176199
2783.388, 6.273804
2785.316, 5.931233
2787.245, 6.297968
2789.173, 6.299748
2791.102, 5.399207
2793.030, 5.577491
2794.959, 5.762639
2796.887, 5.589494
2798.816, 5.085947
2800.744, 4.994784
2802.673, 5.264158
2804.601, 5.256696
2806.530, 5.263137
2808.458, 5.213005
2810.386, 4.707774
2812.315, 5.274452
2814.243, 5.779004
2816.172, 5.458903
2818.100, 5.208253
2820.029, 5.119160
2821.957, 5.126451
2823.886, 4.956359
2825.814, 5.065753
2827.743, 5.141047
2829.671, 4.499750
2831.600, 5.029600
2833.528, 5.599907
2835.457, 5.161469
2837.385, 4.907838
2839.313, 4.937564
2841.242, 5.162423
2843.170, 5.161641
2845.099, 5.020185
2847.027, 4.753665
2848.956, 4.209985
2850.884, 4.064792
2852.813, 4.292614
2854.741, 4.734184
2856.670, 4.501768
2858.598, 4.470605
2860.527, 4.858769
2862.455, 4.776817
2864.384, 4.557801
2866.312, 4.359631
2868.240, 4.311857
2870.169, 4.425758
2872.097, 4.422824
2874.026, 4.159204
2875.954, 4.311377
2877.883, 4.550405
2879.811, 4.533157
2881.740, 4.271923
2883.668, 3.862004
2885.597, 3.619555
2887.525, 4.331854
2889.454, 4.252168
2891.382, 3.855532
2893.311, 3.349441
2895.239, 4.271929
2897.167, 4.529101
2899.096, 4.103383
2901.024, 4.442506
2902.953, 3.952907
2904.881, 3.537465
2906.810, 4.232463
2908.738, 3.812430
2910.667, 3.520973
2912.595, 3.743264
2914.524, 4.289549
2916.452, 3.862252
2918.381, 3.277790
2920.309, 3.790690
2922.238, 3.708235
2924.166, 3.821534
2926.094, 4.179614
2928.023, 3.383945
2929.951, 3.249966
2931.880, 3.650951
2933.808, 3.849126
2935.737, 3.780137
2937.665, 3.658111
2939.594, 3.579937
2941.522, 3.329916
2943.451, 2.907476
2945.379, 2.578931
2947.308, 3.569854
2949.236, 3.603631
2951.165, 3.125206
2953.093, 2.671189
2955.021, 3.080988
2956.950, 3.269459
2958.878, 3.059278
2960.807, 2.860605
2962.735, 2.983026
2964.664, 3.193826
2966.592, 3.326473
2968.521, 3.223386
2970.449, 3.020377
2972.378, 2.882594
2974.306, 3.077052
2976.235, 3.010506
2978.163, 2.932618
2980.092, 3.130770
2982.020, 2.953070
2983.948, 3.235910
2985.877, 3.462825
2987.805, 2.882534
2989.734, 2.877093
2991.662, 2.927184
2993.591, 2.606733
2995.519, 2.354767
2997.448, 2.261299
2999.376, 2.351281
3001.305, 2.770485
3003.233, 2.660283
3005.162, 2.682062
3007.090, 2.823108
3009.019, 2.619503
3010.947, 2.588614
3012.875, 2.483402
3014.804, 2.065130
3016.732, 2.243314
3018.661, 2.496523
3020.589, 2.671295
3022.518, 2.769467
3024.446, 2.407648
3026.375, 2.340307
3028.303, 2.638803
3030.232, 2.115430
3032.160, 2.524218
3034.089, 2.802480
3036.017, 2.014628
3037.946, 2.047435
3039.874, 2.152719
3041.802, 2.353553
3043.731, 2.454366
3045.659, 2.565057
3047.588, 2.621873
3049.516, 2.448999
3051.445, 2.240611
3053.373, 2.223099
3055.302, 2.279033
3057.230, 2.530462
3059.159, 2.509626
3061.087, 2.490152
3063.016, 2.394526
3064.944, 1.833197
3066.873, 1.952730
3068.801, 1.996319
3070.729, 1.789906
3072.658, 2.102448
3074.586, 2.062480
3076.515, 1.913417
3078.443, 2.044146
3080.372, 1.961572
3082.300, 2.163403
3084.229, 2.286478
3086.157, 1.988587
3088.086, 2.093905
3090.014, 1.932875
3091.943, 1.723706
3093.871, 2.095208
3095.800, 1.425783
3097.728, 1.419604
3099.656, 2.012450
3101.585, 2.081338
3103.513, 1.502201
3105.442, 1.118326
3107.370, 1.339225
3109.299, 1.464604
3111.227, 2.049756
3113.156, 2.258905
3115.084, 1.628916
3117.013, 1.641039
3118.941, 1.703001
3120.870, 1.661701
3122.798, 1.603904
3124.727, 1.719319
3126.655, 1.375466
3128.583, 1.042968
3130.512, 1.339802
3132.440, 1.205874
3134.369, 1.256079
3136.297, 1.357689
3138.226, 1.106171
3140.154, 1.231613
3142.083, 1.507587
3144.011, 1.856884
3145.940, 1.991933
3147.868, 1.481221
3149.797, 1.401913
3151.725, 1.790366
3153.654, 1.934438
3155.582, 1.609310
3157.510, 1.503944
3159.439, 1.688515
3161.367, 1.663884
3163.296, 1.630953
3165.224, 1.428472
3167.153, 1.457793
3169.081, 1.628481
3171.010, 1.651484
3172.938, 1.365580
3174.867, 0.7692393
3176.795, 1.024107
3178.724, 1.390799
3180.652, 1.459920
3182.581, 1.275600
3184.509, 0.8495369
3186.438, 0.8595091
3188.366, 1.140710
3190.294, 1.395234
3192.223, 1.205727
3194.151, 1.749086
3196.080, 2.162895
3198.008, 1.796580
3199.937, 1.247570
3201.865, 1.123889
3203.794, 1.264465
3205.722, 1.316164
3207.651, 1.249740
3209.579, 1.032971
3211.508, 0.9350917
3213.436, 1.078471
3215.365, 0.8383654
3217.293, 1.657764
3219.221, 1.549939
3221.150, 0.1950398
3223.078, 1.369227
3225.007, 1.233823
3226.935, 0.7124692
3228.864, 0.6460793
3230.792, 1.221741
3232.721, 1.327530
3234.649, 1.150456
3236.578, 0.9935610
3238.506, 0.8434464
3240.435, 1.348240
3242.363, 1.156770
3244.292, 0.4319036
3246.220, 1.037840
3248.148, 0.7739385
3250.077, 0.9843447
3252.005, 1.282377
3253.934, 0.9947014
3255.862, 0.5566097
3257.791, 9.9079147E-02
3259.719, 0.1801451
3261.648, 0.8677648
3263.576, 1.305825
3265.505, 1.163061
3267.433, 0.7548558
3269.362, 0.7044400
3271.290, 0.6933668
3273.219, 0.6366292
3275.147, 0.7541941
3277.075, 0.9355945
3279.004, 0.5043591
3280.932, 0.5773833
3282.861, 1.085380
3284.789, 1.403648
3286.718, 0.6628097
3288.646, 0.6308670
3290.575, 0.1644427
3292.503, -0.2673389
3294.432, 0.3336944
3296.360, 0.8816671
3298.289, 0.6971146
3300.217, 0.5168782
3302.146, 0.7521138
3304.074, 0.9746054
3306.002, 1.019091
3307.931, 1.031398
3309.859, 0.9481147
3311.788, 0.2614548
3313.716, 0.1311341
3315.645, 0.4794973
3317.573, 0.8084219
3319.502, 0.6342331
3321.430, 0.8873915
3323.359, 1.341246
3325.287, 0.9984721
3327.216, 0.1447863
3329.144, 0.6174794
3331.073, 0.4673816
3333.001, 0.1814470
3334.929, 2.3674380E-02
3336.858, 0.5750170
3338.786, 0.9645506
3340.715, 1.027444
3342.643, 0.9353893
3344.572, 0.9243094
3346.500, 0.7434474
3348.429, 2.6321240E-02
3350.357, -0.2125067
3352.286, 7.2151579E-02
3354.214, 0.1172408
3356.143, 0.8390673
3358.071, 0.4852177
3360.000, -0.3943879
3361.928, -0.5214001
3363.856, 0.6481679
3365.785, 1.120159
3367.713, 1.177998
3369.642, 0.9547580
3371.570, 0.2284688
3373.499, 0.4521164
3375.427, 0.6347502
3377.356, 0.7129562
3379.284, 0.8046909
3381.213, 1.066931
3383.141, 0.1595568
3385.070, 0.1224970
3386.998, 0.8656226
3388.927, 0.8190858
3390.855, 0.2152619
3392.783, 0.4309680
3394.712, 0.9084167
3396.640, 0.8413961
3398.569, -0.1439084
3400.497, -6.4567760E-02
3402.426, 0.2515615
3404.354, 0.2750767
3406.283, 9.2444576E-02
3408.211, 0.1350765
3410.140, 0.4137577
3412.068, 0.8457165
3413.997, 1.222473
3415.925, 1.230175
3417.854, 0.1133991
3419.782, 0.3202650
3421.710, 0.6382657
3423.639, 0.3176092
3425.567, 0.6332943
3427.496, 0.9545242
3429.424, 0.7299898
3431.353, 0.4084456
3433.281, 0.4454042
3435.210, 9.1972306E-02
3437.138, 0.6943029
3439.067, 1.004247
3440.995, 0.6173236
3442.924, -0.2286396
3444.852, 0.2629212
3446.781, -0.1870068
3448.709, -4.5512609E-02
3450.637, 0.6663167
3452.566, 0.2390880
3454.494, 0.5965638
3456.423, 0.7022707
3458.351, 0.8897957
3460.280, 1.099072
3462.208, 0.5427230
3464.137, 1.027289
3466.065, 0.3567114
3467.994, -0.3203308
3469.922, -0.3045588
3471.851, -0.5516659
3473.779, 0.4192383
3475.708, 0.3927426
3477.636, 0.2214099
3479.564, 0.4377590
3481.493, -0.4492107
3483.421, -0.1493964
3485.350, 0.2590095
3487.278, 0.3499643
3489.207, 0.1131398
3491.135, -0.4235581
3493.064, -9.6574403E-02
3494.992, -0.1029322
3496.921, -0.1319184
3498.849, 0.2560841
3500.778, 0.9631293
3502.706, 0.3123015
3504.635, -3.4453180E-02
3506.563, 5.7625361E-02
3508.491, 0.3162183
3510.420, 0.7618465
3512.348, 0.4509759
3514.277, 0.6861552
3516.205, 0.8713706
3518.134, 0.7218764
3520.062, 1.043824
3521.991, 0.1001231
3523.919, -0.3613661
3525.848, -0.2085122
3527.776, 0.3055362
3529.705, 0.8999259
3531.633, 0.2558276
3533.562, -0.1884928
3535.490, 0.2167174
3537.418, 0.7346882
3539.347, 0.3046221
3541.275, 0.8818762
3543.204, 0.1021155
3545.132, -0.5446520
3547.061, -0.3344935
3548.989, 0.3973770
3550.918, 0.3174725
3552.846, 0.2483196
3554.775, -9.7579487E-02
3556.703, -0.4002105
3558.632, -0.4233836
3560.560, -0.5177401
3562.489, -0.7335120
3564.417, -3.2913022E-02
3566.345, 0.2489804
3568.274, -0.2020586
3570.202, -0.2095719
3572.131, 0.6637633
3574.059, -3.2625940E-02
3575.988, -1.068788
3577.916, -0.4035788
3579.845, 2.2964127E-02
3581.773, 0.2235474
3583.702, -0.4782972
3585.630, -1.4827098E-02
3587.559, -1.8311454E-02
3589.487, -4.1023079E-02
3591.416, 0.8743900
3593.344, 0.2852442
3595.272, -1.5280040E-02
3597.201, 0.6219099
3599.129, 1.096761
3601.058, 0.3103434
3602.986, -0.1926908
3604.915, 0.2211235
3606.843, 0.2270711
3608.772, 0.1677594
3610.700, 0.3012547
3612.629, 0.1666072
3614.557, 1.038432
3616.486, 7.4691579E-02
3618.414, 0.4576361
3620.343, 0.8405889
3622.271, -0.5367350
3624.199, 0.1368439
3626.128, 0.5797361
3628.056, 0.7683318
3629.985, 0.5023417
3631.913, 9.2926674E-02
3633.842, 0.1213518
3635.770, 0.2706716
3637.699, 0.6954204
3639.627, 1.221371
3641.556, 1.151286
3643.484, 0.4283787
3645.413, -0.2111041
3647.341, -0.6136430
3649.270, -0.4590317
3651.198, 0.2165608
3653.126, 0.3879490
3655.055, -0.2603370
3656.983, -0.5580124
3658.912, -0.4757334
3660.840, -0.1727198
3662.769, -0.1565789
3664.697, -0.2550090
3666.626, -8.5417710E-02
3668.554, 0.4587754
3670.483, 0.9239804
3672.411, 0.7156791
3674.340, 6.0985509E-02
3676.268, -0.2757074
3678.197, -4.3898221E-02
3680.125, -0.1724074
3682.053, -1.171022
3683.982, 6.7793928E-02
3685.910, 0.5851594
3687.839, -0.1657059
3689.767, -0.7351238
3691.696, 0.2935249
3693.624, -0.6193510
3695.553, -0.4958460
3697.481, -0.9960205
3699.410, -0.9209671
3701.338, 0.2592875
3703.267, 2.1784849E-02
3705.195, -8.4738024E-02
3707.124, -0.3989100
3709.052, -7.7157438E-04
3710.980, 3.6401149E-02
3712.909, -0.4730913
3714.837, -0.2534427
3716.766, -0.7847133
3718.694, -0.2604576
3720.623, 0.2870766
3722.551, 0.3023568
3724.480, -6.9206260E-02
3726.408, -0.4262415
3728.337, -0.6645232
3730.265, 0.6493247
3732.194, -0.7978896
3734.122, -0.9196864
3736.051, -0.1386864
3737.979, -0.4686172
3739.907, -7.4505582E-02
3741.836, 0.1047539
3743.764, -3.8548321E-02
3745.693, -0.5917618
3747.621, -0.1290666
3749.550, 0.8035755
3751.478, 0.1168886
3753.407, -0.4168217
3755.335, -0.4799858
3757.264, -0.7006143
3759.192, -0.4097336
3761.121, 0.1417433
3763.049, 0.2094294
3764.978, -0.3061090
3766.906, 9.2206523E-02
3768.834, 0.1951625
3770.763, 0.3022626
3772.691, -0.1129064
3774.620, -0.4450163
3776.548, 0.1090824
3778.477, 5.4330949E-02
3780.405, 0.5887406
3782.334, -8.6612321E-02
3784.262, -0.4907112
3786.191, -0.8026821
3788.119, -1.065587
3790.048, -0.5939120
3791.976, 0.1410632
3793.905, -7.4416600E-02
3795.833, 0.2910483
3797.761, 0.4552588
3799.690, 0.4769898
3801.618, 0.4492197
3803.547, 9.3753189E-02
3805.475, 0.2044304
3807.404, 0.1573573
3809.332, -0.2692711
3811.261, -0.2295144
3813.189, -1.004801
3815.118, -1.639568
3817.046, -9.2456698E-02
3818.975, -0.3704385
3820.903, 0.2374359
3822.832, -0.3155512
3824.760, -0.5928994
3826.688, 0.1304625
3828.617, 0.7791098
3830.545, 0.2938678
3832.474, 4.0011730E-02
3834.402, -0.4253726
3836.331, -2.0921599E-02
3838.259, 0.1128046
3840.188, -0.3614684
3842.116, -0.5571757
3844.045, -0.1459061
3845.973, -0.5107914
3847.902, -0.2250421
3849.830, -0.5050537
3851.759, -0.6207196
3853.687, -0.1955094
3855.615, -4.6212882E-02
3857.544, -0.2937614
3859.472, -0.1713337
3861.401, -0.4184413
3863.329, -0.4785666
3865.258, 2.7469270E-02
3867.186, 0.2877289
3869.115, -0.9112031
3871.043, -0.8973312
3872.972, 1.072091
3874.900, 0.2191303
3876.829, -0.9287562
3878.757, -0.5931126
3880.686, 0.2382423
3882.614, 0.2037710
3884.542, -0.3225985
3886.471, -0.5173208
3888.399, -0.3532266
3890.328, -0.7015476
3892.256, -0.5554928
3894.185, -0.1047248
3896.113, -0.2854939
3898.042, 5.2618161E-02
3899.970, 0.3126140
3901.899, 0.1688999
3903.827, 2.3684669E-02
3905.756, -0.2154594
3907.684, -0.2572184
3909.613, 0.5273951
3911.541, -2.7373619E-02
3913.469, -0.3536797
3915.398, -5.6090791E-02
3917.326, -0.3883940
3919.255, -1.015671
3921.183, 0.1483608
3923.112, -0.8499328
3925.040, -1.284979
3926.969, -0.5032632
3928.897, 9.3838438E-02
3930.826, 0.6035680
3932.754, 9.3491547E-02
3934.683, -0.7704960
3936.611, 3.3791769E-02
3938.540, 0.6486691
3940.468, -2.5346520E-05
3942.396, 0.5977954
3944.325, -1.475376
3946.253, -1.409425
3948.182, -0.7443998
3950.110, -0.8681119
3952.039, -0.6997375
3953.967, -7.3691502E-02
3955.896, -0.6273743
3957.824, -0.9310788
3959.753, -0.2741705
3961.681, 0.1394729
3963.610, -0.1908079
3965.538, -0.6858532
3967.467, -1.008865
3969.395, -0.9431522
3971.323, -0.4961838
3973.252, 7.0977964E-02
3975.180, -0.7244233
3977.109, -0.5620101
3979.037, 3.9537910E-02
3980.966, -0.1057752
3982.894, -0.1752159
3984.823, 0.2210373
3986.751, 4.1527949E-02
3988.680, 0.6147983
3990.608, 0.2795362
3992.537, -0.5920395
3994.465, 0.2130445
3996.394, 0.6533594
3998.322, 0.8644574
4000.250, 0.3758243
4002.179, -6.6824830E-03
4004.107, 0.4918186
4006.036, 0.5794330
4007.964, 0.1577955
4009.893, -0.1501505
4011.821, -0.2145939
4013.750, 0.3806653
4015.678, -0.2919383
4017.607, 0.1219740
4019.535, 0.5109332
4021.464, 0.3018630
4023.392, 5.1075269E-02
4025.321, -0.6457508
4027.249, -0.7677311
4029.177, 0.2673520
4031.106, 0.2490624
4033.034, -0.4765100
4034.963, -1.247017
4036.891, -0.6069353
4038.820, -0.2674867
4040.748, 0.2348057
4042.677, 0.8538327
4044.605, 0.2217216
4046.534, -0.9264258
4048.462, -0.7793071
4050.391, 0.1009617
4052.319, 0.1606711
4054.248, 0.3975406
4056.176, 0.2526228
4058.104, 0.2471306
4060.033, -0.4793059
4061.961, -0.8561214
4063.890, -0.5390100
4065.818, -9.5552906E-02
4067.747, 1.4494090E-02
4069.675, -0.2412291
4071.604, -0.5101360
4073.532, -0.8408260
4075.461, -0.3555046
4077.389, 0.1787098
4079.318, 0.2924602
4081.246, 0.4717807
4083.175, -0.1285433
4085.103, -4.0273190E-02
4087.031, 0.2679416
4088.960, -0.1535183
4090.888, 0.3289091
4092.817, -0.3135780
4094.745, 0.1606910
4096.674, -1.007918
4098.603, -0.2341893
4100.531, 0.2419999
4102.459, 0.5754106
4104.388, 0.6791962
4106.316, 0.7166616
4108.245, 0.1642019
4110.173, -0.5767187
4112.102, -0.1506250
4114.030, 0.3816709
4115.958, 0.3289964
4117.887, 0.9127429
4119.815, -2.7451331E-02
4121.744, 0.2204488
4123.672, -0.6580455
4125.601, -0.4420330
4127.529, -0.7920659
4129.458, -0.6288342
4131.386, -0.2528881
4133.315, -0.5127007
4135.243, -4.7870118E-02
4137.172, -0.2976438
4139.100, -0.1163665
4141.029, -0.2252352
4142.957, -0.8050004
4144.886, -0.9598224
4146.814, -0.3065665
4148.743, 0.1179088
4150.671, -0.3341240
4152.600, -0.3728747
4154.528, 0.1200032
4156.457, 0.5770378
4158.385, 0.6401878
4160.313, 8.5609488E-02
4162.242, -1.9748600E-02
4164.170, -0.3829752
4166.099, -0.1420871
4168.027, 9.0548977E-02
4169.956, 0.8494343
4171.884, 0.5241116
4173.813, -0.4204781
4175.741, -0.4683851
4177.669, 0.4346325
4179.598, 0.5213198
4181.526, -0.1242404
4183.455, -0.2532640
4185.383, 0.2789754
4187.312, 0.5187176
4189.240, -0.4169727
4191.169, -0.1365701
4193.097, 0.6619042
4195.026, -1.315605
4196.954, -0.4307222
4198.883, -0.6665134
4200.811, 0.1773276
4202.740, 0.2057558
4204.668, 0.4045575
4206.597, 0.2203377
4208.525, 8.7937273E-02
4210.454, -5.0572950E-02
4212.382, 7.5387850E-02
4214.311, 0.6403790
4216.239, 0.1641470
4218.167, 0.8043137
4220.096, 0.1811202
4222.024, 0.6394428
4223.953, -0.8684820
4225.881, 0.4113654
4227.810, -0.3294908
4229.738, -1.6874731E-02
4231.667, 1.084981
4233.595, 0.7346538
4235.523, 0.4675711
4237.452, 0.7191227
4239.380, 0.6152611
4241.309, -4.6991359E-02
4243.237, -0.7225359
4245.166, -0.5167490
4247.094, 0.2850273
4249.023, 9.6582077E-02
4250.951, 0.1319893
4252.880, -0.4704603
4254.808, 0.2913179
4256.737, -0.2295400
4258.665, 0.2431250
4260.594, 0.5808712
4262.522, -0.3728004
4264.451, 0.5822092
4266.379, -0.1809782
4268.308, -0.4058143
4270.236, -0.6368276
4272.165, 0.5924156
4274.093, 0.4649466
4276.021, -1.011362
4277.950, -0.9243813
4279.878, -5.8612961E-02
4281.807, 0.4827684
4283.735, 0.7192713
4285.664, -0.3151420
4287.592, 0.5462219
4289.521, 0.2089325
4291.449, 0.3520545
4293.377, -1.126768
4295.306, -0.1410301
4297.234, -0.8352677
4299.163, 0.3336766
4301.091, 0.8698300
4303.020, 0.3123271
4304.948, -0.2461164
4306.877, -0.3273153
4308.805, -0.7067990
4310.734, -9.3521819E-02
4312.662, -0.2210301
4314.591, 5.2729581E-02
4316.519, 0.3727568
4318.448, -0.1422372
4320.376, 0.2361275
4322.305, 0.7830226
4324.233, 0.2265252
4326.162, 3.1390791E-03
4328.090, 0.1716302
4330.019, -0.2605163
4331.947, -0.3739139
4333.875, 0.6715223
4335.804, -0.1259296
4337.732, 8.8789649E-02
4339.661, -0.1955992
4341.589, -1.053600
4343.518, -1.249489
4345.446, 0.3154626
4347.375, 0.3597489
4349.303, -0.8659538
4351.231, -0.1444488
4353.160, -0.2643860
4355.088, -0.6189755
4357.017, 0.8631127
4358.945, 0.6647609
4360.874, -0.1910293
4362.802, -4.6645399E-02
4364.731, -0.4519472
4366.659, -0.7305133
4368.588, -0.1368344
4370.516, 0.3008096
4372.445, 0.3814282
4374.373, 3.8073830E-02
4376.302, -3.5661250E-02
4378.230, 7.2962523E-02
4380.159, 0.2634920
4382.087, 0.2255158
##END=



