##NAMES=Hemimorphite
##RRUFFID=R040117
##IDEAL CHEMISTRY=Zn_4_(Si_2_O_7_)(OH)_2_·H_2_O
##LOCALITY=Durango, Mexico
##OWNER=RRUFF
##SOURCE=University of Arizona Mineral Museum
##DESCRIPTION=Colorless thin tabular crystals in a sheaflike aggregate
##STATUS=The identification of this mineral has been confirmed by X-ray diffraction and chemical analysis
##URL=https://www.rruff.net/odr/rruff_sample/R040117
##MEASURED CHEMISTRY=Zn_4.05_Si_1.97_O_7_((OH)_0.99_F_0.01_)_2_·H_2_O
##DIFFRACTION SAMPLE DESCRIPTION=Powder
##CELL PARAMETERS=a: 8.3691 b: 10.7208 c: 5.1156 alpha: 90 beta: 90 gamma: 90 volume: 458.99 crystal system: orthorhombic
##FILETYPE=Raman RAW
##RAMAN WAVELENGTH=532

123.7820, 1056.328
125.7104, 1272.482
127.6389, 1555.623
129.5674, 1852.720
131.4958, 2164.910
133.4243, 2520.891
135.3528, 2785.134
137.2813, 2950.460
139.2097, 3019.219
141.1382, 3022.426
143.0667, 2920.511
144.9951, 2787.159
146.9236, 2658.652
148.8521, 2525.310
150.7805, 2409.478
152.7090, 2311.738
154.6375, 2232.215
156.5659, 2176.141
158.4944, 2151.485
160.4229, 2147.075
162.3513, 2160.772
164.2798, 2204.901
166.2083, 2245.236
168.1367, 2280.792
170.0652, 2316.532
171.9937, 2311.303
173.9221, 2260.424
175.8506, 2171.363
177.7791, 2056.218
179.7075, 1899.347
181.6360, 1738.959
183.5645, 1586.016
185.4929, 1426.534
187.4214, 1305.167
189.3499, 1236.091
191.2783, 1207.251
193.2068, 1185.463
195.1353, 1172.660
197.0637, 1164.839
198.9922, 1160.144
200.9207, 1158.251
202.8491, 1160.263
204.7776, 1169.107
206.7061, 1182.819
208.6345, 1195.078
210.5630, 1205.632
212.4915, 1214.410
214.4199, 1222.130
216.3484, 1233.688
218.2769, 1235.432
220.2053, 1219.889
222.1338, 1187.445
224.0623, 1156.683
225.9907, 1130.114
227.9192, 1104.570
229.8477, 1076.460
231.7761, 1044.294
233.7046, 1012.785
235.6331, 982.0400
237.5615, 950.6615
239.4900, 926.8016
241.4185, 915.0291
243.3469, 908.8759
245.2754, 899.6331
247.2039, 883.3420
249.1323, 869.8596
251.0608, 862.1094
252.9893, 861.6536
254.9177, 864.3644
256.8462, 871.7767
258.7747, 882.1494
260.7031, 892.9016
262.6316, 903.2092
264.5601, 914.8608
266.4885, 927.7216
268.4170, 941.2489
270.3455, 959.3587
272.2739, 992.5109
274.2024, 1029.262
276.1309, 1050.475
278.0593, 1049.262
279.9878, 1037.441
281.9163, 1015.934
283.8447, 984.4921
285.7732, 948.2291
287.7017, 904.6264
289.6301, 856.8466
291.5586, 809.8525
293.4871, 758.2753
295.4155, 711.9000
297.3440, 674.8995
299.2725, 646.0895
301.2009, 625.8110
303.1294, 618.1006
305.0579, 618.3251
306.9863, 618.9662
308.9148, 616.2462
310.8433, 617.2278
312.7717, 622.5456
314.7002, 630.7697
316.6287, 651.6891
318.5571, 687.6890
320.4856, 736.0547
322.4141, 795.5011
324.3425, 871.2119
326.2710, 949.5112
328.1995, 1031.963
330.1279, 1121.345
332.0564, 1188.237
333.9849, 1236.854
335.9133, 1261.536
337.8418, 1249.845
339.7703, 1195.573
341.6987, 1121.746
343.6272, 1027.640
345.5557, 908.4753
347.4841, 812.8330
349.4126, 747.7211
351.3411, 702.1310
353.2695, 664.7863
355.1980, 634.0530
357.1265, 613.3144
359.0549, 605.3257
360.9834, 610.8296
362.9119, 616.6711
364.8403, 623.1797
366.7688, 629.7586
368.6973, 635.1596
370.6257, 637.7620
372.5542, 644.0916
374.4827, 656.3831
376.4111, 674.1028
378.3396, 693.3424
380.2681, 713.5234
382.1965, 735.4536
384.1250, 759.7566
386.0535, 786.3893
387.9819, 814.5862
389.9104, 845.6165
391.8389, 878.1007
393.7673, 908.0549
395.6958, 936.5599
397.6243, 961.9763
399.5527, 984.4695
401.4812, 1004.619
403.4097, 1018.368
405.3381, 1025.400
407.2666, 1026.253
409.1951, 1020.235
411.1235, 1006.183
413.0520, 988.3596
414.9805, 965.4860
416.9089, 938.2625
418.8374, 914.5989
420.7659, 891.7502
422.6943, 874.5204
424.6228, 867.0127
426.5513, 866.8926
428.4797, 879.4401
430.4082, 907.0262
432.3367, 948.0839
434.2651, 1004.115
436.1936, 1071.529
438.1221, 1157.128
440.0505, 1265.540
441.9790, 1396.457
443.9075, 1548.649
445.8359, 1738.700
447.7644, 1946.194
449.6929, 2147.014
451.6213, 2395.118
453.5498, 2578.540
455.4783, 2675.923
457.4067, 2683.517
459.3352, 2620.302
461.2637, 2456.371
463.1921, 2238.504
465.1206, 1995.923
467.0491, 1689.282
468.9775, 1418.322
470.9060, 1189.535
472.8345, 1003.712
474.7629, 849.0037
476.6914, 731.0942
478.6199, 639.9550
480.5483, 571.2095
482.4768, 530.4182
484.4053, 494.5555
486.3337, 464.0995
488.2622, 437.9892
490.1907, 414.8829
492.1191, 394.4206
494.0476, 377.6695
495.9761, 365.6400
497.9045, 357.5433
499.8330, 350.2832
501.7615, 343.7572
503.6899, 338.0000
505.6184, 333.7505
507.5469, 330.9482
509.4753, 326.9930
511.4038, 319.2274
513.3323, 311.1093
515.2607, 305.9192
517.1892, 306.6835
519.1177, 306.7377
521.0461, 304.9269
522.9746, 301.8670
524.9031, 299.0252
526.8315, 295.5620
528.7600, 293.4754
530.6885, 293.8221
532.6169, 297.5589
534.5454, 300.9336
536.4739, 301.3370
538.4023, 302.9358
540.3308, 309.5554
542.2593, 322.9772
544.1877, 336.6608
546.1162, 347.1932
548.0447, 356.1952
549.9731, 370.7404
551.9016, 396.3194
553.8301, 421.1761
555.7585, 442.9992
557.6870, 461.9975
559.6155, 473.0833
561.5439, 472.0091
563.4724, 464.8675
565.4009, 455.1335
567.3293, 442.3676
569.2578, 427.5847
571.1863, 408.0539
573.1147, 387.1831
575.0432, 370.3120
576.9717, 359.9720
578.9001, 350.3994
580.8286, 339.4864
582.7571, 327.2940
584.6855, 317.0184
586.6140, 310.0605
588.5425, 303.7732
590.4709, 296.6015
592.3994, 288.4011
594.3279, 280.9476
596.2563, 274.7397
598.1848, 269.2686
600.1133, 264.0793
602.0417, 259.1570
603.9702, 254.4941
605.8987, 249.3234
607.8271, 244.5156
609.7556, 241.9242
611.6841, 243.4421
613.6125, 244.9963
615.5410, 245.0029
617.4695, 243.2819
619.3979, 242.5025
621.3264, 243.2456
623.2549, 244.4354
625.1833, 245.0557
627.1118, 244.8197
629.0403, 246.3411
630.9688, 250.7780
632.8972, 256.7891
634.8257, 263.2044
636.7542, 270.6824
638.6826, 277.5062
640.6111, 280.7842
642.5396, 283.7884
644.4680, 292.3837
646.3965, 309.7108
648.3250, 328.6914
650.2534, 346.7364
652.1819, 363.9355
654.1104, 383.3667
656.0388, 399.4002
657.9673, 422.1154
659.8958, 458.3392
661.8242, 507.0269
663.7527, 559.4358
665.6812, 615.3744
667.6096, 673.5853
669.5381, 734.3276
671.4666, 806.9148
673.3950, 866.5922
675.3235, 919.6528
677.2520, 955.6381
679.1804, 965.1364
681.1089, 945.2679
683.0374, 905.5278
684.9658, 843.7147
686.8943, 765.0201
688.8228, 684.7349
690.7512, 590.9833
692.6797, 508.1768
694.6082, 443.6733
696.5366, 396.2640
698.4651, 360.1727
700.3936, 340.5037
702.3220, 326.5598
704.2505, 313.8999
706.1790, 302.7851
708.1074, 291.9406
710.0359, 279.3325
711.9644, 268.4546
713.8928, 262.5649
715.8213, 261.6492
717.7498, 261.0424
719.6782, 259.0883
721.6067, 257.6004
723.5352, 258.4097
725.4636, 264.5064
727.3921, 267.5385
729.3206, 263.9035
731.2490, 258.0547
733.1775, 257.2130
735.1060, 263.6497
737.0344, 268.1798
738.9629, 265.9957
740.8914, 260.2285
742.8198, 256.9663
744.7483, 257.9629
746.6768, 259.6313
748.6052, 260.8563
750.5337, 262.1990
752.4622, 266.1029
754.3906, 275.8868
756.3191, 283.3149
758.2476, 283.1527
760.1760, 276.9655
762.1045, 273.6716
764.0330, 276.7631
765.9614, 280.1811
767.8899, 281.5225
769.8184, 280.5697
771.7468, 281.2997
773.6753, 285.9423
775.6038, 290.2197
777.5322, 291.6526
779.4607, 290.3157
781.3892, 289.0340
783.3176, 288.5121
785.2461, 287.9052
787.1746, 286.7463
789.1030, 284.8731
791.0315, 282.8258
792.9600, 280.1924
794.8884, 277.6805
796.8169, 276.1929
798.7454, 275.9534
800.6738, 274.5349
802.6023, 268.7776
804.5308, 263.2734
806.4592, 261.8031
808.3877, 268.2084
810.3162, 272.4251
812.2446, 274.8813
814.1731, 274.8889
816.1016, 270.6434
818.0300, 260.9129
819.9585, 253.6391
821.8870, 252.8687
823.8154, 254.6743
825.7439, 255.0457
827.6724, 251.2580
829.6008, 250.8052
831.5293, 257.0641
833.4578, 265.8033
835.3862, 270.7041
837.3147, 270.6857
839.2432, 271.1859
841.1716, 273.6461
843.1001, 277.4026
845.0286, 281.8754
846.9570, 287.9915
848.8855, 292.8516
850.8140, 294.0647
852.7424, 294.3782
854.6709, 298.6903
856.5994, 308.7883
858.5278, 318.5560
860.4563, 325.7667
862.3848, 332.4653
864.3132, 340.9779
866.2417, 351.2311
868.1702, 363.8827
870.0986, 378.8623
872.0271, 396.2007
873.9556, 415.9848
875.8840, 438.5362
877.8125, 463.1754
879.7410, 487.6750
881.6694, 515.3107
883.5979, 549.8891
885.5264, 591.2625
887.4548, 639.2277
889.3833, 694.6448
891.3118, 756.1768
893.2402, 822.4719
895.1687, 887.7888
897.0972, 968.5709
899.0256, 1059.775
900.9541, 1169.026
902.8826, 1308.588
904.8110, 1477.454
906.7395, 1669.738
908.6680, 1860.507
910.5964, 2090.409
912.5249, 2392.480
914.4534, 2767.509
916.3818, 3217.674
918.3103, 3748.203
920.2388, 4343.446
922.1672, 5007.918
924.0957, 5800.551
926.0242, 6505.315
927.9526, 7204.771
929.8811, 7740.709
931.8096, 8003.437
933.7380, 8002.578
935.6665, 7762.645
937.5950, 7170.284
939.5234, 6422.187
941.4519, 5597.972
943.3804, 4648.797
945.3088, 3800.820
947.2373, 3032.019
949.1658, 2371.745
951.0942, 1850.380
953.0227, 1467.862
954.9512, 1166.210
956.8796, 968.2654
958.8081, 823.1740
960.7366, 710.3129
962.6650, 627.7795
964.5935, 563.1176
966.5220, 529.1309
968.4504, 499.5294
970.3789, 465.8106
972.3074, 429.4151
974.2358, 401.4586
976.1643, 385.0461
978.0928, 371.7180
980.0212, 360.1121
981.9497, 349.9675
983.8782, 340.6516
985.8066, 331.9396
987.7351, 324.6813
989.6636, 319.3370
991.5920, 315.4721
993.5205, 312.5492
995.4490, 311.1402
997.3774, 309.8481
999.3059, 309.5575
1001.234, 308.8581
1003.163, 305.3479
1005.091, 298.2515
1007.020, 293.2476
1008.948, 292.9166
1010.877, 293.6991
1012.805, 292.9251
1014.734, 290.4334
1016.662, 288.7382
1018.591, 289.7572
1020.519, 290.1837
1022.448, 288.4210
1024.376, 284.3696
1026.304, 279.9211
1028.233, 274.0642
1030.161, 268.9432
1032.090, 264.8196
1034.018, 262.0757
1035.947, 262.1755
1037.875, 267.7951
1039.804, 270.5573
1041.732, 263.9571
1043.661, 253.5951
1045.589, 249.3355
1047.518, 255.0871
1049.446, 259.2055
1051.375, 259.3246
1053.303, 257.7296
1055.231, 256.8885
1057.160, 257.3699
1059.088, 256.6202
1061.017, 252.8092
1062.945, 249.1202
1064.874, 248.2963
1066.802, 249.8565
1068.731, 249.8979
1070.659, 246.4261
1072.588, 243.4943
1074.516, 243.4571
1076.445, 245.6454
1078.373, 246.0756
1080.302, 242.3985
1082.230, 239.7681
1084.158, 239.6444
1086.087, 240.8473
1088.015, 241.2682
1089.944, 240.8533
1091.872, 240.0154
1093.801, 237.5542
1095.729, 235.6323
1097.658, 236.6369
1099.586, 240.6466
1101.515, 242.8621
1103.443, 240.6566
1105.372, 238.5352
1107.300, 239.1501
1109.229, 242.2839
1111.157, 243.4568
1113.085, 240.9212
1115.014, 238.5646
1116.942, 236.6146
1118.871, 235.5079
1120.799, 236.3710
1122.728, 239.6425
1124.656, 243.1374
1126.585, 246.8420
1128.513, 250.2796
1130.442, 253.1508
1132.370, 255.4642
1134.299, 257.1744
1136.227, 258.8558
1138.156, 259.1815
1140.084, 256.4996
1142.012, 251.3575
1143.941, 248.7686
1145.869, 252.0471
1147.798, 253.7274
1149.726, 251.0182
1151.655, 246.5125
1153.583, 244.4008
1155.512, 244.7567
1157.440, 246.5112
1159.369, 251.9436
1161.297, 256.6942
1163.226, 256.7816
1165.154, 252.8931
1167.083, 251.3176
1169.011, 253.1965
1170.939, 256.8924
1172.868, 262.5640
1174.796, 269.4237
1176.725, 275.5209
1178.653, 281.9417
1180.582, 285.6634
1182.510, 283.9530
1184.439, 281.2000
1186.367, 282.0349
1188.296, 287.2340
1190.224, 290.1731
1192.153, 289.3360
1194.081, 287.6425
1196.010, 286.0147
1197.938, 284.5270
1199.866, 283.6096
1201.795, 283.9331
1203.723, 282.9737
1205.652, 278.4719
1207.580, 273.2894
1209.509, 270.1288
1211.437, 269.4919
1213.366, 268.6057
1215.294, 267.1837
1217.223, 265.6341
1219.151, 265.6288
1221.080, 266.0390
1223.008, 260.9277
1224.937, 244.9206
1226.865, 232.6773
1228.793, 227.9527
1230.722, 227.1117
1232.650, 227.6500
1234.579, 229.6062
1236.507, 228.1909
1238.436, 220.6143
1240.364, 212.4898
1242.293, 206.1122
1244.221, 201.3273
1246.150, 198.0621
1248.078, 197.0414
1250.007, 195.8028
1251.935, 193.3660
1253.864, 190.8755
1255.792, 189.3614
1257.720, 189.0266
1259.649, 188.4784
1261.577, 188.2514
1263.506, 187.2115
1265.434, 183.9406
1267.363, 179.7934
1269.291, 177.8949
1271.220, 178.5659
1273.148, 179.9009
1275.077, 182.6595
1277.005, 185.0706
1278.934, 186.1576
1280.862, 185.9661
1282.791, 184.0766
1284.719, 178.9919
1286.647, 175.3901
1288.576, 176.0910
1290.504, 178.4654
1292.433, 179.6653
1294.361, 179.5759
1296.290, 178.8979
1298.218, 175.8316
1300.147, 174.2119
1302.075, 177.1921
1304.004, 182.8654
1305.932, 184.9800
1307.861, 180.2634
1309.789, 176.8061
1311.718, 173.9498
1313.646, 173.2129
1315.574, 178.1852
1317.503, 187.9859
1319.431, 190.1923
1321.360, 179.0300
1323.288, 170.5937
1325.217, 171.8013
1327.145, 177.5730
1329.074, 182.5013
1331.002, 186.5748
1332.931, 190.3234
1334.859, 194.3627
1336.788, 197.2343
1338.716, 197.3392
1340.645, 196.0764
1342.573, 196.6350
1344.501, 199.4766
1346.430, 202.7646
1348.358, 206.5295
1350.287, 210.3870
1352.215, 214.0835
1354.144, 217.6729
1356.072, 221.5405
1358.001, 226.1590
1359.929, 230.4110
1361.858, 235.5047
1363.786, 239.2085
1365.715, 238.8041
1367.643, 234.2845
1369.572, 231.5252
1371.500, 231.3341
1373.428, 231.5522
1375.357, 232.6114
1377.285, 233.1440
1379.214, 231.1162
1381.142, 226.6636
1383.071, 223.1878
1384.999, 221.6816
1386.928, 220.1588
1388.856, 218.2331
1390.785, 215.5384
1392.713, 210.7376
1394.642, 203.2998
1396.570, 198.8442
1398.499, 200.6537
1400.427, 202.3475
1402.355, 201.1556
1404.284, 198.1014
1406.212, 195.4223
1408.141, 193.4617
1410.069, 190.8998
1411.998, 187.1403
1413.926, 183.3252
1415.855, 178.7454
1417.783, 174.5338
1419.712, 174.2294
1421.640, 181.4335
1423.569, 186.6435
1425.497, 189.9004
1427.426, 191.1192
1429.354, 188.7240
1431.282, 184.0966
1433.211, 182.7564
1435.139, 186.2131
1437.068, 188.3166
1438.996, 186.7443
1440.925, 184.8880
1442.853, 185.3266
1444.782, 187.1404
1446.710, 187.3126
1448.639, 185.2303
1450.567, 183.7222
1452.496, 183.1846
1454.424, 183.7103
1456.353, 186.3918
1458.281, 190.1181
1460.209, 191.4481
1462.138, 189.5689
1464.066, 187.9828
1465.995, 186.5746
1467.923, 186.8037
1469.852, 191.5866
1471.780, 198.8923
1473.709, 199.6189
1475.637, 190.3797
1477.566, 184.7192
1479.494, 187.6839
1481.423, 192.3185
1483.351, 196.3783
1485.280, 199.3793
1487.208, 199.2785
1489.136, 194.1684
1491.065, 190.3393
1492.993, 187.5719
1494.922, 186.8530
1496.850, 190.4934
1498.779, 196.3742
1500.707, 198.3943
1502.636, 192.1658
1504.564, 190.9630
1506.493, 201.6015
1508.421, 209.3387
1510.350, 203.8923
1512.278, 192.3953
1514.207, 189.6040
1516.135, 199.1947
1518.063, 205.0855
1519.992, 204.4556
1521.920, 203.2289
1523.849, 201.9539
1525.777, 202.0246
1527.706, 207.2159
1529.634, 218.1951
1531.563, 222.6770
1533.491, 214.1806
1535.420, 208.3985
1537.348, 212.9775
1539.277, 220.7783
1541.205, 224.1299
1543.134, 223.6575
1545.062, 223.9297
1546.990, 225.5054
1548.919, 227.0419
1550.847, 227.6852
1552.776, 228.5444
1554.704, 231.2935
1556.633, 234.9635
1558.561, 236.1652
1560.490, 234.1563
1562.418, 232.4330
1564.347, 232.7620
1566.275, 232.4238
1568.204, 227.7003
1570.132, 221.8812
1572.061, 222.3789
1573.989, 230.1427
1575.917, 234.6559
1577.846, 232.6679
1579.774, 229.8598
1581.703, 228.4591
1583.631, 227.7989
1585.560, 227.5036
1587.488, 227.5114
1589.417, 226.1844
1591.345, 222.5185
1593.274, 219.5280
1595.202, 217.7574
1597.131, 217.3918
1599.059, 219.1675
1600.988, 222.5888
1602.916, 225.2642
1604.844, 226.9596
1606.773, 228.5661
1608.701, 228.5670
1610.630, 230.6579
1612.558, 238.4559
1614.487, 248.5684
1616.415, 254.0083
1618.344, 253.8609
1620.272, 258.0465
1622.201, 267.7121
1624.129, 281.2142
1626.058, 302.4211
1627.986, 323.4787
1629.915, 336.4532
1631.843, 342.3383
1633.771, 352.2429
1635.700, 370.1661
1637.628, 381.0294
1639.557, 382.2102
1641.485, 375.7139
1643.414, 357.7398
1645.342, 334.3972
1647.271, 316.6738
1649.199, 305.3268
1651.128, 294.2704
1653.056, 283.7251
1654.985, 272.5664
1656.913, 257.9429
1658.842, 244.9422
1660.770, 238.6462
1662.698, 237.6918
1664.627, 234.3522
1666.555, 226.7135
1668.484, 222.6338
1670.412, 226.7794
1672.341, 229.9828
1674.269, 227.2970
1676.198, 223.0719
1678.126, 223.6015
1680.055, 229.1753
1681.983, 231.1248
1683.912, 227.4235
1685.840, 224.2725
1687.769, 222.8895
1689.697, 222.2357
1691.625, 221.4113
1693.554, 221.0573
1695.482, 223.1914
1697.411, 228.5439
1699.339, 230.7891
1701.268, 227.1402
1703.196, 224.7038
1705.125, 227.7835
1707.053, 230.2724
1708.982, 226.2741
1710.910, 218.1227
1712.839, 214.7552
1714.767, 217.3848
1716.696, 218.3917
1718.624, 215.1627
1720.552, 213.1329
1722.481, 215.7513
1724.409, 218.8720
1726.338, 218.1669
1728.266, 214.6145
1730.195, 213.8851
1732.123, 217.0431
1734.052, 218.1086
1735.980, 214.8311
1737.909, 211.4009
1739.837, 208.6130
1741.766, 207.1935
1743.694, 209.5309
1745.623, 214.2929
1747.551, 213.3847
1749.479, 204.6575
1751.408, 199.7458
1753.336, 202.1972
1755.265, 206.6504
1757.193, 213.6759
1759.122, 219.1825
1761.050, 217.1529
1762.979, 209.5812
1764.907, 205.9624
1766.836, 207.2162
1768.764, 209.9127
1770.693, 215.0338
1772.621, 218.7565
1774.550, 217.8469
1776.478, 215.7056
1778.406, 216.8183
1780.335, 219.7854
1782.263, 217.9593
1784.192, 209.5401
1786.120, 205.7348
1788.049, 211.4498
1789.977, 217.3424
1791.906, 220.1164
1793.834, 220.8240
1795.763, 219.4341
1797.691, 216.7461
1799.620, 216.0370
1801.548, 217.6729
1803.477, 219.3237
1805.405, 221.5943
1807.333, 222.5946
1809.262, 219.3266
1811.190, 216.8373
1813.119, 222.0703
1815.047, 230.9964
1816.976, 230.5971
1818.904, 216.9270
1820.833, 211.2265
1822.761, 220.4920
1824.690, 227.3243
1826.618, 227.2939
1828.547, 225.7133
1830.475, 225.4174
1832.404, 225.9932
1834.332, 226.6797
1836.260, 227.4452
1838.189, 228.7256
1840.117, 230.7308
1842.046, 232.8621
1843.974, 236.7597
1845.903, 238.6536
1847.831, 234.7332
1849.760, 229.7574
1851.688, 229.6278
1853.617, 233.5678
1855.545, 235.6556
1857.474, 235.4833
1859.402, 235.5399
1861.331, 236.0554
1863.259, 236.9313
1865.188, 238.1445
1867.116, 239.7018
1869.044, 242.8828
1870.973, 245.8724
1872.901, 244.1474
1874.830, 238.1067
1876.758, 235.0108
1878.687, 236.3209
1880.615, 237.2175
1882.544, 235.2706
1884.472, 234.5257
1886.401, 239.3562
1888.329, 244.5214
1890.258, 243.4890
1892.186, 238.0141
1894.115, 235.0210
1896.043, 234.9163
1897.971, 234.5520
1899.900, 231.3130
1901.828, 231.6469
1903.757, 241.3567
1905.685, 249.9347
1907.614, 250.6194
1909.542, 246.7321
1911.471, 241.3594
1913.399, 234.9583
1915.328, 235.1587
1917.256, 247.8595
1919.185, 253.0293
1921.113, 242.1239
1923.042, 234.7909
1924.970, 237.9920
1926.898, 243.3033
1928.827, 245.8307
1930.755, 246.5185
1932.684, 246.4029
1934.612, 245.6859
1936.541, 247.2093
1938.469, 251.9019
1940.398, 254.2272
1942.326, 252.3549
1944.255, 249.7863
1946.183, 246.3559
1948.112, 244.3401
1950.040, 246.7644
1951.969, 251.0302
1953.897, 252.7473
1955.825, 252.1500
1957.754, 251.0897
1959.682, 248.9368
1961.611, 248.8146
1963.539, 253.5780
1965.468, 256.8657
1967.396, 256.0834
1969.325, 254.2418
1971.253, 251.9370
1973.182, 250.6976
1975.110, 254.7673
1977.039, 263.4881
1978.967, 265.1538
1980.896, 256.4198
1982.824, 252.2334
1984.752, 255.9908
1986.681, 259.7496
1988.609, 262.4023
1990.538, 263.4630
1992.466, 261.3033
1994.395, 258.4747
1996.323, 258.5222
1998.252, 260.3279
2000.180, 259.4845
2002.109, 255.7637
2004.037, 256.5927
2005.966, 265.9070
2007.894, 270.3738
2009.823, 261.0761
2011.751, 253.8508
2013.679, 258.9462
2015.608, 265.3762
2017.536, 261.7619
2019.465, 252.7828
2021.393, 248.7244
2023.322, 249.6734
2025.250, 251.2755
2027.179, 253.1471
2029.107, 256.8478
2031.036, 265.9034
2032.964, 270.9753
2034.893, 267.6327
2036.821, 262.2652
2038.750, 254.9899
2040.678, 249.8637
2042.606, 254.0120
2044.535, 263.4232
2046.463, 266.4662
2048.392, 263.1666
2050.320, 261.1690
2052.249, 261.3398
2054.177, 261.8337
2056.106, 263.6732
2058.034, 263.7930
2059.963, 258.5497
2061.891, 254.3278
2063.820, 257.5293
2065.748, 262.7911
2067.677, 261.7909
2069.605, 256.2103
2071.533, 254.6353
2073.462, 257.8486
2075.390, 258.8182
2077.319, 256.4177
2079.247, 254.8285
2081.176, 254.7530
2083.104, 255.5814
2085.033, 257.6721
2086.961, 259.8769
2088.890, 262.0934
2090.818, 263.5025
2092.747, 262.1266
2094.675, 259.2186
2096.604, 259.6650
2098.532, 264.0926
2100.460, 264.0848
2102.389, 256.9408
2104.317, 250.6943
2106.246, 244.0013
2108.174, 240.4881
2110.103, 242.9129
2112.031, 246.2423
2113.960, 248.3831
2115.888, 249.8447
2117.817, 251.8865
2119.745, 253.3065
2121.674, 250.4970
2123.602, 244.3746
2125.531, 240.5177
2127.459, 239.2319
2129.387, 239.8991
2131.316, 243.2778
2133.244, 246.5648
2135.173, 250.0461
2137.101, 252.1458
2139.030, 251.1902
2140.958, 249.9061
2142.887, 250.7043
2144.815, 251.9049
2146.744, 251.5611
2148.672, 249.7277
2150.601, 244.8938
2152.529, 237.5617
2154.458, 239.6306
2156.386, 253.9298
2158.314, 257.3489
2160.243, 240.7235
2162.171, 229.7703
2164.100, 235.5398
2166.028, 242.9711
2167.957, 247.9000
2169.885, 250.2545
2171.814, 248.8715
2173.742, 245.6651
2175.671, 242.8614
2177.599, 240.4326
2179.528, 238.1107
2181.456, 235.9125
2183.385, 235.1991
2185.313, 236.2398
2187.241, 236.5016
2189.170, 235.1030
2191.098, 235.1148
2193.027, 238.5540
2194.955, 241.2193
2196.884, 241.1596
2198.812, 240.1920
2200.741, 239.6531
2202.669, 238.5445
2204.598, 234.2366
2206.526, 229.3210
2208.455, 229.9943
2210.383, 235.3792
2212.312, 237.7966
2214.240, 237.0676
2216.168, 239.4655
2218.097, 246.5663
2220.025, 249.2266
2221.954, 244.2823
2223.882, 239.2918
2225.811, 235.4536
2227.739, 233.4489
2229.668, 236.5180
2231.596, 238.0699
2233.525, 229.6471
2235.453, 220.6606
2237.382, 223.9770
2239.310, 234.0312
2241.239, 238.7458
2243.167, 238.8297
2245.095, 238.5760
2247.024, 238.0026
2248.952, 234.3311
2250.881, 226.1539
2252.809, 223.1028
2254.738, 229.7202
2256.666, 234.5864
2258.595, 233.6264
2260.523, 233.0558
2262.452, 236.1796
2264.380, 238.6366
2266.309, 236.9131
2268.237, 234.4912
2270.166, 234.2440
2272.094, 235.4718
2274.022, 237.8984
2275.951, 240.7359
2277.879, 242.0291
2279.808, 241.8053
2281.736, 240.3268
2283.665, 237.1969
2285.593, 235.2112
2287.522, 234.1929
2289.450, 234.8204
2291.379, 239.1330
2293.307, 241.2695
2295.236, 238.1176
2297.164, 236.4773
2299.093, 240.4379
2301.021, 244.0959
2302.949, 243.6694
2304.878, 241.8629
2306.806, 240.3419
2308.735, 239.2990
2310.663, 239.3793
2312.592, 240.0000
2314.520, 239.1722
2316.449, 237.3183
2318.377, 237.3369
2320.306, 239.1886
2322.234, 247.7261
2324.163, 264.5171
2326.091, 272.2181
2328.020, 266.4941
2329.948, 260.9297
2331.876, 258.3875
2333.805, 256.0773
2335.733, 253.7118
2337.662, 250.9352
2339.590, 246.3547
2341.519, 242.9110
2343.447, 244.2213
2345.376, 245.2396
2347.304, 239.8421
2349.233, 233.5246
2351.161, 233.7754
2353.090, 237.1610
2355.018, 237.5688
2356.947, 235.4768
2358.875, 232.4594
2360.803, 228.5491
2362.732, 224.8920
2364.660, 221.1339
2366.589, 220.2748
2368.517, 222.8678
2370.446, 225.6348
2372.374, 228.4393
2374.303, 230.3244
2376.231, 229.8935
2378.160, 231.1344
2380.088, 238.3031
2382.017, 242.7889
2383.945, 239.0598
2385.874, 235.0332
2387.802, 234.4549
2389.730, 235.6212
2391.659, 238.8925
2393.587, 241.7515
2395.516, 240.6662
2397.444, 238.3911
2399.373, 239.2690
2401.301, 241.8942
2403.230, 242.9457
2405.158, 242.6825
2407.087, 242.6632
2409.015, 242.8965
2410.944, 240.5365
2412.872, 235.3732
2414.801, 236.5744
2416.729, 245.6540
2418.657, 251.0101
2420.586, 250.4596
2422.514, 248.7011
2424.443, 244.5045
2426.371, 242.4951
2428.300, 245.6374
2430.228, 247.2467
2432.157, 243.3849
2434.085, 241.9824
2436.014, 248.2810
2437.942, 254.2413
2439.871, 255.6148
2441.799, 254.7240
2443.728, 251.6598
2445.656, 248.7292
2447.584, 248.7855
2449.513, 249.7734
2451.441, 249.0051
2453.370, 247.2989
2455.298, 246.1210
2457.227, 245.1695
2459.155, 243.0309
2461.084, 240.5178
2463.012, 241.5858
2464.941, 245.8429
2466.869, 247.2373
2468.798, 245.3904
2470.726, 245.1122
2472.655, 246.7973
2474.583, 245.1342
2476.511, 239.1617
2478.440, 236.0426
2480.368, 237.8974
2482.297, 237.8577
2484.225, 231.9250
2486.154, 229.0543
2488.082, 232.5238
2490.011, 235.3129
2491.939, 235.7663
2493.868, 236.5880
2495.796, 239.5145
2497.725, 241.2457
2499.653, 238.6649
2501.582, 236.7368
2503.510, 239.3543
2505.438, 241.7529
2507.367, 240.7685
2509.295, 238.4032
2511.224, 235.6911
2513.152, 232.9002
2515.081, 228.7819
2517.009, 226.1053
2518.938, 229.2741
2520.866, 234.9554
2522.795, 239.7518
2524.723, 242.3625
2526.652, 237.3743
2528.580, 228.9218
2530.509, 230.7609
2532.437, 238.9187
2534.365, 239.9650
2536.294, 235.2245
2538.222, 232.2727
2540.151, 231.1218
2542.079, 231.3298
2544.008, 233.0474
2545.936, 233.7598
2547.865, 233.4595
2549.793, 231.5834
2551.722, 227.8703
2553.650, 229.3025
2555.579, 238.2587
2557.507, 243.1180
2559.436, 240.1991
2561.364, 239.0472
2563.292, 240.9655
2565.221, 240.2816
2567.149, 235.2393
2569.078, 232.2892
2571.006, 233.9633
2572.935, 234.2189
2574.863, 227.5964
2576.792, 226.1429
2578.720, 238.5843
2580.649, 245.5448
2582.577, 239.0702
2584.506, 235.0490
2586.434, 240.8738
2588.363, 245.6817
2590.291, 243.3432
2592.219, 241.2458
2594.148, 244.5087
2596.076, 246.0555
2598.005, 239.4760
2599.933, 234.3724
2601.862, 236.8221
2603.790, 240.1662
2605.719, 240.1873
2607.647, 239.6709
2609.576, 241.1984
2611.504, 242.2157
2613.433, 239.8469
2615.361, 237.0570
2617.290, 236.6616
2619.218, 236.6750
2621.146, 234.3511
2623.075, 232.6694
2625.003, 237.0111
2626.932, 241.3761
2628.860, 236.6385
2630.789, 229.7740
2632.717, 229.7285
2634.646, 232.9692
2636.574, 235.3422
2638.503, 237.6191
2640.431, 242.7243
2642.360, 247.0746
2644.288, 242.3803
2646.217, 234.2157
2648.145, 233.5506
2650.073, 236.6030
2652.002, 234.9257
2653.930, 232.3386
2655.859, 238.7986
2657.787, 248.5722
2659.716, 246.7773
2661.644, 238.3898
2663.573, 237.0665
2665.501, 239.5272
2667.430, 235.3569
2669.358, 228.6309
2671.287, 231.7270
2673.215, 240.6866
2675.144, 242.7891
2677.072, 240.0338
2679.000, 239.1552
2680.929, 239.7924
2682.857, 241.3988
2684.786, 243.3370
2686.714, 243.6120
2688.643, 242.4318
2690.571, 239.7017
2692.500, 236.3291
2694.428, 236.4614
2696.357, 239.7407
2698.285, 246.9224
2700.214, 255.7762
2702.142, 258.5503
2704.071, 255.3810
2705.999, 243.6191
2707.927, 226.4559
2709.856, 220.9097
2711.784, 224.2887
2713.713, 227.5675
2715.641, 230.6218
2717.570, 234.3974
2719.498, 238.1247
2721.427, 237.0154
2723.355, 232.7442
2725.284, 234.0116
2727.212, 239.0025
2729.141, 242.6390
2731.069, 244.3175
2732.998, 240.9107
2734.926, 234.0660
2736.854, 229.1334
2738.783, 226.4611
2740.711, 228.4429
2742.640, 233.3532
2744.568, 236.5855
2746.497, 238.5396
2748.425, 240.9436
2750.354, 242.8542
2752.282, 239.6900
2754.211, 234.6019
2756.139, 236.8988
2758.068, 242.7382
2759.996, 243.2023
2761.925, 241.2694
2763.853, 244.4265
2765.781, 249.5377
2767.710, 250.2769
2769.638, 248.0697
2771.567, 243.4885
2773.495, 239.3077
2775.424, 242.0805
2777.352, 246.6316
2779.281, 243.2320
2781.209, 237.4721
2783.138, 238.0127
2785.066, 240.4288
2786.995, 238.3289
2788.923, 236.3029
2790.852, 241.7528
2792.780, 248.3206
2794.708, 249.0334
2796.637, 247.1952
2798.565, 243.3405
2800.494, 241.3865
2802.422, 248.1998
2804.351, 254.2751
2806.279, 249.2005
2808.208, 243.5354
2810.136, 245.2762
2812.065, 247.5127
2813.993, 245.8808
2815.922, 243.0994
2817.850, 238.0677
2819.779, 236.5100
2821.707, 245.1271
2823.635, 250.7649
2825.564, 245.2214
2827.492, 239.3540
2829.421, 235.4696
2831.349, 235.7727
2833.278, 244.2190
2835.206, 250.2901
2837.135, 250.4554
2839.063, 250.3914
2840.992, 253.5961
2842.920, 253.3827
2844.849, 245.6946
2846.777, 241.5114
2848.706, 243.0611
2850.634, 243.1463
2852.563, 238.8201
2854.491, 240.1024
2856.419, 253.2440
2858.348, 257.7036
2860.276, 251.9964
2862.205, 249.3395
2864.133, 250.8549
2866.062, 250.7609
2867.990, 248.3776
2869.919, 248.9016
2871.847, 252.2983
2873.776, 253.4464
2875.704, 252.7851
2877.633, 254.3017
2879.561, 257.0121
2881.490, 254.1952
2883.418, 248.3082
2885.346, 249.4935
2887.275, 254.8195
2889.203, 257.8616
2891.132, 259.3984
2893.060, 260.9894
2894.989, 261.8404
2896.917, 259.1777
2898.846, 256.6573
2900.774, 259.0679
2902.703, 262.9254
2904.631, 265.9471
2906.560, 267.8029
2908.488, 267.8258
2910.417, 267.0854
2912.345, 264.8868
2914.273, 264.3704
2916.202, 269.3843
2918.130, 272.9480
2920.059, 269.2820
2921.987, 269.4250
2923.916, 278.5319
2925.844, 283.9057
2927.773, 280.5205
2929.701, 276.4097
2931.630, 270.0308
2933.558, 271.8083
2935.487, 284.1652
2937.415, 289.3233
2939.344, 284.1101
2941.272, 283.5114
2943.200, 288.7975
2945.129, 289.0901
2947.057, 285.5495
2948.986, 290.8015
2950.914, 302.0766
2952.843, 303.6281
2954.771, 298.8522
2956.700, 298.8880
2958.628, 300.7419
2960.557, 296.4668
2962.485, 291.5810
2964.414, 294.2343
2966.342, 299.6640
2968.271, 302.7400
2970.199, 305.9712
2972.127, 313.9490
2974.056, 318.7188
2975.984, 311.2037
2977.913, 305.7180
2979.841, 309.7118
2981.770, 315.3655
2983.698, 322.4130
2985.627, 325.9859
2987.555, 322.8229
2989.484, 319.2469
2991.412, 314.4344
2993.341, 316.8233
2995.269, 328.1421
2997.198, 328.1850
2999.126, 314.1263
3001.054, 311.1614
3002.983, 318.4761
3004.911, 327.4456
3006.840, 336.5655
3008.768, 340.7990
3010.697, 341.8653
3012.625, 343.9458
3014.554, 345.3673
3016.482, 340.1389
3018.411, 336.8082
3020.339, 348.0406
3022.268, 358.9820
3024.196, 357.0698
3026.125, 352.6048
3028.053, 347.8942
3029.981, 346.9444
3031.910, 353.0055
3033.838, 360.5067
3035.767, 370.8413
3037.695, 373.1847
3039.624, 363.4851
3041.552, 367.0799
3043.481, 392.2582
3045.409, 397.4605
3047.338, 383.7154
3049.266, 377.1859
3051.195, 378.0780
3053.123, 387.4813
3055.052, 400.0179
3056.980, 400.4723
3058.908, 396.1929
3060.837, 396.7213
3062.765, 400.8126
3064.694, 408.3116
3066.622, 417.6416
3068.551, 430.4648
3070.479, 440.1819
3072.408, 440.7176
3074.336, 445.1946
3076.265, 466.2428
3078.193, 472.9587
3080.122, 457.7564
3082.050, 455.6291
3083.979, 471.8391
3085.907, 485.8758
3087.835, 496.9081
3089.764, 508.3803
3091.692, 518.6685
3093.621, 518.7914
3095.549, 514.0501
3097.478, 513.1450
3099.406, 516.3345
3101.335, 526.1679
3103.263, 537.5961
3105.192, 547.8523
3107.120, 556.5537
3109.049, 563.0825
3110.977, 568.3972
3112.906, 571.7750
3114.834, 577.0734
3116.762, 584.4666
3118.691, 597.8018
3120.619, 618.9590
3122.548, 625.0851
3124.476, 617.5297
3126.405, 621.0148
3128.333, 634.3579
3130.262, 656.1946
3132.190, 678.8431
3134.119, 683.1614
3136.047, 684.4030
3137.976, 699.3208
3139.904, 718.1415
3141.833, 739.0054
3143.761, 752.3344
3145.689, 746.5153
3147.618, 748.0140
3149.546, 766.2377
3151.475, 784.5345
3153.403, 801.9099
3155.332, 817.1343
3157.260, 830.0463
3159.189, 833.2116
3161.117, 831.9459
3163.046, 858.4216
3164.974, 896.1144
3166.903, 915.6414
3168.831, 929.0558
3170.760, 947.3370
3172.688, 969.1349
3174.616, 995.8134
3176.545, 1021.939
3178.473, 1048.454
3180.402, 1065.539
3182.330, 1067.540
3184.259, 1090.603
3186.187, 1144.589
3188.116, 1171.928
3190.044, 1175.572
3191.973, 1193.931
3193.901, 1226.215
3195.830, 1277.096
3197.758, 1330.661
3199.687, 1360.284
3201.615, 1388.859
3203.543, 1434.269
3205.472, 1480.987
3207.400, 1523.562
3209.329, 1561.984
3211.257, 1593.766
3213.186, 1634.949
3215.114, 1688.453
3217.043, 1753.583
3218.971, 1828.328
3220.900, 1888.744
3222.828, 1938.520
3224.757, 1983.005
3226.685, 2027.848
3228.614, 2079.600
3230.542, 2136.419
3232.470, 2205.878
3234.399, 2265.077
3236.327, 2300.964
3238.256, 2332.793
3240.184, 2362.652
3242.113, 2389.424
3244.041, 2413.187
3245.970, 2421.872
3247.898, 2421.365
3249.827, 2446.573
3251.755, 2476.294
3253.684, 2465.867
3255.612, 2455.984
3257.541, 2488.969
3259.469, 2526.255
3261.397, 2546.786
3263.326, 2573.862
3265.254, 2611.420
3267.183, 2659.541
3269.111, 2718.498
3271.040, 2770.608
3272.968, 2815.201
3274.897, 2844.295
3276.825, 2873.215
3278.754, 2930.894
3280.682, 3001.307
3282.611, 3074.334
3284.539, 3145.799
3286.468, 3213.897
3288.396, 3281.163
3290.324, 3351.703
3292.253, 3411.991
3294.181, 3461.820
3296.110, 3513.462
3298.038, 3569.571
3299.967, 3643.752
3301.895, 3724.287
3303.824, 3784.796
3305.752, 3848.935
3307.681, 3946.366
3309.609, 4035.124
3311.538, 4092.736
3313.466, 4162.604
3315.395, 4260.475
3317.323, 4335.688
3319.251, 4386.688
3321.180, 4461.317
3323.108, 4551.953
3325.037, 4643.585
3326.965, 4727.289
3328.894, 4781.846
3330.822, 4838.166
3332.751, 4911.417
3334.679, 4998.147
3336.608, 5104.845
3338.536, 5194.658
3340.465, 5263.750
3342.393, 5356.646
3344.322, 5468.319
3346.250, 5574.650
3348.178, 5666.323
3350.107, 5716.601
3352.035, 5767.440
3353.964, 5848.167
3355.892, 5950.058
3357.821, 6079.218
3359.749, 6200.828
3361.678, 6308.329
3363.606, 6412.993
3365.535, 6517.174
3367.463, 6628.748
3369.392, 6749.901
3371.320, 6895.842
3373.249, 7037.676
3375.177, 7142.174
3377.105, 7255.449
3379.034, 7400.520
3380.962, 7541.902
3382.891, 7674.868
3384.819, 7832.243
3386.748, 8011.151
3388.676, 8185.834
3390.605, 8358.344
3392.533, 8530.086
3394.462, 8702.891
3396.390, 8882.646
3398.319, 9051.867
3400.247, 9194.004
3402.176, 9371.812
3404.104, 9599.854
3406.032, 9790.923
3407.961, 9956.665
3409.889, 10145.72
3411.818, 10345.19
3413.746, 10548.52
3415.675, 10731.43
3417.603, 10858.77
3419.532, 11006.39
3421.460, 11195.58
3423.389, 11388.40
3425.317, 11580.84
3427.246, 11768.75
3429.174, 11941.37
3431.103, 12055.29
3433.031, 12153.36
3434.959, 12282.46
3436.888, 12400.74
3438.816, 12493.29
3440.745, 12567.02
3442.673, 12618.24
3444.602, 12687.48
3446.530, 12769.21
3448.459, 12824.96
3450.387, 12861.90
3452.316, 12879.84
3454.244, 12900.05
3456.173, 12946.68
3458.101, 12967.11
3460.030, 12918.46
3461.958, 12912.07
3463.886, 12942.47
3465.815, 12952.56
3467.743, 12941.31
3469.672, 12897.37
3471.600, 12845.83
3473.529, 12796.65
3475.457, 12768.40
3477.386, 12796.75
3479.314, 12730.98
3481.243, 12566.16
3483.171, 12522.06
3485.100, 12549.17
3487.028, 12493.79
3488.957, 12407.57
3490.885, 12331.26
3492.813, 12252.74
3494.742, 12162.76
3496.670, 12094.97
3498.599, 12059.03
3500.527, 11998.10
3502.456, 11914.36
3504.384, 11803.48
3506.313, 11690.47
3508.241, 11612.19
3510.170, 11517.64
3512.098, 11378.20
3514.027, 11262.75
3515.955, 11183.97
3517.884, 11120.32
3519.812, 11053.56
3521.740, 10929.91
3523.669, 10781.72
3525.597, 10627.56
3527.526, 10492.33
3529.454, 10388.60
3531.383, 10305.64
3533.311, 10241.53
3535.240, 10143.29
3537.168, 10019.85
3539.097, 9890.022
3541.025, 9763.071
3542.954, 9654.354
3544.882, 9534.846
3546.811, 9377.443
3548.739, 9273.346
3550.667, 9218.885
3552.596, 9097.289
3554.524, 8931.868
3556.453, 8749.887
3558.381, 8593.363
3560.310, 8520.519
3562.238, 8420.102
3564.167, 8264.947
3566.095, 8136.750
3568.024, 8036.341
3569.952, 7924.795
3571.881, 7799.729
3573.809, 7654.458
3575.738, 7504.076
3577.666, 7345.499
3579.594, 7225.610
3581.523, 7157.233
3583.451, 7000.500
3585.380, 6788.123
3587.308, 6659.639
3589.237, 6547.042
3591.165, 6377.914
3593.094, 6226.877
3595.022, 6121.340
3596.951, 6004.825
3598.879, 5871.356
3600.808, 5679.994
3602.736, 5480.702
3604.665, 5365.822
3606.593, 5260.101
3608.521, 5124.882
3610.450, 4974.234
3612.378, 4806.003
3614.307, 4645.538
3616.235, 4495.847
3618.164, 4375.927
3620.092, 4256.571
3622.021, 4104.312
3623.949, 3951.980
3625.878, 3809.905
3627.806, 3666.605
3629.735, 3522.399
3631.663, 3378.672
3633.592, 3239.614
3635.520, 3114.127
3637.448, 2990.595
3639.377, 2861.550
3641.305, 2740.634
3643.234, 2629.507
3645.162, 2513.211
3647.091, 2400.755
3649.019, 2319.448
3650.948, 2234.515
3652.876, 2117.355
3654.805, 2012.936
3656.733, 1932.814
3658.662, 1857.423
3660.590, 1786.238
3662.519, 1718.687
3664.447, 1653.370
3666.375, 1587.549
3668.304, 1527.676
3670.232, 1478.063
3672.161, 1430.788
3674.089, 1383.484
3676.018, 1319.102
3677.946, 1259.214
3679.875, 1234.470
3681.803, 1208.729
3683.732, 1163.245
3685.660, 1130.706
3687.589, 1107.716
3689.517, 1067.058
3691.446, 1023.835
3693.374, 1001.685
3695.302, 979.7674
3697.231, 949.1224
3699.159, 917.9384
3701.088, 887.5353
3703.016, 866.5526
3704.945, 848.3661
3706.873, 820.2631
3708.802, 796.8606
3710.730, 786.8090
3712.659, 778.5266
3714.587, 769.4506
3716.516, 735.9344
3718.444, 698.9551
3720.373, 693.1542
3722.301, 690.5770
3724.229, 681.0471
3726.158, 667.0208
3728.086, 649.5896
3730.015, 637.9254
3731.943, 626.0014
3733.872, 598.7277
3735.800, 579.9622
3737.729, 584.6378
3739.657, 580.5428
3741.586, 567.9946
3743.514, 565.8831
3745.443, 565.5368
3747.371, 553.1541
3749.300, 542.9100
3751.228, 542.0215
3753.156, 533.2245
3755.085, 518.5534
3757.013, 514.2000
3758.942, 512.7664
3760.870, 502.7204
3762.799, 500.6357
3764.727, 516.3834
3766.656, 514.0061
3768.584, 499.1969
3770.513, 495.8401
3772.441, 497.3152
3774.370, 502.3679
3776.298, 497.9915
3778.227, 477.2756
3780.155, 471.0161
3782.083, 473.6399
3784.012, 472.3280
3785.940, 468.2118
3787.869, 460.7303
3789.797, 455.0796
3791.726, 452.1735
3793.654, 456.7360
3795.583, 460.9479
3797.511, 449.0518
3799.440, 438.6609
3801.368, 437.1611
3803.297, 438.7551
3805.225, 442.3578
3807.154, 447.0776
3809.082, 448.5086
3811.010, 434.7158
3812.939, 433.9693
3814.867, 455.2943
3816.796, 455.2338
3818.724, 438.5448
3820.653, 422.4356
3822.581, 411.4921
3824.510, 412.4288
3826.438, 411.0024
3828.367, 406.0773
3830.295, 417.7646
3832.224, 431.8787
3834.152, 418.2841
3836.081, 404.6711
3838.009, 401.4854
3839.938, 412.9749
3841.866, 432.9279
3843.794, 425.1548
3845.723, 409.9032
3847.651, 404.8605
3849.580, 402.0316
3851.508, 399.4920
3853.437, 400.1167
3855.365, 401.4914
3857.294, 398.6703
3859.222, 393.5268
3861.151, 383.8390
3863.079, 386.9020
3865.008, 400.2435
3866.936, 398.3249
3868.865, 393.3454
3870.793, 401.0945
3872.721, 401.5280
3874.650, 387.2461
3876.578, 386.8529
3878.507, 391.7857
3880.435, 384.9419
3882.364, 377.3146
3884.292, 372.5400
3886.221, 376.1764
3888.149, 385.8422
3890.078, 383.1709
3892.006, 376.2587
3893.935, 369.1812
3895.863, 368.4611
3897.792, 374.9451
3899.720, 381.6039
3901.648, 386.0318
3903.577, 383.8618
3905.505, 378.8809
3907.434, 371.3073
3909.362, 367.4597
3911.291, 366.4790
3913.219, 364.8700
3915.148, 365.9790
3917.076, 373.4000
3919.005, 374.6399
3920.933, 369.8812
3922.862, 361.7888
3924.790, 356.5544
3926.719, 361.9711
3928.647, 364.7188
3930.575, 363.0740
3932.504, 359.5211
3934.432, 356.7386
3936.361, 357.3663
3938.289, 357.6458
3940.218, 357.6826
3942.146, 356.3045
3944.075, 355.3165
3946.003, 356.0274
3947.932, 352.9600
3949.860, 337.7912
3951.789, 333.0951
3953.717, 341.7297
3955.646, 348.5598
3957.574, 351.5261
3959.502, 344.6274
3961.431, 341.9709
3963.359, 345.2950
3965.288, 339.8273
3967.216, 333.2428
3969.145, 340.9982
3971.073, 346.5349
3973.002, 337.3290
3974.930, 334.3030
3976.859, 335.1375
3978.787, 320.9023
3980.716, 313.7502
3982.644, 327.1248
3984.573, 331.8673
3986.501, 329.6339
3988.429, 326.3643
3990.358, 321.3018
3992.286, 322.6687
3994.215, 325.3391
3996.143, 322.6485
3998.072, 318.3294
4000.000, 317.9766
4001.929, 322.6161
4003.857, 319.6740
4005.786, 313.5924
4007.714, 316.2903
4009.643, 319.7167
4011.571, 320.5048
4013.500, 320.9695
4015.428, 317.7436
4017.356, 315.2658
4019.285, 315.2042
4021.213, 319.2013
4023.142, 319.4066
4025.070, 308.1393
4026.999, 306.4803
4028.927, 311.9236
4030.856, 311.1363
4032.784, 305.4214
4034.713, 304.0596
4036.641, 306.4156
4038.570, 306.0591
4040.498, 303.8152
4042.427, 304.4948
4044.355, 306.9541
4046.283, 309.5335
4048.212, 310.7659
4050.140, 306.6469
4052.069, 306.9823
4053.997, 309.6201
4055.926, 302.2691
4057.854, 297.2081
4059.783, 298.5927
4061.711, 302.4357
4063.640, 305.5078
4065.568, 307.6535
4067.497, 306.6930
4069.425, 298.3542
4071.354, 298.0810
4073.282, 297.6400
4075.210, 293.5907
4077.139, 295.9561
4079.067, 299.1464
4080.996, 295.7838
4082.924, 293.6364
4084.853, 288.4321
4086.781, 284.2466
4088.710, 286.1478
4090.638, 292.0380
4092.567, 297.0853
4094.495, 299.2131
4096.424, 298.6420
4098.352, 287.3370
4100.280, 285.0364
4102.209, 293.2240
4104.138, 295.8645
4106.066, 293.3388
4107.994, 288.5670
4109.923, 285.8714
4111.852, 284.6778
4113.780, 290.6263
4115.708, 294.0541
4117.637, 280.7660
4119.565, 275.6483
4121.494, 282.7857
4123.422, 286.5645
4125.351, 288.3238
4127.279, 289.3286
4129.208, 288.2720
4131.136, 285.0750
4133.064, 284.3913
4134.993, 284.8868
4136.921, 285.2914
4138.850, 285.3188
4140.778, 284.4475
4142.707, 281.2572
4144.635, 279.8795
4146.563, 286.2023
4148.492, 285.7943
4150.421, 278.7873
4152.349, 282.0697
4154.277, 287.1184
4156.206, 283.5354
4158.135, 281.2313
4160.063, 282.0616
4161.991, 280.9967
4163.920, 280.0918
4165.849, 286.3948
4167.777, 286.6067
4169.705, 277.2223
4171.634, 274.9038
4173.563, 276.7751
4175.491, 278.6991
4177.419, 282.4081
4179.348, 289.1860
4181.276, 285.6726
4183.205, 277.8687
4185.133, 273.9399
4187.062, 274.2534
4188.990, 281.5782
4190.918, 280.6817
4192.847, 275.0645
4194.775, 266.5737
4196.704, 263.1772
4198.632, 271.5815
4200.561, 267.9115
4202.489, 261.8332
4204.418, 268.7155
4206.346, 274.2280
4208.274, 279.1749
4210.203, 280.7349
4212.132, 277.6300
4214.060, 268.1731
4215.988, 260.3095
4217.917, 254.8835
4219.846, 263.5774
4221.774, 272.9213
4223.702, 265.3105
4225.631, 258.6653
4227.560, 255.9845
4229.488, 260.8514
4231.416, 269.0134
4233.345, 282.2073
4235.273, 278.2517
4237.202, 262.3856
4239.130, 265.7954
4241.059, 270.0669
4242.987, 260.8820
4244.916, 259.1348
4246.844, 262.9820
4248.772, 266.5011
4250.701, 267.5186
4252.629, 263.2287
4254.558, 263.6069
4256.486, 265.6154
4258.415, 262.8247
4260.343, 259.2140
4262.271, 255.7922
4264.200, 253.8487
4266.129, 253.7884
4268.057, 259.1181
4269.985, 257.8619
4271.914, 247.7646
4273.843, 249.5556
4275.771, 254.9770
4277.699, 256.1768
4279.628, 256.5522
4281.557, 257.0142
4283.485, 264.5039
4285.413, 266.9208
4287.342, 248.7463
4289.271, 246.1037
4291.199, 253.3981
4293.127, 245.9527
4295.056, 240.5818
4296.984, 245.8642
4298.913, 251.0602
4300.841, 255.1831
4302.770, 257.9014
4304.698, 255.2783
4306.626, 245.6705
4308.555, 241.4438
4310.483, 240.8074
4312.412, 242.9572
4314.340, 246.3288
4316.269, 249.6560
4318.197, 241.4189
4320.126, 236.5661
4322.054, 246.7336
4323.982, 241.6145
4325.911, 229.0019
4327.840, 235.5608
4329.768, 243.2630
4331.696, 246.4252
4333.625, 246.5478
4335.554, 246.2764
4337.482, 250.9647
4339.410, 247.2094
4341.339, 235.4959
4343.268, 235.7221
4345.196, 237.6406
4347.124, 233.8137
4349.053, 232.7092
4350.981, 234.5180
4352.910, 238.7624
4354.838, 241.5388
4356.767, 241.5135
4358.695, 244.2385
4360.624, 245.2433
4362.552, 237.0142
4364.480, 230.2138
4366.409, 226.7626
4368.337, 227.1153
4370.266, 228.9981
4372.194, 229.8557
4374.123, 238.4198
4376.051, 247.5056
4377.979, 235.4477
4379.908, 226.8754
4381.837, 229.7994
4383.765, 229.5062
4385.693, 230.0651
4387.622, 237.8427
4389.551, 237.7574
4391.479, 231.0610
4393.407, 231.0651
4395.336, 231.6529
4397.265, 229.9304
4399.193, 239.1996
4401.121, 248.0871
4403.050, 236.6747
4404.979, 227.2788
4406.907, 224.0643
4408.835, 233.0159
4410.764, 236.1086
4412.692, 218.3220
4414.621, 225.3021
4416.549, 241.0499
4418.478, 224.4937
4420.406, 219.4256
4422.334, 235.6310
4424.263, 233.1954
4426.191, 227.2237
4428.120, 230.6399
4430.048, 230.4715
4431.977, 227.6578
4433.905, 225.9813
4435.834, 225.8267
4437.762, 227.1803
4439.690, 222.0155
4441.619, 219.7558
4443.548, 229.9640
4445.476, 233.1653
4447.404, 231.0836
4449.333, 234.5847
4451.262, 234.9516
4453.190, 229.7888
4455.118, 226.3887
4457.047, 224.4917
4458.976, 224.2854
4460.904, 222.7587
4462.832, 221.3240
4464.761, 226.0800
4466.689, 229.3261
4468.618, 228.8315
4470.546, 223.4233
4472.475, 220.1536
4474.403, 225.6428
4476.332, 226.8037
4478.260, 225.1025
4480.188, 227.4973
4482.117, 228.2437
4484.045, 226.1572
4485.974, 224.2767
4487.902, 222.5089
4489.831, 220.2728
4491.759, 218.9790
4493.688, 219.9615
4495.616, 228.2885
4497.545, 233.6008
4499.473, 233.8817
4501.401, 227.2860
4503.330, 221.6076
4505.259, 220.9911
4507.187, 218.4843
4509.115, 214.9228
4511.044, 210.8375
4512.973, 210.1451
4514.901, 213.0640
4516.829, 218.9596
4518.758, 224.3191
4520.687, 228.0656
4522.615, 224.5452
4524.543, 220.5433
4526.472, 223.5006
4528.400, 220.9837
4530.329, 215.9859
4532.257, 220.4306
4534.186, 220.6266
4536.114, 214.8450
4538.042, 214.3597
4539.971, 214.5846
4541.899, 211.7928
4543.828, 211.1089
4545.756, 213.5500
4547.685, 223.9679
4549.613, 224.3292
4551.542, 216.9781
4553.470, 222.6523
4555.398, 222.4215
4557.327, 211.7700
4559.256, 209.0923
4561.184, 210.4809
4563.112, 212.4541
4565.041, 218.6462
4566.970, 224.5456
4568.898, 221.0081
4570.826, 217.7995
4572.755, 215.4670
4574.684, 206.6264
4576.612, 202.0030
4578.540, 205.0097
4580.469, 214.5163
4582.397, 220.3001
4584.326, 211.3016
4586.254, 211.6129
4588.183, 217.1184
4590.111, 221.3337
4592.040, 216.7761
4593.968, 206.1658
4595.896, 206.9273
4597.825, 210.5733
4599.753, 213.9082
4601.682, 212.0666
4603.610, 207.7878
4605.539, 201.8778
4607.467, 200.0942
4609.396, 202.0889
4611.324, 209.8979
4613.253, 209.5068
4615.181, 203.8263
4617.109, 209.0119
4619.038, 208.1889
4620.967, 199.6886
4622.895, 201.4526
4624.823, 204.7335
4626.752, 204.1743
4628.681, 205.2881
4630.609, 205.9926
4632.537, 203.8657
4634.466, 204.3019
4636.395, 205.2555
4638.323, 201.4821
4640.251, 199.5170
4642.180, 199.2560
4644.108, 194.2332
4646.037, 194.1924
4647.965, 202.1053
4649.894, 201.7961
4651.822, 200.7144
4653.750, 202.7548
4655.679, 196.7431
4657.607, 191.5422
4659.536, 198.6286
4661.464, 200.8266
4663.393, 200.8446
4665.321, 207.1554
4667.250, 207.0948
4669.178, 201.6816
4671.106, 200.7335
4673.035, 201.3347
4674.964, 201.8523
4676.892, 193.8963
4678.820, 190.4832
4680.749, 199.4685
4682.678, 197.1127
4684.606, 193.4833
4686.534, 195.4079
4688.463, 206.8379
4690.392, 215.9863
4692.320, 204.6152
4694.248, 200.7028
4696.177, 202.0996
4698.105, 198.7016
4700.034, 196.5466
4701.962, 196.5537
4703.891, 197.9945
4705.819, 201.9702
4707.748, 207.7740
4709.676, 205.0958
4711.604, 201.2702
4713.533, 199.4960
4715.461, 196.7234
4717.390, 192.9690
4719.318, 188.1692
4721.247, 182.6607
4723.175, 181.1168
4725.104, 191.2191
4727.032, 194.6539
4728.961, 194.0765
4730.889, 195.3454
4732.817, 191.7993
4734.746, 187.0931
4736.675, 191.8184
4738.603, 196.0349
4740.531, 198.0950
4742.460, 199.9415
4744.389, 197.7903
4746.317, 192.1609
4748.245, 189.6383
4750.174, 190.9032
4752.103, 196.2116
4754.031, 202.5660
4755.959, 203.3900
4757.888, 195.5063
4759.816, 188.2646
4761.745, 187.1467
4763.673, 198.8240
4765.602, 203.9095
4767.530, 203.3529
4769.458, 197.4260
4771.387, 195.1317
4773.315, 195.1854
4775.244, 195.5195
4777.172, 194.3432
4779.101, 192.9660
4781.029, 193.6091
4782.958, 198.3719
4784.886, 203.2928
4786.814, 196.4653
4788.743, 192.8565
4790.672, 193.7185
4792.600, 195.2917
4794.528, 191.8398
4796.457, 184.1162
4798.386, 180.3831
4800.314, 182.1916
4802.242, 188.6636
4804.171, 189.8685
4806.100, 187.9382
4808.028, 184.3055
4809.956, 186.9209
4811.885, 189.5096
4813.813, 189.1747
4815.742, 186.3230
4817.670, 191.5774
4819.599, 209.8972
4821.527, 191.1489
4823.456, 173.1813
4825.384, 182.7215
4827.313, 182.1725
4829.241, 180.6837
4831.169, 185.4515
4833.098, 189.9017
4835.026, 191.9694
4836.955, 189.9285
4838.883, 187.0992
4840.812, 182.8069
4842.740, 175.3453
4844.669, 178.4214
4846.597, 186.2883
4848.525, 194.0004
4850.454, 192.3022
4852.383, 188.1153
4854.311, 190.4101
4856.239, 189.3563
4858.168, 186.2314
4860.097, 182.5843
4862.025, 184.5388
4863.953, 188.8452
4865.882, 191.4806
4867.811, 185.5942
4869.739, 178.5377
4871.667, 182.5277
4873.596, 189.7297
4875.524, 196.7677
4877.453, 200.7028
4879.381, 194.4926
4881.310, 187.2081
4883.238, 200.1478
4885.167, 196.6671
4887.095, 184.3385
4889.023, 179.7959
4890.952, 180.7356
4892.880, 185.0181
4894.809, 191.1449
4896.737, 192.7080
4898.666, 190.5218
4900.594, 186.1178
4902.522, 180.9212
4904.451, 178.1991
4906.380, 184.6983
4908.308, 181.2486
4910.236, 176.1136
4912.165, 188.4340
4914.094, 189.7731
4916.022, 184.3051
4917.950, 181.0485
4919.879, 180.8618
4921.808, 181.4829
4923.736, 177.3810
4925.664, 185.6760
4927.593, 193.8885
4929.521, 183.6114
4931.450, 179.3836
4933.378, 177.9098
4935.307, 171.8820
4937.235, 175.0762
4939.164, 181.0138
4941.092, 182.5150
4943.021, 181.1618
4944.949, 180.6080
4946.877, 184.3304
4948.806, 180.8231
4950.734, 177.3413
4952.663, 181.4915
4954.591, 183.5441
4956.520, 183.7563
4958.448, 182.3954
4960.377, 191.1842
4962.305, 196.5177
4964.233, 189.9912
4966.162, 187.9648
4968.091, 187.6688
4970.019, 187.4641
4971.947, 184.5339
4973.876, 185.4428
4975.805, 191.3208
4977.733, 190.6530
4979.661, 186.6945
4981.590, 181.7021
4983.519, 183.9697
4985.447, 185.2663
4987.375, 184.0383
4989.304, 182.8511
4991.232, 184.5489
4993.161, 187.9486
4995.089, 187.3130
4997.018, 186.4321
4998.946, 185.5226
5000.875, 182.6773
5002.803, 184.8214
5004.731, 187.5202
5006.660, 180.3297
5008.588, 176.6342
5010.517, 177.4685
5012.445, 183.5417
5014.374, 188.6701
5016.302, 190.4633
5018.230, 186.9448
5020.159, 186.2013
5022.088, 186.5642
5024.016, 186.3235
5025.944, 189.6577
5027.873, 187.9417
5029.802, 178.9009
5031.730, 185.2043
5033.658, 188.9195
5035.587, 184.8659
5037.516, 188.6651
5039.444, 186.6201
5041.372, 177.5879
5043.301, 169.0406
5045.229, 170.9608
5047.158, 179.3378
5049.086, 183.8311
5051.015, 179.2512
5052.943, 173.2009
5054.872, 178.7909
5056.800, 181.5417
5058.729, 182.8817
5060.657, 185.5080
5062.585, 175.5640
5064.514, 172.5214
5066.442, 191.8392
5068.371, 186.2821
5070.299, 180.4957
5072.228, 184.4137
5074.156, 182.4932
5076.085, 181.3089
5078.013, 182.2067
5079.941, 181.2497
5081.870, 189.6249
5083.799, 200.3835
5085.727, 192.2468
5087.655, 181.1896
5089.584, 175.8549
5091.513, 185.6734
5093.441, 189.5764
5095.369, 188.3850
5097.298, 183.3533
5099.227, 183.2417
5101.155, 184.4730
5103.083, 185.1249
5105.012, 183.4385
5106.940, 182.6006
5108.869, 183.5008
5110.797, 187.7303
5112.726, 184.2915
5114.654, 177.0084
5116.583, 179.2649
5118.511, 176.9429
5120.439, 174.5724
5122.368, 178.5386
5124.296, 200.5127
5126.225, 208.6912
5128.153, 179.6072
5130.082, 184.6346
5132.010, 193.8365
5133.938, 194.0599
5135.867, 176.4487
5137.796, 171.0909
5139.724, 177.0760
5141.652, 178.8011
5143.581, 173.8758
5145.510, 169.0376
5147.438, 173.5259
5149.366, 180.2454
5151.295, 181.8117
5153.224, 174.6460
5155.152, 176.4880
5157.080, 181.2182
5159.009, 185.0369
5160.938, 180.6011
5162.866, 182.7992
5164.794, 188.2596
5166.723, 182.3410
5168.651, 176.5349
5170.580, 175.0546
5172.508, 180.8394
5174.437, 184.6856
5176.365, 187.4443
5178.293, 189.7788
5180.222, 186.1317
5182.150, 182.4411
5184.079, 181.3560
5186.007, 187.9132
5187.936, 179.6168
5189.864, 171.1567
5191.793, 191.1844
5193.721, 191.4397
5195.649, 182.7783
5197.578, 173.9053
5199.507, 176.6160
5201.435, 178.8374
5203.363, 177.9670
5205.292, 180.4129
5207.221, 180.4983
5209.149, 180.0555
5211.077, 184.5301
5213.006, 184.8850
5214.935, 180.6543
5216.863, 172.0005
5218.791, 173.2990
5220.720, 176.2462
5222.648, 178.1199
5224.577, 179.2865
5226.505, 187.7663
5228.434, 194.2951
5230.362, 178.1876
5232.291, 180.9825
5234.219, 187.1278
5236.147, 185.4137
5238.076, 178.2729
5240.004, 177.1952
5241.933, 180.6335
5243.861, 170.2362
5245.790, 173.3420
5247.718, 182.2249
5249.646, 183.7238
5251.575, 179.1596
5253.504, 177.9442
5255.432, 183.2290
5257.360, 182.2683
5259.289, 183.6345
5261.218, 186.6096
5263.146, 185.4247
5265.074, 181.3927
5267.003, 180.1505
5268.932, 186.6247
5270.860, 189.7296
5272.788, 189.9436
5274.717, 188.1568
5276.646, 186.5257
5278.574, 184.5405
5280.502, 181.4567
5282.431, 174.8990
5284.359, 179.1449
5286.288, 182.3720
5288.216, 179.1379
5290.145, 175.6923
5292.073, 177.4649
5294.001, 180.0804
5295.930, 172.6230
5297.858, 178.2718
5299.787, 185.6503
5301.715, 185.8085
5303.644, 192.2318
5305.572, 192.3602
5307.501, 187.2401
5309.429, 188.5583
5311.357, 187.7436
5313.286, 185.1296
5315.215, 182.2537
5317.143, 186.5892
5319.071, 190.5834
5321.000, 189.9272
5322.929, 175.8093
5324.857, 177.0289
5326.785, 182.9153
5328.714, 180.0861
5330.643, 176.1125
5332.571, 172.9298
5334.499, 171.6118
5336.428, 174.8966
5338.356, 174.4943
5340.285, 172.4702
5342.213, 171.6772
5344.142, 173.5981
5346.070, 175.3141
5347.999, 176.3826
5349.927, 180.1314
5351.855, 178.8195
5353.784, 174.2111
5355.712, 169.4329
5357.641, 181.0163
5359.569, 186.6866
5361.498, 182.0948
5363.426, 181.7958
5365.354, 183.2990
5367.283, 185.8385
5369.212, 188.9267
5371.140, 182.4221
5373.068, 177.2734
5374.997, 177.1327
5376.926, 184.2437
5378.854, 176.6038
5380.782, 173.5880
5382.711, 191.8600
5384.640, 180.8449
5386.568, 175.5694
5388.496, 178.7212
5390.425, 174.5212
5392.354, 175.9119
5394.282, 179.5723
5396.210, 182.5458
5398.139, 185.7195
5400.067, 183.5487
5401.996, 180.0929
5403.924, 182.9640
5405.853, 189.0965
5407.781, 193.4567
5409.709, 193.0091
5411.638, 180.9679
5413.566, 185.6395
5415.495, 191.5469
5417.423, 180.5291
5419.352, 175.1130
5421.280, 182.8872
5423.209, 193.4917
5425.137, 170.2421
5427.065, 171.9960
5428.994, 187.3514
5430.923, 203.3536
5432.851, 183.3668
5434.779, 177.9930
5436.708, 183.9849
5438.637, 182.4960
5440.565, 176.0278
5442.493, 174.1893
5444.422, 178.5481
5446.351, 183.6718
5448.279, 180.1471
5450.207, 175.1808
5452.136, 174.8620
5454.064, 179.9835
5455.993, 181.6657
5457.921, 179.4085
5459.850, 175.5575
5461.778, 180.7986
5463.707, 182.7029
5465.635, 180.0601
5467.563, 191.1444
5469.492, 187.8327
5471.420, 181.4845
5473.349, 182.7974
5475.277, 178.8031
5477.206, 183.6935
5479.134, 189.4366
5481.063, 179.8269
5482.991, 176.9233
5484.920, 182.3335
5486.848, 189.9074
5488.776, 182.3084
5490.705, 186.6281
5492.634, 191.6907
5494.562, 188.9926
5496.490, 181.1740
5498.419, 182.0982
5500.348, 187.6773
5502.276, 191.2790
5504.204, 184.9055
5506.133, 180.5658
5508.062, 180.5016
5509.990, 182.5942
5511.918, 172.9814
5513.847, 174.6686
5515.775, 188.5474
5517.704, 178.1721
5519.632, 187.9801
5521.561, 193.5401
5523.489, 178.6514
5525.417, 185.7034
5527.346, 187.5896
5529.274, 183.2343
5531.203, 177.2142
5533.131, 171.5689
5535.060, 169.0927
5536.988, 170.8651
5538.917, 177.3541
5540.845, 187.5414
5542.773, 192.5420
5544.702, 191.0202
5546.631, 186.3434
5548.559, 190.4310
5550.487, 192.5444
5552.416, 189.0832
5554.345, 194.4139
5556.273, 183.4227
5558.201, 179.4076
5560.130, 196.3459
5562.059, 190.1023
5563.987, 189.4588
5565.915, 192.3139
5567.844, 190.8103
5569.772, 172.9052
5571.701, 176.8363
5573.629, 190.5662
5575.558, 188.2755
5577.486, 177.0697
5579.415, 172.5407
5581.343, 176.6644
5583.271, 186.2482
5585.200, 184.5487
5587.128, 182.7243
5589.057, 183.7783
5590.985, 184.5613
5592.914, 183.8932
5594.842, 181.6384
5596.771, 182.7501
5598.699, 205.4219
5600.628, 191.7354
5602.556, 178.2733
5604.484, 183.9117
5606.413, 193.0823
5608.342, 194.4459
5610.270, 189.7935
5612.198, 182.6140
5614.127, 180.2123
5616.056, 185.7171
5617.984, 191.1557
5619.912, 190.2739
5621.841, 178.1057
5623.770, 189.7851
5625.698, 198.1651
5627.626, 183.8937
5629.555, 184.5863
5631.483, 188.7305
5633.412, 189.9543
5635.340, 185.8101
5637.269, 184.9582
5639.197, 183.9768
5641.125, 182.2618
5643.054, 180.0656
5644.982, 179.4561
5646.911, 186.2682
5648.839, 193.0251
5650.768, 192.2874
5652.696, 188.0822
5654.625, 188.3297
5656.553, 192.0332
5658.481, 195.6867
5660.410, 189.1767
5662.339, 186.3024
5664.267, 181.5676
5666.195, 171.0546
5668.124, 193.0609
5670.053, 184.7764
5671.981, 176.0505
5673.909, 198.6240
5675.838, 191.1822
5677.767, 183.9376
5679.695, 183.9708
5681.623, 190.6119
5683.552, 188.7698
5685.480, 192.8091
5687.409, 190.9282
5689.337, 178.7399
5691.266, 193.4426
5693.194, 196.0611
5695.123, 194.0029
5697.051, 193.5538
5698.979, 176.7900
5700.908, 182.8943
5702.836, 187.8749
5704.765, 181.9237
5706.693, 198.2086
5708.622, 194.3417
5710.550, 184.5655
5712.479, 179.7633
5714.407, 186.3197
5716.336, 184.1084
5718.264, 181.3758
5720.192, 183.9443
5722.121, 195.7114
5724.050, 204.6175
5725.978, 206.2678
5727.906, 202.5425
5729.835, 198.0744
5731.764, 189.3571
5733.692, 191.1840
5735.620, 196.1180
5737.549, 191.5368
5739.478, 198.2520
5741.406, 201.7307
5743.334, 198.8356
5745.263, 191.8549
5747.191, 200.6758
5749.120, 206.4117
5751.048, 201.8046
5752.977, 188.3510
5754.905, 188.3601
5756.833, 193.1206
5758.762, 199.7581
5760.690, 204.5801
5762.619, 198.5378
5764.547, 198.4133
5766.476, 202.4168
5768.404, 202.7553
5770.333, 188.7005
5772.261, 196.3974
5774.189, 190.6004
5776.118, 179.3256
5778.047, 183.4306
5779.975, 192.6268
5781.903, 190.0929
5783.832, 191.0286
5785.761, 204.6382
5787.689, 201.2182
5789.617, 187.1064
5791.546, 186.8992
5793.475, 202.3798
5795.403, 197.1492
5797.331, 198.4105
5799.260, 197.9578
5801.188, 197.7600
5803.117, 209.3475
5805.045, 211.2673
5806.974, 201.5730
5808.902, 192.6825
5810.831, 195.6363
5812.759, 192.7341
5814.688, 197.4918
5816.616, 204.1675
5818.544, 207.1904
5820.473, 205.0114
5822.401, 202.8669
5824.330, 196.8730
5826.258, 194.1805
5828.187, 206.0418
5830.115, 196.8683
5832.044, 197.3257
5833.972, 204.5204
5835.900, 208.1227
5837.829, 201.2262
5839.758, 198.3044
5841.686, 198.5276
5843.614, 199.6010
5845.543, 199.1859
5847.472, 204.4568
5849.400, 200.6425
5851.328, 196.4763
5853.257, 207.1319
5855.186, 207.9636
5857.114, 205.1565
5859.042, 204.3016
5860.971, 206.4889
5862.899, 206.7771
5864.828, 202.4969
5866.756, 198.5865
5868.685, 197.7560
5870.613, 201.0070
5872.542, 206.4235
5874.470, 203.3193
5876.398, 197.5533
5878.327, 196.6358
5880.255, 207.2712
5882.184, 192.0062
5884.112, 187.7896
5886.041, 201.0722
5887.969, 217.2022
5889.897, 206.0015
5891.826, 206.0456
5893.755, 206.8263
5895.683, 201.4671
5897.611, 209.0253
5899.540, 218.2201
5901.469, 217.7310
5903.397, 213.3932
5905.325, 216.0892
5907.254, 219.2711
5909.183, 214.4522
5911.111, 209.6477
5913.039, 212.1900
5914.968, 230.7549
5916.896, 216.8217
5918.825, 211.3689
5920.753, 210.3319
5922.682, 198.5581
5924.610, 204.0237
5926.539, 211.8919
5928.467, 214.9391
5930.396, 212.4834
5932.324, 206.6633
5934.252, 208.4476
5936.181, 211.1437
5938.109, 207.8174
5940.038, 201.0616
5941.966, 219.0047
5943.895, 214.2698
5945.823, 203.9226
5947.752, 200.1606
5949.680, 207.4194
5951.608, 205.2473
5953.537, 206.0205
5955.466, 204.4665
5957.394, 200.2245
5959.322, 198.7979
5961.251, 206.9197
5963.180, 214.5005
5965.108, 218.2704
5967.036, 217.3014
5968.965, 210.8759
5970.894, 208.4578
5972.822, 209.5328
5974.750, 214.9802
5976.679, 222.7806
5978.607, 217.5050
5980.536, 223.3981
5982.464, 222.5480
5984.393, 215.1465
5986.321, 212.3376
5988.250, 221.8929
5990.178, 226.4623
5992.106, 227.0067
5994.035, 223.3074
5995.963, 213.2064
5997.892, 211.7090
5999.820, 215.9958
6001.749, 215.2976
6003.677, 210.1718
6005.605, 214.3124
6007.534, 221.5719
6009.463, 213.8146
6011.391, 208.4442
6013.319, 213.1651
6015.248, 206.3485
6017.177, 222.0614
6019.105, 230.4052
6021.033, 231.3977
6022.962, 230.5116
6024.891, 219.6259
6026.819, 215.6029
6028.747, 221.0457
6030.676, 222.9087
6032.604, 215.6919
6034.533, 230.6765
6036.461, 218.7257
6038.390, 217.6358
6040.318, 227.7558
6042.247, 233.7447
6044.175, 226.8750
6046.104, 225.2981
6048.032, 223.0707
6049.960, 226.0017
6051.889, 238.3424
6053.817, 239.5792
6055.746, 232.9667
6057.674, 234.3804
6059.603, 235.6339
6061.531, 226.9470
6063.460, 229.7676
6065.388, 223.3290
6067.316, 220.1976
6069.245, 223.7567
6071.174, 229.0852
6073.102, 218.5555
6075.030, 223.2521
6076.959, 229.3736
6078.888, 233.0087
6080.816, 234.1223
6082.744, 222.9420
6084.673, 225.5339
6086.602, 229.1425
6088.530, 226.9065
6090.458, 221.6197
6092.387, 230.5760
6094.315, 220.7962
6096.244, 234.7045
6098.172, 239.6424
6100.101, 221.0033
6102.029, 220.6528
6103.958, 232.1743
6105.886, 232.9675
6107.814, 225.6399
6109.743, 221.8454
6111.671, 233.2577
6113.600, 218.3602
6115.528, 219.5409
6117.457, 219.4635
6119.385, 216.2702
6121.313, 222.0674
6123.242, 209.8427
6125.171, 219.2742
6127.099, 224.7430
6129.027, 219.8149
6130.956, 214.5630
6132.885, 226.1243
6134.813, 229.0865
6136.741, 235.1214
6138.670, 235.3508
6140.599, 226.7939
6142.527, 228.9354
6144.455, 229.4798
6146.384, 226.3136
6148.313, 222.3038
6150.241, 221.6877
6152.169, 227.4270
6154.098, 237.6752
6156.026, 239.6663
6157.955, 237.9889
6159.883, 227.5315
6161.812, 210.5041
6163.740, 233.3429
6165.668, 248.2122
6167.597, 239.6562
6169.525, 228.5141
6171.454, 229.9307
6173.382, 235.8163
6175.311, 234.6637
6177.239, 232.2902
6179.168, 228.2295
6181.096, 230.5708
6183.024, 243.7449
6184.953, 226.4253
6186.882, 220.3040
6188.810, 227.5963
6190.738, 236.8101
6192.667, 238.4512
6194.596, 231.1357
6196.524, 219.4856
6198.452, 223.8467
6200.381, 232.7179
6202.310, 240.1164
6204.238, 247.0756
6206.166, 241.5763
6208.095, 231.7531
6210.023, 240.3517
6211.952, 247.1347
6213.880, 240.3701
6215.809, 239.1580
6217.737, 234.5724
6219.666, 248.0298
6221.594, 250.2666
6223.522, 237.2255
6225.451, 223.8936
6227.379, 227.2961
6229.308, 226.3894
6231.236, 229.4521
6233.165, 229.0899
6235.093, 225.8768
6237.021, 229.8273
6238.950, 249.3585
6240.879, 239.5950
6242.807, 237.9882
6244.735, 245.7585
6246.664, 249.2679
6248.593, 241.1363
6250.521, 238.4562
6252.449, 246.3042
6254.378, 245.9486
6256.307, 241.0813
6258.235, 241.0811
6260.163, 241.4650
6262.092, 246.9548
6264.021, 242.7530
6265.949, 235.8106
6267.877, 236.7780
6269.806, 247.1397
6271.734, 249.5937
6273.663, 237.2801
6275.591, 243.8813
6277.520, 246.4012
6279.448, 240.6496
6281.376, 240.6461
6283.305, 238.1207
6285.233, 230.8970
6287.162, 232.5312
6289.090, 236.5099
6291.019, 234.1808
6292.947, 224.0116
6294.876, 226.0943
6296.804, 231.5711
6298.732, 234.0888
6300.661, 230.4731
6302.590, 231.4802
6304.518, 248.5185
6306.446, 235.9756
6308.375, 239.7203
6310.304, 228.3215
6312.232, 226.4297
6314.160, 239.1228
6316.089, 246.2668
6318.018, 241.8663
6319.946, 236.4275
6321.874, 239.0026
6323.803, 227.3503
6325.731, 219.5971
6327.660, 240.1719
6329.588, 244.4408
6331.517, 243.6178
6333.445, 240.2855
6335.374, 236.9073
6337.302, 233.9670
6339.230, 235.1214
6341.159, 251.0779
6343.087, 231.6201
6345.016, 234.8851
6346.944, 233.1998
6348.873, 232.4798
6350.801, 241.4133
6352.729, 234.9497
6354.658, 244.2455
6356.587, 228.7886
6358.515, 239.1471
6360.443, 245.0248
6362.372, 234.6894
6364.301, 241.2732
6366.229, 236.5169
6368.157, 227.3742
6370.086, 229.8178
6372.015, 245.5359
6373.943, 253.7928
6375.871, 241.8771
6377.800, 239.0073
6379.729, 231.6768
6381.657, 239.0571
6383.585, 238.8604
6385.514, 243.5447
6387.442, 251.2321
6389.371, 228.2899
6391.299, 241.0596
6393.228, 255.1983
6395.156, 248.9597
6397.084, 248.7933
6399.013, 247.5939
6400.941, 226.9044
6402.870, 240.6228
6404.798, 245.5394
6406.727, 251.4076
6408.655, 242.1180
6410.584, 236.1931
6412.512, 243.5553
6414.440, 247.0375
6416.369, 246.1545
6418.298, 251.3515
6420.226, 253.3191
6422.154, 244.3114
6424.083, 238.1355
6426.012, 246.1785
6427.940, 253.1908
6429.868, 229.0034
6431.797, 238.5791
6433.726, 226.8580
6435.654, 222.9803
6437.582, 233.1556
6439.511, 235.5612
6441.439, 248.3777
6443.368, 241.8343
6445.296, 232.6600
6447.225, 219.0634
6449.153, 223.6032
6451.082, 238.3610
6453.010, 238.9261
6454.938, 251.0298
6456.867, 245.3004
6458.795, 250.2148
6460.724, 250.8708
6462.652, 238.6745
6464.581, 229.4095
6466.509, 239.3115
6468.438, 228.2929
6470.366, 237.2021
6472.295, 225.2478
6474.223, 227.3864
6476.151, 249.4042
6478.080, 262.3681
6480.009, 243.6684
6481.937, 228.9178
6483.865, 235.6431
6485.794, 250.8799
6487.723, 251.1716
6489.651, 241.9358
6491.579, 237.8571
6493.508, 245.3889
6495.437, 255.3925
6497.365, 239.5422
6499.293, 235.3397
6501.222, 240.2838
6503.150, 246.5038
6505.079, 248.6901
6507.007, 248.0802
6508.936, 254.3219
6510.864, 243.8319
6512.792, 257.3527
6514.721, 241.1635
6516.649, 236.6596
6518.578, 248.6209
6520.506, 250.2095
6522.435, 237.8133
6524.363, 257.1918
6526.292, 242.1491
6528.220, 229.5157
6530.148, 231.3361
6532.077, 235.9591
6534.006, 235.1927
6535.934, 233.1385
6537.862, 243.4722
6539.791, 243.7164
6541.720, 237.5153
6543.648, 242.8672
6545.576, 235.9667
6547.505, 225.8018
##END=



