##NAMES=Inesite
##RRUFFID=R090030
##IDEAL CHEMISTRY=Ca_2_Mn^2+^_7_Si_10_O_28_(OH)_2_·5H_2_O
##LOCALITY=Hale Creek Mine, Mad River Ridge, Hale Creek, Trinity County, California, USA
##OWNER=RRUFF
##SOURCE=James Shigley
##DESCRIPTION=Clusters of pink slender chisel-shaped laths
##STATUS=The identification of this mineral has been confirmed by X-ray diffraction
##URL=https://www.rruff.net/odr/rruff_sample/R090030
##DIFFRACTION SAMPLE DESCRIPTION=Powder
##CELL PARAMETERS=a: 8.861 b: 9.2396 c: 11.952 alpha: 88.14 beta: 131.95 gamma: 96.7 volume: 721.3 crystal system: triclinic
##FILETYPE=Raman Processed
##RAMAN WAVELENGTH=532

87.21906, 74.01948
89.14753, 68.07212
91.07600, 64.02238
93.00446, 62.79266
94.93293, 63.34735
96.86140, 64.16325
98.78986, 64.23604
100.7183, 65.39124
102.6468, 69.19281
104.5753, 76.02185
106.5037, 81.72611
108.4322, 83.99097
110.3607, 84.13198
112.2891, 86.99993
114.2176, 92.22879
116.1461, 100.0014
118.0745, 110.7090
120.0030, 125.2648
121.9315, 139.9018
123.8599, 152.8343
125.7884, 164.7785
127.7169, 179.9216
129.6453, 203.0533
131.5738, 225.6582
133.5023, 242.6915
135.4307, 245.1730
137.3592, 250.5581
139.2877, 262.0866
141.2161, 277.9774
143.1446, 281.9302
145.0731, 278.0576
147.0015, 272.7217
148.9300, 265.9808
150.8585, 257.6564
152.7869, 249.3253
154.7154, 241.4051
156.6439, 233.8225
158.5723, 225.9653
160.5008, 216.5004
162.4293, 207.6354
164.3577, 200.9356
166.2862, 196.3273
168.2147, 193.1923
170.1431, 191.3031
172.0716, 190.8101
174.0001, 190.7893
175.9285, 192.8291
177.8570, 194.5657
179.7855, 194.0471
181.7139, 188.3046
183.6424, 183.0516
185.5709, 178.9189
187.4993, 176.0042
189.4278, 174.4962
191.3563, 175.0525
193.2847, 176.7497
195.2132, 178.8608
197.1417, 181.1943
199.0701, 184.0921
200.9986, 188.1337
202.9271, 193.1247
204.8555, 197.3803
206.7840, 199.5409
208.7125, 201.5685
210.6409, 205.5800
212.5694, 212.2664
214.4979, 218.9259
216.4263, 225.0631
218.3548, 230.6402
220.2833, 234.9165
222.2117, 237.2502
224.1402, 238.6606
226.0687, 240.1979
227.9971, 242.4292
229.9256, 243.7321
231.8541, 242.3064
233.7825, 238.1400
235.7110, 238.0258
237.6395, 246.7299
239.5679, 256.3398
241.4964, 261.2332
243.4249, 255.8992
245.3533, 252.1788
247.2818, 252.2270
249.2103, 255.1156
251.1387, 257.2660
253.0672, 258.0145
254.9957, 258.1048
256.9242, 257.6552
258.8526, 255.5724
260.7811, 254.9980
262.7096, 257.4956
264.6380, 261.9425
266.5665, 265.6219
268.4950, 265.6959
270.4234, 267.0586
272.3519, 273.0090
274.2804, 283.9696
276.2088, 294.4005
278.1373, 302.7975
280.0658, 309.9752
281.9942, 317.2533
283.9227, 326.1212
285.8512, 333.7281
287.7796, 338.9509
289.7081, 342.0550
291.6366, 343.8404
293.5650, 345.2114
295.4935, 345.0576
297.4220, 341.3503
299.3504, 332.3972
301.2789, 323.9195
303.2074, 318.5941
305.1358, 316.6523
307.0643, 311.9468
308.9928, 301.3706
310.9212, 290.3486
312.8497, 283.3902
314.7782, 281.0257
316.7066, 279.8216
318.6351, 278.3388
320.5636, 277.1863
322.4920, 278.2232
324.4205, 283.9915
326.3490, 289.2274
328.2774, 291.2975
330.2059, 289.5214
332.1344, 288.7540
334.0628, 290.3738
335.9913, 292.8857
337.9198, 294.0438
339.8482, 292.6500
341.7767, 292.5288
343.7052, 295.8492
345.6336, 303.1507
347.5621, 306.6227
349.4906, 304.9136
351.4190, 302.0909
353.3475, 298.4984
355.2760, 293.4640
357.2044, 287.5314
359.1329, 281.1391
361.0614, 274.8858
362.9898, 269.3839
364.9183, 265.7296
366.8468, 261.1440
368.7752, 253.8624
370.7037, 242.5423
372.6322, 235.4877
374.5606, 236.5623
376.4891, 240.6835
378.4176, 240.6562
380.3460, 235.2718
382.2745, 229.9447
384.2030, 226.3878
386.1314, 223.5679
388.0599, 219.0157
389.9884, 211.2110
391.9168, 205.7173
393.8453, 202.1923
395.7738, 199.7644
397.7022, 196.9504
399.6307, 195.4751
401.5592, 195.7435
403.4876, 194.6750
405.4161, 189.6859
407.3446, 185.7742
409.2730, 187.5124
411.2015, 194.2758
413.1300, 198.0279
415.0584, 194.7135
416.9869, 191.2803
418.9154, 192.4733
420.8438, 198.7515
422.7723, 203.5460
424.7008, 204.5010
426.6292, 203.3104
428.5577, 202.0476
430.4862, 200.4356
432.4146, 198.9546
434.3431, 197.9558
436.2716, 196.8490
438.2000, 195.4140
440.1285, 194.1676
442.0570, 193.4113
443.9854, 192.4127
445.9139, 190.6329
447.8424, 189.4490
449.7708, 189.9265
451.6993, 191.6741
453.6278, 193.1493
455.5562, 194.0374
457.4847, 194.5765
459.4132, 194.2786
461.3416, 192.3121
463.2701, 189.9830
465.1986, 187.6726
467.1270, 189.0646
469.0555, 192.3623
470.9840, 197.8825
472.9124, 200.7107
474.8409, 201.7729
476.7694, 203.9016
478.6978, 207.6156
480.6263, 212.9639
482.5548, 216.4209
484.4832, 217.6879
486.4117, 217.0683
488.3402, 215.5721
490.2686, 211.9579
492.1971, 209.2654
494.1256, 209.4478
496.0540, 212.4031
497.9825, 214.1061
499.9110, 212.6495
501.8394, 208.6874
503.7679, 204.0486
505.6964, 199.3344
507.6248, 195.3736
509.5533, 191.6910
511.4818, 188.7120
513.4103, 186.8320
515.3387, 187.4863
517.2672, 186.9780
519.1957, 184.1318
521.1241, 181.1453
523.0526, 181.8569
524.9811, 187.7659
526.9095, 190.9298
528.8380, 189.6581
530.7665, 183.8140
532.6949, 179.9461
534.6234, 178.6182
536.5519, 178.1512
538.4803, 177.3029
540.4088, 175.7914
542.3373, 175.3009
544.2657, 177.8246
546.1942, 181.1381
548.1227, 181.7613
550.0511, 177.7839
551.9796, 175.8275
553.9081, 178.1651
555.8365, 181.9343
557.7650, 181.9487
559.6935, 177.3508
561.6219, 174.6156
563.5504, 174.5258
565.4789, 176.0835
567.4073, 176.6936
569.3358, 175.9503
571.2643, 174.7265
573.1927, 174.1119
575.1212, 175.2193
577.0497, 178.0738
578.9781, 180.8759
580.9066, 182.0753
582.8351, 181.0537
584.7635, 179.0676
586.6920, 180.2188
588.6205, 185.0026
590.5490, 190.8302
592.4774, 194.9572
594.4059, 198.7456
596.3344, 203.8603
598.2628, 209.1083
600.1913, 214.7629
602.1198, 222.3472
604.0482, 232.3361
605.9767, 240.5718
607.9052, 246.9895
609.8336, 253.3197
611.7621, 261.6432
613.6906, 268.6106
615.6190, 274.7621
617.5475, 280.3607
619.4760, 286.5708
621.4044, 296.6518
623.3329, 312.9582
625.2614, 331.0758
627.1898, 347.9513
629.1183, 364.6745
631.0468, 385.7651
632.9752, 411.8172
634.9037, 443.7115
636.8322, 481.5305
638.7606, 525.0367
640.6891, 575.6484
642.6176, 638.9083
644.5460, 710.0709
646.4745, 787.6056
648.4030, 859.9293
650.3314, 922.7128
652.2599, 974.2910
654.1884, 1008.914
656.1168, 1020.057
658.0453, 1004.023
659.9738, 971.7146
661.9022, 921.9782
663.8307, 865.4174
665.7592, 802.5408
667.6876, 739.9383
669.6161, 687.5703
671.5446, 645.5610
673.4730, 610.8997
675.4015, 585.2214
677.3300, 569.9911
679.2584, 558.8055
681.1869, 551.9717
683.1154, 544.6776
685.0438, 534.5768
686.9723, 521.0122
688.9008, 508.4680
690.8292, 499.0936
692.7577, 489.4652
694.6862, 475.7751
696.6146, 459.1799
698.5431, 443.2724
700.4716, 428.8579
702.4000, 414.1882
704.3285, 400.2305
706.2570, 388.0170
708.1854, 377.2536
710.1139, 367.6491
712.0424, 360.3110
713.9708, 352.9511
715.8993, 343.4421
717.8278, 333.4249
719.7562, 325.0249
721.6847, 319.1937
723.6132, 313.4104
725.5416, 307.7157
727.4701, 299.8415
729.3986, 286.7149
731.3270, 271.6100
733.2555, 259.5099
735.1840, 251.5535
737.1124, 245.5303
739.0409, 241.8343
740.9694, 239.8874
742.8978, 236.5743
744.8263, 232.6746
746.7548, 228.4765
748.6832, 221.8255
750.6117, 211.6294
752.5402, 204.4770
754.4686, 204.1121
756.3971, 205.5459
758.3256, 205.5912
760.2540, 205.3599
762.1825, 205.3401
764.1110, 205.6128
766.0394, 205.0103
767.9679, 202.2832
769.8964, 199.1298
771.8248, 197.9600
773.7533, 202.5710
775.6818, 204.6224
777.6102, 201.9201
779.5387, 197.8603
781.4672, 194.2138
783.3956, 190.0202
785.3241, 185.7463
787.2526, 183.3535
789.1810, 182.8841
791.1095, 183.1419
793.0380, 184.9723
794.9664, 186.6740
796.8949, 186.5430
798.8234, 183.8354
800.7518, 182.1720
802.6803, 182.2580
804.6088, 182.3608
806.5372, 181.3053
808.4657, 179.3546
810.3942, 178.0489
812.3226, 177.8694
814.2511, 178.0863
816.1796, 178.3418
818.1080, 178.4944
820.0365, 179.5874
821.9650, 182.2970
823.8934, 185.3382
825.8219, 188.4825
827.7504, 191.7942
829.6788, 192.6192
831.6073, 186.9235
833.5358, 181.3588
835.4642, 180.3026
837.3927, 185.3438
839.3212, 187.9794
841.2496, 186.9465
843.1781, 185.2753
845.1066, 183.6516
847.0350, 182.2355
848.9635, 182.8850
850.8920, 189.0982
852.8204, 193.4686
854.7489, 192.0945
856.6774, 185.8694
858.6058, 183.2765
860.5343, 186.6333
862.4628, 189.9742
864.3912, 190.8238
866.3197, 190.3884
868.2482, 190.4743
870.1766, 191.4733
872.1051, 192.3744
874.0336, 193.0742
875.9620, 193.7077
877.8905, 194.3229
879.8190, 194.1324
881.7474, 194.8889
883.6759, 197.9086
885.6044, 201.9415
887.5328, 204.3940
889.4613, 204.0143
891.3898, 204.6665
893.3182, 208.1846
895.2467, 213.1757
897.1752, 217.3205
899.1036, 220.0670
901.0321, 222.5058
902.9606, 223.5247
904.8890, 225.2007
906.8175, 229.2791
908.7460, 235.8098
910.6744, 243.9331
912.6029, 253.5926
914.5314, 264.6777
916.4598, 277.7412
918.3883, 293.8822
920.3168, 309.1222
922.2452, 321.6471
924.1737, 334.8610
926.1022, 352.6445
928.0306, 373.7766
929.9591, 389.2837
931.8876, 399.4101
933.8160, 403.6674
935.7445, 399.6263
937.6730, 385.8583
939.6014, 370.0018
941.5299, 351.3557
943.4584, 333.2429
945.3868, 314.1046
947.3153, 293.6924
949.2438, 281.5498
951.1722, 283.3144
953.1007, 285.0830
955.0292, 279.2417
956.9576, 269.0963
958.8861, 261.4974
960.8146, 257.1823
962.7430, 256.0161
964.6715, 258.5916
966.6000, 262.7903
968.5284, 266.3487
970.4569, 267.9062
972.3854, 271.4059
974.3138, 279.5104
976.2423, 288.6265
978.1708, 294.5350
980.0992, 298.4095
982.0277, 302.9035
983.9562, 307.1463
985.8846, 308.9927
987.8131, 312.9263
989.7416, 323.0287
991.6700, 334.2199
993.5985, 343.7267
995.5270, 355.2935
997.4554, 372.8383
999.3839, 397.5674
1001.312, 423.8687
1003.241, 448.3320
1005.169, 475.8648
1007.098, 511.9691
1009.026, 554.3891
1010.955, 596.3691
1012.883, 638.1256
1014.812, 675.5072
1016.740, 708.1024
1018.669, 738.6310
1020.597, 762.1068
1022.526, 772.9315
1024.454, 776.0664
1026.382, 771.2094
1028.311, 764.5689
1030.239, 759.2690
1032.168, 754.8802
1034.096, 742.5654
1036.025, 716.4927
1037.953, 687.0956
1039.882, 660.0964
1041.810, 630.2950
1043.739, 603.9020
1045.667, 582.9120
1047.596, 570.6686
1049.524, 569.9426
1051.453, 574.5515
1053.381, 574.9879
1055.309, 572.3770
1057.238, 569.9162
1059.166, 567.8652
1061.095, 563.8315
1063.023, 560.4312
1064.952, 559.3456
1066.880, 558.7131
1068.809, 560.2175
1070.737, 558.7170
1072.666, 547.2225
1074.594, 522.0045
1076.523, 495.9830
1078.451, 469.1015
1080.380, 442.0693
1082.308, 412.5583
1084.236, 387.0389
1086.165, 369.5440
1088.093, 358.0080
1090.022, 345.1364
1091.950, 328.9137
1093.879, 314.4685
1095.807, 304.9053
1097.736, 299.4744
1099.664, 294.9149
1101.593, 290.2358
1103.521, 283.5093
1105.450, 273.1948
1107.378, 265.4748
1109.307, 261.6174
1111.235, 260.8070
1113.163, 259.9521
1115.092, 258.4341
1117.020, 254.3611
1118.949, 248.5687
1120.877, 244.5799
1122.806, 243.9805
1124.734, 247.0303
1126.663, 252.3480
1128.591, 257.0042
1130.520, 255.6284
1132.448, 249.9669
1134.377, 242.1294
1136.305, 237.1681
1138.234, 238.7213
1140.162, 243.4364
1142.090, 245.7200
1144.019, 242.9066
1145.947, 238.4465
1147.876, 235.1954
1149.804, 233.8935
1151.733, 233.1699
1153.661, 230.8617
1155.590, 228.8392
1157.518, 229.9622
1159.447, 235.1763
1161.375, 242.0179
1163.304, 245.4612
1165.232, 245.0034
1167.161, 245.5271
1169.089, 248.1869
1171.017, 249.9430
1172.946, 245.3162
1174.874, 240.4206
1176.803, 239.5238
1178.731, 239.9462
1180.660, 241.2322
1182.588, 243.7841
1184.517, 247.0281
1186.445, 249.5452
1188.374, 250.6450
1190.302, 250.3138
1192.231, 248.9042
1194.159, 246.9740
1196.088, 245.1633
1198.016, 245.1359
1199.944, 246.4180
1201.873, 247.6877
1203.801, 248.2901
1205.730, 248.8981
1207.658, 250.6898
1209.587, 252.2650
1211.515, 251.7867
1213.444, 251.8428
1215.372, 253.3564
1217.301, 254.6298
1219.229, 253.9600
1221.158, 252.7976
1223.086, 252.4111
1225.015, 253.0938
1226.943, 256.7082
1228.871, 262.5418
1230.800, 265.4995
1232.728, 259.9804
1234.657, 255.6644
1236.585, 256.0205
1238.514, 259.1364
1240.442, 261.9440
1242.371, 263.2762
1244.299, 263.8126
1246.228, 265.7058
1248.156, 268.1271
1250.085, 270.4221
1252.013, 272.1444
1253.942, 271.6501
1255.870, 267.7245
1257.798, 266.1649
1259.727, 269.6061
1261.655, 270.6176
1263.584, 266.0164
1265.512, 256.4989
1267.441, 252.2220
1269.369, 257.3380
1271.298, 262.9421
1273.226, 266.9639
1275.155, 270.7472
1277.083, 275.6900
1279.012, 282.7102
1280.940, 285.6648
1282.869, 279.1595
1284.797, 274.0391
1286.725, 276.7130
1288.654, 283.7418
1290.582, 288.0254
1292.511, 289.3265
1294.439, 290.8277
1296.368, 293.8755
1298.296, 296.4742
1300.225, 296.3381
1302.153, 293.4634
1304.082, 291.3574
1306.010, 290.9334
1307.939, 292.3660
1309.867, 293.6379
1311.796, 292.2592
1313.724, 290.6129
1315.652, 290.3009
1317.581, 291.3862
1319.509, 291.3513
1321.438, 290.9872
1323.366, 292.9569
1325.295, 297.2462
1327.223, 301.0457
1329.152, 303.8202
1331.080, 305.5463
1333.009, 306.3164
1334.937, 306.7898
1336.866, 307.0724
1338.794, 307.7487
1340.723, 307.6616
1342.651, 305.6887
1344.579, 303.9693
1346.508, 304.7382
1348.436, 305.5595
1350.365, 306.3233
1352.293, 307.2511
1354.222, 309.5770
1356.150, 315.8506
1358.079, 320.6576
1360.007, 318.4521
1361.936, 312.0964
1363.864, 309.2565
1365.793, 311.8838
1367.721, 314.6418
1369.650, 315.3076
1371.578, 316.7255
1373.506, 322.3993
1375.435, 328.5984
1377.363, 328.8752
1379.292, 322.7680
1381.220, 318.7279
1383.149, 317.6926
1385.077, 318.1765
1387.006, 320.9405
1388.934, 325.6422
1390.863, 331.1960
1392.791, 338.0199
1394.720, 341.4990
1396.648, 338.4457
1398.577, 334.6831
1400.505, 332.3438
1402.433, 331.9954
1404.362, 335.4989
1406.290, 345.3708
1408.219, 350.9149
1410.147, 346.6451
1412.076, 341.6095
1414.004, 340.6175
1415.933, 341.8857
1417.861, 341.5273
1419.790, 336.2312
1421.718, 335.9162
1423.647, 344.6188
1425.575, 352.4954
1427.504, 355.2834
1429.432, 354.5596
1431.360, 352.5761
1433.289, 347.5692
1435.217, 345.5345
1437.146, 349.7748
1439.074, 355.2997
1441.003, 359.5615
1442.931, 361.6568
1444.860, 360.8008
1446.788, 356.0243
1448.717, 353.2805
1450.645, 354.1058
1452.574, 357.0848
1454.502, 363.2084
1456.431, 370.2334
1458.359, 372.7172
1460.287, 369.4883
1462.216, 368.1099
1464.144, 370.7991
1466.073, 374.4621
1468.001, 379.5629
1469.930, 384.6729
1471.858, 385.0545
1473.787, 378.8480
1475.715, 373.9714
1477.644, 369.5805
1479.572, 368.6414
1481.501, 374.1668
1483.429, 383.8666
1485.358, 392.5371
1487.286, 402.0803
1489.214, 405.7015
1491.143, 397.3848
1493.071, 390.7329
1495.000, 392.1692
1496.928, 397.9696
1498.857, 402.0868
1500.785, 404.1633
1502.714, 405.7302
1504.642, 406.1072
1506.571, 406.9183
1508.499, 408.9025
1510.428, 411.4055
1512.356, 413.3448
1514.285, 414.7054
1516.213, 417.1660
1518.141, 421.3745
1520.070, 425.6658
1521.998, 430.0450
1523.927, 433.7668
1525.855, 436.8482
1527.784, 439.0207
1529.712, 438.2910
1531.641, 433.6368
1533.569, 429.7429
1535.498, 426.8758
1537.426, 425.8939
1539.355, 428.7816
1541.283, 434.1353
1543.212, 437.7095
1545.140, 439.1495
1547.068, 439.9628
1548.997, 439.6913
1550.925, 439.6552
1552.854, 440.7820
1554.782, 442.9003
1556.711, 444.4004
1558.639, 444.5595
1560.568, 447.4687
1562.496, 457.6314
1564.425, 464.5468
1566.353, 462.2876
1568.282, 457.0400
1570.210, 454.8221
1572.139, 455.6508
1574.067, 459.4071
1575.995, 470.5057
1577.924, 476.5071
1579.852, 469.9195
1581.781, 462.7318
1583.709, 464.2675
1585.638, 472.6079
1587.566, 477.9972
1589.495, 478.7104
1591.423, 479.4266
1593.352, 480.6555
1595.280, 481.5476
1597.209, 480.1015
1599.137, 479.2085
1601.066, 484.0172
1602.994, 496.0526
1604.922, 502.3976
1606.851, 497.5108
1608.779, 494.9514
1610.708, 499.3827
1612.636, 504.9432
1614.565, 507.2472
1616.493, 506.6189
1618.422, 504.5529
1620.350, 496.9028
1622.279, 497.5847
1624.207, 515.3949
1626.136, 531.8856
1628.064, 538.7611
1629.993, 539.6650
1631.921, 539.5305
1633.849, 538.2687
1635.778, 536.5958
1637.706, 531.2379
1639.635, 530.4865
1641.563, 542.1631
1643.492, 553.4560
1645.420, 552.6937
1647.349, 544.0169
1649.277, 542.3303
1651.206, 549.8674
1653.134, 553.4130
1655.063, 546.2863
1656.991, 541.8669
1658.920, 546.3067
1660.848, 554.5648
1662.776, 561.6354
1664.705, 567.6115
1666.633, 573.1050
1668.562, 578.4379
1670.490, 582.4636
1672.419, 582.8517
1674.347, 584.1313
1676.276, 590.2655
1678.204, 597.9086
1680.133, 601.6755
1682.061, 601.6266
1683.990, 598.9688
1685.918, 591.3123
1687.847, 586.4818
1689.775, 587.4493
1691.703, 591.0565
1693.632, 597.6715
1695.560, 604.8178
1697.489, 604.6909
1699.417, 595.9998
1701.346, 594.9642
1703.274, 609.6229
1705.203, 620.6611
1707.131, 616.9038
1709.060, 611.6992
1710.988, 618.7375
1712.917, 633.3521
1714.845, 638.5964
1716.774, 631.9479
1718.702, 631.1097
1720.630, 643.7327
1722.559, 653.9460
1724.487, 655.2185
1726.416, 652.5922
1728.344, 647.9482
1730.273, 643.2095
1732.201, 647.9579
1734.130, 665.6356
1736.058, 677.3443
1737.987, 676.2002
1739.915, 675.0016
1741.844, 678.8217
1743.772, 683.9803
1745.701, 687.5903
1747.629, 689.4847
1749.557, 688.5186
1751.486, 683.6801
1753.414, 679.9479
1755.343, 674.2990
1757.271, 674.3654
1759.200, 688.6082
1761.128, 704.7587
1763.057, 708.7502
1764.985, 703.7625
1766.914, 705.6438
1768.842, 716.8438
1770.771, 726.7822
1772.699, 737.4490
1774.628, 743.6064
1776.556, 737.2626
1778.484, 731.5176
1780.413, 741.4536
1782.341, 761.3843
1784.270, 770.5563
1786.198, 763.8856
1788.127, 762.0698
1790.055, 771.0100
1791.984, 776.3672
1793.912, 769.6760
1795.841, 764.2032
1797.769, 773.5095
1799.698, 790.2701
1801.626, 795.3372
1803.555, 785.1229
1805.483, 781.6647
1807.411, 789.3446
1809.340, 797.0490
1811.268, 802.8766
1813.197, 808.9636
1815.125, 818.6360
1817.054, 828.1340
1818.982, 830.6691
1820.911, 826.1192
1822.839, 824.7347
1824.768, 828.7078
1826.696, 830.5552
1828.625, 823.7324
1830.553, 821.9772
1832.482, 835.2675
1834.410, 851.3618
1836.339, 857.9789
1838.267, 856.8231
1840.195, 855.4133
1842.124, 853.1533
1844.052, 855.9047
1845.981, 867.6594
1847.909, 877.3802
1849.838, 881.3525
1851.766, 882.5176
1853.695, 880.1000
1855.623, 877.4370
1857.552, 880.4636
1859.480, 888.7736
1861.409, 899.5764
1863.337, 914.8408
1865.266, 922.3379
1867.194, 912.8565
1869.122, 905.7567
1871.051, 913.5501
1872.979, 925.1224
1874.908, 928.9289
1876.836, 928.2076
1878.765, 932.3848
1880.693, 941.8443
1882.622, 951.4493
1884.550, 961.5361
1886.479, 970.0484
1888.407, 977.4871
1890.336, 982.1108
1892.264, 979.0192
1894.193, 975.2617
1896.121, 982.5284
1898.049, 998.8293
1899.978, 1007.942
1901.906, 1006.240
1903.835, 1006.268
1905.763, 1006.285
1907.692, 1010.419
1909.620, 1023.682
1911.549, 1036.719
1913.477, 1043.143
1915.406, 1045.802
1917.334, 1048.979
1919.263, 1052.685
1921.191, 1056.146
1923.120, 1058.702
1925.048, 1063.583
1926.976, 1072.917
1928.905, 1081.425
1930.833, 1087.731
1932.762, 1092.330
1934.690, 1091.052
1936.619, 1090.635
1938.547, 1106.675
1940.476, 1135.023
1942.404, 1147.457
1944.333, 1139.542
1946.261, 1139.944
1948.190, 1159.204
1950.118, 1174.874
1952.047, 1179.387
1953.975, 1177.230
1955.904, 1162.171
1957.832, 1147.515
1959.760, 1156.159
1961.689, 1184.711
1963.617, 1208.316
1965.546, 1228.631
1967.474, 1237.645
1969.403, 1222.179
1971.331, 1214.740
1973.260, 1228.590
1975.188, 1243.144
1977.117, 1244.336
1979.045, 1242.565
1980.974, 1253.124
1982.902, 1271.961
1984.831, 1279.105
1986.759, 1271.825
1988.688, 1272.726
1990.616, 1288.978
1992.544, 1296.280
1994.473, 1277.490
1996.401, 1268.509
1998.330, 1295.852
2000.258, 1328.253
2002.187, 1338.981
2004.115, 1338.330
2006.044, 1344.935
2007.972, 1358.016
2009.901, 1371.720
2011.829, 1386.943
2013.758, 1395.546
2015.686, 1391.623
2017.615, 1389.977
2019.543, 1397.997
2021.471, 1405.987
2023.400, 1404.058
2025.328, 1402.582
2027.257, 1417.242
2029.185, 1442.601
2031.114, 1458.290
2033.042, 1462.187
2034.971, 1469.064
2036.899, 1483.018
2038.828, 1489.484
2040.756, 1482.042
2042.685, 1474.805
2044.613, 1467.554
2046.542, 1467.443
2048.470, 1482.181
2050.398, 1504.381
2052.327, 1529.225
2054.255, 1552.914
2056.184, 1559.522
2058.112, 1548.572
2060.041, 1546.441
2061.969, 1556.934
2063.898, 1570.667
2065.826, 1587.958
2067.755, 1605.107
2069.683, 1628.874
2071.612, 1643.389
2073.540, 1625.601
2075.469, 1601.279
2077.397, 1610.500
2079.325, 1643.653
2081.254, 1660.022
2083.182, 1657.139
2085.111, 1656.975
2087.039, 1657.734
2088.968, 1669.849
2090.896, 1703.226
2092.825, 1730.213
2094.753, 1739.153
2096.682, 1742.798
2098.610, 1745.052
2100.539, 1748.726
2102.467, 1759.843
2104.396, 1773.502
2106.324, 1775.598
2108.252, 1767.067
2110.181, 1772.144
2112.109, 1798.322
2114.038, 1814.886
2115.966, 1815.465
2117.895, 1815.879
2119.823, 1814.479
2121.752, 1818.182
2123.680, 1831.159
2125.609, 1848.248
2127.537, 1871.857
2129.466, 1892.871
2131.394, 1891.843
2133.323, 1878.274
2135.251, 1885.335
2137.179, 1912.040
2139.108, 1932.729
2141.036, 1945.604
2142.965, 1952.042
2144.893, 1945.450
2146.822, 1946.117
2148.750, 1966.501
2150.679, 1985.302
2152.607, 1991.124
2154.536, 1994.104
2156.464, 1999.124
2158.393, 2008.665
2160.321, 2031.245
2162.250, 2061.742
2164.178, 2074.976
2166.106, 2071.600
2168.035, 2078.970
2169.963, 2099.854
2171.892, 2121.636
2173.820, 2145.533
2175.749, 2160.816
2177.677, 2153.776
2179.606, 2153.266
2181.534, 2177.450
2183.463, 2204.705
2185.391, 2222.590
2187.320, 2233.059
2189.248, 2233.092
2191.177, 2229.272
2193.105, 2240.560
2195.033, 2266.253
2196.962, 2288.488
2198.890, 2307.496
2200.819, 2320.489
2202.747, 2325.696
2204.676, 2333.474
2206.604, 2347.990
2208.533, 2360.996
2210.461, 2364.904
2212.390, 2373.169
2214.318, 2400.563
2216.247, 2425.425
2218.175, 2425.468
2220.104, 2415.171
2222.032, 2409.428
2223.960, 2411.289
2225.889, 2437.462
2227.817, 2485.756
2229.746, 2505.379
2231.674, 2493.565
2233.603, 2494.465
2235.531, 2513.472
2237.460, 2539.994
2239.388, 2578.179
2241.317, 2608.962
2243.245, 2624.195
2245.174, 2633.419
2247.102, 2633.340
2249.031, 2637.004
2250.959, 2659.956
2252.887, 2686.301
2254.816, 2694.498
2256.744, 2694.235
2258.673, 2708.097
2260.601, 2731.803
2262.530, 2745.367
2264.458, 2748.944
2266.387, 2750.000
2268.315, 2747.245
2270.244, 2758.056
2272.172, 2790.893
2274.101, 2822.404
2276.029, 2850.033
2277.958, 2874.843
2279.886, 2893.841
2281.814, 2914.409
2283.743, 2946.670
2285.671, 2973.233
2287.600, 2978.362
2289.528, 2974.545
2291.457, 2970.088
2293.385, 2968.825
2295.314, 2979.678
2297.242, 2999.217
2299.171, 3010.732
2301.099, 3014.643
2303.028, 3049.364
2304.956, 3132.260
2306.885, 3177.124
2308.813, 3167.416
2310.741, 3165.142
2312.670, 3179.791
2314.598, 3189.644
2316.527, 3180.398
2318.455, 3185.624
2320.384, 3234.323
2322.312, 3277.620
2324.241, 3281.267
2326.169, 3277.738
2328.098, 3288.131
2330.026, 3308.863
2331.955, 3343.605
2333.883, 3381.196
2335.812, 3396.542
2337.740, 3396.849
2339.668, 3412.897
2341.597, 3441.945
2343.525, 3461.417
2345.454, 3470.953
2347.382, 3492.332
2349.311, 3532.439
2351.239, 3557.715
2353.168, 3546.524
2355.096, 3553.917
2357.025, 3605.117
2358.953, 3641.881
2360.882, 3642.226
2362.810, 3644.686
2364.739, 3662.673
2366.667, 3684.284
2368.595, 3705.612
2370.524, 3724.878
2372.452, 3733.419
2374.381, 3745.712
2376.309, 3787.737
2378.238, 3837.357
2380.166, 3852.489
2382.095, 3847.475
2384.023, 3863.600
2385.952, 3896.834
2387.880, 3918.723
2389.809, 3930.400
2391.737, 3945.183
2393.666, 3963.512
2395.594, 3981.632
2397.522, 3998.746
2399.451, 4016.315
2401.379, 4023.399
2403.308, 4051.105
2405.236, 4122.070
2407.165, 4175.055
2409.093, 4191.019
2411.022, 4206.609
2412.950, 4239.889
2414.879, 4264.995
2416.807, 4257.262
2418.736, 4252.957
2420.664, 4277.791
2422.593, 4311.401
2424.521, 4336.341
2426.449, 4361.042
2428.378, 4399.140
2430.306, 4440.134
2432.235, 4466.180
2434.163, 4483.121
2436.092, 4500.866
2438.020, 4520.597
2439.949, 4551.081
2441.877, 4589.022
2443.806, 4600.433
2445.734, 4582.683
2447.663, 4595.099
2449.591, 4643.574
2451.520, 4684.014
2453.448, 4714.243
2455.376, 4738.688
2457.305, 4754.583
2459.233, 4778.492
2461.162, 4818.229
2463.090, 4853.424
2465.019, 4875.644
2466.947, 4902.222
2468.876, 4944.694
2470.804, 4980.988
2472.733, 4994.761
2474.661, 5018.984
2476.590, 5082.282
2478.518, 5134.326
2480.447, 5128.179
2482.375, 5121.644
2484.303, 5162.211
2486.232, 5212.370
2488.160, 5249.093
2490.089, 5269.028
2492.017, 5244.746
2493.946, 5220.854
2495.874, 5278.510
2497.803, 5366.144
2499.731, 5392.058
2501.660, 5383.832
2503.588, 5400.401
2505.517, 5439.484
2507.445, 5506.984
2509.374, 5593.846
2511.302, 5616.766
2513.230, 5584.582
2515.159, 5589.892
2517.087, 5633.022
2519.016, 5677.159
2520.944, 5721.847
2522.873, 5752.080
2524.801, 5758.001
2526.730, 5784.011
2528.658, 5834.457
2530.587, 5891.448
2532.515, 5959.925
2534.444, 6000.056
2536.372, 5997.102
2538.301, 5997.802
2540.229, 6006.588
2542.157, 6032.064
2544.086, 6088.676
2546.014, 6142.903
2547.943, 6192.643
2549.871, 6233.309
2551.800, 6258.195
2553.728, 6285.306
2555.657, 6326.976
2557.585, 6361.763
2559.514, 6367.467
2561.442, 6380.859
2563.371, 6426.217
2565.299, 6476.311
2567.228, 6518.597
2569.156, 6557.842
2571.084, 6596.238
2573.013, 6634.175
2574.941, 6679.162
2576.870, 6715.416
2578.798, 6713.373
2580.727, 6712.958
2582.655, 6764.152
2584.584, 6829.980
2586.512, 6858.167
2588.441, 6885.545
2590.369, 6983.583
2592.298, 7085.106
2594.226, 7072.703
2596.155, 7019.227
2598.083, 7054.838
2600.011, 7135.601
2601.940, 7170.436
2603.868, 7183.694
2605.797, 7239.762
2607.725, 7315.462
2609.654, 7347.043
2611.582, 7354.587
2613.511, 7397.373
2615.439, 7466.989
2617.368, 7538.146
2619.296, 7606.676
2621.225, 7649.173
2623.153, 7672.246
2625.082, 7705.534
2627.010, 7748.323
2628.938, 7791.387
2630.867, 7835.212
2632.795, 7878.965
2634.724, 7923.228
2636.652, 7960.022
2638.581, 7991.089
2640.509, 8035.256
2642.438, 8091.804
2644.366, 8144.566
2646.295, 8192.075
2648.223, 8232.202
2650.152, 8264.377
2652.080, 8287.553
2654.009, 8302.044
2655.937, 8329.995
2657.865, 8373.301
2659.794, 8421.105
2661.722, 8472.817
2663.651, 8539.128
2665.579, 8630.897
2667.508, 8672.873
2669.436, 8657.881
2671.365, 8675.744
2673.293, 8732.602
2675.222, 8795.182
2677.150, 8865.150
2679.079, 8913.011
2681.007, 8930.427
2682.936, 8953.102
2684.864, 8975.944
2686.792, 9065.455
2688.721, 9234.111
2690.649, 9337.472
2692.578, 9347.354
2694.506, 9367.933
2696.435, 9408.937
2698.363, 9438.888
2700.292, 9450.979
2702.220, 9516.982
2704.149, 9648.642
2706.077, 9732.326
2708.006, 9742.823
2709.934, 9783.375
2711.863, 9865.712
2713.791, 9957.655
2715.719, 10065.06
2717.648, 10119.42
2719.576, 10112.45
2721.505, 10112.17
2723.433, 10123.47
2725.362, 10153.83
2727.290, 10208.24
2729.219, 10266.44
2731.147, 10329.86
2733.076, 10376.66
2735.004, 10404.44
2736.933, 10465.87
2738.861, 10572.88
2740.790, 10651.64
2742.718, 10690.97
2744.646, 10781.67
2746.575, 10924.38
2748.503, 11009.79
2750.432, 11033.56
2752.360, 11041.96
2754.289, 11033.89
2756.217, 11081.25
2758.146, 11186.91
2760.074, 11270.62
2762.003, 11332.04
2763.931, 11366.29
2765.860, 11377.56
2767.788, 11402.14
2769.717, 11441.95
2771.645, 11501.32
2773.573, 11581.26
2775.502, 11712.06
2777.430, 11868.96
2779.359, 11924.47
2781.287, 11905.18
2783.216, 11932.98
2785.144, 11998.98
2787.073, 12074.48
2789.001, 12154.20
2790.930, 12215.69
2792.858, 12266.05
2794.787, 12313.49
2796.715, 12366.31
2798.644, 12454.24
2800.572, 12554.96
2802.500, 12625.28
2804.429, 12673.24
2806.357, 12693.27
2808.286, 12719.95
2810.214, 12821.95
2812.143, 12945.95
2814.071, 13014.13
2816.000, 13066.16
2817.928, 13168.01
2819.857, 13255.76
2821.785, 13219.67
2823.714, 13196.78
2825.642, 13358.26
2827.571, 13531.90
2829.499, 13552.67
2831.427, 13566.92
2833.356, 13693.05
2835.284, 13809.17
2837.213, 13808.18
2839.141, 13827.73
2841.070, 13976.64
2842.998, 14105.89
2844.927, 14145.60
2846.855, 14182.19
2848.784, 14238.79
2850.712, 14318.20
2852.641, 14456.74
2854.569, 14550.48
2856.498, 14555.37
2858.426, 14590.31
2860.354, 14693.33
2862.283, 14787.98
2864.211, 14849.03
2866.140, 14920.30
2868.068, 15008.09
2869.997, 15090.60
2871.925, 15167.01
2873.854, 15234.00
2875.782, 15288.59
2877.711, 15345.96
2879.639, 15399.81
2881.568, 15513.49
2883.496, 15678.13
2885.425, 15772.47
2887.353, 15801.88
2889.281, 15845.79
2891.210, 15906.03
2893.138, 15992.00
2895.067, 16094.10
2896.995, 16173.50
2898.924, 16240.38
2900.852, 16312.75
2902.781, 16389.33
2904.709, 16464.43
2906.638, 16546.27
2908.566, 16646.54
2910.495, 16762.56
2912.423, 16909.68
2914.352, 17050.84
2916.280, 17153.38
2918.208, 17238.41
2920.137, 17308.60
2922.065, 17378.78
2923.994, 17466.95
2925.922, 17534.95
2927.851, 17527.04
2929.779, 17569.49
2931.708, 17731.84
2933.636, 17854.78
2935.565, 17891.71
2937.493, 17939.39
2939.422, 18009.71
2941.350, 18119.10
2943.279, 18279.91
2945.207, 18391.12
2947.135, 18442.78
2949.064, 18516.20
2950.992, 18618.16
2952.921, 18719.56
2954.849, 18822.33
2956.778, 18930.75
2958.706, 19036.26
2960.635, 19077.68
2962.563, 19099.19
2964.492, 19214.24
2966.420, 19376.68
2968.349, 19523.69
2970.277, 19643.74
2972.206, 19706.25
2974.134, 19762.83
2976.063, 19879.66
2977.991, 19990.75
2979.919, 20038.62
2981.848, 20093.02
2983.776, 20188.04
2985.705, 20294.03
2987.633, 20398.91
2989.562, 20507.04
2991.490, 20611.91
2993.419, 20733.33
2995.347, 20881.32
2997.276, 21006.90
2999.204, 21095.07
3001.133, 21202.37
3003.061, 21331.42
3004.990, 21463.41
3006.918, 21592.30
3008.846, 21663.10
3010.775, 21695.51
3012.703, 21783.00
3014.632, 21903.80
3016.560, 21999.29
3018.489, 22100.29
3020.417, 22273.21
3022.346, 22450.97
3024.274, 22551.66
3026.203, 22638.28
3028.131, 22748.36
3030.060, 22865.12
3031.988, 22991.54
3033.917, 23098.21
3035.845, 23152.79
3037.773, 23237.61
3039.702, 23376.23
3041.630, 23510.80
3043.559, 23627.70
3045.487, 23758.63
3047.416, 23907.65
3049.344, 24024.53
3051.273, 24113.83
3053.201, 24238.05
3055.130, 24379.85
3057.058, 24454.61
3058.987, 24496.39
3060.915, 24582.25
3062.844, 24688.86
3064.772, 24768.19
3066.700, 24879.41
3068.629, 25121.63
3070.557, 25349.54
3072.486, 25479.37
3074.414, 25582.80
3076.343, 25686.45
3078.271, 25770.37
3080.200, 25825.65
3082.128, 25882.79
3084.057, 25943.32
3085.985, 26045.69
3087.914, 26197.61
3089.842, 26360.98
3091.771, 26533.50
3093.699, 26716.30
3095.627, 26882.64
3097.556, 26922.60
3099.484, 26930.07
3101.413, 27103.10
3103.341, 27300.53
3105.270, 27373.79
3107.198, 27431.57
3109.127, 27565.81
3111.055, 27676.24
3112.984, 27694.86
3114.912, 27778.53
3116.841, 28000.27
3118.769, 28196.01
3120.698, 28333.48
3122.626, 28481.15
3124.554, 28638.04
3126.483, 28771.11
3128.411, 28880.44
3130.340, 28971.43
3132.268, 29060.34
3134.197, 29198.66
3136.125, 29353.33
3138.054, 29467.31
3139.982, 29596.16
3141.911, 29820.22
3143.839, 30022.17
3145.768, 30135.04
3147.696, 30255.67
3149.625, 30450.88
3151.553, 30596.37
3153.481, 30677.64
3155.410, 30741.95
3157.338, 30793.79
3159.267, 30943.31
3161.195, 31170.33
3163.124, 31344.39
3165.052, 31485.17
3166.981, 31642.22
3168.909, 31800.78
3170.838, 31928.73
3172.766, 32075.32
3174.695, 32319.84
3176.623, 32513.77
3178.552, 32534.30
3180.480, 32602.12
3182.408, 32788.59
3184.337, 32922.58
3186.265, 32985.36
3188.194, 33086.34
3190.122, 33231.32
3192.051, 33413.88
3193.979, 33619.75
3195.908, 33778.77
3197.836, 33944.17
3199.765, 34231.36
3201.693, 34504.47
3203.622, 34609.13
3205.550, 34707.73
3207.479, 34874.11
3209.407, 35022.08
3211.335, 35110.91
3213.264, 35227.17
3215.192, 35382.55
3217.121, 35514.71
3219.049, 35632.70
3220.978, 35821.95
3222.906, 36051.13
3224.835, 36203.74
3226.763, 36329.20
3228.692, 36466.05
3230.620, 36623.83
3232.549, 36827.32
3234.477, 37009.71
3236.406, 37128.46
3238.334, 37262.30
3240.262, 37424.45
3242.191, 37634.06
3244.119, 37891.73
3246.048, 38116.39
3247.976, 38309.95
3249.905, 38497.13
3251.833, 38672.00
3253.762, 38826.88
3255.690, 38960.81
3257.619, 39038.15
3259.547, 39158.94
3261.476, 39398.43
3263.404, 39611.19
3265.333, 39750.20
3267.261, 39875.89
3269.189, 39989.57
3271.118, 40114.93
3273.046, 40249.92
3274.975, 40389.87
3276.903, 40533.27
3278.832, 40671.79
3280.760, 40822.91
3282.689, 40998.21
3284.617, 41197.57
3286.546, 41452.90
3288.474, 41653.65
3290.403, 41759.76
3292.331, 41903.70
3294.260, 42102.71
3296.188, 42361.82
3298.116, 42648.57
3300.045, 42746.73
3301.973, 42798.67
3303.902, 43067.93
3305.830, 43357.16
3307.759, 43518.33
3309.687, 43616.57
3311.616, 43608.30
3313.544, 43701.87
3315.473, 43934.33
3317.401, 44191.30
3319.330, 44458.96
3321.258, 44663.04
3323.187, 44825.54
3325.115, 45013.26
3327.043, 45208.51
3328.972, 45396.27
3330.900, 45580.13
3332.829, 45761.46
3334.757, 45948.84
3336.686, 46149.11
3338.614, 46340.55
3340.543, 46519.77
3342.471, 46673.64
3344.400, 46808.49
3346.328, 46940.71
3348.257, 47095.44
3350.185, 47325.98
3352.114, 47585.66
3354.042, 47884.15
3355.970, 48122.55
3357.899, 48209.52
3359.827, 48372.50
3361.756, 48629.80
3363.684, 48809.11
3365.613, 48927.80
3367.541, 49154.45
3369.470, 49421.54
3371.398, 49609.21
3373.327, 49790.34
3375.255, 50063.93
3377.184, 50260.66
3379.112, 50292.33
3381.041, 50443.07
3382.969, 50803.70
3384.897, 51060.02
3386.826, 51221.30
3388.754, 51271.40
3390.683, 51318.95
3392.611, 51544.54
3394.540, 51836.48
3396.468, 52148.41
3398.397, 52447.10
3400.325, 52725.77
3402.254, 53001.71
3404.182, 53276.06
3406.111, 53454.27
3408.039, 53570.15
3409.968, 53762.49
3411.896, 53976.91
3413.824, 54164.16
3415.753, 54325.57
3417.681, 54424.63
3419.610, 54587.00
3421.538, 54837.80
3423.467, 55143.81
3425.395, 55493.07
3427.324, 55710.78
3429.252, 55866.01
3431.181, 56124.20
3433.109, 56386.93
3435.038, 56562.54
3436.966, 56708.97
3438.895, 56839.23
3440.823, 56968.93
3442.751, 57099.71
3444.680, 57235.28
3446.608, 57403.45
3448.537, 57711.09
3450.465, 58072.74
3452.394, 58362.43
3454.322, 58652.31
3456.251, 59008.43
3458.179, 59280.73
3460.108, 59427.16
3462.036, 59565.62
3463.965, 59697.85
3465.893, 59734.25
3467.822, 59784.87
3469.750, 60136.15
3471.678, 60494.27
3473.607, 60602.16
3475.535, 60771.11
3477.464, 61070.55
3479.392, 61388.58
3481.321, 61709.65
3483.249, 62092.67
3485.178, 62448.27
3487.106, 62490.95
3489.035, 62516.02
3490.963, 62806.76
3492.892, 63101.15
3494.820, 63325.96
3496.749, 63566.13
3498.677, 63834.91
3500.605, 64075.75
3502.534, 64321.09
3504.462, 64699.57
3506.391, 65038.22
3508.319, 65119.39
3510.248, 65185.96
3512.176, 65279.51
3514.105, 65500.91
3516.033, 65855.83
3517.962, 66110.28
3519.890, 66308.17
3521.819, 66511.77
3523.747, 66795.02
3525.676, 67326.01
3527.604, 67698.79
3529.532, 67575.04
3531.461, 67739.59
3533.389, 68178.09
3535.318, 68383.48
3537.246, 68461.59
3539.175, 68645.07
3541.103, 68857.67
3543.032, 69003.30
3544.960, 69259.04
3546.889, 69692.34
3548.817, 70116.30
3550.746, 70503.35
3552.674, 70765.22
3554.603, 70965.99
3556.531, 71242.25
3558.459, 71483.05
3560.388, 71558.66
3562.316, 71749.56
3564.245, 72112.54
3566.173, 72321.10
3568.102, 72413.73
3570.030, 72652.45
3571.959, 72990.70
3573.887, 73472.43
3575.816, 73833.73
3577.744, 73923.38
3579.673, 74076.94
3581.601, 74352.47
3583.530, 74543.11
3585.458, 74717.11
3587.386, 75097.32
3589.315, 75474.88
3591.243, 75585.13
3593.172, 75836.83
3595.100, 76344.40
3597.029, 76752.88
3598.957, 77048.10
3600.886, 77341.38
3602.814, 77625.54
3604.743, 77890.40
3606.671, 78150.84
3608.600, 78428.67
3610.528, 78668.80
3612.457, 78869.23
3614.385, 79048.98
3616.313, 79271.77
3618.242, 79723.08
3620.170, 80192.88
3622.099, 80480.28
3624.027, 80763.36
3625.956, 81057.98
3627.884, 81414.74
3629.813, 81822.28
3631.741, 82264.38
3633.670, 82694.62
3635.598, 83072.91
3637.527, 83414.85
3639.455, 83748.88
3641.384, 83971.20
3643.312, 84076.79
3645.240, 84010.23
3647.169, 83925.07
3649.097, 84081.08
3651.026, 84327.36
3652.954, 84608.94
3654.883, 84877.57
3656.811, 85124.90
3658.740, 85380.20
3660.668, 85624.58
3662.597, 85778.92
3664.525, 85968.71
3666.454, 86317.30
3668.382, 86618.61
3670.311, 86822.34
3672.239, 86934.81
3674.167, 87033.65
3676.096, 87375.11
3678.024, 87785.09
3679.953, 88096.42
3681.881, 88432.09
3683.810, 88854.94
3685.738, 89060.52
3687.667, 89140.31
3689.595, 89625.35
3691.524, 90169.98
3693.452, 90430.82
3695.381, 90564.18
3697.309, 90542.41
3699.238, 90820.48
3701.166, 91350.27
3703.094, 91708.20
3705.023, 91998.66
3706.951, 92339.13
3708.880, 92626.58
3710.808, 92805.01
3712.737, 93083.01
3714.665, 93450.03
3716.594, 93680.22
3718.522, 93861.18
3720.451, 94055.15
3722.379, 94314.95
3724.308, 94692.34
3726.236, 94839.82
3728.165, 94811.20
3730.093, 95204.20
3732.021, 95732.88
3733.950, 96104.00
3735.878, 96471.88
3737.807, 96895.07
3739.735, 97137.36
3741.664, 97232.80
3743.592, 97482.66
3745.521, 97767.72
3747.449, 97978.74
3749.378, 98169.52
3751.306, 98343.98
3753.235, 98632.08
3755.163, 99007.88
3757.092, 99349.52
3759.020, 99702.17
3760.948, 100141.8
3762.877, 100546.8
3764.805, 100901.9
3766.734, 100970.0
3768.662, 100878.1
3770.591, 100986.9
3772.519, 101225.9
3774.448, 101644.3
3776.376, 101985.8
3778.305, 102225.2
3780.233, 102465.3
3782.162, 102754.7
3784.090, 103226.6
3786.019, 103696.3
3787.947, 104077.7
3789.875, 104331.2
3791.804, 104474.3
3793.732, 104803.5
3795.661, 105184.6
3797.589, 105406.8
3799.518, 105657.5
3801.446, 106046.4
3803.375, 106325.2
3805.303, 106541.8
3807.232, 106941.0
3809.160, 107484.8
3811.089, 108264.2
3813.017, 108760.4
3814.946, 108811.4
3816.874, 108916.0
3818.802, 109087.2
3820.731, 109358.4
3822.659, 109595.2
3824.588, 109657.0
3826.516, 109927.6
3828.445, 110424.8
3830.373, 110738.8
3832.302, 110970.1
3834.230, 111211.6
3836.159, 111549.4
3838.087, 112034.6
3840.016, 112571.0
3841.944, 113078.2
3843.873, 113135.5
3845.801, 113182.3
3847.729, 113652.8
3849.658, 113991.3
3851.586, 114084.5
3853.515, 114414.5
3855.443, 114869.2
3857.372, 115234.2
3859.300, 115657.2
3861.229, 116229.8
3863.157, 116597.3
3865.086, 116749.1
3867.014, 116722.5
3868.943, 116675.8
3870.871, 116726.0
3872.800, 116873.7
3874.728, 117124.4
3876.656, 117583.3
3878.585, 118111.6
3880.513, 118426.3
3882.442, 118806.5
3884.370, 119446.9
3886.299, 119929.5
3888.227, 120272.2
3890.156, 120568.5
3892.084, 120818.8
3894.013, 120991.3
3895.941, 121280.9
3897.870, 121758.5
3899.798, 121802.3
3901.727, 121800.3
3903.655, 122487.1
3905.583, 123133.1
3907.512, 123446.1
3909.440, 123806.4
3911.369, 124200.8
3913.297, 124275.7
3915.226, 124408.0
3917.154, 124930.6
3919.083, 125276.2
3921.011, 125425.5
3922.940, 125687.7
3924.868, 125993.0
3926.797, 126283.9
3928.725, 126609.3
3930.654, 126996.7
3932.582, 127348.0
3934.510, 127683.1
3936.439, 128054.9
3938.367, 128496.1
3940.296, 129081.0
3942.224, 129567.7
3944.153, 129894.6
3946.081, 130046.5
3948.010, 130129.7
3949.938, 130184.9
3951.867, 130547.9
3953.795, 131089.3
3955.724, 131314.4
3957.652, 131566.6
3959.581, 132104.0
3961.509, 132461.2
3963.438, 132611.9
3965.366, 132880.3
3967.294, 133228.8
3969.223, 133697.8
3971.151, 134030.1
3973.080, 134171.1
3975.008, 134564.4
3976.937, 135062.8
3978.865, 135396.3
3980.794, 135628.5
3982.722, 135694.9
3984.651, 136173.8
3986.579, 136840.7
3988.508, 137090.8
3990.436, 137278.9
3992.365, 137554.3
3994.293, 137971.4
3996.221, 138460.9
3998.150, 138662.1
4000.078, 138874.5
4002.007, 139322.3
4003.935, 139713.0
4005.864, 140013.0
4007.792, 140317.8
4009.721, 140628.3
4011.649, 140956.8
4013.578, 141314.3
4015.506, 141702.8
4017.435, 141974.3
4019.363, 142281.5
4021.292, 142882.5
4023.220, 143382.3
4025.148, 143671.5
4027.077, 143866.3
4029.005, 144065.1
4030.934, 144483.1
4032.862, 144923.3
4034.791, 145281.7
4036.719, 145512.9
4038.648, 145702.2
4040.576, 145952.3
4042.505, 146334.0
4044.433, 146783.2
4046.362, 147127.2
4048.290, 147446.4
4050.219, 147926.5
4052.147, 148297.8
4054.075, 148410.5
4056.004, 148603.2
4057.932, 148899.7
4059.861, 149271.2
4061.789, 149615.8
4063.718, 149865.8
4065.646, 150204.6
4067.575, 150722.9
4069.503, 151054.2
4071.432, 151189.3
4073.360, 151337.8
4075.289, 151740.0
4077.217, 152245.2
4079.146, 152404.5
4081.074, 152515.6
4083.002, 152760.4
4084.931, 153020.8
4086.859, 153333.6
4088.788, 153586.2
4090.716, 153912.2
4092.645, 154300.7
4094.573, 154525.7
4096.502, 154720.1
4098.430, 155216.2
4100.359, 155701.1
4102.287, 155541.1
4104.216, 155500.6
4106.144, 155764.6
4108.073, 156005.3
4110.001, 156347.6
4111.930, 156862.1
4113.858, 157177.9
4115.787, 157446.1
4117.715, 157796.2
4119.644, 158206.5
4121.572, 158725.0
4123.500, 159040.5
4125.429, 159180.1
4127.357, 159345.6
4129.286, 159607.2
4131.214, 159904.9
4133.143, 160103.6
4135.071, 160413.2
4137.000, 160680.6
4138.928, 160876.4
4140.856, 161379.7
4142.785, 161809.5
4144.713, 162045.8
4146.642, 162505.4
4148.570, 163146.7
4150.499, 163364.6
4152.427, 163397.7
4154.356, 163627.2
4156.284, 163753.0
4158.213, 163699.5
4160.141, 163879.2
4162.070, 164220.3
4163.998, 164636.1
4165.927, 165016.5
4167.855, 165234.1
4169.784, 165759.4
4171.712, 166379.3
4173.641, 166698.8
4175.569, 166873.1
4177.498, 166818.9
4179.426, 167168.7
4181.354, 167597.5
4183.283, 167760.9
4185.211, 167935.3
4187.140, 168017.5
4189.068, 168201.5
4190.997, 168498.3
4192.925, 168826.6
4194.854, 169285.6
4196.782, 169801.0
4198.710, 170166.4
4200.639, 170306.8
4202.567, 170206.7
4204.496, 170431.8
4206.424, 170918.3
4208.353, 171257.7
4210.281, 171518.4
4212.210, 171710.5
4214.138, 172092.5
4216.067, 172596.4
4217.995, 172841.5
4219.924, 173184.6
4221.852, 173900.4
4223.781, 174011.5
4225.709, 173751.3
4227.638, 173888.7
4229.566, 174096.9
4231.495, 174264.0
4233.423, 174354.2
4235.352, 174479.9
4237.280, 174757.4
4239.208, 175181.6
4241.137, 175763.3
4243.065, 176370.0
4244.994, 176876.8
4246.922, 177129.0
4248.851, 177187.9
4250.779, 177080.2
4252.708, 177244.3
4254.636, 177593.7
4256.564, 178177.9
4258.493, 178442.1
4260.421, 178442.6
4262.350, 178928.1
4264.278, 179320.4
4266.207, 179215.7
4268.135, 179328.8
4270.064, 179670.3
4271.992, 180290.6
4273.921, 180752.1
4275.849, 180841.3
4277.778, 181053.2
4279.706, 181288.3
4281.635, 181351.7
4283.563, 181473.1
4285.492, 181713.8
4287.420, 181810.7
4289.349, 181999.6
4291.277, 182596.9
4293.206, 182984.5
4295.134, 183141.0
4297.063, 183383.7
4298.991, 183534.4
4300.919, 183410.5
4302.848, 183771.3
4304.776, 184372.2
4306.705, 184556.8
4308.633, 184750.8
4310.562, 185088.3
4312.490, 185272.0
4314.418, 185470.6
4316.347, 185921.6
4318.275, 186321.6
4320.204, 186627.7
4322.132, 186841.3
4324.061, 187055.3
4325.989, 187313.0
4327.918, 187613.7
4329.846, 187906.7
4331.775, 188089.5
4333.703, 188225.8
4335.632, 188350.6
4337.560, 188706.5
4339.489, 189077.8
4341.417, 189189.9
4343.346, 189245.4
4345.274, 189345.1
4347.203, 189984.5
4349.131, 190526.4
4351.060, 190554.0
4352.988, 190903.6
4354.917, 191402.1
4356.845, 191673.2
4358.773, 191718.8
4360.702, 191593.5
4362.630, 191683.0
4364.559, 191892.7
4366.487, 192041.8
4368.416, 192473.4
4370.344, 193057.9
4372.272, 193252.9
4374.201, 193440.8
4376.129, 193887.7
4378.058, 193778.3
4379.986, 193505.5
4381.915, 193669.8
4383.843, 193776.6
4385.772, 193793.1
4387.700, 194104.4
4389.629, 194498.3
4391.557, 194862.8
4393.486, 195176.9
4395.414, 195474.4
4397.343, 195893.9
4399.271, 196063.7
4401.200, 195926.6
4403.128, 196021.8
4405.057, 196254.8
4406.985, 196586.9
4408.914, 196838.0
4410.842, 197013.6
4412.771, 197135.8
4414.699, 197261.6
4416.627, 197421.7
4418.556, 197888.6
4420.484, 198405.2
4422.413, 198794.6
4424.341, 198904.4
4426.270, 198877.4
4428.198, 199169.7
4430.126, 199387.3
4432.055, 199404.8
4433.983, 199484.4
4435.912, 199622.7
4437.840, 199839.6
4439.769, 199969.1
4441.697, 200029.5
4443.626, 200079.5
4445.554, 200263.7
4447.483, 200624.1
4449.411, 200954.5
4451.340, 201207.7
4453.268, 201330.4
4455.197, 201373.4
4457.125, 201396.4
4459.054, 201511.8
4460.982, 201793.4
4462.911, 202237.3
4464.839, 202390.9
4466.768, 202511.2
4468.696, 202731.8
4470.625, 203218.7
4472.553, 203726.6
4474.481, 203701.8
4476.410, 203783.8
4478.338, 204074.9
4480.267, 203636.4
4482.195, 203423.8
4484.124, 204020.3
4486.052, 203909.1
4487.980, 203603.1
4489.909, 204081.4
4491.837, 204215.0
4493.766, 204059.4
4495.694, 204577.2
4497.623, 205048.5
4499.551, 205124.1
4501.480, 205563.8
4503.408, 206060.1
4505.337, 206259.5
4507.265, 206283.7
4509.194, 206168.4
4511.122, 205937.0
4513.051, 205880.2
4514.979, 206070.7
4516.908, 206158.0
4518.836, 206255.3
4520.765, 206424.9
4522.693, 206681.2
4524.622, 206911.8
4526.550, 206999.8
4528.479, 206799.6
4530.407, 206473.6
4532.335, 206869.4
4534.264, 207352.7
4536.192, 207684.2
4538.121, 207867.4
4540.049, 207954.1
4541.978, 207970.7
4543.906, 208085.9
4545.834, 208227.2
4547.763, 208209.4
4549.691, 208197.2
4551.620, 208228.4
4553.548, 208408.6
4555.477, 208443.6
4557.405, 208127.1
4559.334, 208290.8
4561.262, 208662.6
4563.191, 209028.9
4565.119, 209297.7
4567.048, 209548.8
4568.976, 210009.6
4570.905, 210352.3
4572.833, 210500.6
4574.762, 210309.0
4576.690, 210222.9
4578.619, 210476.1
4580.547, 210068.4
4582.476, 209678.3
4584.404, 209936.0
4586.333, 210304.6
4588.261, 210700.2
4590.189, 211049.4
4592.118, 211254.7
4594.046, 211405.0
4595.975, 211981.7
4597.903, 212392.4
4599.832, 212429.8
4601.760, 212685.6
4603.688, 212796.8
4605.617, 212477.3
4607.545, 212501.8
4609.474, 212630.4
4611.402, 212502.8
4613.331, 212730.5
4615.259, 213162.1
4617.188, 213252.4
4619.116, 213429.7
4621.045, 213729.0
4622.973, 213869.9
4624.902, 213885.2
4626.830, 213797.0
4628.759, 213586.5
4630.687, 213357.1
4632.616, 213166.1
4634.544, 213141.3
4636.473, 213307.5
4638.401, 213751.3
4640.330, 214072.4
4642.258, 214286.5
4644.187, 214576.9
4646.115, 214759.9
4648.043, 214816.3
4649.972, 214790.5
4651.900, 214771.3
4653.829, 214774.4
4655.757, 214818.1
4657.686, 214917.0
4659.614, 215115.8
4661.542, 215263.5
4663.471, 215380.6
4665.399, 215522.9
4667.328, 215544.7
4669.256, 215502.5
4671.185, 215496.8
4673.113, 215355.3
4675.042, 215159.5
4676.970, 215282.3
4678.899, 215417.3
4680.827, 215509.3
4682.756, 215838.3
4684.684, 216197.4
4686.613, 216492.5
4688.541, 216571.3
4690.470, 216650.9
4692.398, 216981.7
4694.327, 216849.1
4696.255, 216668.2
4698.184, 216886.3
4700.112, 216864.3
4702.041, 216733.9
4703.969, 216862.4
4705.897, 216503.1
4707.826, 215967.4
4709.754, 216317.0
4711.683, 216552.9
4713.611, 216567.8
4715.540, 216665.3
4717.468, 216871.4
4719.396, 217146.2
4721.325, 217274.2
4723.253, 217375.8
4725.182, 217519.6
4727.110, 217204.5
4729.039, 216934.8
4730.967, 216996.3
4732.896, 216981.1
4734.824, 216939.8
4736.753, 216919.2
4738.681, 217039.3
4740.610, 217278.2
4742.538, 217644.5
4744.467, 217782.7
4746.395, 217727.3
4748.324, 217453.4
4750.252, 217564.2
4752.181, 217889.1
4754.109, 217890.2
4756.038, 217796.6
4757.966, 217670.4
4759.895, 217504.4
4761.823, 217538.8
4763.751, 217767.7
4765.680, 217992.7
4767.608, 217896.4
4769.537, 217440.0
4771.465, 217860.4
4773.394, 218043.3
4775.322, 217654.5
4777.250, 217738.9
4779.179, 217836.8
4781.107, 217660.5
4783.036, 217693.2
4784.964, 217832.3
4786.893, 218018.9
4788.821, 217835.4
4790.750, 217711.7
4792.678, 218175.3
4794.607, 218131.1
4796.535, 217929.9
4798.464, 217906.4
4800.392, 217799.9
4802.321, 217662.0
4804.249, 217558.8
4806.178, 217673.0
4808.106, 217795.9
4810.035, 217536.5
4811.963, 217820.7
4813.892, 218254.5
4815.820, 218034.5
4817.749, 217673.5
4819.677, 217528.0
4821.605, 218339.7
4823.534, 218693.7
4825.462, 218564.7
4827.391, 218132.5
4829.319, 218256.2
4831.248, 218717.9
4833.176, 218573.3
4835.104, 218413.6
4837.033, 218322.1
4838.961, 218213.5
4840.890, 218131.7
4842.818, 218065.7
4844.747, 217941.4
4846.675, 217912.1
4848.604, 217979.9
4850.532, 218080.4
4852.461, 218022.5
4854.389, 217827.7
4856.318, 217779.2
4858.246, 217613.6
4860.175, 217345.1
4862.103, 217311.9
4864.032, 217248.3
4865.960, 217099.4
4867.889, 216915.7
4869.817, 216907.1
4871.746, 217081.3
4873.674, 217306.9
4875.603, 217346.4
4877.531, 217193.8
4879.459, 217106.0
4881.388, 217119.7
4883.316, 217191.4
4885.245, 217197.3
4887.173, 216974.9
4889.102, 216557.3
4891.030, 216278.4
4892.958, 216257.6
4894.887, 216435.5
4896.815, 216571.8
4898.744, 216428.0
4900.672, 216133.9
4902.601, 216643.0
4904.529, 216767.1
4906.458, 216419.8
4908.386, 216162.5
4910.315, 216033.8
4912.243, 216009.6
4914.172, 216046.0
4916.100, 215969.4
4918.029, 215809.1
4919.957, 215785.4
4921.886, 215559.3
4923.814, 215307.3
4925.743, 215817.2
4927.671, 215859.3
4929.600, 215497.8
4931.528, 215277.0
4933.457, 215050.6
4935.385, 214829.9
4937.313, 214646.6
4939.242, 214540.5
4941.170, 214519.3
4943.099, 214621.5
4945.027, 214418.2
4946.956, 214273.2
4948.884, 214911.8
4950.813, 215139.9
4952.741, 215054.2
4954.669, 214819.7
4956.598, 214774.5
4958.526, 214730.9
4960.455, 214475.4
4962.383, 214153.7
4964.312, 213801.3
4966.240, 213404.1
4968.169, 213504.1
4970.097, 213697.4
4972.026, 213743.3
4973.954, 214163.0
4975.883, 214396.6
4977.811, 214122.3
4979.740, 213985.9
4981.668, 213642.7
4983.597, 213078.8
4985.525, 213267.4
4987.454, 213230.0
4989.382, 212753.8
4991.311, 212470.8
4993.239, 212291.4
4995.167, 212223.5
4997.096, 212361.5
4999.024, 212488.8
5000.953, 212617.2
5002.881, 213058.0
5004.810, 212835.5
5006.738, 212259.9
5008.667, 212090.7
5010.595, 211828.4
5012.523, 211460.0
5014.452, 210984.9
5016.380, 210604.8
5018.309, 210492.3
5020.237, 210834.9
5022.166, 210434.5
5024.094, 210210.0
5026.023, 210718.8
5027.951, 210770.2
5029.880, 210620.6
5031.808, 210405.8
5033.737, 210295.8
5035.665, 210108.9
5037.594, 209811.5
5039.522, 209454.4
5041.451, 209115.9
5043.379, 208903.9
5045.308, 209163.0
5047.236, 209089.2
5049.165, 208837.0
5051.093, 208829.5
5053.021, 208789.6
5054.950, 208707.8
5056.878, 208652.5
5058.807, 208313.4
5060.735, 208020.8
5062.664, 208025.8
5064.592, 207900.2
5066.521, 207696.7
5068.449, 207436.7
5070.377, 206948.3
5072.306, 206795.1
5074.234, 206972.8
5076.163, 206602.8
5078.091, 206628.5
5080.020, 206928.4
5081.948, 206843.7
5083.877, 206508.4
5085.805, 206196.5
5087.734, 206323.6
5089.662, 206201.2
5091.591, 205960.7
5093.519, 205739.4
5095.448, 205788.5
5097.376, 206001.1
5099.305, 206262.9
5101.233, 205810.1
5103.162, 205567.2
5105.090, 205700.4
5107.019, 205861.9
5108.947, 205375.9
5110.875, 204666.7
5112.804, 204747.9
5114.732, 204583.4
5116.661, 204265.9
5118.589, 203962.3
5120.518, 204196.8
5122.446, 204339.9
5124.375, 204060.7
5126.303, 203935.0
5128.231, 204024.7
5130.160, 204203.3
5132.088, 203842.3
5134.017, 203504.8
5135.945, 203269.9
5137.874, 203048.5
5139.802, 202745.8
5141.731, 202480.6
5143.659, 202327.7
5145.588, 202809.4
5147.516, 202993.3
5149.445, 202459.6
5151.373, 202532.6
5153.302, 202461.9
5155.230, 202170.5
5157.159, 202118.6
5159.087, 202305.5
5161.016, 202475.0
5162.944, 202275.2
5164.873, 201621.6
5166.801, 201117.4
5168.729, 201187.7
5170.658, 201028.1
5172.586, 200995.0
5174.515, 201127.8
5176.443, 200247.4
5178.372, 199967.2
5180.300, 200229.5
5182.229, 200117.8
5184.157, 200269.4
5186.085, 200466.5
5188.014, 200447.0
5189.942, 199926.1
5191.871, 199460.1
5193.799, 199310.3
5195.728, 199271.5
5197.656, 198927.3
5199.585, 198364.4
5201.513, 197949.6
5203.442, 198018.2
5205.370, 198133.6
5207.299, 197725.9
5209.227, 197833.6
5211.156, 197873.8
5213.084, 197616.4
5215.013, 197664.4
5216.941, 197434.5
5218.870, 196997.2
5220.798, 196863.0
5222.727, 196274.4
5224.655, 195744.2
5226.583, 195829.0
5228.512, 195633.1
5230.440, 195564.2
5232.369, 195723.9
5234.297, 195820.1
5236.226, 195883.3
5238.154, 195765.2
5240.083, 195129.8
5242.011, 194640.0
5243.939, 194266.4
5245.868, 193965.4
5247.796, 193915.9
5249.725, 193588.4
5251.653, 193058.2
5253.582, 193115.0
5255.510, 193111.6
5257.439, 193071.9
5259.367, 193176.4
5261.296, 193108.3
5263.224, 192786.2
5265.153, 192252.0
5267.081, 191881.5
5269.010, 191764.6
5270.938, 191646.1
5272.867, 190952.6
5274.795, 190566.3
5276.724, 190412.5
5278.652, 190388.6
5280.581, 190314.0
5282.509, 190322.1
5284.438, 190389.6
5286.366, 190378.8
5288.294, 190429.0
5290.223, 190245.9
5292.151, 189449.6
5294.080, 189324.2
5296.008, 188912.4
5297.937, 188067.2
5299.865, 187464.4
5301.793, 187420.2
5303.722, 187534.8
5305.650, 187315.5
5307.579, 187312.4
5309.507, 187196.3
5311.436, 186898.0
5313.364, 187009.1
5315.293, 186814.0
5317.221, 186314.3
5319.150, 185678.6
5321.078, 185239.0
5323.007, 184874.5
5324.935, 184550.2
5326.864, 184566.9
5328.792, 184630.4
5330.721, 184590.4
5332.649, 184302.2
5334.578, 184424.0
5336.506, 184432.8
5338.435, 184090.7
5340.363, 183541.1
5342.292, 183183.2
5344.220, 182958.8
5346.148, 182698.7
5348.077, 182239.5
5350.005, 181858.3
5351.934, 181658.3
5353.862, 181508.4
5355.791, 181573.8
5357.719, 181526.0
5359.647, 180911.5
5361.576, 180731.5
5363.504, 180853.2
5365.433, 180975.2
5367.361, 180002.8
5369.290, 179511.8
5371.218, 179321.5
5373.147, 178983.6
5375.075, 178356.4
5377.004, 177905.4
5378.932, 177794.3
5380.861, 178145.4
5382.789, 178056.8
5384.718, 177814.0
5386.646, 177715.1
5388.575, 177589.4
5390.503, 177517.8
5392.432, 177398.5
5394.360, 177030.2
5396.289, 176242.9
5398.217, 175554.6
5400.146, 175296.9
5402.074, 175631.2
5404.002, 175205.2
5405.931, 174623.6
5407.859, 175169.3
5409.788, 175188.3
5411.716, 174992.0
5413.645, 174728.8
5415.573, 174311.1
5417.501, 173858.3
5419.430, 173496.7
5421.358, 173307.3
5423.287, 172799.7
5425.215, 172240.5
5427.144, 171817.7
5429.072, 171790.2
5431.001, 171331.6
5432.929, 171117.9
5434.858, 171379.1
5436.786, 171373.4
5438.715, 171111.2
5440.643, 170742.7
5442.572, 170426.8
5444.500, 169889.6
5446.429, 169443.7
5448.357, 169135.6
5450.286, 168817.6
5452.214, 168669.3
5454.143, 168593.3
5456.071, 168507.2
5458.000, 168216.5
5459.928, 168198.7
5461.856, 168278.3
5463.785, 168196.6
5465.713, 167827.9
5467.642, 167194.9
5469.570, 166534.9
5471.499, 166340.4
5473.427, 165930.0
5475.355, 165630.6
5477.284, 165531.0
5479.212, 165132.0
5481.141, 164884.6
5483.069, 164799.7
5484.998, 164798.1
5486.926, 164400.9
5488.855, 164237.9
5490.783, 164179.7
5492.712, 163801.4
5494.640, 163237.5
5496.569, 162699.3
5498.497, 162212.5
5500.426, 161570.2
5502.354, 161370.7
5504.283, 161270.2
5506.211, 161078.9
5508.140, 161236.8
5510.068, 161389.8
5511.997, 161290.8
5513.925, 160764.1
5515.854, 160347.1
5517.782, 160152.7
5519.710, 159941.4
5521.639, 159325.9
5523.567, 158776.0
5525.496, 158570.1
5527.424, 158515.2
5529.353, 157911.7
5531.281, 157677.2
5533.209, 157509.6
5535.138, 157242.8
5537.066, 157100.9
5538.995, 156991.8
5540.923, 156630.9
5542.852, 155898.7
5544.780, 155426.8
5546.709, 155309.4
5548.637, 155023.8
5550.566, 154141.6
5552.494, 154446.2
5554.423, 154288.4
5556.351, 153721.5
5558.280, 153472.7
5560.208, 153313.2
5562.137, 153241.8
5564.065, 153136.9
5565.994, 152698.8
5567.922, 152709.9
5569.851, 152544.5
5571.779, 152091.9
5573.708, 151797.3
5575.636, 151768.6
5577.564, 151451.4
5579.493, 150720.0
5581.421, 150192.6
5583.350, 149938.3
5585.278, 149699.9
5587.207, 149345.8
5589.135, 149055.5
5591.063, 148976.3
5592.992, 148850.5
5594.920, 148485.3
5596.849, 148130.2
5598.777, 147940.3
5600.706, 147669.2
5602.634, 147113.5
5604.563, 146500.2
5606.491, 146215.6
5608.420, 146012.3
5610.348, 145568.2
5612.277, 145526.5
5614.205, 145301.6
5616.134, 144948.4
5618.062, 144720.6
5619.991, 144366.7
5621.919, 144187.6
5623.848, 144067.0
5625.776, 143747.1
5627.705, 142984.8
5629.633, 142511.7
5631.562, 142253.0
5633.490, 141846.6
5635.418, 141358.6
5637.347, 141090.1
5639.275, 140997.1
5641.204, 140900.8
5643.132, 140678.5
5645.061, 140340.5
5646.989, 140043.9
5648.917, 140029.7
5650.846, 139711.7
5652.774, 139364.9
5654.703, 138969.4
5656.631, 138380.4
5658.560, 137789.6
5660.488, 137716.7
5662.417, 137737.4
5664.345, 137108.9
5666.274, 136809.6
5668.202, 137017.3
5670.131, 137195.5
5672.059, 136526.5
5673.988, 136297.9
5675.916, 136308.1
5677.845, 136190.0
5679.773, 135572.6
5681.702, 135005.8
5683.630, 134308.9
5685.559, 133707.6
5687.487, 133477.2
5689.416, 133408.9
5691.344, 133475.6
5693.272, 133427.5
5695.201, 133100.0
5697.129, 133198.4
5699.058, 132783.9
5700.986, 132298.8
5702.915, 132188.4
5704.843, 131801.7
5706.771, 131241.5
5708.700, 130705.0
5710.628, 130320.6
5712.557, 130247.9
5714.485, 129810.8
5716.414, 129555.5
5718.342, 129638.4
5720.271, 129290.5
5722.199, 129486.7
5724.128, 129323.5
5726.056, 128611.9
5727.985, 128050.6
5729.913, 127752.4
5731.842, 127336.8
5733.770, 126769.7
5735.699, 126231.0
5737.627, 125950.6
5739.556, 125964.5
5741.484, 126100.9
5743.413, 126155.8
5745.341, 125592.0
5747.270, 125321.3
5749.198, 125226.3
5751.126, 124994.8
5753.055, 124783.4
5754.983, 124274.3
5756.912, 123618.0
5758.840, 123023.9
5760.769, 122740.9
5762.697, 122414.1
5764.625, 122283.9
5766.554, 122311.0
5768.482, 122003.5
5770.411, 122122.6
5772.339, 121967.9
5774.268, 121500.4
5776.196, 121090.9
5778.125, 120892.6
5780.053, 120468.0
5781.982, 119961.4
5783.910, 119645.8
5785.839, 119428.0
5787.767, 118861.0
5789.696, 118468.9
5791.624, 118501.5
5793.553, 118361.6
5795.481, 118100.9
5797.410, 117927.5
5799.338, 117843.8
5801.267, 117687.8
5803.195, 117113.8
5805.124, 116676.2
5807.052, 116346.0
5808.980, 115901.8
5810.909, 115435.8
5812.837, 115088.3
5814.766, 114938.4
5816.694, 114936.5
5818.623, 114632.0
5820.551, 114629.6
5822.479, 114634.3
5824.408, 114369.2
5826.336, 113510.6
5828.265, 113366.5
5830.193, 113124.3
5832.122, 112756.8
5834.050, 112479.5
5835.979, 112154.9
5837.907, 112019.1
5839.836, 111842.3
5841.764, 111572.9
5843.693, 111523.2
5845.621, 111638.3
5847.550, 111343.6
5849.478, 110719.3
5851.407, 110163.0
5853.335, 110143.9
5855.264, 110261.1
5857.192, 110017.4
5859.121, 109313.5
5861.049, 108867.5
5862.978, 108789.3
5864.906, 108634.6
5866.834, 108323.5
5868.763, 108030.1
5870.691, 107637.6
5872.620, 107578.5
5874.548, 107537.7
5876.477, 107266.4
5878.405, 107097.7
5880.333, 106865.6
5882.262, 106583.5
5884.190, 106267.7
5886.119, 105924.9
5888.047, 105790.9
5889.976, 105589.7
5891.904, 105360.5
5893.833, 105160.7
5895.761, 104902.9
5897.690, 104596.4
5899.618, 104494.5
5901.547, 104273.0
5903.475, 103483.2
5905.404, 103263.3
5907.332, 102957.6
5909.261, 102539.3
5911.189, 102169.9
5913.118, 102135.2
5915.046, 101780.7
5916.975, 101424.4
5918.903, 101248.2
5920.832, 101253.2
5922.760, 100952.2
5924.688, 100798.0
5926.617, 100704.6
5928.545, 100514.8
5930.474, 100021.7
5932.402, 99847.55
5934.331, 99591.07
5936.259, 99201.32
5938.188, 98776.48
5940.116, 98529.98
5942.044, 98338.57
5943.973, 97983.28
5945.901, 97581.27
5947.830, 97373.73
5949.758, 97459.84
5951.687, 97142.90
5953.615, 96658.99
5955.544, 96370.12
5957.472, 96565.09
5959.401, 95716.05
5961.329, 95485.30
5963.258, 95443.66
5965.186, 95017.81
5967.115, 94324.43
5969.043, 94313.49
5970.972, 93715.79
5972.900, 93148.53
5974.829, 93369.62
5976.757, 93278.91
5978.686, 93358.54
5980.614, 93117.34
5982.542, 92699.48
5984.471, 92546.52
5986.399, 92512.15
5988.328, 92112.67
5990.256, 91527.35
5992.185, 91045.15
5994.113, 90867.42
5996.042, 90223.92
5997.970, 89917.82
5999.898, 89825.73
6001.827, 89793.22
6003.755, 89894.79
6005.684, 89530.98
6007.612, 89204.91
6009.541, 88890.41
6011.469, 88583.59
6013.398, 88767.59
6015.326, 88314.74
6017.255, 87925.70
6019.183, 87664.17
6021.112, 87394.76
6023.040, 87122.64
6024.969, 86835.45
6026.897, 86819.63
6028.826, 86756.61
6030.754, 86393.30
6032.683, 86326.29
6034.611, 86159.04
6036.540, 85916.21
6038.468, 85659.35
6040.396, 85370.68
6042.325, 84567.00
6044.253, 84366.61
6046.182, 84242.84
6048.110, 83974.61
6050.039, 83599.57
6051.967, 83282.20
6053.896, 83301.40
6055.824, 83145.55
6057.752, 82843.60
6059.681, 82629.47
6061.609, 82576.16
6063.538, 82395.09
6065.466, 81959.26
6067.395, 81536.82
6069.323, 81365.20
6071.252, 81163.52
6073.180, 80733.57
6075.109, 80384.13
6077.037, 80138.12
6078.966, 79968.16
6080.894, 80077.81
6082.823, 80070.54
6084.751, 79948.33
6086.680, 79595.28
6088.608, 79071.80
6090.537, 78865.83
6092.465, 78578.50
6094.394, 78289.29
6096.322, 78083.09
6098.250, 77840.88
6100.179, 77203.40
6102.107, 76986.38
6104.036, 77041.26
6105.964, 77033.79
6107.893, 76868.49
6109.821, 76688.54
6111.750, 76242.79
6113.678, 75993.95
6115.606, 75614.54
6117.535, 75262.03
6119.463, 75308.73
6121.392, 74716.66
6123.320, 74642.89
6125.249, 74591.66
6127.177, 74442.30
6129.106, 74294.65
6131.034, 73898.41
6132.963, 73927.06
6134.891, 73858.18
6136.820, 73512.30
6138.748, 73017.47
6140.677, 72688.83
6142.605, 72207.46
6144.534, 72019.85
6146.462, 71844.88
6148.391, 71596.75
6150.319, 71496.09
6152.248, 71179.86
6154.176, 71333.55
6156.104, 71101.26
6158.033, 70787.11
6159.961, 71001.18
6161.890, 70701.52
6163.818, 70313.95
6165.747, 69686.16
6167.675, 69247.27
6169.604, 69156.26
6171.532, 68933.95
6173.460, 68934.70
6175.389, 68655.38
6177.317, 68462.21
6179.246, 68425.72
6181.174, 68319.45
6183.103, 68076.53
6185.031, 67989.66
6186.960, 67818.85
6188.888, 67562.82
6190.817, 67238.08
6192.745, 66669.02
6194.674, 66451.52
6196.602, 66233.74
6198.531, 65884.19
6200.459, 65659.59
6202.388, 65861.50
6204.316, 65787.14
6206.245, 65757.63
6208.173, 65364.20
6210.102, 65134.79
6212.030, 65204.20
6213.958, 64685.59
6215.887, 64181.95
6217.815, 64011.11
6219.744, 63819.44
6221.672, 63567.25
6223.601, 63429.90
6225.529, 63618.73
6227.458, 63142.18
6229.386, 63193.91
6231.314, 63148.48
6233.243, 62822.38
6235.171, 62780.75
6237.100, 62445.20
6239.028, 62358.51
6240.957, 62063.46
6242.885, 61685.89
6244.814, 61362.71
6246.742, 60889.41
6248.671, 60502.29
6250.599, 60569.74
6252.528, 60413.03
6254.456, 60319.21
6256.385, 60576.00
6258.313, 60372.36
6260.242, 60148.69
6262.170, 59901.54
6264.099, 59707.81
6266.027, 59472.24
6267.956, 59124.73
6269.884, 58988.49
6271.813, 58604.61
6273.741, 58681.77
6275.669, 58626.83
6277.598, 58243.98
6279.526, 57898.64
6281.455, 57842.28
6283.383, 57587.55
6285.312, 57415.59
6287.240, 57436.47
6289.168, 57446.11
6291.097, 57174.87
6293.025, 56949.53
6294.954, 56538.21
6296.882, 56455.38
6298.811, 56454.75
6300.739, 56271.41
6302.668, 55893.25
6304.596, 55577.96
6306.525, 55432.32
6308.453, 55311.89
6310.382, 55169.14
6312.310, 54963.04
6314.239, 54677.60
6316.167, 54749.27
6318.096, 54597.16
6320.024, 54292.28
6321.953, 53890.27
6323.881, 53582.11
6325.810, 53527.94
6327.738, 53463.37
6329.667, 53170.92
6331.595, 53095.30
6333.523, 52900.95
6335.452, 52631.02
6337.380, 52499.41
6339.309, 52207.16
6341.237, 52201.04
6343.166, 52069.87
6345.094, 51918.70
6347.022, 51806.35
6348.951, 51664.39
6350.879, 51402.35
6352.808, 51253.21
6354.736, 50856.21
6356.665, 50695.34
6358.593, 50623.56
6360.522, 50475.21
6362.450, 50413.58
6364.379, 49881.64
6366.307, 49844.05
6368.236, 49850.93
6370.164, 49766.74
6372.093, 49542.07
6374.021, 49184.02
6375.950, 49254.37
6377.878, 48992.01
6379.807, 48544.21
6381.735, 48402.12
6383.664, 48312.23
6385.592, 48014.03
6387.521, 47873.67
6389.449, 47882.37
6391.377, 47651.02
6393.306, 47330.68
6395.234, 47335.85
6397.163, 47483.31
6399.091, 47243.20
6401.020, 46864.34
6402.948, 46722.54
6404.876, 46756.10
6406.805, 46546.16
6408.733, 46277.82
6410.662, 46103.52
6412.590, 45672.74
6414.519, 45975.02
6416.447, 45546.26
6418.376, 45394.31
6420.304, 45431.00
6422.233, 45279.44
6424.161, 44916.75
6426.090, 44848.43
6428.018, 44527.69
6429.947, 44461.98
6431.875, 44212.89
6433.804, 44072.01
6435.732, 44080.29
6437.661, 43859.86
6439.589, 43581.56
6441.518, 43525.61
6443.446, 43544.42
6445.375, 43367.33
6447.303, 43100.90
6449.231, 42927.88
6451.160, 42872.09
6453.088, 42836.82
6455.017, 42567.71
6456.945, 42080.16
6458.874, 42104.44
6460.802, 42221.05
6462.730, 42052.47
6464.659, 42019.12
6466.587, 41614.82
6468.516, 41686.54
6470.444, 41399.55
6472.373, 41078.74
6474.301, 40992.02
6476.230, 40961.83
6478.158, 40710.88
6480.087, 40720.23
6482.015, 40551.34
6483.944, 40309.10
6485.872, 40011.77
6487.801, 39881.50
6489.729, 39888.39
6491.658, 39718.78
6493.586, 39870.23
6495.515, 39830.55
6497.443, 39502.08
6499.372, 39423.23
6501.300, 39272.74
6503.229, 39005.19
6505.157, 38960.82
6507.085, 38616.31
6509.014, 38577.25
6510.942, 38457.48
6512.871, 38264.81
6514.799, 38181.29
6516.728, 38150.05
6518.656, 37991.95
6520.584, 37742.48
6522.513, 37829.21
6524.441, 37680.46
6526.370, 37636.71
6528.298, 37312.71
6530.227, 37034.31
6532.155, 36971.49
6534.084, 36658.54
6536.012, 36675.70
6537.941, 36515.56
6539.869, 36579.53
6541.798, 36533.16
6543.726, 36369.67
6545.655, 36186.75
6547.583, 36014.95
6549.512, 35879.36
6551.440, 35666.55
6553.369, 35550.79
6555.297, 35346.89
6557.226, 35215.20
6559.154, 35156.09
6561.083, 35070.09
6563.011, 34962.59
6564.939, 35063.67
6566.868, 34986.37
6568.796, 34805.22
6570.725, 34655.61
6572.653, 34550.29
6574.582, 34353.09
6576.510, 34143.52
6578.438, 34143.61
6580.367, 33848.27
6582.295, 33605.00
6584.224, 33513.59
6586.152, 33500.31
6588.081, 33514.05
6590.009, 33417.64
6591.938, 33295.40
6593.866, 33385.01
6595.795, 32982.80
6597.723, 32958.37
6599.652, 32858.68
6601.580, 32581.95
6603.509, 32526.68
6605.437, 32593.94
6607.366, 32470.33
6609.294, 32168.79
6611.223, 32122.68
6613.151, 31885.04
6615.080, 31864.35
6617.008, 31907.44
6618.937, 31674.03
6620.865, 31504.25
6622.793, 31529.64
6624.722, 31413.46
6626.650, 31232.65
6628.579, 31227.95
6630.507, 31065.13
##END=



