##NAMES=Jerrygibbsite
##RRUFFID=R100042
##IDEAL CHEMISTRY=Mn^2+^_9_(SiO_4_)_4_(OH)_2_
##LOCALITY=Kombat mine, Otavi Mountains, Namibia
##OWNER=RRUFF
##SOURCE=William W Pinch
##DESCRIPTION=Tan transparent cleavages, associated with hausmannite, calcite, and an orange-red granular vesuvianite-group mineral
##STATUS=The identification of this mineral has been confirmed by single-crystal X-ray diffraction
##URL=https://www.rruff.net/odr/rruff_sample/R100042
##DIFFRACTION SAMPLE DESCRIPTION=Single crystal, powder profile is calculated
##CELL PARAMETERS=a: 4.8757 b: 10.81 c: 28.442 alpha: 90 beta: 90 gamma: 90 volume: 1499.1 crystal system: orthorhombic
##FILETYPE=Raman RAW
##RAMAN WAVELENGTH=780

93.34912, 1220.781
95.27759, 1209.033
97.20605, 1192.120
99.13452, 1175.624
101.0630, 1159.669
102.9915, 1145.682
104.9199, 1132.934
106.8484, 1121.763
108.7769, 1109.963
110.7053, 1099.635
112.6338, 1091.057
114.5623, 1083.521
116.4907, 1077.505
118.4192, 1071.160
120.3477, 1067.083
122.2761, 1066.269
124.2046, 1066.455
126.1331, 1065.788
128.0615, 1064.221
129.9900, 1063.404
131.9185, 1063.041
133.8469, 1063.437
135.7754, 1065.110
137.7039, 1066.906
139.6323, 1068.113
141.5608, 1068.764
143.4893, 1069.314
145.4177, 1070.165
147.3462, 1069.596
149.2747, 1067.115
151.2031, 1063.113
153.1316, 1057.183
155.0601, 1049.958
156.9885, 1043.770
158.9170, 1038.695
160.8455, 1034.006
162.7739, 1029.624
164.7024, 1025.712
166.6309, 1022.411
168.5593, 1019.629
170.4878, 1017.131
172.4163, 1014.896
174.3447, 1013.226
176.2732, 1012.375
178.2017, 1011.621
180.1301, 1010.733
182.0586, 1009.678
183.9871, 1008.351
185.9155, 1006.768
187.8440, 1005.302
189.7725, 1003.900
191.7009, 1002.926
193.6294, 1002.303
195.5579, 1002.325
197.4863, 1003.760
199.4148, 1006.210
201.3433, 1007.331
203.2717, 1006.710
205.2002, 1006.443
207.1287, 1007.201
209.0571, 1008.296
210.9856, 1009.316
212.9141, 1010.476
214.8425, 1012.508
216.7710, 1015.454
218.6995, 1017.580
220.6279, 1017.852
222.5564, 1018.261
224.4849, 1019.718
226.4133, 1021.399
228.3418, 1022.092
230.2703, 1022.082
232.1987, 1022.647
234.1272, 1024.309
236.0557, 1025.510
237.9841, 1026.091
239.9126, 1025.991
241.8411, 1024.514
243.7695, 1022.489
245.6980, 1021.784
247.6265, 1022.722
249.5549, 1022.602
251.4834, 1020.387
253.4119, 1018.019
255.3403, 1015.862
257.2688, 1014.003
259.1973, 1012.810
261.1257, 1012.076
263.0542, 1010.672
264.9827, 1007.992
266.9111, 1005.680
268.8396, 1003.808
270.7681, 1002.314
272.6965, 1001.331
274.6250, 1000.569
276.5535, 999.6568
278.4819, 998.5706
280.4104, 997.5496
282.3389, 997.3200
284.2673, 996.2095
286.1958, 992.6493
288.1243, 989.4474
290.0527, 988.7333
291.9812, 989.7497
293.9097, 990.7520
295.8381, 991.8630
297.7666, 992.4339
299.6951, 992.6411
301.6235, 992.0148
303.5520, 989.5748
305.4805, 986.9916
307.4089, 985.9532
309.3374, 986.0245
311.2659, 984.8245
313.1943, 981.7519
315.1228, 978.8277
317.0513, 976.1452
318.9797, 973.4968
320.9082, 970.4841
322.8367, 967.7205
324.7651, 965.8777
326.6936, 964.8309
328.6221, 963.6653
330.5505, 962.2123
332.4790, 961.3190
334.4075, 961.4586
336.3359, 961.4570
338.2644, 960.2582
340.1929, 959.0993
342.1213, 959.0813
344.0498, 960.1183
345.9783, 961.7957
347.9067, 964.1898
349.8352, 966.5283
351.7637, 968.9666
353.6921, 970.7999
355.6206, 971.7287
357.5491, 972.0056
359.4775, 971.3875
361.4060, 970.2733
363.3345, 970.4400
365.2629, 971.9255
367.1914, 973.6028
369.1199, 975.3537
371.0483, 977.2076
372.9768, 978.8097
374.9053, 980.8027
376.8337, 984.1657
378.7622, 988.1215
380.6907, 990.4193
382.6191, 991.1735
384.5476, 992.4607
386.4761, 995.1377
388.4045, 996.5455
390.3330, 994.9802
392.2615, 993.1409
394.1899, 993.2243
396.1184, 993.5195
398.0469, 990.6052
399.9753, 985.2695
401.9038, 981.1417
403.8323, 978.7560
405.7607, 976.1921
407.6892, 973.2956
409.6177, 969.7775
411.5461, 964.5142
413.4746, 959.4180
415.4031, 956.6900
417.3315, 955.5013
419.2600, 954.0833
421.1885, 952.4099
423.1169, 950.0609
425.0454, 946.1496
426.9739, 943.0787
428.9023, 942.2736
430.8308, 941.2735
432.7593, 938.0997
434.6877, 934.3685
436.6162, 932.2142
438.5447, 931.3215
440.4731, 930.3572
442.4016, 929.3303
444.3301, 927.8534
446.2585, 925.8038
448.1870, 923.4441
450.1155, 920.1172
452.0439, 917.2528
453.9724, 916.3831
455.9009, 916.3953
457.8293, 915.6986
459.7578, 914.2897
461.6863, 912.9304
463.6147, 911.5236
465.5432, 910.3915
467.4717, 909.9199
469.4001, 909.1963
471.3286, 907.7582
473.2571, 906.1741
475.1855, 904.8215
477.1140, 903.5982
479.0425, 902.2719
480.9709, 900.8016
482.8994, 899.5948
484.8279, 898.7507
486.7563, 897.7794
488.6848, 896.5456
490.6133, 895.3820
492.5417, 894.6368
494.4702, 893.7480
496.3987, 892.6063
498.3271, 890.9949
500.2556, 887.9847
502.1841, 883.8046
504.1125, 882.2324
506.0410, 884.1829
507.9695, 883.9815
509.8979, 880.2090
511.8264, 877.1415
513.7549, 876.8893
515.6833, 876.6379
517.6118, 874.6860
519.5403, 872.1241
521.4688, 870.1219
523.3972, 868.5668
525.3257, 867.1562
527.2542, 865.9355
529.1826, 864.1917
531.1111, 861.8571
533.0396, 859.3068
534.9680, 856.3969
536.8965, 853.7449
538.8250, 850.9224
540.7534, 849.0632
542.6819, 850.0214
544.6104, 851.8378
546.5388, 850.7844
548.4673, 847.4637
550.3958, 845.8541
552.3242, 846.0303
554.2527, 845.6374
556.1812, 844.5565
558.1096, 842.4377
560.0381, 837.5195
561.9666, 833.7530
563.8950, 833.0894
565.8235, 833.4152
567.7520, 833.7087
569.6804, 833.3871
571.6089, 830.9023
573.5374, 826.8955
575.4658, 823.5370
577.3943, 820.9363
579.3228, 818.9393
581.2512, 817.8788
583.1797, 816.6562
585.1082, 815.0116
587.0366, 813.3118
588.9651, 811.8937
590.8936, 810.2205
592.8220, 807.1771
594.7505, 804.0908
596.6790, 803.0345
598.6074, 803.3390
600.5359, 803.3498
602.4644, 803.0062
604.3928, 802.2857
606.3213, 801.1487
608.2498, 799.6932
610.1782, 797.3475
612.1067, 795.6340
614.0352, 795.5397
615.9636, 795.3561
617.8921, 794.4285
619.8206, 792.7988
621.7490, 789.9606
623.6775, 786.7798
625.6060, 784.7567
627.5344, 783.7713
629.4629, 782.7351
631.3914, 781.6218
633.3198, 780.4832
635.2483, 779.2288
637.1768, 778.1350
639.1052, 777.5443
641.0337, 776.5258
642.9622, 774.3289
644.8906, 772.3453
646.8191, 771.7499
648.7476, 771.3301
650.6760, 770.0646
652.6045, 768.2680
654.5330, 766.4489
656.4614, 764.5628
658.3899, 762.3110
660.3184, 759.5242
662.2468, 757.8552
664.1753, 757.7643
666.1038, 756.6012
668.0322, 753.4860
669.9607, 751.3718
671.8892, 751.7743
673.8176, 752.1004
675.7461, 751.2797
677.6746, 749.8121
679.6030, 747.5475
681.5315, 745.1378
683.4600, 743.1144
685.3884, 741.5377
687.3169, 740.8143
689.2454, 740.7687
691.1738, 740.2525
693.1023, 739.2909
695.0308, 737.8965
696.9592, 736.0390
698.8877, 734.1093
700.8162, 731.9643
702.7446, 730.4720
704.6731, 730.3343
706.6016, 730.0353
708.5300, 728.7265
710.4585, 727.5104
712.3870, 727.1750
714.3154, 727.0394
716.2439, 726.8127
718.1724, 726.1759
720.1008, 724.1564
722.0293, 721.4300
723.9578, 719.8001
725.8862, 719.1614
727.8147, 719.3458
729.7432, 720.3024
731.6716, 720.0693
733.6001, 718.1585
735.5286, 716.4250
737.4570, 715.0345
739.3855, 714.1850
741.3140, 714.3306
743.2424, 714.4452
745.1709, 714.2441
747.0994, 713.9747
749.0278, 713.8741
750.9563, 713.6077
752.8848, 712.1463
754.8132, 710.9443
756.7417, 711.9290
758.6702, 714.3041
760.5986, 716.7627
762.5271, 719.5057
764.4556, 722.6558
766.3840, 726.4254
768.3125, 734.5793
770.2410, 748.1328
772.1694, 760.8746
774.0979, 772.2571
776.0264, 783.5895
777.9548, 795.4622
779.8833, 806.3357
781.8118, 815.0339
783.7402, 824.3610
785.6687, 834.0273
787.5972, 845.9032
789.5256, 860.7531
791.4541, 878.0320
793.3826, 897.2988
795.3110, 919.0423
797.2395, 944.2011
799.1680, 971.5440
801.0964, 1001.918
803.0249, 1032.183
804.9534, 1057.545
806.8818, 1077.394
808.8103, 1089.671
810.7388, 1094.347
812.6672, 1089.878
814.5957, 1075.659
816.5242, 1059.969
818.4526, 1042.222
820.3811, 1026.727
822.3096, 1013.493
824.2380, 1003.396
826.1665, 996.8275
828.0950, 992.2793
830.0234, 990.1212
831.9519, 987.8691
833.8804, 985.4294
835.8088, 981.4311
837.7373, 977.3543
839.6658, 968.4276
841.5942, 951.8508
843.5227, 931.0446
845.4512, 906.7546
847.3796, 880.4217
849.3081, 851.4637
851.2366, 822.7196
853.1650, 796.4378
855.0935, 773.1311
857.0220, 754.0110
858.9504, 738.2365
860.8789, 724.1952
862.8074, 711.9890
864.7358, 702.2598
866.6643, 694.6757
868.5928, 688.3630
870.5212, 683.1700
872.4497, 678.1732
874.3782, 673.3956
876.3066, 669.9477
878.2351, 667.9414
880.1636, 665.1970
882.0920, 661.2523
884.0205, 658.6586
885.9490, 658.1829
887.8774, 657.3316
889.8059, 655.2903
891.7344, 654.0255
893.6628, 654.8141
895.5913, 654.6637
897.5198, 652.4186
899.4482, 650.3586
901.3767, 649.0416
903.3052, 647.8851
905.2336, 647.1477
907.1621, 645.8705
909.0906, 643.3957
911.0190, 640.6384
912.9475, 637.8555
914.8760, 635.2550
916.8044, 632.6238
918.7329, 630.6732
920.6614, 630.1744
922.5898, 630.3589
924.5183, 631.2528
926.4468, 631.8174
928.3752, 630.6651
930.3037, 628.9827
932.2322, 628.2283
934.1606, 627.6956
936.0891, 626.6858
938.0176, 624.9477
939.9460, 621.6804
941.8745, 617.5496
943.8030, 613.9115
945.7314, 610.7380
947.6599, 607.9681
949.5884, 605.5991
951.5168, 603.7466
953.4453, 602.2542
955.3738, 600.0116
957.3022, 597.2197
959.2307, 595.5765
961.1592, 594.9684
963.0876, 594.0090
965.0161, 592.6965
966.9446, 591.5366
968.8730, 590.5131
970.8015, 589.8571
972.7300, 589.5591
974.6584, 589.9662
976.5869, 591.1168
978.5154, 589.7405
980.4438, 585.6549
982.3723, 583.8721
984.3008, 584.7875
986.2292, 584.9083
988.1577, 583.9398
990.0862, 582.4323
992.0146, 580.3553
993.9431, 579.6427
995.8716, 580.6524
997.8000, 580.8567
999.7285, 579.8358
1001.657, 579.1590
1003.585, 579.1000
1005.514, 578.6920
1007.442, 577.7862
1009.371, 576.3876
1011.299, 574.2627
1013.228, 572.9223
1015.156, 572.7464
1017.085, 572.7404
1019.013, 572.9382
1020.942, 572.7532
1022.870, 572.0256
1024.799, 571.1789
1026.727, 570.0966
1028.656, 569.3976
1030.584, 569.7965
1032.512, 568.7856
1034.441, 564.9048
1036.369, 562.5707
1038.298, 562.8439
1040.226, 563.3055
1042.155, 564.3495
1044.083, 564.4171
1046.012, 562.6285
1047.940, 561.2981
1049.869, 560.6645
1051.797, 560.1737
1053.726, 559.8744
1055.654, 559.5295
1057.583, 559.2828
1059.511, 558.7180
1061.439, 557.7245
1063.368, 556.7005
1065.296, 555.5163
1067.225, 554.7321
1069.153, 554.3568
1071.082, 554.5157
1073.010, 555.5416
1074.939, 555.9991
1076.867, 555.6475
1078.796, 555.0880
1080.724, 554.0256
1082.653, 554.2753
1084.581, 556.5492
1086.510, 556.7247
1088.438, 554.0721
1090.366, 552.8138
1092.295, 553.3692
1094.223, 553.7543
1096.152, 553.8978
1098.080, 553.9716
1100.009, 553.9724
1101.937, 553.9755
1103.866, 553.9678
1105.794, 553.7990
1107.723, 553.4537
1109.651, 553.2054
1111.580, 553.0870
1113.508, 553.9309
1115.437, 555.5419
1117.365, 555.4709
1119.293, 554.1502
1121.222, 554.6308
1123.150, 556.4703
1125.079, 557.7354
1127.007, 558.4983
1128.936, 559.0455
1130.864, 559.3124
1132.793, 558.6635
1134.721, 557.8679
1136.650, 559.4522
1138.578, 561.7162
1140.507, 560.8753
1142.435, 558.8804
1144.364, 558.2982
1146.292, 559.0961
1148.220, 562.3103
1150.149, 565.7211
1152.077, 566.4855
1154.006, 566.3502
1155.934, 566.7230
1157.863, 567.3633
1159.791, 568.1988
1161.720, 569.0715
1163.648, 569.8099
1165.577, 570.6661
1167.505, 572.3521
1169.434, 573.4210
1171.362, 572.3190
1173.291, 571.8896
1175.219, 573.7863
1177.147, 575.5615
1179.076, 576.1904
1181.004, 577.0596
1182.933, 578.4075
1184.861, 580.0930
1186.790, 582.5778
1188.718, 584.2900
1190.647, 584.6311
1192.575, 585.5602
1194.504, 587.3475
1196.432, 589.2216
1198.361, 591.2695
1200.289, 593.0999
1202.218, 594.6473
1204.146, 595.6897
1206.074, 596.2939
1208.003, 598.2612
1209.931, 601.2112
1211.860, 603.0392
1213.788, 604.2003
1215.717, 606.1843
1217.645, 608.3947
1219.574, 609.2458
1221.502, 609.8063
1223.431, 611.6246
1225.359, 614.0770
1227.288, 616.7510
1229.216, 619.2390
1231.145, 621.3471
1233.073, 622.9215
1235.001, 623.1607
1236.930, 623.9821
1238.858, 626.6341
1240.787, 629.2717
1242.715, 631.4650
1244.644, 633.0351
1246.572, 633.5779
1248.501, 634.9615
1250.429, 637.6971
1252.358, 639.9919
1254.286, 641.6031
1256.215, 643.1735
1258.143, 644.7045
1260.072, 644.9257
1262.000, 644.2816
1263.928, 646.4420
1265.857, 650.4774
1267.785, 652.6930
1269.714, 653.5936
1271.642, 653.9678
1273.571, 654.3572
1275.499, 655.6305
1277.428, 657.0703
1279.356, 657.4490
1281.285, 658.4732
1283.213, 662.3538
1285.142, 665.6990
1287.070, 665.6874
1288.999, 666.4047
1290.927, 670.7108
1292.855, 673.5182
1294.784, 672.1505
1296.712, 672.5547
1298.641, 676.0103
1300.569, 678.8777
1302.498, 681.0832
1304.426, 682.6462
1306.355, 683.5751
1308.283, 683.7108
1310.212, 683.6611
1312.140, 687.2211
1314.069, 692.0936
1315.997, 692.9218
1317.926, 692.2648
1319.854, 693.3257
1321.782, 694.9894
1323.711, 696.0189
1325.639, 697.4490
1327.568, 700.6072
1329.496, 703.2626
1331.425, 704.0834
1333.353, 705.4192
1335.282, 707.9626
1337.210, 710.1599
1339.139, 711.8097
1341.067, 713.4489
1342.996, 715.0732
1344.924, 716.7734
1346.853, 718.6306
1348.781, 721.2539
1350.709, 724.6879
1352.638, 728.9500
1354.566, 733.5647
1356.495, 738.0031
1358.423, 742.9520
1360.352, 749.5214
1362.280, 755.4232
1364.209, 759.4031
1366.137, 763.4123
1368.066, 767.3536
1369.994, 772.9514
1371.923, 780.4711
1373.851, 788.9445
1375.780, 798.1207
1377.708, 805.4513
1379.636, 811.7867
1381.565, 819.9740
1383.493, 829.1439
1385.422, 838.8226
1387.350, 848.4042
1389.279, 855.6298
1391.207, 863.7847
1393.136, 876.5994
1395.064, 888.9454
1396.993, 898.3105
1398.921, 907.4429
1400.850, 916.8738
1402.778, 925.9071
1404.707, 934.4701
1406.635, 944.3084
1408.563, 955.0948
1410.492, 965.7774
1412.420, 975.8206
1414.349, 981.9003
1416.277, 987.6282
1418.206, 998.3668
1420.134, 1009.266
1422.063, 1016.644
1423.991, 1023.212
1425.920, 1030.162
1427.848, 1037.218
1429.777, 1044.317
1431.705, 1050.615
1433.634, 1055.989
1435.562, 1060.621
1437.490, 1064.704
1439.419, 1068.492
1441.347, 1072.066
1443.276, 1075.387
1445.204, 1078.432
1447.133, 1082.523
1449.061, 1084.956
1450.990, 1083.301
1452.918, 1081.436
1454.847, 1080.847
1456.775, 1079.908
1458.704, 1078.356
1460.632, 1077.685
1462.561, 1077.563
1464.489, 1076.900
1466.417, 1075.956
1468.346, 1074.513
1470.274, 1072.142
1472.203, 1068.340
1474.131, 1064.239
1476.060, 1059.966
1477.988, 1056.548
1479.917, 1054.762
1481.845, 1051.573
1483.774, 1046.532
1485.702, 1041.415
1487.631, 1036.212
1489.559, 1030.560
1491.488, 1025.455
1493.416, 1022.583
1495.344, 1019.837
1497.273, 1015.921
1499.201, 1010.288
1501.130, 1001.140
1503.058, 993.7859
1504.987, 989.5681
1506.915, 984.0154
1508.844, 977.2552
1510.772, 973.3698
1512.701, 971.0377
1514.629, 966.2487
1516.558, 960.7379
1518.486, 956.6078
1520.415, 952.4188
1522.343, 947.2668
1524.271, 941.7869
1526.200, 935.6482
1528.128, 930.3070
1530.057, 926.0112
1531.985, 920.5007
1533.914, 914.4948
1535.842, 909.9176
1537.771, 905.8749
1539.699, 902.3978
1541.628, 898.5276
1543.556, 893.1931
1545.485, 888.4195
1547.413, 884.8433
1549.342, 881.2995
1551.270, 877.4067
1553.198, 873.3350
1555.127, 869.4737
1557.055, 866.0439
1558.984, 862.5785
1560.912, 858.2399
1562.841, 853.9779
1564.769, 850.6952
1566.698, 847.6860
1568.626, 844.6292
1570.555, 842.4992
1572.483, 840.9501
1574.412, 837.5263
1576.340, 833.2038
1578.269, 828.9462
1580.197, 825.6058
1582.125, 825.2921
1584.054, 824.1292
1585.982, 820.2984
1587.911, 816.9807
1589.839, 815.0615
1591.768, 813.7751
1593.696, 811.9714
1595.625, 808.5674
1597.553, 804.7134
1599.482, 800.3834
1601.410, 796.5411
1603.339, 794.4998
1605.267, 792.5092
1607.196, 789.6458
1609.124, 786.9551
1611.052, 785.5231
1612.981, 783.4276
1614.909, 780.5411
1616.838, 778.8412
1618.766, 777.4607
1620.695, 775.7408
1622.623, 773.0109
1624.552, 768.9007
1626.480, 765.6791
1628.409, 763.0976
1630.337, 762.0255
1632.266, 761.3203
1634.194, 757.1445
1636.123, 753.1467
1638.051, 752.9036
1639.979, 752.8785
1641.908, 752.0012
1643.836, 749.7526
1645.765, 746.1126
1647.693, 741.7043
1649.622, 737.8951
1651.550, 736.8576
1653.479, 735.3387
1655.407, 732.2529
1657.336, 730.1309
1659.264, 728.5737
1661.193, 726.6243
1663.121, 724.5479
1665.050, 722.1378
1666.978, 719.8344
1668.906, 717.6471
1670.835, 715.1942
1672.763, 712.7917
1674.692, 710.9398
1676.620, 709.2625
1678.549, 706.7567
1680.477, 704.0267
1682.406, 702.3875
1684.334, 701.5563
1686.263, 702.3739
1688.191, 701.9130
1690.120, 698.8986
1692.048, 695.7559
1693.977, 692.5048
1695.905, 689.7072
1697.833, 687.3415
1699.762, 685.2265
1701.690, 683.3981
1703.619, 681.1800
1705.547, 678.9682
1707.476, 677.2823
1709.404, 674.9466
1711.333, 671.9675
1713.261, 669.6673
1715.190, 667.7626
1717.118, 666.6301
1719.047, 665.0560
1720.975, 660.6328
1722.904, 658.1003
1724.832, 657.8313
1726.760, 656.1267
1728.689, 653.2645
1730.617, 649.6129
1732.546, 646.2892
1734.474, 643.5142
1736.403, 641.4037
1738.331, 640.2816
1740.260, 637.3558
1742.188, 633.0379
1744.117, 629.6989
1746.045, 627.3398
1747.974, 624.5940
1749.902, 622.4586
1751.831, 622.4358
1753.759, 619.7823
1755.688, 614.7871
1757.616, 611.7370
1759.544, 609.4762
1761.473, 606.7240
1763.401, 604.5701
1765.330, 602.6993
1767.258, 598.9454
1769.187, 593.9942
1771.115, 591.8021
1773.044, 590.8576
1774.972, 587.7029
1776.901, 584.1239
1778.829, 581.6520
1780.758, 580.5698
1782.686, 580.0145
1784.615, 577.1552
1786.543, 573.5184
1788.471, 570.5801
1790.400, 568.2906
1792.328, 567.4058
1794.257, 565.2230
1796.185, 561.2881
1798.114, 557.2355
1800.042, 554.1921
1801.971, 553.8956
1803.899, 552.7247
1805.828, 549.0114
1807.756, 546.0497
1809.685, 544.1279
1811.613, 542.6525
1813.542, 540.9164
1815.470, 538.2095
1817.398, 535.7834
1819.327, 534.0920
1821.255, 531.3062
1823.184, 528.0317
1825.112, 527.9619
1827.041, 527.7865
1828.969, 524.1118
1830.898, 521.1442
1832.826, 520.5560
1834.755, 518.8456
1836.683, 516.2973
1838.612, 514.1411
1840.540, 512.8166
1842.469, 513.6202
1844.397, 512.4249
1846.325, 507.7414
1848.254, 505.6508
1850.182, 505.0861
1852.111, 504.1880
1854.039, 502.7956
1855.968, 500.4195
1857.896, 498.1630
1859.825, 496.2437
1861.753, 494.4079
1863.682, 493.0836
1865.610, 492.5033
1867.539, 491.1628
1869.467, 489.8447
1871.396, 488.7150
1873.324, 487.4702
1875.252, 485.9318
1877.181, 484.6130
1879.109, 484.2915
1881.038, 484.0880
1882.966, 484.1364
1884.895, 482.2005
1886.823, 479.5026
1888.752, 480.1085
1890.680, 480.8459
1892.609, 478.6921
1894.537, 477.1660
1896.466, 476.4928
1898.394, 475.8869
1900.323, 475.6003
1902.251, 475.2053
1904.179, 473.8349
1906.108, 471.9711
1908.036, 471.8139
1909.965, 471.7314
1911.893, 472.1609
1913.822, 471.8122
1915.750, 468.7802
1917.679, 468.1098
1919.607, 469.6833
1921.536, 469.7941
1923.464, 469.2154
1925.393, 468.5829
1927.321, 466.8926
1929.250, 464.4015
1931.178, 463.0526
1933.106, 462.6309
1935.035, 462.9877
1936.963, 462.9440
1938.892, 461.6865
1940.820, 459.7398
1942.749, 458.6031
1944.677, 458.6645
1946.606, 458.0133
1948.534, 456.8704
1950.463, 455.6662
1952.391, 455.3619
1954.320, 453.7343
1956.248, 451.0848
1958.177, 449.3309
1960.105, 447.8342
1962.033, 447.3693
1963.962, 445.5391
1965.890, 442.5064
1967.819, 441.2349
1969.747, 440.0103
1971.676, 437.0996
1973.604, 434.2448
1975.533, 432.1826
1977.461, 430.5896
1979.390, 427.6953
1981.318, 425.1668
1983.247, 423.9237
1985.175, 421.1247
1987.104, 416.7494
1989.032, 413.5787
1990.960, 412.4183
1992.889, 409.9311
1994.817, 406.0494
1996.746, 404.5277
1998.674, 403.0739
2000.603, 399.5289
2002.531, 395.2996
2004.460, 390.6983
2006.388, 387.9667
2008.317, 385.4330
2010.245, 382.0762
2012.174, 379.3916
2014.102, 377.1802
2016.031, 373.8592
2017.959, 371.2056
2019.887, 368.4592
2021.816, 364.8352
2023.744, 361.7284
2025.673, 359.1037
2027.601, 356.0367
2029.530, 352.6747
2031.458, 349.3752
2033.387, 345.4960
2035.315, 342.9577
2037.244, 341.1458
2039.172, 337.9598
2041.101, 334.5946
2043.029, 331.4904
2044.958, 329.1215
2046.886, 326.7628
2048.814, 323.2314
2050.743, 320.0138
2052.671, 317.1296
2054.600, 314.8657
2056.528, 312.4152
2058.457, 309.1023
2060.385, 305.9189
2062.314, 302.6678
2064.242, 300.3087
2066.171, 298.1078
2068.099, 294.2935
2070.028, 291.1479
2071.956, 288.9926
2073.885, 287.3571
2075.813, 286.1217
2077.741, 283.4113
2079.670, 280.5946
2081.598, 279.4889
2083.527, 276.9581
2085.455, 273.4040
2087.384, 271.3492
2089.312, 269.7554
2091.241, 267.6696
2093.169, 264.8821
2095.098, 263.1952
2097.026, 261.6820
2098.955, 259.4460
2100.883, 257.1814
2102.812, 255.0387
2104.740, 253.0430
2106.668, 251.6352
2108.597, 250.4925
2110.525, 248.6829
2112.454, 245.8309
2114.382, 242.8135
2116.311, 240.6694
2118.239, 240.2690
2120.168, 240.4356
2122.096, 238.8013
2124.025, 236.1399
2125.953, 233.2981
2127.882, 231.2925
2129.810, 230.3486
2131.739, 228.3158
2133.667, 226.6430
2135.595, 226.3282
2137.524, 224.9608
2139.452, 223.3019
2141.381, 222.0191
2143.309, 220.4665
2145.238, 219.3450
2147.166, 219.0171
2149.095, 217.1081
2151.023, 213.1920
2152.952, 211.7833
2154.880, 211.5469
2156.809, 210.4511
2158.737, 209.2005
2160.666, 207.6433
2162.594, 207.3524
2164.522, 206.7332
2166.451, 204.8830
2168.379, 202.8760
2170.308, 201.8542
2172.236, 201.5840
2174.165, 200.4698
2176.093, 198.9500
2178.022, 197.7841
2179.950, 196.4278
2181.879, 195.0354
2183.807, 194.2641
2185.736, 193.8503
2187.664, 192.9766
2189.593, 191.8878
2191.521, 190.6220
2193.449, 188.9799
2195.378, 187.8056
2197.306, 187.5193
2199.235, 186.7379
2201.163, 185.4351
2203.092, 184.4510
2205.020, 182.8358
2206.949, 181.3799
2208.877, 181.4173
2210.806, 180.8108
2212.734, 179.5930
2214.663, 179.3286
2216.591, 178.3792
2218.520, 177.0903
2220.448, 175.9308
2222.376, 174.9715
2224.305, 174.7621
2226.233, 174.4160
2228.162, 174.0101
2230.090, 173.6388
2232.019, 172.1231
2233.947, 170.9162
2235.876, 170.7997
2237.804, 170.8327
2239.733, 170.2028
2241.661, 169.6237
2243.590, 170.1376
2245.518, 169.8723
2247.447, 169.5173
2249.375, 169.2959
2251.303, 168.0073
2253.232, 166.4605
2255.160, 164.8716
2257.089, 163.8961
2259.017, 163.1416
2260.946, 161.7667
2262.874, 160.5694
2264.803, 159.6301
2266.731, 158.3732
2268.660, 157.3416
2270.588, 156.5281
2272.517, 155.1109
2274.445, 154.2343
2276.374, 153.9395
2278.302, 152.4140
2280.230, 151.9128
2282.159, 152.6564
2284.087, 151.4220
2286.016, 149.9939
2287.944, 149.2646
2289.873, 148.7284
2291.801, 148.5323
2293.730, 148.0080
2295.658, 146.7683
2297.587, 144.8899
2299.515, 144.6741
2301.444, 144.9931
2303.372, 144.1393
2305.301, 143.2574
2307.229, 142.5190
2309.157, 141.6497
2311.086, 140.8319
2313.014, 139.7457
2314.943, 139.0274
2316.871, 138.7864
2318.800, 137.9787
2320.728, 137.0194
2322.657, 136.7007
2324.585, 136.3361
2326.514, 135.1870
2328.442, 134.8818
2330.371, 134.7008
2332.299, 133.3825
2334.228, 132.3434
2336.156, 131.6711
2338.084, 131.5867
2340.013, 131.1927
2341.941, 130.6317
2343.870, 129.5375
2345.798, 128.3002
2347.727, 128.1494
2349.655, 127.9694
2351.584, 127.2822
2353.512, 126.7373
2355.441, 126.1754
2357.369, 126.0569
2359.298, 125.4873
2361.226, 124.5541
2363.155, 124.4344
2365.083, 124.1074
2367.011, 123.1286
2368.940, 122.0501
2370.868, 121.6240
2372.797, 121.4276
2374.725, 120.5051
2376.654, 120.0489
2378.582, 120.2512
2380.511, 119.3559
2382.439, 117.9707
2384.368, 117.8006
2386.296, 117.9641
2388.225, 117.5277
2390.153, 116.6292
2392.082, 115.8054
2394.010, 114.9816
2395.938, 114.5598
2397.867, 114.6395
2399.795, 114.5659
2401.724, 114.3861
2403.652, 114.0158
2405.581, 112.8448
2407.509, 111.6595
2409.438, 111.5143
2411.366, 111.0643
2413.295, 110.4372
2415.223, 109.4479
2417.152, 108.9775
2419.080, 109.0757
2421.009, 107.9024
2422.937, 106.7250
2424.865, 106.4605
2426.794, 106.5350
2428.722, 105.9735
2430.651, 105.3296
2432.579, 105.3412
2434.508, 104.9395
2436.436, 103.7177
2438.365, 103.1564
2440.293, 102.7844
2442.222, 102.1611
2444.150, 101.5082
2446.079, 100.9871
2448.007, 100.8366
2449.936, 100.3610
2451.864, 99.77652
2453.792, 99.34375
2455.721, 98.89369
2457.649, 98.37935
2459.578, 97.91148
2461.506, 97.58574
2463.435, 97.35682
2465.363, 96.47958
2467.292, 95.84872
2469.220, 95.80262
2471.149, 95.43121
2473.077, 94.85666
2475.006, 93.92418
2476.934, 93.34795
2478.863, 93.30713
2480.791, 93.03406
2482.719, 92.96880
2484.648, 92.53281
2486.576, 90.92590
2488.505, 90.54679
2490.433, 90.59851
2492.362, 90.19533
2494.290, 89.77229
2496.219, 89.54035
2498.147, 89.59243
2500.076, 88.92838
2502.004, 88.17403
2503.933, 87.76009
2505.861, 87.20289
2507.790, 86.42506
2509.718, 86.26883
2511.646, 86.20667
2513.575, 85.47233
2515.503, 84.85918
2517.432, 84.50758
2519.360, 83.86813
2521.289, 83.58693
2523.217, 83.49669
2525.146, 83.11637
2527.074, 82.47327
2529.003, 82.09059
2530.931, 81.96797
2532.860, 81.72251
2534.788, 81.46034
2536.717, 80.79617
2538.645, 80.21075
2540.573, 79.73938
2542.502, 79.27686
2544.430, 79.35561
2546.359, 79.47751
2548.287, 79.17618
2550.216, 78.55505
2552.144, 77.99881
2554.073, 77.83318
2556.001, 77.69382
2557.930, 77.56576
2559.858, 76.98836
2561.787, 76.57771
2563.715, 76.13273
2565.644, 76.29366
2567.572, 76.06262
2569.500, 75.31449
2571.429, 74.92288
2573.357, 74.61666
2575.286, 74.47375
2577.214, 73.80136
2579.143, 73.62873
2581.071, 74.13190
2583.000, 73.39890
2584.928, 72.70341
2586.857, 72.80183
2588.785, 72.53884
2590.714, 71.81763
2592.642, 70.73730
2594.571, 70.52383
2596.499, 70.41767
2598.427, 69.84028
2600.356, 69.61129
2602.284, 69.14221
2604.213, 68.16251
2606.141, 68.05297
2608.070, 67.80614
2609.998, 67.00890
2611.927, 66.34715
2613.855, 65.83472
2615.784, 65.54230
2617.712, 65.11274
2619.641, 64.87280
2621.569, 65.04089
2623.498, 64.79910
2625.426, 64.33169
2627.354, 63.91096
2629.283, 62.82120
2631.211, 62.58817
2633.140, 63.06969
2635.068, 62.31501
2636.997, 61.62989
2638.925, 61.14370
2640.854, 60.94448
2642.782, 60.45473
2644.711, 59.81996
2646.639, 59.56820
2648.568, 58.94559
2650.496, 58.07560
2652.425, 64.72798
2654.353, 66.59843
2656.281, 59.87310
2658.210, 57.75463
2660.138, 57.46883
2662.067, 57.41712
2663.995, 57.07537
2665.924, 56.55730
2667.852, 55.90973
2669.781, 55.25356
2671.709, 55.05868
2673.638, 54.80738
2675.566, 54.26190
2677.495, 54.35694
2679.423, 54.49120
2681.352, 53.98135
2683.280, 53.48177
2685.208, 53.07735
2687.137, 52.64925
2689.065, 52.69942
2690.994, 52.69934
2692.922, 52.22176
2694.851, 51.59341
2696.779, 51.26200
2698.708, 51.36699
2700.636, 51.24998
2702.565, 50.84653
2704.493, 50.25283
2706.422, 49.85823
2708.350, 49.58958
2710.279, 49.33136
2712.207, 48.47213
2714.135, 48.19275
2716.064, 48.43544
2717.992, 48.10260
2719.921, 47.90681
2721.849, 47.73344
2723.778, 47.19292
2725.706, 47.05915
2727.635, 47.07593
2729.563, 46.81143
2731.492, 46.69638
2733.420, 46.44833
2735.349, 45.81799
2737.277, 45.38657
2739.206, 45.29055
2741.134, 45.38879
2743.063, 44.61739
2744.991, 44.09477
2746.919, 44.12163
2748.848, 44.09309
2750.776, 43.94471
2752.705, 43.54626
2754.633, 42.58239
2756.562, 42.67431
2758.490, 43.18431
2760.419, 42.79160
2762.347, 42.30262
2764.276, 41.76794
2766.204, 41.15942
2768.133, 41.37551
2770.061, 41.61970
2771.990, 41.39224
2773.918, 40.65990
2775.846, 40.32436
2777.775, 40.51809
2779.703, 40.09684
2781.632, 39.66979
2783.560, 39.35999
2785.489, 39.09944
2787.417, 38.86669
2789.346, 38.76330
2791.274, 39.24784
2793.203, 38.95066
2795.131, 38.25715
2797.060, 37.46359
2798.988, 37.05120
2800.917, 36.99922
2802.845, 37.19529
2804.773, 37.41261
2806.702, 37.03999
2808.630, 36.26329
2810.559, 36.09409
2812.487, 36.23109
2814.416, 36.25614
2816.344, 35.70366
2818.273, 35.39776
2820.201, 35.16638
2822.130, 34.81760
2824.058, 34.69012
2825.987, 34.54963
2827.915, 34.25675
2829.844, 33.52268
2831.772, 33.38396
2833.700, 33.50909
2835.629, 32.85305
2837.557, 32.53587
2839.486, 32.54450
2841.414, 32.78608
2843.343, 32.32892
2845.271, 31.97657
2847.200, 31.96455
2849.128, 31.84032
2851.057, 31.66181
2852.985, 31.43548
2854.914, 31.11547
2856.842, 30.93083
2858.771, 30.87105
2860.699, 30.95925
2862.627, 30.42744
2864.556, 29.92905
2866.484, 29.72387
2868.413, 30.12001
2870.341, 30.04284
2872.270, 29.59286
2874.198, 29.21220
2876.127, 29.05747
2878.055, 29.10739
2879.984, 29.26004
2881.912, 28.79429
2883.841, 28.60283
2885.769, 28.73940
2887.698, 28.36071
2889.626, 27.84233
2891.554, 27.54740
2893.483, 27.87198
2895.411, 27.61483
2897.340, 27.07010
2899.268, 26.52896
2901.197, 26.42927
2903.125, 26.66987
2905.054, 26.91599
2906.982, 26.59653
2908.911, 26.58809
2910.839, 26.56340
2912.768, 26.34422
2914.696, 26.33078
2916.625, 26.07430
2918.553, 25.70395
2920.481, 25.69971
2922.410, 25.35434
2924.338, 25.14770
2926.267, 25.72019
2928.195, 25.49266
2930.124, 25.24311
2932.052, 25.23000
2933.981, 25.44097
2935.909, 25.46905
2937.838, 25.45394
2939.766, 25.68096
2941.695, 25.56602
2943.623, 25.26239
2945.552, 24.80889
2947.480, 24.19584
2949.408, 23.90039
2951.337, 23.95173
2953.265, 24.38557
2955.194, 23.73624
2957.122, 23.27663
2959.051, 23.58896
2960.979, 23.29851
2962.908, 23.07863
2964.836, 22.84101
2966.765, 22.26817
2968.693, 22.10935
2970.622, 22.01735
2972.550, 21.87586
2974.479, 21.71920
2976.407, 21.58711
2978.335, 21.48265
2980.264, 21.33075
2982.192, 21.31240
2984.121, 20.98672
2986.049, 20.54241
2987.978, 20.86064
2989.906, 20.63980
2991.835, 20.29265
2993.763, 20.26113
2995.692, 20.03563
2997.620, 19.72183
2999.549, 19.52464
3001.477, 19.44769
3003.406, 19.37338
3005.334, 19.42031
3007.262, 19.38568
3009.191, 20.67237
3011.119, 20.17670
3013.048, 19.15433
3014.976, 18.62167
3016.905, 18.10785
3018.833, 17.76413
3020.762, 17.59100
3022.690, 17.37898
3024.619, 17.18296
3026.547, 17.11182
3028.476, 17.19494
3030.404, 16.94466
3032.333, 17.25734
3034.261, 17.55236
3036.189, 16.99801
3038.118, 16.69506
3040.046, 16.35792
3041.975, 16.23769
3043.903, 16.27407
3045.832, 16.39235
3047.760, 16.34641
3049.689, 16.01627
3051.617, 15.80145
3053.546, 15.59109
3055.474, 15.47319
3057.403, 15.33302
3059.331, 15.66558
3061.260, 15.54851
3063.188, 15.00294
3065.116, 15.05515
3067.045, 15.14974
3068.973, 15.20462
3070.902, 15.23038
3072.830, 15.20279
3074.759, 15.23199
3076.687, 15.20870
3078.616, 15.06082
3080.544, 14.87259
3082.473, 14.75193
3084.401, 14.78852
3086.330, 15.13300
3088.258, 14.79721
3090.187, 14.49109
3092.115, 14.50737
3094.043, 14.22821
3095.972, 14.24549
3097.900, 14.38867
3099.829, 14.28804
3101.757, 13.74043
3103.686, 13.78651
3105.614, 13.94141
3107.543, 14.07675
3109.471, 14.33682
3111.400, 14.10299
3113.328, 13.71536
3115.257, 13.54286
3117.185, 13.98360
3119.114, 13.84924
3121.042, 13.44877
3122.970, 13.73587
3124.899, 13.59552
3126.827, 13.28790
3128.756, 12.98158
3130.684, 13.47594
3132.613, 13.72293
3134.541, 13.54301
3136.470, 13.34746
3138.398, 13.33159
3140.327, 13.43652
3142.255, 13.46012
3144.184, 13.08276
3146.112, 13.02358
3148.041, 12.94193
3149.969, 13.00196
3151.897, 13.47328
3153.826, 13.20230
3155.754, 13.31228
3157.683, 13.44668
3159.611, 13.04991
3161.540, 13.04377
3163.468, 13.32906
3165.397, 13.43987
3167.325, 12.67386
3169.254, 12.88012
3171.182, 12.89037
3173.111, 12.66284
3175.039, 12.59076
3176.968, 12.84151
3178.896, 13.01435
3180.824, 13.05330
3182.753, 12.90479
3184.681, 12.60514
3186.610, 12.74089
3188.538, 12.70730
3190.467, 12.25385
3192.395, 12.03550
3194.324, 12.30515
3196.252, 12.75330
3198.181, 12.69204
3200.109, 12.48901
3202.038, 12.37900
3203.966, 12.26703
3205.895, 11.85164
3207.823, 11.72997
3209.751, 11.80325
3211.680, 11.76755
3213.608, 11.47785
3215.537, 11.88911
3217.465, 11.87011
3219.394, 11.87751
3221.322, 12.16015
3223.251, 11.66967
3225.179, 11.73573
3227.108, 11.88540
3229.036, 11.45606
3230.965, 11.26412
3232.893, 11.41508
3234.822, 11.64133
3236.750, 11.80431
3238.678, 12.08682
3240.607, 11.46396
3242.535, 11.21808
3244.464, 11.65749
3246.392, 11.43961
3248.321, 11.59247
3250.249, 11.71454
3252.178, 11.67999
3254.106, 11.83568
3256.035, 12.12403
3257.963, 12.16726
3259.892, 12.03342
3261.820, 11.89215
3263.749, 11.86255
3265.677, 12.05408
3267.605, 12.29661
3269.534, 12.30466
3271.462, 12.01193
3273.391, 12.04712
3275.319, 12.34974
3277.248, 12.71681
3279.176, 12.91823
3281.105, 12.32479
3283.033, 12.34511
3284.962, 13.38709
3286.890, 13.09378
3288.819, 13.26426
3290.747, 13.57694
3292.676, 13.76921
3294.604, 13.76627
3296.532, 13.99585
3298.461, 14.30442
3300.389, 14.62218
3302.318, 15.02044
3304.246, 14.98499
3306.175, 14.99384
3308.103, 15.31036
3310.032, 15.79038
3311.960, 15.76248
3313.889, 15.51423
3315.817, 15.27913
3317.746, 15.21696
3319.674, 15.43709
3321.603, 15.82388
3323.531, 16.22535
3325.459, 16.35427
3327.388, 16.21025
3329.316, 15.68405
3331.245, 16.12152
3333.173, 16.30079
3335.102, 15.93655
3337.030, 16.10054
3338.959, 16.18860
3340.887, 16.17792
3342.816, 16.17176
3344.744, 16.37566
3346.673, 16.27952
3348.601, 16.05874
3350.530, 16.07112
3352.458, 16.33113
3354.386, 16.39346
3356.315, 16.72816
3358.243, 16.62531
3360.172, 16.22417
3362.100, 16.15108
3364.029, 15.82668
3365.957, 16.19979
3367.886, 16.58082
3369.814, 16.34738
3371.743, 16.01879
3373.671, 16.22751
3375.600, 16.04044
3377.528, 15.55688
3379.457, 15.28830
3381.385, 15.09300
3383.313, 15.44999
3385.242, 15.58268
3387.170, 15.26277
3389.099, 15.09887
3391.027, 14.84120
3392.956, 14.46157
3394.884, 14.19574
3396.813, 14.30243
3398.741, 14.32153
3400.670, 13.88257
3402.598, 13.62596
3404.527, 13.68304
3406.455, 13.55284
3408.384, 13.42582
3410.312, 13.62173
3412.240, 13.52406
3414.169, 12.95871
3416.097, 12.92459
3418.026, 13.03947
3419.954, 12.83047
3421.883, 12.55493
3423.811, 12.53192
3425.740, 11.97585
3427.668, 12.02843
3429.597, 12.00347
3431.525, 11.67751
3433.454, 11.34398
3435.382, 11.34816
3437.311, 11.36127
3439.239, 11.49423
3441.167, 11.80660
3443.096, 12.30169
3445.024, 11.59350
3446.953, 11.30735
3448.881, 11.21251
3450.810, 10.92104
3452.738, 10.74690
3454.667, 10.54993
3456.595, 9.877924
3458.524, 9.425303
3460.452, 9.668954
3462.381, 9.652264
3464.309, 9.435576
3466.238, 9.040897
3468.166, 8.910824
3470.094, 9.307903
3472.023, 9.482450
3473.951, 9.010644
3475.880, 8.740167
3477.808, 8.714467
3479.737, 8.586639
3481.665, 8.205181
3483.594, 8.126203
3485.522, 7.978401
3487.451, 7.726763
3489.379, 7.545976
3491.308, 7.547048
3493.236, 7.460898
3495.165, 7.446218
3497.093, 7.458803
3499.021, 7.399070
3500.950, 7.466117
3502.878, 7.580972
3504.807, 7.317820
3506.735, 6.978754
3508.664, 7.019453
3510.592, 7.351177
3512.521, 7.311612
3514.449, 6.870761
3516.378, 6.734224
3518.306, 7.205449
3520.235, 6.508286
3522.163, 6.333003
3524.092, 6.454187
3526.020, 6.419256
3527.948, 6.124565
3529.877, 6.088860
3531.805, 6.006907
3533.734, 6.385215
3535.662, 6.395026
3537.591, 5.842214
3539.519, 5.731039
3541.448, 5.393655
3543.376, 5.495563
3545.305, 5.718305
3547.233, 5.691663
3549.162, 5.329546
3551.090, 5.445238
3553.019, 5.426789
3554.947, 5.298533
3556.875, 5.229637
3558.804, 5.270968
3560.732, 4.952188
3562.661, 4.843605
3564.589, 4.680704
3566.518, 4.627462
3568.446, 4.851545
3570.375, 5.194526
3572.303, 5.532746
3574.232, 4.947265
3576.160, 4.587673
3578.089, 4.819400
3580.017, 4.844859
3581.946, 4.623949
3583.874, 4.598705
3585.802, 4.578003
3587.731, 4.513960
3589.659, 4.508596
3591.588, 4.703689
3593.516, 4.516705
3595.445, 4.162623
3597.373, 4.087958
3599.302, 4.210223
3601.230, 4.072339
3603.159, 4.327629
3605.087, 4.122223
3607.016, 3.864510
3608.944, 3.770680
3610.873, 3.803485
3612.801, 3.778880
3614.729, 4.282517
3616.658, 3.640770
3618.586, 3.377573
3620.515, 3.648699
3622.443, 3.246627
3624.372, 3.806197
3626.300, 3.490215
3628.229, 3.510164
3630.157, 3.697278
3632.086, 3.608787
3634.014, 3.311899
3635.943, 3.557396
3637.871, 3.623418
3639.800, 3.473176
3641.728, 3.488822
3643.656, 3.712008
3645.585, 3.299486
3647.513, 3.481817
3649.442, 3.485020
3651.370, 3.432680
3653.299, 3.515091
3655.227, 3.712773
3657.156, 3.790528
3659.084, 3.184722
3661.013, 3.174393
3662.941, 3.323727
3664.870, 3.390210
3666.798, 3.550220
3668.727, 3.652865
3670.655, 3.185829
3672.583, 3.101331
3674.512, 3.164166
3676.440, 3.130214
3678.369, 3.069957
3680.297, 3.099772
3682.226, 2.923740
3684.154, 2.729032
3686.083, 2.736202
3688.011, 2.871141
3689.940, 2.886781
3691.868, 2.683156
3693.797, 2.526944
3695.725, 2.259929
3697.654, 2.424520
3699.582, 2.672697
3701.510, 2.435538
3703.439, 2.633671
3705.367, 2.572263
3707.296, 2.549124
3709.224, 2.460859
3711.153, 2.548624
3713.081, 2.876093
3715.010, 2.731883
3716.938, 2.154021
3718.867, 2.580396
3720.795, 2.784314
3722.724, 2.603720
3724.652, 2.412972
3726.581, 2.308935
3728.509, 2.544470
3730.438, 2.499219
3732.366, 2.600764
3734.294, 2.408671
3736.223, 2.120707
3738.151, 2.422782
3740.080, 2.603204
3742.008, 2.343942
3743.937, 2.382567
3745.865, 2.221709
3747.794, 1.893571
3749.722, 1.841070
3751.651, 2.251409
3753.579, 1.951142
3755.508, 2.160525
3757.436, 2.397331
3759.365, 2.405236
3761.293, 2.156606
3763.221, 1.837267
3765.150, 2.163162
3767.078, 2.235419
3769.007, 2.340332
3770.935, 1.937724
3772.864, 1.660175
3774.792, 2.036784
3776.721, 2.603309
3778.649, 2.255479
3780.578, 2.574867
3782.506, 2.585712
3784.435, 2.179883
3786.363, 1.831851
3788.292, 1.851578
3790.220, 2.083411
3792.148, 2.099722
3794.077, 1.739936
3796.005, 1.599568
3797.934, 1.857199
3799.862, 2.048417
3801.791, 1.870112
3803.719, 1.763119
3805.648, 1.862214
3807.576, 1.852402
3809.505, 1.754009
3811.433, 1.427309
3813.362, 1.243561
3815.290, 1.501411
3817.219, 1.797947
3819.147, 1.414202
3821.075, 1.712926
3823.004, 1.511736
3824.932, 1.463518
3826.861, 1.620953
3828.789, 1.567933
3830.718, 1.210607
3832.646, 1.055895
3834.575, 1.250371
3836.503, 1.576583
3838.432, 1.343616
3840.360, 1.276539
3842.289, 1.545887
3844.217, 1.356683
3846.146, 1.337467
3848.074, 1.494457
3850.002, 1.254282
3851.931, 1.413655
3853.859, 1.582085
3855.788, 1.600970
3857.716, 1.686149
3859.645, 1.676486
3861.573, 1.584926
3863.502, 1.253175
3865.430, 1.570720
3867.359, 1.694834
3869.287, 1.396813
3871.216, 1.393995
3873.144, 1.990315
3875.073, 1.486287
3877.001, 1.331198
3878.929, 1.480204
3880.858, 1.143629
3882.786, 1.146038
3884.715, 1.200482
3886.643, 1.189574
3888.572, 1.723167
3890.500, 1.535034
3892.429, 0.9700394
3894.357, 0.8453416
3896.286, 1.126675
3898.214, 1.435181
3900.143, 1.471359
3902.071, 1.237801
3904.000, 1.013777
3905.928, 1.102124
3907.856, 1.371458
3909.785, 1.476129
3911.713, 1.249843
3913.642, 1.315150
3915.570, 1.389509
3917.499, 1.327996
3919.427, 1.474980
3921.356, 1.229701
3923.284, 1.333439
3925.213, 1.157168
3927.141, 1.155493
3929.070, 1.248467
3930.998, 1.391333
3932.927, 1.576614
3934.855, 1.642960
3936.783, 1.379520
3938.712, 1.646330
3940.640, 1.170938
3942.569, 1.045412
3944.497, 1.180888
3946.426, 1.278309
3948.354, 1.159320
3950.283, 1.340309
3952.211, 1.938323
3954.140, 1.266568
3956.068, 1.272840
3957.997, 0.9918614
3959.925, 1.028644
3961.854, 1.091849
3963.782, 1.216820
3965.710, 1.288478
3967.639, 1.096085
3969.567, 0.8219684
3971.496, 1.084469
3973.424, 0.7167768
3975.353, 0.9585589
3977.281, 1.050128
3979.210, 0.8793890
3981.138, 0.7260669
3983.067, 0.6674770
3984.995, 0.7098100
3986.924, 0.7948188
3988.852, 0.6942399
3990.781, 0.5828198
3992.709, 0.3386997
3994.637, 0.6805313
3996.566, 0.7043393
3998.494, 0.5052890
4000.423, 0.6531831
4002.351, 0.7792973
4004.280, 0.6063325
4006.208, 0.8927839
4008.137, 0.4974028
4010.065, 0.6867230
4011.994, 0.5643625
4013.922, 0.3532666
4015.851, 0.4367617
4017.779, 0.5077184
4019.708, 0.6447285
4021.636, 0.8994243
4023.564, 0.8538913
4025.493, 0.6475453
4027.421, 0.7244496
4029.350, 0.8597168
4031.278, 0.8386659
4033.207, 0.9045505
4035.135, 0.6301481
4037.064, 0.4461182
4038.992, 0.5978076
4040.921, 0.6956931
4042.849, 0.5481510
4044.778, 0.5569833
4046.706, 0.7106203
4048.635, 0.5786658
4050.563, 0.4358779
4052.491, 0.5719731
4054.420, 0.6614138
4056.348, 0.5954925
4058.277, 0.5955173
4060.205, 0.5935813
4062.134, 0.3162464
4064.062, 0.4037965
4065.991, 0.4249537
4067.919, 0.7495000
4069.848, 0.4884009
4071.776, 0.4315776
4073.705, 0.6603998
4075.633, 0.5214173
4077.562, 0.4622444
4079.490, 0.4828871
4081.418, 0.3071851
4083.347, 0.8335873
4085.275, 0.5430717
4087.204, 0.4239500
4089.132, 0.4463853
4091.061, 0.9246242
4092.989, 0.5916325
4094.918, 0.5440866
4096.846, 0.4515420
4098.774, 0.5412312
4100.703, 0.7774487
4102.632, 0.4722916
4104.560, 0.2005105
4106.488, 0.5811271
4108.417, 0.2681780
4110.346, 0.5041161
4112.274, 0.5277404
4114.202, 0.4591863
4116.131, 0.7378693
4118.060, 0.8904256
4119.988, 0.5380409
4121.916, 0.3795218
4123.845, 0.6669208
4125.773, 0.7271442
4127.702, 0.7103576
4129.630, 0.7135485
4131.559, 0.6599874
4133.487, 0.4156204
4135.416, 0.4696291
4137.344, 0.6339557
4139.272, 0.5965487
4141.201, 0.7488754
4143.129, 0.7918904
4145.058, 0.5479840
4146.986, 0.4228040
4148.915, 0.5669196
4150.843, 0.6148366
4152.771, 0.6249907
4154.700, 0.6704084
4156.629, 0.2477866
4158.557, 0.6585009
4160.485, 0.7320865
4162.414, 0.5531929
4164.343, 0.5615919
4166.271, 0.5457741
4168.199, 0.8253495
4170.128, 1.059081
4172.057, 0.7406710
4173.985, 0.4331715
4175.913, 0.7083611
4177.842, 0.7652054
4179.771, 0.9143018
4181.699, 0.7049645
4183.627, 0.6669291
4185.556, 0.6602379
4187.484, 0.3595632
4189.413, 0.6121128
4191.341, 0.8183529
4193.270, 0.7017380
4195.198, 0.6475698
4197.126, 0.8159497
4199.055, 0.8549454
4200.983, 0.6673689
4202.912, 0.7306358
4204.840, 1.103201
4206.769, 0.8690700
4208.697, 0.7517210
4210.626, 0.7084083
4212.554, 0.9696330
4214.482, 0.8853230
4216.411, 0.9225452
4218.340, 0.6918140
4220.268, 0.6518573
4222.196, 0.6154292
4224.125, 0.7209212
4226.054, 0.6364973
4227.982, 0.4252706
4229.910, 0.4191834
4231.839, 0.3914843
4233.768, 0.4026559
4235.696, 0.8799142
4237.624, 0.5727966
4239.553, 0.6057378
4241.481, 0.4889076
4243.410, 0.6809668
4245.338, 0.7397112
4247.267, 0.4253835
4249.195, 0.5240740
4251.124, 0.6528981
4253.052, 0.7516944
4254.980, 0.6372241
4256.909, 0.5724862
4258.837, 0.4579274
4260.766, 0.4448598
4262.694, 0.7909033
4264.623, 0.7900875
4266.551, 0.4660635
4268.479, 0.7521463
4270.408, 0.5275762
4272.337, 0.4792401
4274.265, 0.7350267
4276.193, 1.066714
4278.122, 0.3186671
4280.051, 0.5653785
4281.979, 0.8251708
4283.907, 0.9681639
4285.836, 0.8648310
4287.765, 0.9122620
4289.693, 0.6694747
4291.621, 0.7910185
4293.550, 0.5954950
4295.479, 0.6329635
4297.407, 0.8601906
4299.335, 0.8543739
4301.264, 0.7154133
4303.192, 0.5818790
4305.121, 0.5771137
4307.049, 0.7237837
4308.978, 0.6894960
4310.906, 0.4586423
4312.834, 0.6954301
4314.763, 0.8373098
4316.691, 0.5474086
4318.620, 0.7123528
4320.548, 0.3985104
4322.477, 0.8527017
4324.405, 0.5529234
4326.334, 0.7537507
4328.262, 0.8362710
4330.190, 0.5404631
4332.119, 0.5870745
4334.048, 0.7143285
4335.976, 0.8591938
4337.904, 0.8534974
4339.833, 0.5563525
4341.762, 0.3759731
4343.690, 0.3675189
4345.618, 0.4444834
4347.547, 0.6427908
4349.476, 0.8514797
4351.404, 0.7771822
4353.332, 0.4390902
4355.261, 0.3708389
4357.189, 0.4979033
4359.118, 0.3655758
4361.046, 0.6602771
4362.975, 1.184923
4364.903, 0.6074478
4366.832, 0.8132589
4368.760, 0.7926039
4370.688, 0.4576280
4372.617, 0.2494006
4374.545, 0.4295016
4376.474, 0.6834948
4378.402, 0.3761034
4380.331, 0.3323466
4382.259, 0.8948148
4384.188, 0.1489447
4386.116, 0.8217400
4388.045, 0.3632660
4389.973, 0.4193243
4391.901, 0.5389563
4393.830, 0.5158207
4395.759, 0.4146713
4397.687, 0.3544245
4399.615, 0.5698073
4401.544, 0.8466963
4403.473, 0.4858938
4405.401, 0.4211616
4407.329, 0.4297041
4409.258, 0.5830148
4411.187, 0.8115749
4413.115, 0.6260597
4415.043, 0.4007335
4416.972, 0.3373185
4418.900, 0.2050297
4420.829, 0.5058326
4422.757, 0.6238070
4424.686, 0.7534655
4426.614, 0.8547332
4428.542, 0.6500275
4430.471, 0.5885248
4432.399, 0.5002517
4434.328, 0.6046843
4436.256, 0.6427345
4438.185, 0.4884465
4440.113, 0.4886600
4442.042, 0.3613312
4443.970, 0.5513096
4445.898, 0.4559084
4447.827, 0.3037335
4449.756, 0.6506512
4451.684, 0.5018479
4453.612, 0.6506658
4455.541, 0.3930105
4457.470, 0.1707609
4459.398, 0.7316521
4461.326, 0.2732733
4463.255, 0.1688594
4465.184, 0.4449920
4467.112, 0.7178584
4469.040, 0.6604896
4470.969, 0.7230864
4472.897, 0.8387688
4474.826, 0.4792626
4476.754, 0.3404962
4478.683, 0.6807572
4480.611, 0.7627997
4482.540, 0.8671687
4484.468, 0.5224669
4486.396, 0.2424486
4488.325, 0.4536852
4490.253, 0.6646937
4492.182, 0.2444200
4494.110, 0.1875821
4496.039, 0.2408459
4497.967, 0.7821456
4499.896, 0.3165972
4501.824, 0.5350565
4503.753, 0.5425698
4505.681, 0.5438325
4507.609, 0.3455882
4509.538, 0.5402445
4511.467, 0.6289901
4513.395, 0.7562010
4515.323, 0.4082527
4517.252, 0.2932242
4519.181, 0.4442647
4521.109, 0.3552575
4523.037, 0.7229800
4524.966, 0.8635658
4526.895, 0.4107943
4528.823, 0.4943156
4530.751, 0.6134437
4532.680, 0.2096111
4534.608, 0.5651839
4536.537, 0.5549229
4538.465, 0.5036155
4540.394, 0.5595515
4542.322, 0.8186513
4544.250, 0.7554544
4546.179, 0.5851347
4548.107, 0.4157974
4550.036, 0.4370201
4551.964, 0.5222574
4553.893, 0.4179243
4555.821, 0.2442105
4557.750, 0.3250278
4559.678, 0.5594794
4561.606, 0.4451984
4563.535, 0.4889908
4565.464, 0.6914731
4567.392, 0.5503235
4569.320, 0.5766627
4571.249, 0.2814110
4573.178, 9.7476743E-02
4575.106, 0.4478351
4577.034, 0.6381066
4578.963, 0.7383430
4580.892, 0.5325513
4582.820, 0.3829311
4584.748, 0.3561770
4586.677, 0.3988448
4588.605, 0.4787017
4590.534, 0.7598467
4592.462, 0.7476720
4594.391, 0.7193253
4596.319, 0.6980375
4598.248, 3.7722421E-04
4600.176, 0.4911758
4602.104, 0.4316752
4604.033, 0.6081088
4605.961, 0.5425956
4607.890, 0.6118028
4609.818, 0.4323770
4611.747, 1.404728
4613.675, 0.6473314
4615.604, 0.4908559
4617.532, 0.9991616
4619.461, 0.5067906
4621.389, 0.4701850
4623.317, 0.3452867
4625.246, 0.5842349
4627.175, 0.5786124
4629.103, 0.3209827
4631.031, 0.4969747
4632.960, 0.6433801
4634.889, 0.6228736
4636.817, 0.4311281
4638.745, 0.3463320
4640.674, 0.5274791
4642.603, 0.1667032
4644.531, 0.2211371
4646.459, 0.3769728
4648.388, 0.7683459
4650.316, 0.6390911
4652.245, 0.6559741
4654.173, 0.7048058
4656.102, 0.3460735
4658.030, 0.9129269
4659.958, 0.5884641
4661.887, 0.4400586
4663.815, 0.4981790
4665.744, 0.5234007
4667.672, 0.4700886
4669.601, 0.4523194
4671.529, 0.9502536
4673.458, 0.5429395
4675.386, 0.2946519
4677.314, 0.8134010
4679.243, 0.5069217
4681.172, 0.2920329
4683.100, 0.3442532
4685.028, 0.2464508
4686.957, 0.5937464
4688.886, 0.7659566
4690.814, 0.7519113
4692.742, 0.4545517
4694.671, 0.5150176
4696.600, 0.7157453
4698.528, 0.7662405
4700.456, 0.5263728
4702.385, 0.5409654
4704.313, 0.6787338
4706.242, 0.9034539
4708.170, 0.7376640
4710.099, 0.3977863
4712.027, 0.7955261
4713.956, 0.6590888
4715.884, 0.4920840
4717.813, 0.2836658
4719.741, 0.4102375
4721.669, 0.3278368
4723.598, 0.2967642
4725.526, 0.5832711
4727.455, 0.2418941
4729.383, 0.5859683
4731.312, 0.6035338
4733.240, 0.5009815
4735.169, 0.4798428
4737.097, 0.2562960
4739.025, 0.2259275
4740.954, -0.1324327
4742.883, 0.3652762
4744.811, 0.5493965
4746.739, 0.4187703
4748.668, 0.5608068
4750.597, 0.5357305
4752.525, 0.5173825
4754.453, 0.5040118
4756.382, 0.3130192
4758.311, 0.6098405
4760.239, 0.7273585
4762.167, 0.4166325
4764.096, 0.5206130
4766.024, 0.2383174
4767.953, 0.3715366
4769.881, 0.6735414
4771.810, 0.3208785
4773.738, 0.4231621
4775.667, 0.6124334
4777.595, 0.4120953
4779.523, 0.3395295
4781.452, 0.3484518
4783.380, 0.3402036
4785.309, 0.1482758
4787.237, 0.4926180
4789.166, 0.7764087
4791.094, 0.8622714
4793.022, 0.3092458
4794.951, 0.5054671
4796.880, 0.4185298
4798.808, 0.5538539
4800.736, 0.4786871
4802.665, 0.2149196
4804.594, 0.5234978
4806.522, 0.4597531
4808.450, 0.4886319
4810.379, 0.5649072
4812.308, 0.5741624
4814.236, 0.4905605
4816.164, 0.4429037
4818.093, 0.1913932
4820.021, 0.7453272
4821.950, 0.3987893
4823.878, 0.4197505
4825.807, 0.6038623
4827.735, 0.6883447
4829.664, 0.1352656
4831.592, 0.4662437
4833.521, 0.5370607
4835.449, 0.4816768
4837.377, 0.4643942
4839.306, 0.6514122
4841.234, 0.3635666
4843.163, 0.5145957
4845.091, 0.5762392
4847.020, 0.6650422
4848.948, 0.5589161
4850.877, 0.4316529
4852.805, 7.1328796E-02
4854.733, 0.4960846
4856.662, 0.6053888
4858.591, 0.3785531
4860.519, 0.2000479
4862.447, 0.5368231
4864.376, 0.6894659
4866.305, 0.3944198
4868.233, 0.2371991
4870.161, 0.3053188
4872.090, 0.6436852
4874.019, 0.3617039
4875.947, 0.3957054
4877.875, 0.4385194
4879.804, 0.6843084
4881.732, 0.4400239
4883.661, 0.2549031
4885.589, 0.5622240
4887.518, 0.4361019
4889.446, 0.5234332
4891.375, 0.9432138
4893.303, 0.5878232
4895.231, 0.4607150
4897.160, 0.8985273
4899.088, 0.3530095
4901.017, 0.4040565
4902.945, 0.9475740
4904.874, 0.6125612
4906.802, 0.6417763
4908.730, 0.4145446
4910.659, 0.4176887
4912.588, 0.4929649
4914.516, 0.7541438
4916.444, 0.5020276
4918.373, 0.5932019
4920.302, 0.3406664
4922.230, 0.2251016
4924.158, 0.7640874
4926.087, 0.4287611
4928.016, 0.4264505
4929.944, 0.7952801
4931.872, 0.7979478
4933.801, 0.5266965
4935.729, 0.5436048
4937.658, 0.5425898
4939.586, 0.3447390
4941.515, 0.4537059
4943.443, 0.6037338
4945.372, 0.8379049
4947.300, 0.4543193
4949.229, 0.6209909
4951.157, 0.4182941
4953.085, 0.9402954
4955.014, 0.5615600
4956.942, 0.2357870
4958.871, 0.1379377
4960.799, 0.5465572
4962.728, 0.8272349
4964.656, 0.5213467
4966.585, 0.3117052
4968.513, 0.2165335
4970.441, 0.4471302
4972.370, 0.4912122
4974.299, 0.3840130
4976.227, 0.6485378
4978.155, 0.4796537
4980.084, 0.3872519
4982.013, 0.6161745
4983.941, 0.5638113
4985.869, 0.7109274
4987.798, 0.2208494
4989.727, 0.6508272
4991.655, 0.4387350
4993.583, 0.1135724
4995.512, 0.6579629
4997.440, 0.4320308
4999.369, 0.4181341
5001.297, 0.3707682
5003.226, 0.2139272
5005.154, 0.3027700
5007.083, 0.6785213
5009.011, 0.4546183
5010.939, 0.1935780
5012.868, 0.3365397
5014.796, 0.4038301
5016.725, 0.5086734
5018.653, 0.4572394
5020.582, 0.5067744
5022.510, 0.5467049
5024.438, 0.5756205
5026.367, 0.2296168
5028.296, 0.2872860
5030.224, 0.4266049
5032.152, 0.4387031
5034.081, 0.4544910
5036.010, 0.2874444
5037.938, 0.2326897
5039.866, 8.5793957E-02
5041.795, 0.3963960
5043.724, 0.6641328
5045.652, 0.6492577
5047.580, 0.4741560
5049.509, 0.3721268
5051.438, 4.5605611E-02
5053.366, 0.4070478
5055.294, 0.4927381
5057.223, 0.7610223
5059.151, 0.8987240
5061.080, 0.5371698
5063.008, 0.3557331
5064.937, 0.1776790
5066.865, 7.8417182E-02
5068.793, 0.3232384
5070.722, 0.4542438
5072.650, 0.6032318
5074.579, 0.2868178
5076.507, 0.3184519
5078.436, 0.1056318
5080.364, 0.1647254
5082.293, 0.3133145
5084.221, 0.1145351
5086.149, 0.4561362
5088.078, 0.9426945
5090.007, 0.2310161
5091.935, 0.2559317
5093.863, 0.1696815
5095.792, 0.3866198
5097.721, 0.5117344
5099.649, 0.1975815
5101.577, 0.1519611
5103.506, 0.1534584
5105.435, 0.2345652
5107.363, 0.6051791
5109.291, 0.4564969
5111.220, 0.2825486
5113.148, 0.1922932
5115.077, 0.2952510
5117.005, 0.3779303
5118.934, 0.5144020
5120.862, 0.3637617
5122.791, 0.4058880
5124.719, 0.4564179
5126.647, 0.1003773
5128.576, -3.3615600E-02
5130.504, 6.9055617E-02
5132.433, 0.6800967
5134.361, 0.6846072
5136.290, 0.7582589
5138.218, 0.4373420
5140.146, 0.6184065
5142.075, 0.3816563
5144.004, 0.4821090
5145.932, 0.3722208
5147.860, 0.4391422
5149.789, 0.4500602
5151.718, 0.2793176
5153.646, 0.2435319
5155.574, 0.2987455
5157.503, 0.6610975
5159.432, 0.2188427
5161.360, 0.3466395
5163.288, 0.4963689
5165.217, 0.5936820
5167.146, 0.4752504
5169.074, 0.5020469
5171.002, 0.6823758
5172.931, 0.4304198
5174.859, 0.4246804
5176.788, 0.5846206
5178.716, 0.6490451
5180.645, 0.8333905
5182.573, 0.5128100
5184.501, 0.8477872
5186.430, 0.5513768
5188.358, 0.3659081
5190.287, 0.4999604
5192.215, 0.3102835
5194.144, 0.4549195
5196.072, 0.9845569
5198.001, 0.3811740
5199.929, 0.2036241
5201.857, 0.3402893
5203.786, 0.2704793
5205.715, 0.6085759
5207.643, 0.2523686
5209.571, 0.4952711
5211.500, 5.4070901E-02
5213.429, 0.8389331
5215.357, 0.1889553
5217.285, 0.3916065
5219.214, 0.1383662
5221.143, 0.3663759
5223.071, 0.3442441
5224.999, 0.6677234
5226.928, 0.1848085
5228.856, 0.2817379
5230.785, -0.1896332
5232.713, 0.6088356
5234.642, 1.065568
5236.570, 0.4770170
5238.499, 0.4477367
5240.427, 0.3573943
5242.355, 0.3111208
5244.284, -0.1289151
5246.212, 0.5102893
5248.141, 0.6445856
5250.069, 0.3758423
5251.998, -0.1115588
5253.926, 0.5603806
5255.854, 0.4679703
5257.783, 0.3731288
5259.712, 0.5856686
5261.640, 8.9427076E-02
5263.568, 0.1689315
5265.497, 9.6351579E-02
5267.426, 0.1164493
5269.354, 0.3446647
5271.282, 0.2368654
5273.211, 0.5162145
5275.140, 2.3852760E-02
5277.068, 0.4953999
5278.996, 0.5071061
5280.925, 0.3394369
5282.854, 0.3203841
5284.782, 0.6228681
5286.710, -0.1165617
5288.639, 0.4389361
5290.567, 0.3646803
5292.496, 0.3515293
5294.424, 1.1183510E-02
5296.353, 0.4210483
5298.281, 0.6166821
5300.209, 0.2812700
5302.138, 0.1840092
5304.066, 0.3920311
5305.995, 0.7537473
5307.923, 4.6556812E-02
5309.852, 0.3334481
5311.780, 0.3419948
5313.709, 0.5104614
5315.637, 0.1486908
5317.565, -3.1627681E-02
5319.494, 0.3430904
5321.423, 0.5653771
5323.351, 0.2630887
5325.279, 0.1431504
5327.208, 0.1723799
5329.137, 0.7855844
5331.065, 0.2227283
5332.993, 0.3216691
5334.922, 0.2591923
5336.851, 0.2656778
5338.779, 0.1209940
5340.707, 0.1064583
5342.636, 0.3431459
5344.564, 0.6382197
5346.493, 0.2836827
5348.421, -0.1231453
5350.350, 0.7324430
5352.278, 0.2682263
5354.207, 0.3173051
5356.135, 0.4343930
5358.063, 0.2347211
5359.992, 0.1578054
5361.920, -2.8749621E-02
5363.849, 0.7116258
5365.777, 0.4212210
5367.706, 0.3973786
5369.634, 0.2903223
5371.563, 0.4043805
5373.491, 0.5573004
5375.420, 0.7236385
5377.348, -6.3533343E-02
5379.276, 0.3710181
5381.205, 0.3118985
5383.134, -1.7432369E-02
5385.062, 0.5661996
5386.990, 9.5472783E-02
5388.919, 0.2789769
5390.848, 0.4917360
5392.776, 0.5306219
5394.704, 4.2985279E-02
5396.633, 4.3511659E-02
5398.562, -0.3829769
5400.490, 0.3462738
5402.418, 0.7176744
5404.347, 0.2632345
5406.275, 0.6418052
5408.204, 0.5264482
5410.132, 0.6871040
5412.061, 0.4414721
5413.989, 0.5526035
5415.917, 0.5868776
5417.846, 0.5392662
5419.774, 0.3066044
5421.703, 0.3561560
5423.631, 0.2392236
5425.560, 0.5711226
5427.488, 0.4586470
5429.417, 5.2411370E-02
5431.345, 0.9490040
5433.273, 0.6255780
5435.202, 0.7091678
5437.131, -8.8685669E-02
5439.059, 0.6373486
5440.987, 0.1849719
5442.916, 0.5702621
5444.845, 0.3772537
5446.773, 0.7011807
5448.701, 0.4440743
5450.630, 0.1963602
5452.559, 0.1052018
5454.487, 0.2162074
5456.415, 0.6500130
5458.344, 0.8923342
5460.272, 0.1532372
5462.201, -0.1193812
5464.129, 0.5343311
5466.058, 9.9726230E-02
5467.986, 0.6778498
5469.915, 0.8215119
5471.843, 6.7349397E-02
5473.771, 0.5207151
5475.700, 0.4866286
5477.628, 0.3872591
5479.557, 0.3729525
5481.485, 0.6231805
5483.414, 0.4299228
5485.342, 0.4594709
5487.271, 0.1925990
5489.199, 0.5267293
5491.128, 0.6730201
5493.056, 3.6163822E-02
5494.984, 0.4408148
5496.913, 1.023490
5498.842, -0.2264712
5500.770, 0.3460777
5502.698, 0.2415614
5504.627, -8.6034350E-02
5506.556, 0.5886787
5508.484, 0.3110346
5510.412, 0.5183343
5512.341, 0.3829462
5514.270, 0.5617501
5516.198, 0.6130399
5518.126, 0.7534381
5520.055, 0.5972347
5521.983, 0.8560983
5523.912, 0.7558758
5525.840, 0.6094955
5527.769, 0.6973616
5529.697, 0.5432540
5531.625, 0.8316969
5533.554, 0.4295376
5535.482, 0.1870584
5537.411, 0.4722537
5539.339, 0.5731624
5541.268, 6.3682713E-02
5543.196, 0.5346398
5545.125, 0.5696403
5547.053, 0.2636488
5548.981, -0.3282903
5550.910, 0.2672332
5552.839, 0.4059235
5554.767, 0.5657904
5556.695, 0.3465921
5558.624, 0.5312293
5560.553, 0.3576299
5562.481, -0.4538679
5564.409, 0.7102412
5566.338, 0.3840035
5568.267, 0.4586631
5570.195, 0.7241253
5572.123, 0.7694746
5574.052, -4.8752669E-02
5575.980, 0.3114414
5577.909, 0.9274054
5579.837, 0.2975776
5581.766, 6.5585680E-02
5583.694, 0.3707090
5585.623, 0.3562131
5587.551, 0.7474524
5589.479, 0.5681927
5591.408, 0.1286369
5593.336, -1.7318429E-02
5595.265, 0.4099074
5597.193, 0.2872100
5599.122, 0.6836476
5601.050, 0.6190698
5602.979, 1.056211
5604.907, 0.4601621
5606.836, 0.3878215
5608.764, 0.5953819
5610.692, 0.6426149
5612.621, 5.0802451E-02
5614.550, 0.5693827
5616.478, 0.6849257
5618.406, 0.4219514
5620.335, 0.5046239
5622.264, 0.1129076
5624.192, 0.1334965
5626.120, 1.005089
5628.049, 0.8557795
5629.978, 0.4809785
5631.906, 0.5816200
5633.834, 0.4324344
5635.763, 0.2186990
5637.691, 0.6665453
5639.620, 0.8827641
5641.548, 0.9315792
5643.477, 2.8473280E-02
5645.405, 0.4342208
5647.333, 0.3714208
5649.262, 0.7182320
5651.190, 0.3181896
5653.119, 0.2799422
5655.047, 0.5915536
5656.976, 0.3844558
5658.904, 0.6406085
5660.833, 0.7458705
5662.761, 0.9103390
5664.689, 0.3094358
5666.618, 0.5618494
5668.547, 0.7031716
5670.475, 0.3791722
5672.403, 1.070835
5674.332, 2.8163919E-02
5676.261, 0.4668390
5678.189, 0.8431233
5680.117, 1.291471
5682.046, 0.5991963
5683.975, 0.5135764
5685.903, 0.8875151
5687.831, 0.3563594
5689.760, 0.8368806
5691.688, 0.5252566
5693.617, 0.5875283
5695.545, 0.2178948
5697.474, 0.5684032
5699.402, 0.5227212
5701.331, 0.7829474
5703.259, 0.5808984
5705.188, 0.6751274
5707.116, 0.2637714
5709.044, 0.5582539
5710.973, 0.3934167
5712.901, 1.271042
5714.830, 0.6392319
5716.758, 0.3839840
5718.687, 0.5167888
5720.615, 0.7498598
5722.544, 0.6133481
5724.472, 8.3716787E-02
5726.400, 0.4533503
5728.329, 0.7775272
5730.258, 0.3464603
5732.186, -1.5321530E-02
5734.114, 0.4106056
5736.043, 0.5093048
5737.972, 0.5233096
5739.900, 0.4532629
5741.828, 0.1099953
5743.757, 0.6107382
5745.686, 0.7955046
5747.614, 0.7101576
5749.542, 0.3235861
5751.471, 0.3795732
5753.399, 9.8276474E-02
5755.328, 0.4895778
5757.256, 0.7014732
5759.185, 0.9187166
5761.113, 0.8133805
5763.042, 0.7407141
5764.970, 0.8633050
5766.898, 0.5472254
5768.827, 0.7369568
5770.755, 0.7826063
5772.684, 0.3521327
5774.612, 0.5554543
5776.541, 0.1363360
5778.469, 0.6671479
5780.397, 0.6439496
5782.326, 0.4737419
5784.255, 0.4731248
5786.183, 0.3186360
5788.111, 0.4397608
5790.040, 0.2455208
5791.969, 0.2236712
5793.897, 0.1055966
5795.825, 0.4115510
5797.754, 0.7811482
5799.683, 0.1032149
5801.611, 0.3432320
5803.539, 0.2859903
5805.468, 0.6427925
5807.396, 0.2846908
5809.325, 0.2995052
5811.253, 0.3176003
5813.182, -8.8556007E-02
5815.110, 0.3366575
5817.039, 0.5022657
5818.967, 0.8991180
5820.896, 0.6069669
5822.824, 0.3833442
5824.752, 0.6560929
5826.681, 1.051573
5828.609, 0.4207725
5830.538, 3.2819431E-02
5832.466, 0.5161934
5834.395, 0.7883281
5836.323, 0.5310614
5838.252, 0.5263282
5840.180, 0.2169760
5842.108, 3.080355
5844.037, 8.1624150E-02
5845.966, 0.8485392
5847.894, 0.5671512
5849.822, 0.3716055
5851.751, 0.1474494
5853.680, 1.052006
5855.608, 0.5749924
5857.536, 0.4846157
5859.465, 0.9951103
5861.394, 0.5819855
5863.322, 0.7774642
5865.250, 0.1230034
5867.179, 0.9580206
5869.107, 0.5940557
5871.036, 0.6204521
5872.964, 0.3350142
5874.893, 0.8583475
5876.821, 0.6471626
5878.750, 0.6650023
5880.678, 0.5775524
5882.606, 0.9598888
5884.535, 0.9097809
5886.463, 0.2655168
5888.392, 0.6113579
5890.320, 0.5537586
5892.249, 0.2532386
5894.177, 0.2083725
5896.105, 0.5934975
5898.034, 0.2709899
5899.963, 0.5084203
5901.891, 0.8890632
5903.819, 8.4548697E-02
5905.748, 0.9569910
5907.677, 0.7918165
5909.605, 0.1638624
5911.533, 0.3018146
5913.462, 0.6900160
5915.391, 0.5882684
5917.319, 0.5339194
5919.247, 0.3043982
5921.176, 0.8311933
5923.104, 0.5581534
5925.033, 0.5419580
5926.961, 0.8643175
5928.890, 1.106781
5930.818, 0.4806715
5932.747, 0.8193213
5934.675, 0.6259232
5936.604, 0.6943288
5938.532, 0.9864371
5940.460, 0.2067432
5942.389, 0.8825384
5944.317, 0.5128999
5946.246, 0.7305177
5948.174, 0.4652192
5950.103, 0.6063551
5952.031, 0.7678258
5953.960, 0.3168086
5955.888, 0.7917684
5957.816, 0.3052117
5959.745, 0.9686357
5961.674, 0.5670446
5963.602, 0.5989638
5965.530, 0.4880189
5967.459, 0.4439851
5969.388, 0.9684055
5971.316, 0.8272370
5973.244, -3.7769109E-02
5975.173, 0.4131700
5977.102, 0.5810272
5979.030, 0.7538458
5980.958, 0.8672451
5982.887, 0.9317790
5984.815, 0.2469593
5986.744, 0.6158853
5988.672, 0.3294890
5990.601, 0.9697950
5992.529, 0.1058627
5994.458, 0.4228179
5996.386, 0.3400063
5998.314, 0.5829157
6000.243, 0.3335085
6002.171, 0.2513576
6004.100, 0.8500689
6006.028, 0.4637901
6007.957, 0.2682243
6009.885, 0.8388687
6011.813, 0.2591443
6013.742, 0.1830814
6015.671, 0.2719446
6017.599, 0.6945950
6019.527, 1.168803
6021.456, 0.7310702
6023.385, 0.5021651
6025.313, 0.6995685
6027.241, 0.1264699
6029.170, 0.8062741
6031.099, 0.3904686
6033.027, 0.2603864
6034.955, 0.7548737
6036.884, 0.5316321
6038.813, 0.2553345
6040.741, 0.3851455
6042.669, 0.4448919
6044.598, 0.1519479
6046.526, 0.8790594
6048.455, 0.3589284
6050.383, 1.066231
6052.312, 0.6240985
6054.240, 1.058805
6056.168, 0.5736924
6058.097, 0.4885570
6060.025, 0.4207501
6061.954, 0.9749455
6063.882, 0.2619404
6065.811, 0.1589317
6067.739, 0.5157455
6069.668, 0.5603790
6071.596, 0.7717301
6073.524, 0.1726913
6075.453, 0.8102286
6077.382, 0.9448954
6079.310, 0.1050570
6081.238, 0.2169673
6083.167, 1.047327
6085.096, 0.8115146
6087.024, 0.6911443
6088.952, 0.3789493
6090.881, 0.5242923
6092.810, 0.6219254
6094.738, 0.8313659
6096.666, 1.048285
6098.595, 0.5106395
6100.523, 0.3162946
6102.452, 0.5303773
6104.380, 7.1014561E-02
6106.309, 0.6325312
6108.237, 0.9099705
6110.166, 0.5231997
6112.094, 0.6831924
6114.022, 0.4698746
6115.951, 0.4385037
6117.879, 0.2180832
6119.808, 0.5341290
6121.736, 0.7127816
6123.665, 9.2681423E-02
6125.593, 8.7234586E-02
6127.521, 0.4792334
6129.450, 0.6596106
6131.379, 0.8263312
6133.307, 0.5883455
6135.235, 0.3466981
6137.164, 1.092927
6139.093, 0.6863669
6141.021, 0.3411804
6142.949, 0.9406121
6144.878, 0.1684388
6146.807, 0.6101432
6148.735, 0.2486370
6150.663, 0.5133720
6152.592, 0.4493514
6154.521, 0.6684874
6156.449, 0.8027238
6158.377, 0.5793070
6160.306, 0.3047627
6162.234, 0.2382116
6164.163, 0.6402673
6166.091, 0.8209000
6168.020, 0.5201668
6169.948, 0.4868130
6171.876, 0.6969490
6173.805, 0.6910583
6175.733, 0.5321648
6177.662, 0.4707834
6179.590, 0.7062256
6181.519, 1.413950
6183.447, 0.5668842
6185.376, 0.7203724
6187.304, 0.2678572
6189.232, 0.2949380
6191.161, 0.3578706
6193.090, 0.7603658
6195.018, 0.7090232
6196.946, 0.3147895
6198.875, 1.028767
6200.804, 0.3227907
6202.732, 0.9285238
6204.660, 1.141019
6206.589, 0.7994258
6208.518, 1.026671
6210.446, 0.3923643
6212.374, 0.2127971
6214.303, 0.7378590
6216.231, 0.2940026
6218.160, 0.6592997
6220.088, 0.9631196
6222.017, 0.6246263
6223.945, 0.4828233
6225.874, 3.6099561E-02
6227.802, 0.3602329
6229.730, 0.5373908
6231.659, 0.5401432
6233.587, 0.8516082
6235.516, 0.8578783
6237.444, 0.3884567
6239.373, 0.8142051
6241.301, 0.8543122
6243.229, 0.2802271
6245.158, 0.4631591
6247.087, 0.8148750
6249.015, 0.2076667
6250.943, 0.1821609
6252.872, 0.3855690
6254.801, 0.6171842
6256.729, 0.4203542
6258.657, 0.9623079
6260.586, 0.6878316
6262.515, 0.6704569
6264.443, 0.5437222
6266.371, 0.8585811
6268.300, 0.2536590
6270.229, 0.5887660
6272.157, 0.5325256
6274.085, 0.6196707
6276.014, 0.5378360
6277.942, 0.3033985
6279.871, 1.524000
6281.799, 0.7588788
6283.728, 0.7988293
6285.656, 0.7576836
6287.584, 0.8431134
6289.513, 1.280479
6291.441, 0.6267619
6293.370, 0.6916825
6295.298, 1.093754
6297.227, 0.5698671
6299.155, 0.8330916
6301.084, 0.7708312
6303.012, 0.4928738
6304.940, 0.5700066
6306.869, 0.1655762
6308.798, 1.010658
6310.726, 0.9466606
6312.654, 0.6082119
6314.583, 1.125257
6316.512, 0.3324257
6318.440, 0.4500715
6320.368, 0.7432801
6322.297, 0.2220467
6324.226, 0.9822128
6326.154, 0.9890533
6328.082, 1.327800
6330.011, 0.4327787
6331.939, 1.278963
6333.868, 1.101165
6335.796, 1.562824
6337.725, 1.133773
6339.653, 1.239060
6341.582, 1.006804
6343.510, 1.110372
6345.438, 1.582595
6347.367, 0.7127820
6349.295, 1.442618
6351.224, 0.4995191
6353.152, 1.247652
6355.081, 1.725975
6357.009, 0.8071523
6358.938, 0.4603580
6360.866, 1.118447
6362.795, 1.268677
6364.723, 0.8678814
6366.651, 1.334421
6368.580, 1.552037
6370.509, 1.052544
6372.437, 0.4857645
6374.365, 1.027339
6376.294, 1.432075
6378.223, 1.815828
6380.151, 0.9287261
6382.079, 1.698882
6384.008, 1.549028
6385.937, 1.795804
6387.865, 1.975979
6389.793, 2.943689
6391.722, 4.595527
6393.650, 23.30893
6395.579, 67.07966
6397.507, 87.15935
6399.436, 102.6863
6401.364, 139.9045
6403.292, 214.7007
6405.221, 379.9395
6407.149, 359.2039
6409.078, 227.4332
6411.006, 124.6847
6412.935, 81.51075
6414.863, 28.80750
6416.792, 16.09719
6418.720, 3.701284
6420.648, 3.052871
6422.577, 1.787874
6424.506, 2.230953
6426.434, 1.599190
6428.362, 2.068512
6430.291, 2.563755
6432.220, 1.895002
6434.148, 2.220220
6436.076, 2.621951
6438.005, 2.467409
6439.934, 4.518006
6441.862, 5.653207
6443.790, 7.801628
6445.719, 11.53924
6447.647, 17.55496
6449.576, 24.90128
6451.504, 36.24221
6453.433, 47.38490
6455.361, 56.96887
6457.290, 64.36806
6459.218, 66.28630
6461.146, 67.84967
6463.075, 68.11852
6465.003, 68.05225
6466.932, 69.67882
6468.860, 69.63516
6470.789, 69.39909
6472.717, 69.33356
6474.646, 68.56631
6476.574, 68.79161
6478.503, 67.78120
6480.431, 68.80522
6482.359, 67.94804
6484.288, 66.24183
6486.217, 62.96721
6488.145, 63.91349
6490.073, 63.82113
6492.002, 62.80155
6493.931, 61.05460
6495.859, 61.71620
6497.787, 59.89365
6499.716, 60.04609
6501.645, 59.44807
6503.573, 58.62387
6505.501, 59.52934
6507.430, 58.16169
6509.358, 57.60770
6511.287, 59.15807
6513.215, 58.53419
6515.144, 59.22626
6517.072, 60.06968
6519.000, 58.61396
6520.929, 58.69653
6522.857, 58.31453
6524.786, 57.75292
6526.714, 57.40221
6528.643, 57.88910
6530.571, 58.18982
6532.500, 57.87249
6534.428, 57.17952
6536.356, 54.87585
6538.285, 54.98209
6540.214, 52.91695
6542.142, 54.41591
6544.070, 53.52947
6545.999, 53.10380
6547.928, 53.53672
6549.856, 52.98464
6551.784, 52.76539
6553.713, 50.50208
6555.642, 51.93460
6557.570, 52.06031
6559.498, 52.17889
6561.427, 51.44229
6563.355, 50.78334
6565.284, 50.41561
6567.212, 50.36036
6569.141, 50.30801
6571.069, 49.43195
6572.998, 48.64990
6574.926, 47.90364
6576.854, 47.42763
6578.783, 47.57140
6580.711, 44.88764
6582.640, 46.49134
6584.568, 47.27987
6586.497, 46.41232
6588.425, 48.24972
6590.354, 47.72194
6592.282, 46.54796
6594.211, 46.08522
6596.139, 48.78892
6598.067, 49.42009
6599.996, 47.57819
6601.925, 47.71910
6603.853, 47.64527
6605.781, 47.24491
6607.710, 47.52157
6609.639, 46.11610
6611.567, 44.91407
6613.495, 44.39272
6615.424, 43.08997
6617.353, 42.91488
6619.281, 42.60633
6621.209, 43.49198
6623.138, 42.22268
6625.066, 41.50283
6626.995, 42.56211
6628.923, 41.15361
6630.852, 41.73009
##END=



