##NAMES=Kaliborite
##RRUFFID=R060352
##IDEAL CHEMISTRY=KHMg_2_B_12_O_16_(OH)_10_·4H_2_O
##LOCALITY=Inder Boron deposit, Atyrau (Gur'yev), Atyrau Oblast', Kazakhstan
##OWNER=RRUFF
##SOURCE=Herb Obodda
##DESCRIPTION=Colorless fragment
##STATUS=The identification of this mineral has been confirmed by X-ray diffraction and chemical analysis
##URL=https://www.rruff.net/odr/rruff_sample/R060352
##MEASURED CHEMISTRY=K_1.00_H_1.00_Mg_2.00_B_12.00_O_16_(OH)_10_·4H_2_O ; H and B not measured but estimated by stoichiometry
##DIFFRACTION SAMPLE DESCRIPTION=Powder
##CELL PARAMETERS=a: 18.564 b: 8.4549 c: 14.671 alpha: 90 beta: 100.12 gamma: 90 volume: 2266.9 crystal system: monoclinic
##FILETYPE=Raman RAW
##RAMAN WAVELENGTH=532

152.0093, 114.8416
153.9377, 134.9790
155.8662, 153.2625
157.7947, 167.5018
159.7231, 177.0909
161.6516, 185.2103
163.5801, 190.0230
165.5085, 192.5855
167.4370, 189.9283
169.3655, 186.2612
171.2939, 185.2209
173.2224, 188.0705
175.1509, 193.9859
177.0793, 199.6254
179.0078, 206.7237
180.9363, 213.0234
182.8647, 214.8767
184.7932, 212.5191
186.7217, 207.4391
188.6501, 199.4021
190.5786, 188.0700
192.5071, 176.8895
194.4355, 165.4400
196.3640, 154.5117
198.2925, 144.9664
200.2209, 136.6053
202.1494, 129.9107
204.0779, 125.2359
206.0063, 123.1288
207.9348, 120.9619
209.8633, 118.0416
211.7918, 115.1178
213.7202, 112.8828
215.6487, 111.7647
217.5772, 110.9084
219.5056, 110.4273
221.4341, 110.3134
223.3626, 109.7548
225.2910, 108.6144
227.2195, 106.8297
229.1480, 104.2233
231.0764, 98.46245
233.0049, 94.15652
234.9334, 92.02527
236.8618, 91.89914
238.7903, 94.67266
240.7188, 100.7112
242.6472, 109.9110
244.5757, 123.1212
246.5042, 140.4895
248.4326, 160.4700
250.3611, 184.3507
252.2896, 211.8404
254.2180, 234.8227
256.1465, 258.0564
258.0750, 274.6565
260.0034, 277.5326
261.9319, 264.6091
263.8604, 245.9941
265.7888, 221.8113
267.7173, 193.1324
269.6458, 167.9104
271.5742, 148.1458
273.5027, 133.5948
275.4312, 123.8873
277.3596, 119.9488
279.2881, 118.7394
281.2166, 119.9414
283.1450, 122.8749
285.0735, 126.0053
287.0020, 129.5914
288.9304, 132.4573
290.8589, 133.7592
292.7874, 132.4313
294.7158, 131.6434
296.6443, 132.3132
298.5728, 133.1454
300.5012, 133.1778
302.4297, 133.4890
304.3582, 132.2638
306.2866, 127.8399
308.2151, 119.5633
310.1436, 111.4010
312.0720, 103.5188
314.0005, 96.45544
315.9290, 90.48779
317.8574, 86.51558
319.7859, 83.47179
321.7144, 81.30531
323.6428, 80.07292
325.5713, 79.61966
327.4998, 79.78505
329.4282, 80.71669
331.3567, 82.49451
333.2852, 85.42327
335.2137, 88.91088
337.1421, 92.69543
339.0706, 96.91525
340.9991, 101.7380
342.9275, 107.9176
344.8560, 114.6718
346.7845, 121.6641
348.7129, 128.5515
350.6414, 135.3566
352.5699, 142.5870
354.4983, 149.4155
356.4268, 155.3306
358.3553, 160.9426
360.2837, 165.2962
362.2122, 167.3437
364.1407, 167.3090
366.0691, 166.5835
367.9976, 165.3997
369.9261, 163.9565
371.8545, 162.0383
373.7830, 159.6097
375.7115, 158.4437
377.6399, 157.9051
379.5684, 159.4487
381.4969, 164.1019
383.4253, 174.2241
385.3538, 185.5510
387.2823, 198.9581
389.2107, 213.0601
391.1392, 224.0439
393.0677, 226.3987
394.9961, 227.5851
396.9246, 230.7133
398.8531, 235.5079
400.7815, 247.5537
402.7100, 273.1137
404.6385, 307.0084
406.5669, 342.7318
408.4954, 382.8870
410.4239, 412.1812
412.3523, 425.1649
414.2808, 416.7492
416.2093, 397.7241
418.1377, 365.4902
420.0662, 330.2856
421.9947, 296.0765
423.9231, 267.3326
425.8516, 243.2113
427.7801, 224.5173
429.7085, 209.2540
431.6370, 195.4750
433.5655, 181.0788
435.4939, 166.8694
437.4224, 152.9533
439.3509, 139.6498
441.2793, 127.7497
443.2078, 117.5859
445.1363, 108.8427
447.0647, 101.3304
448.9932, 94.86866
450.9217, 89.96135
452.8501, 87.32784
454.7786, 85.83056
456.7071, 84.39133
458.6355, 82.14375
460.5640, 80.56047
462.4925, 80.30131
464.4209, 81.13622
466.3494, 82.23880
468.2779, 83.76319
470.2063, 85.55424
472.1348, 88.10165
474.0633, 90.92982
475.9917, 92.45943
477.9202, 91.63393
479.8487, 89.67027
481.7771, 87.51641
483.7056, 85.39920
485.6341, 83.06962
487.5625, 80.12955
489.4910, 77.58762
491.4195, 76.07689
493.3479, 75.65841
495.2764, 75.52544
497.2049, 75.47025
499.1333, 75.69691
501.0618, 76.17356
502.9903, 76.88766
504.9187, 77.84312
506.8472, 79.13185
508.7757, 80.30898
510.7041, 81.74075
512.6326, 83.58530
514.5610, 85.97191
516.4895, 88.97620
518.4180, 92.68886
520.3464, 95.97171
522.2749, 99.12656
524.2034, 101.3291
526.1318, 101.8006
528.0603, 99.43774
529.9888, 96.33872
531.9172, 92.40731
533.8457, 88.37380
535.7742, 84.98723
537.7026, 82.45119
539.6311, 80.75793
541.5596, 79.94512
543.4880, 79.89617
545.4165, 79.90225
547.3450, 79.89427
549.2734, 80.00401
551.2019, 80.21777
553.1304, 80.52754
555.0588, 81.39173
556.9873, 82.95824
558.9158, 84.96809
560.8442, 87.12608
562.7727, 89.40225
564.7012, 92.03991
566.6296, 95.30872
568.5581, 98.79263
570.4866, 102.2856
572.4150, 105.9744
574.3435, 109.7476
576.2720, 113.4870
578.2004, 117.1438
580.1289, 120.9789
582.0574, 125.2662
583.9859, 129.5288
585.9144, 133.6644
587.8428, 137.5674
589.7713, 140.5560
591.6998, 142.8826
593.6282, 144.0080
595.5567, 143.4819
597.4852, 141.2579
599.4136, 138.4026
601.3421, 134.7909
603.2706, 130.8536
605.1990, 126.8610
607.1275, 122.7592
609.0560, 119.1300
610.9844, 116.1665
612.9129, 113.7265
614.8414, 111.6162
616.7698, 109.7860
618.6983, 108.3454
620.6268, 107.6032
622.5552, 107.4799
624.4837, 106.9631
626.4122, 105.9409
628.3406, 104.6571
630.2691, 103.0892
632.1976, 101.2438
634.1260, 99.66978
636.0545, 97.91077
637.9830, 96.88368
639.9114, 96.97302
641.8399, 98.19239
643.7684, 100.4995
645.6968, 102.7165
647.6253, 107.2076
649.5538, 115.1007
651.4822, 126.0651
653.4107, 142.1434
655.3392, 166.4633
657.2676, 194.2636
659.1961, 221.8247
661.1246, 251.3732
663.0530, 270.7931
664.9815, 274.9833
666.9100, 267.8509
668.8384, 254.2307
670.7669, 227.1272
672.6954, 202.0438
674.6238, 179.4593
676.5523, 160.0911
678.4808, 144.3442
680.4092, 132.8687
682.3377, 123.9970
684.2662, 117.4221
686.1946, 112.8662
688.1231, 109.0736
690.0516, 106.3038
691.9800, 103.8948
693.9085, 101.8533
695.8370, 100.0819
697.7654, 98.22312
699.6939, 96.08382
701.6224, 94.04808
703.5508, 92.24745
705.4793, 90.70108
707.4078, 89.26496
709.3362, 88.00755
711.2647, 86.73335
713.1932, 85.24696
715.1216, 83.67961
717.0501, 82.72936
718.9786, 82.82023
720.9070, 83.16969
722.8355, 83.55037
724.7640, 84.00227
726.6924, 84.58714
728.6209, 85.14973
730.5494, 85.98561
732.4778, 87.15459
734.4063, 88.57842
736.3348, 90.81176
738.2632, 93.66087
740.1917, 97.46859
742.1202, 102.5863
744.0486, 109.1986
745.9771, 116.8470
747.9056, 127.2453
749.8340, 137.2009
751.7625, 145.0993
753.6910, 151.7355
755.6194, 154.0318
757.5479, 150.1232
759.4764, 142.9358
761.4048, 134.4328
763.3333, 122.9467
765.2618, 112.7935
767.1902, 104.6559
769.1187, 98.56863
771.0472, 94.32470
772.9756, 92.33943
774.9041, 91.31559
776.8326, 91.21056
778.7610, 91.76624
780.6895, 92.62270
782.6180, 93.84393
784.5464, 95.18105
786.4749, 96.51643
788.4034, 97.99975
790.3318, 99.78426
792.2603, 101.9864
794.1888, 104.1169
796.1172, 105.8400
798.0457, 107.7077
799.9742, 110.1353
801.9026, 113.1484
803.8311, 117.1063
805.7596, 120.7027
807.6880, 125.9061
809.6165, 135.3936
811.5450, 149.5001
813.4734, 168.0244
815.4019, 193.2708
817.3304, 221.0201
819.2589, 248.6148
821.1873, 278.8827
823.1158, 299.0226
825.0443, 303.5074
826.9727, 297.1048
828.9012, 281.8096
830.8297, 254.7384
832.7581, 227.2312
834.6866, 200.6730
836.6151, 175.3991
838.5435, 154.5531
840.4720, 138.1730
842.4005, 124.9142
844.3289, 115.4642
846.2574, 109.1637
848.1859, 103.7595
850.1143, 98.86785
852.0428, 95.02382
853.9713, 92.69926
855.8997, 91.64240
857.8282, 91.02726
859.7567, 90.88708
861.6851, 91.68104
863.6136, 93.42009
865.5421, 96.36467
867.4705, 101.2267
869.3990, 107.5831
871.3275, 112.5655
873.2559, 115.5665
875.1844, 117.4738
877.1129, 117.6330
879.0413, 116.2240
880.9698, 114.1678
882.8983, 111.1467
884.8267, 107.6754
886.7552, 105.2253
888.6837, 103.6784
890.6121, 102.2125
892.5406, 100.6435
894.4691, 99.21841
896.3975, 97.71262
898.3260, 96.14102
900.2545, 94.91604
902.1829, 94.10261
904.1114, 93.15935
906.0399, 91.87192
907.9683, 90.67480
909.8968, 88.94861
911.8253, 86.26880
913.7537, 83.30358
915.6822, 80.67794
917.6107, 78.54601
919.5391, 76.66443
921.4676, 75.00516
923.3961, 73.50417
925.3245, 72.06616
927.2530, 70.45014
929.1815, 69.42310
931.1099, 69.26505
933.0384, 69.54984
934.9669, 69.87941
936.8953, 70.03637
938.8238, 70.34408
940.7523, 71.06921
942.6807, 72.07236
944.6092, 72.98961
946.5377, 73.93653
948.4661, 76.22848
950.3946, 80.10220
952.3231, 85.32332
954.2515, 91.47315
956.1800, 99.46560
958.1085, 110.1381
960.0369, 123.1191
961.9654, 138.1559
963.8939, 155.6903
965.8223, 171.9365
967.7508, 183.3994
969.6793, 189.1894
971.6077, 186.9664
973.5362, 175.9718
975.4647, 160.8558
977.3931, 145.4251
979.3216, 129.6550
981.2501, 116.3056
983.1785, 106.3945
985.1070, 99.33085
987.0355, 93.84618
988.9639, 89.28048
990.8924, 86.07317
992.8209, 84.29990
994.7493, 83.47460
996.6778, 83.37727
998.6063, 84.23097
1000.535, 84.61398
1002.463, 83.98887
1004.392, 83.11214
1006.320, 82.75916
1008.249, 83.38998
1010.177, 84.59103
1012.106, 85.57814
1014.034, 86.08978
1015.962, 86.47887
1017.891, 87.19669
1019.819, 88.19858
1021.748, 88.69946
1023.676, 88.57095
1025.605, 88.09211
1027.533, 87.42315
1029.462, 86.33522
1031.390, 84.48811
1033.319, 82.58281
1035.247, 81.17648
1037.176, 80.18446
1039.104, 79.29089
1041.032, 78.37712
1042.961, 77.55810
1044.889, 76.85883
1046.818, 76.30024
1048.746, 75.85653
1050.675, 75.45288
1052.603, 75.03628
1054.532, 75.03620
1056.460, 75.49886
1058.389, 76.04591
1060.317, 76.39632
1062.246, 76.61678
1064.174, 76.89495
1066.103, 76.98648
1068.031, 76.73745
1069.959, 76.37474
1071.888, 76.32888
1073.816, 76.90275
1075.745, 77.24904
1077.673, 77.10467
1079.602, 76.88491
1081.530, 76.92178
1083.459, 77.21067
1085.387, 77.49928
1087.316, 77.59004
1089.244, 77.86353
1091.173, 78.83193
1093.101, 80.33233
1095.030, 81.52421
1096.958, 81.99261
1098.887, 82.64113
1100.815, 83.65886
1102.744, 84.76541
1104.672, 85.69273
1106.600, 86.56049
1108.529, 87.65043
1110.457, 88.91912
1112.386, 90.33833
1114.314, 91.49377
1116.243, 92.13857
1118.171, 92.46355
1120.100, 93.01849
1122.028, 93.66538
1123.957, 93.65717
1125.885, 92.97231
1127.814, 92.73494
1129.742, 93.84346
1131.671, 95.56850
1133.599, 96.59319
1135.527, 96.88216
1137.456, 97.06828
1139.384, 97.63450
1141.313, 98.07649
1143.241, 97.93546
1145.170, 97.31160
1147.098, 96.66232
1149.027, 96.23116
1150.955, 96.13213
1152.884, 96.30268
1154.812, 96.11339
1156.741, 95.59354
1158.669, 95.02271
1160.598, 94.66840
1162.526, 94.45757
1164.454, 94.31263
1166.383, 94.28025
1168.311, 94.66235
1170.240, 95.38898
1172.168, 96.38822
1174.097, 98.12466
1176.025, 101.3435
1177.954, 104.4603
1179.882, 106.7642
1181.811, 108.5811
1183.739, 110.5665
1185.668, 112.8809
1187.596, 114.9388
1189.525, 116.5592
1191.453, 117.3336
1193.381, 117.1790
1195.310, 116.0439
1197.238, 115.1433
1199.167, 114.8575
1201.095, 114.2629
1203.024, 113.0056
1204.952, 111.2736
1206.881, 109.8280
1208.809, 108.8014
1210.738, 107.9575
1212.666, 107.2160
1214.595, 106.4745
1216.523, 105.8726
1218.452, 105.5237
1220.380, 105.1901
1222.308, 104.6576
1224.237, 104.1349
1226.165, 104.1444
1228.094, 104.3540
1230.022, 103.8577
1231.951, 102.2920
1233.879, 100.8340
1235.808, 99.41868
1237.736, 98.20065
1239.665, 97.74409
1241.593, 98.18037
1243.522, 98.55108
1245.450, 98.53673
1247.379, 98.72025
1249.307, 99.39708
1251.235, 100.1569
1253.164, 100.7134
1255.092, 101.0564
1257.021, 101.3972
1258.949, 101.6676
1260.878, 102.1377
1262.806, 102.8504
1264.735, 103.6990
1266.663, 104.5920
1268.592, 105.8066
1270.520, 106.5135
1272.449, 106.2318
1274.377, 105.6871
1276.306, 105.4744
1278.234, 105.6567
1280.162, 105.5260
1282.091, 104.3407
1284.019, 103.7211
1285.948, 104.5962
1287.876, 106.3296
1289.805, 107.7009
1291.733, 108.6505
1293.662, 109.3613
1295.590, 109.7902
1297.519, 110.1654
1299.447, 110.4304
1301.376, 110.5477
1303.304, 110.5828
1305.233, 110.4323
1307.161, 110.5650
1309.089, 111.4116
1311.018, 112.3238
1312.946, 112.7996
1314.875, 112.8995
1316.803, 113.6306
1318.732, 115.3629
1320.660, 117.2061
1322.589, 119.0376
1324.517, 120.9118
1326.446, 123.0467
1328.374, 125.5953
1330.303, 127.2059
1332.231, 127.3080
1334.160, 127.1649
1336.088, 127.2021
1338.016, 127.3161
1339.945, 127.2972
1341.873, 127.1001
1343.802, 127.1473
1345.730, 127.9736
1347.659, 128.4593
1349.587, 127.9146
1351.516, 126.6485
1353.444, 125.4489
1355.373, 124.4183
1357.301, 123.0626
1359.230, 121.0605
1361.158, 118.9946
1363.087, 117.0562
1365.015, 115.2725
1366.943, 113.9095
1368.872, 113.2313
1370.800, 112.6081
1372.729, 111.8675
1374.657, 111.2838
1376.586, 111.0854
1378.514, 111.2665
1380.443, 111.6188
1382.371, 112.2429
1384.300, 112.8326
1386.228, 113.2172
1388.157, 113.5728
1390.085, 114.0697
1392.014, 114.6963
1393.942, 115.4048
1395.870, 116.2892
1397.799, 117.0209
1399.727, 117.4681
1401.656, 117.7362
1403.584, 117.9748
1405.513, 118.2084
1407.441, 118.0024
1409.370, 116.9814
1411.298, 116.0372
1413.227, 115.5133
1415.155, 115.1633
1417.084, 114.6296
1419.012, 113.8150
1420.941, 113.0168
1422.869, 111.7077
1424.797, 111.1232
1426.726, 112.2967
1428.654, 113.8968
1430.583, 114.1366
1432.511, 112.7356
1434.440, 112.1962
1436.368, 113.0915
1438.297, 114.0347
1440.225, 114.5717
1442.154, 115.0111
1444.082, 115.8775
1446.011, 117.0008
1447.939, 117.2947
1449.868, 116.3707
1451.796, 115.4419
1453.724, 115.3012
1455.653, 115.0211
1457.581, 113.4936
1459.510, 110.8727
1461.438, 109.0010
1463.367, 108.2937
1465.295, 107.8389
1467.224, 107.3409
1469.152, 106.9408
1471.081, 106.9367
1473.009, 107.4450
1474.938, 107.4279
1476.866, 106.2832
1478.795, 105.3750
1480.723, 105.0652
1482.651, 105.0702
1484.580, 105.2737
1486.508, 105.7014
1488.437, 105.7799
1490.365, 105.0349
1492.294, 104.5924
1494.222, 104.7165
1496.151, 105.0183
1498.079, 105.2035
1500.008, 105.3114
1501.936, 105.5400
1503.865, 105.9509
1505.793, 106.2371
1507.722, 106.1197
1509.650, 106.1126
1511.578, 106.8782
1513.507, 107.9569
1515.435, 107.9553
1517.364, 106.6921
1519.292, 105.9925
1521.221, 106.4303
1523.149, 106.9028
1525.078, 106.7855
1527.006, 106.6219
1528.935, 106.9237
1530.863, 107.5857
1532.792, 108.4070
1534.720, 109.6741
1536.649, 110.4545
1538.577, 109.8427
1540.505, 108.9950
1542.434, 108.9580
1544.362, 109.6686
1546.291, 110.7325
1548.219, 112.3090
1550.148, 113.7867
1552.076, 115.1375
1554.005, 116.1848
1555.933, 116.5932
1557.862, 116.4520
1559.790, 116.6206
1561.719, 117.1587
1563.647, 118.2281
1565.576, 119.9884
1567.504, 122.0902
1569.432, 124.5652
1571.361, 127.2878
1573.289, 129.9842
1575.218, 132.5509
1577.146, 135.1371
1579.075, 137.5063
1581.003, 140.4937
1582.932, 144.3495
1584.860, 148.7061
1586.789, 153.5199
1588.717, 158.8242
1590.646, 163.3157
1592.574, 166.6496
1594.503, 169.5106
1596.431, 172.1499
1598.359, 174.0549
1600.288, 174.9652
1602.216, 174.9689
1604.145, 174.2279
1606.073, 172.5683
1608.002, 170.3923
1609.930, 166.6928
1611.859, 162.4049
1613.787, 157.2139
1615.716, 151.9374
1617.644, 147.5241
1619.573, 143.9470
1621.501, 140.3346
1623.430, 136.5215
1625.358, 133.0309
1627.286, 129.8130
1629.215, 127.0701
1631.143, 125.0563
1633.072, 123.5691
1635.000, 122.2171
1636.929, 121.0275
1638.857, 119.7807
1640.786, 118.3502
1642.714, 117.0062
1644.643, 115.6860
1646.571, 114.6089
1648.500, 114.2019
1650.428, 114.2677
1652.357, 113.7483
1654.285, 112.4349
1656.214, 111.3197
1658.142, 110.4008
1660.070, 109.9429
1661.999, 110.5823
1663.927, 111.4823
1665.856, 111.3973
1667.784, 110.4155
1669.713, 109.3562
1671.641, 107.9960
1673.570, 107.2822
1675.498, 107.9748
1677.427, 108.8703
1679.355, 109.3083
1681.284, 109.3910
1683.212, 109.2154
1685.141, 108.7537
1687.069, 108.7113
1688.997, 109.4485
1690.926, 109.9935
1692.854, 109.9153
1694.783, 109.6093
1696.711, 109.3028
1698.640, 109.0273
1700.568, 108.8694
1702.497, 108.8382
1704.425, 108.8671
1706.354, 108.9984
1708.282, 109.0957
1710.211, 109.1847
1712.139, 109.1605
1714.068, 108.8630
1715.996, 108.3832
1717.924, 107.9691
1719.853, 107.6135
1721.781, 107.4795
1723.710, 107.7344
1725.638, 107.9823
1727.567, 107.9962
1729.495, 107.9354
1731.424, 107.9334
1733.352, 107.9774
1735.281, 108.1087
1737.209, 108.3871
1739.138, 108.4399
1741.066, 108.2099
1742.995, 107.7758
1744.923, 106.7748
1746.851, 105.9168
1748.780, 106.1380
1750.708, 107.1814
1752.637, 107.8488
1754.565, 108.0337
1756.494, 108.2309
1758.422, 108.4922
1760.351, 108.7830
1762.279, 109.3599
1764.208, 109.7389
1766.136, 109.1293
1768.065, 107.8672
1769.993, 107.4979
1771.922, 108.2155
1773.850, 108.9122
1775.778, 110.0438
1777.707, 110.3429
1779.635, 108.3686
1781.564, 106.3319
1783.492, 106.5651
1785.421, 108.2853
1787.349, 108.7561
1789.278, 107.5411
1791.206, 107.1766
1793.135, 108.6662
1795.063, 109.6979
1796.992, 109.4643
1798.920, 108.9435
1800.849, 108.7964
1802.777, 108.8735
1804.705, 108.8169
1806.634, 108.5811
1808.562, 108.5477
1810.491, 108.9507
1812.419, 109.1821
1814.348, 108.8391
1816.276, 108.6869
1818.205, 109.3895
1820.133, 110.3399
1822.062, 110.6147
1823.990, 110.2316
1825.919, 110.0036
1827.847, 110.1026
1829.776, 110.0143
1831.704, 109.5283
1833.632, 109.1339
1835.561, 108.9646
1837.489, 108.9832
1839.418, 109.3538
1841.346, 109.8786
1843.275, 109.6576
1845.203, 108.3884
1847.132, 108.1658
1849.060, 109.8338
1850.989, 111.0864
1852.917, 111.1833
1854.846, 110.9128
1856.774, 110.5632
1858.703, 110.1591
1860.631, 109.6326
1862.559, 109.0410
1864.488, 108.8807
1866.416, 109.2235
1868.345, 109.7928
1870.273, 110.8686
1872.202, 111.5567
1874.130, 111.0204
1876.059, 110.4218
1877.987, 111.0471
1879.916, 112.1510
1881.844, 112.0191
1883.773, 110.6857
1885.701, 109.8515
1887.630, 109.6296
1889.558, 109.9761
1891.486, 111.6800
1893.415, 112.8740
1895.343, 112.1722
1897.272, 110.9536
1899.200, 110.7242
1901.129, 111.2172
1903.057, 111.4238
1904.986, 111.3029
1906.914, 111.2251
1908.843, 111.0508
1910.771, 111.1589
1912.700, 111.7770
1914.628, 112.4610
1916.557, 113.2017
1918.485, 113.7061
1920.413, 113.3677
1922.342, 112.4040
1924.270, 112.1564
1926.199, 112.9378
1928.127, 113.4475
1930.056, 113.5779
1931.984, 113.6108
1933.913, 113.4124
1935.841, 113.3522
1937.770, 113.7117
1939.698, 114.2178
1941.627, 114.6064
1943.555, 114.8629
1945.484, 114.9378
1947.412, 114.8331
1949.340, 114.5258
1951.269, 113.9118
1953.197, 113.4303
1955.126, 113.1282
1957.054, 113.1170
1958.983, 113.5279
1960.911, 114.2085
1962.840, 115.3171
1964.768, 116.5098
1966.697, 116.6425
1968.625, 115.6381
1970.554, 115.1494
1972.482, 115.4517
1974.411, 115.8181
1976.339, 116.3287
1978.267, 116.6142
1980.196, 116.3732
1982.124, 116.0268
1984.053, 115.9422
1985.981, 116.0322
1987.910, 116.0961
1989.838, 116.1300
1991.767, 116.2003
1993.695, 116.2950
1995.624, 116.4231
1997.552, 116.5766
1999.481, 116.7562
2001.409, 116.9826
2003.338, 117.2160
2005.266, 117.3424
2007.194, 117.5408
2009.123, 118.2708
2011.051, 118.1481
2012.980, 119.2951
2014.908, 118.3853
2016.837, 117.9630
2018.765, 118.3027
2020.694, 118.7023
2022.622, 118.9785
2024.551, 119.3282
2026.479, 120.1599
2028.408, 120.7809
2030.336, 120.5645
2032.265, 119.7868
2034.193, 118.6781
2036.121, 117.3202
2038.050, 116.9195
2039.978, 117.9850
2041.907, 118.5612
2043.835, 118.2245
2045.764, 118.1361
2047.692, 118.5830
2049.621, 119.1742
2051.549, 120.0004
2053.478, 120.6837
2055.406, 120.8045
2057.334, 120.5828
2059.263, 120.3040
2061.191, 120.0322
2063.120, 120.3884
2065.049, 121.5033
2066.977, 121.7876
2068.906, 120.5627
2070.834, 119.7995
2072.762, 120.5092
2074.691, 121.1625
2076.619, 121.0616
2078.548, 120.7183
2080.476, 120.4619
2082.405, 120.3097
2084.333, 120.3080
2086.262, 120.4468
2088.190, 120.6000
2090.119, 120.7094
2092.047, 121.1535
2093.976, 122.2553
2095.904, 122.8256
2097.833, 122.2610
2099.761, 121.8143
2101.689, 122.1444
2103.618, 122.4752
2105.546, 121.9607
2107.475, 121.4258
2109.403, 122.2482
2111.332, 123.7810
2113.260, 124.1237
2115.189, 123.2919
2117.117, 122.6132
2119.046, 122.0852
2120.974, 121.7967
2122.903, 121.9020
2124.831, 121.9763
2126.760, 121.7400
2128.688, 121.7119
2130.616, 122.3003
2132.545, 123.0043
2134.473, 123.5662
2136.402, 123.9003
2138.330, 123.7072
2140.259, 123.1576
2142.187, 122.8941
2144.116, 122.9194
2146.044, 123.1796
2147.973, 123.7326
2149.901, 124.2065
2151.830, 124.6789
2153.758, 124.8352
2155.687, 124.2011
2157.615, 123.7755
2159.543, 123.9757
2161.472, 124.6062
2163.400, 125.9557
2165.329, 127.3001
2167.257, 127.3593
2169.186, 126.3823
2171.114, 125.3757
2173.043, 124.3633
2174.971, 124.4166
2176.900, 125.7883
2178.828, 126.9541
2180.757, 127.7480
2182.685, 128.2052
2184.614, 128.1502
2186.542, 128.0074
2188.470, 127.8167
2190.399, 127.7038
2192.327, 127.8220
2194.256, 128.0085
2196.184, 128.0580
2198.113, 128.0478
2200.041, 128.1914
2201.970, 128.4736
2203.898, 128.5349
2205.827, 128.3417
2207.755, 128.3847
2209.684, 128.7571
2211.612, 129.0072
2213.541, 128.9097
2215.469, 129.0627
2217.397, 130.2837
2219.326, 130.9503
2221.254, 129.6325
2223.183, 128.3006
2225.111, 128.7139
2227.040, 128.1817
2228.968, 129.5897
2230.897, 128.9384
2232.825, 129.2280
2234.754, 130.3335
2236.682, 130.7053
2238.611, 130.3144
2240.539, 130.5449
2242.468, 131.7180
2244.396, 132.0293
2246.324, 130.7283
2248.253, 129.7469
2250.181, 129.7856
2252.110, 129.9904
2254.038, 130.2100
2255.967, 130.3398
2257.895, 130.0432
2259.824, 129.8999
2261.752, 130.6851
2263.681, 131.8565
2265.609, 132.6257
2267.538, 132.9964
2269.466, 132.7969
2271.395, 132.1536
2273.323, 132.0937
2275.251, 132.7005
2277.180, 133.3423
2279.108, 134.1764
2281.037, 134.3949
2282.965, 133.3385
2284.894, 132.5699
2286.822, 132.4239
2288.751, 132.4850
2290.679, 132.6226
2292.608, 132.9174
2294.536, 133.7111
2296.465, 134.3697
2298.393, 134.1201
2300.322, 133.6302
2302.250, 133.7199
2304.178, 134.2383
2306.107, 135.0408
2308.035, 136.0071
2309.964, 136.1694
2311.892, 135.4026
2313.821, 135.0706
2315.749, 135.2897
2317.678, 135.4149
2319.606, 135.2095
2321.535, 135.6914
2323.463, 137.4236
2325.392, 138.8050
2327.320, 139.4910
2329.249, 139.5297
2331.177, 138.6382
2333.105, 137.5130
2335.034, 136.1185
2336.962, 135.1196
2338.891, 135.4227
2340.819, 136.1505
2342.748, 135.8488
2344.676, 135.2741
2346.605, 136.6129
2348.533, 136.1975
2350.462, 136.3409
2352.390, 137.0555
2354.319, 136.5528
2356.247, 137.8080
2358.176, 138.5570
2360.104, 138.3272
2362.032, 138.5108
2363.961, 139.4987
2365.889, 140.0876
2367.818, 140.1008
2369.746, 139.8324
2371.675, 139.0350
2373.603, 138.6229
2375.532, 139.1612
2377.460, 139.9350
2379.389, 140.9320
2381.317, 141.5518
2383.246, 140.8685
2385.174, 139.9934
2387.103, 140.1930
2389.031, 140.8955
2390.959, 141.3672
2392.888, 141.6011
2394.816, 141.3344
2396.745, 140.8644
2398.673, 141.4681
2400.602, 142.9793
2402.530, 143.4574
2404.459, 142.6693
2406.387, 142.3643
2408.316, 142.8441
2410.244, 142.8564
2412.173, 142.0476
2414.101, 141.8378
2416.030, 142.6461
2417.958, 143.1826
2419.886, 142.8947
2421.815, 142.9970
2423.743, 144.4989
2425.672, 145.5691
2427.600, 145.1415
2429.529, 144.6107
2431.457, 144.5880
2433.386, 144.8721
2435.314, 145.5647
2437.243, 146.2470
2439.171, 146.3642
2441.100, 146.3835
2443.028, 146.9375
2444.957, 147.6374
2446.885, 147.7426
2448.813, 147.5619
2450.742, 147.9770
2452.670, 148.8396
2454.599, 149.5866
2456.527, 150.1950
2458.456, 149.5212
2460.384, 147.7107
2462.313, 146.9227
2464.241, 147.2763
2466.170, 148.5222
2468.098, 151.0470
2470.027, 152.5694
2471.955, 152.4039
2473.884, 152.0664
2475.812, 151.2500
2477.740, 151.0488
2479.669, 151.8914
2481.597, 152.6513
2483.526, 153.0582
2485.454, 153.3991
2487.383, 154.1752
2489.311, 154.3783
2491.240, 152.7452
2493.168, 151.6792
2495.097, 153.2253
2497.025, 154.5720
2498.954, 153.4175
2500.882, 152.0743
2502.811, 152.1467
2504.739, 152.7446
2506.667, 153.4057
2508.596, 153.8159
2510.524, 153.4952
2512.453, 152.8082
2514.381, 152.0786
2516.310, 151.5455
2518.238, 151.8591
2520.167, 152.6529
2522.095, 153.0139
2524.024, 153.0721
2525.952, 153.2095
2527.881, 153.4317
2529.809, 153.9276
2531.738, 154.6639
2533.666, 155.2684
2535.594, 155.7473
2537.523, 154.7747
2539.451, 155.0618
2541.380, 155.1257
2543.308, 154.2205
2545.237, 155.2656
2547.165, 154.5118
2549.094, 154.0432
2551.022, 153.8609
2552.951, 154.1029
2554.879, 154.9646
2556.808, 155.4804
2558.736, 155.4816
2560.665, 155.2562
2562.593, 154.4769
2564.521, 154.4512
2566.450, 156.5513
2568.378, 157.5577
2570.307, 155.6702
2572.235, 154.7689
2574.164, 156.2230
2576.092, 157.5173
2578.021, 157.8365
2579.949, 157.7668
2581.878, 157.1050
2583.806, 156.7816
2585.735, 157.6096
2587.663, 158.2970
2589.592, 158.1460
2591.520, 157.7842
2593.448, 157.2929
2595.377, 156.9944
2597.305, 157.4301
2599.234, 157.6826
2601.162, 156.3623
2603.091, 155.4895
2605.019, 157.5201
2606.948, 159.7723
2608.876, 159.7503
2610.805, 159.1162
2612.733, 159.1750
2614.662, 159.5298
2616.590, 159.8530
2618.519, 160.1496
2620.447, 160.4777
2622.375, 160.7026
2624.304, 160.5549
2626.232, 160.2576
2628.161, 159.9394
2630.089, 159.8377
2632.018, 160.5281
2633.946, 161.5063
2635.875, 161.9867
2637.803, 162.1093
2639.732, 161.9166
2641.660, 161.6838
2643.589, 162.2214
2645.517, 163.0095
2647.446, 162.7524
2649.374, 163.3693
2651.302, 162.5596
2653.231, 163.6870
2655.159, 163.9194
2657.088, 163.5032
2659.016, 163.1109
2660.945, 162.7509
2662.873, 162.3383
2664.802, 162.0303
2666.730, 162.4773
2668.659, 163.4249
2670.587, 163.8676
2672.516, 163.9108
2674.444, 163.9786
2676.373, 164.0683
2678.301, 164.3113
2680.229, 164.5703
2682.158, 164.1538
2684.086, 163.2883
2686.015, 163.0130
2687.943, 163.3367
2689.872, 164.7165
2691.800, 166.6640
2693.729, 166.8992
2695.657, 165.7996
2697.586, 165.4471
2699.514, 165.7050
2701.443, 165.7211
2703.371, 165.5830
2705.300, 165.9905
2707.228, 165.7090
2709.156, 166.5251
2711.085, 165.6897
2713.013, 165.6263
2714.942, 166.2207
2716.870, 167.1480
2718.799, 168.2337
2720.727, 168.1880
2722.656, 167.4086
2724.584, 167.4032
2726.513, 168.0640
2728.441, 168.9476
2730.370, 169.9339
2732.298, 170.5354
2734.227, 170.7356
2736.155, 170.2195
2738.083, 170.3652
2740.012, 169.2716
2741.940, 169.7421
2743.869, 169.5383
2745.797, 169.0109
2747.726, 169.5387
2749.654, 169.3002
2751.583, 170.5547
2753.511, 169.9650
2755.440, 170.7497
2757.368, 172.2191
2759.297, 172.7753
2761.225, 172.7064
2763.154, 172.4642
2765.082, 172.2595
2767.010, 172.6839
2768.939, 173.3734
2770.867, 173.4940
2772.796, 173.6098
2774.724, 175.0638
2776.653, 176.8691
2778.581, 177.5075
2780.510, 177.3687
2782.438, 176.3621
2784.367, 175.5420
2786.295, 176.8723
2788.224, 176.0385
2790.152, 177.7296
2792.081, 176.5534
2794.009, 177.2649
2795.938, 178.5873
2797.866, 179.9175
2799.794, 180.6811
2801.723, 179.9217
2803.651, 178.8829
2805.580, 178.2014
2807.508, 178.1536
2809.437, 179.6356
2811.365, 180.8068
2813.294, 179.8091
2815.222, 179.1756
2817.151, 180.8882
2819.079, 182.6361
2821.008, 183.3933
2822.936, 183.9243
2824.865, 184.2105
2826.793, 184.8775
2828.721, 186.5711
2830.650, 187.9715
2832.578, 188.9590
2834.507, 188.9119
2836.435, 186.8924
2838.364, 186.0166
2840.292, 188.5539
2842.221, 189.8077
2844.149, 188.4701
2846.078, 187.2123
2848.006, 186.0774
2849.935, 186.2121
2851.863, 188.2646
2853.792, 189.4146
2855.720, 188.5950
2857.648, 188.9332
2859.577, 190.6094
2861.505, 191.7444
2863.434, 192.2164
2865.362, 192.5334
2867.291, 192.6768
2869.219, 193.8337
2871.148, 195.9949
2873.076, 196.9013
2875.005, 196.8103
2876.933, 197.2144
2878.862, 197.9244
2880.790, 197.6799
2882.719, 197.0227
2884.647, 197.8379
2886.575, 199.5418
2888.504, 201.0878
2890.432, 202.2994
2892.361, 202.7061
2894.289, 202.8015
2896.218, 203.1806
2898.146, 203.7774
2900.075, 204.4926
2902.003, 205.4079
2903.932, 206.8540
2905.860, 208.1364
2907.789, 208.4294
2909.717, 208.7949
2911.646, 209.8426
2913.574, 211.0835
2915.502, 212.9079
2917.431, 213.9127
2919.359, 212.7045
2921.288, 212.2217
2923.216, 213.1956
2925.145, 214.4910
2927.073, 215.8943
2929.002, 217.4158
2930.930, 219.2112
2932.859, 220.7847
2934.787, 222.1631
2936.716, 223.2778
2938.644, 222.8575
2940.573, 224.9102
2942.501, 225.4631
2944.429, 225.8454
2946.358, 227.8949
2948.286, 227.5351
2950.215, 228.9129
2952.143, 232.1574
2954.072, 236.0099
2956.000, 236.8530
2957.929, 236.3488
2959.857, 237.4563
2961.786, 239.3756
2963.714, 241.5253
2965.643, 243.4301
2967.571, 244.2814
2969.500, 245.1375
2971.428, 247.0075
2973.356, 248.8482
2975.285, 250.2912
2977.213, 251.3450
2979.142, 251.4352
2981.070, 252.2336
2982.999, 254.3064
2984.927, 256.5131
2986.856, 258.7725
2988.784, 260.5574
2990.713, 261.5076
2992.641, 262.5930
2994.570, 263.8068
2996.498, 265.2637
2998.427, 266.9428
3000.355, 268.3916
3002.283, 269.6326
3004.212, 270.7924
3006.140, 272.0370
3008.069, 274.3960
3009.997, 275.3289
3011.926, 277.8305
3013.854, 278.2042
3015.783, 280.4347
3017.711, 282.3909
3019.640, 281.3570
3021.568, 280.4003
3023.497, 281.6573
3025.425, 283.4198
3027.354, 285.3491
3029.282, 286.7040
3031.210, 287.2234
3033.139, 287.4159
3035.067, 288.4848
3036.996, 289.3429
3038.924, 289.9757
3040.853, 291.7315
3042.781, 292.5894
3044.710, 293.9143
3046.638, 295.6758
3048.567, 296.2592
3050.495, 296.0283
3052.424, 296.6473
3054.352, 297.8832
3056.281, 299.3789
3058.209, 300.9707
3060.137, 302.5044
3062.066, 303.8229
3063.994, 304.2990
3065.923, 305.1587
3067.851, 307.8263
3069.780, 309.9598
3071.708, 309.7965
3073.637, 311.0147
3075.565, 315.2946
3077.494, 318.1033
3079.422, 317.8170
3081.351, 317.1883
3083.279, 316.0555
3085.208, 318.2794
3087.136, 323.3912
3089.064, 324.7792
3090.993, 323.5226
3092.921, 324.0732
3094.850, 325.7514
3096.778, 327.4523
3098.707, 329.0401
3100.635, 330.3963
3102.564, 331.4605
3104.492, 331.3409
3106.421, 332.2821
3108.349, 336.5140
3110.278, 339.8075
3112.206, 339.7990
3114.135, 340.6147
3116.063, 342.7848
3117.991, 345.0637
3119.920, 347.3595
3121.848, 348.4703
3123.777, 348.5113
3125.705, 352.2928
3127.634, 358.1950
3129.562, 360.8047
3131.491, 361.9980
3133.419, 364.7474
3135.348, 368.4879
3137.276, 373.0322
3139.205, 377.6452
3141.133, 381.8998
3143.062, 386.0514
3144.990, 389.8720
3146.918, 394.3197
3148.847, 399.3427
3150.775, 406.0870
3152.704, 414.9117
3154.632, 425.0527
3156.561, 436.3235
3158.489, 445.9942
3160.418, 454.7307
3162.346, 464.9507
3164.275, 476.6029
3166.203, 489.4599
3168.132, 503.9151
3170.060, 521.3473
3171.989, 538.9335
3173.917, 554.9180
3175.845, 570.4738
3177.774, 585.8218
3179.702, 601.5662
3181.631, 618.9223
3183.559, 633.3029
3185.488, 644.3610
3187.416, 655.0209
3189.345, 664.6136
3191.273, 669.2224
3193.202, 669.7102
3195.130, 666.9705
3197.059, 663.2262
3198.987, 661.6229
3200.916, 660.0105
3202.844, 657.5001
3204.772, 653.1770
3206.701, 645.9533
3208.629, 639.6135
3210.558, 635.8924
3212.486, 630.7563
3214.415, 623.6224
3216.343, 618.9039
3218.272, 616.0666
3220.200, 610.7645
3222.129, 603.9418
3224.057, 597.5449
3225.986, 592.2792
3227.914, 589.9385
3229.843, 587.6111
3231.771, 583.4149
3233.699, 578.1420
3235.628, 571.0529
3237.556, 566.5901
3239.485, 567.0768
3241.413, 565.9924
3243.342, 563.0540
3245.270, 560.9283
3247.199, 559.7658
3249.127, 559.9393
3251.056, 559.8189
3252.984, 561.3111
3254.913, 562.2306
3256.841, 564.7012
3258.770, 567.6674
3260.698, 571.4282
3262.626, 573.7440
3264.555, 573.6706
3266.483, 574.9611
3268.412, 578.4750
3270.340, 581.3862
3272.269, 583.8626
3274.197, 587.2925
3276.126, 591.2560
3278.054, 595.8561
3279.983, 599.3435
3281.911, 598.3211
3283.840, 598.0616
3285.768, 602.3808
3287.697, 606.1688
3289.625, 607.8796
3291.553, 610.2951
3293.482, 613.7341
3295.410, 614.9730
3297.339, 618.5513
3299.267, 618.4317
3301.196, 623.6962
3303.124, 625.0715
3305.053, 625.1377
3306.981, 625.0589
3308.910, 626.9494
3310.838, 632.0795
3312.767, 638.2079
3314.695, 644.7068
3316.624, 652.2797
3318.552, 661.0020
3320.480, 671.1464
3322.409, 682.9900
3324.337, 698.0778
3326.266, 715.1178
3328.194, 731.4609
3330.123, 749.6876
3332.051, 771.6318
3333.980, 796.0540
3335.908, 822.4108
3337.837, 851.6932
3339.765, 885.5564
3341.694, 913.3331
3343.622, 935.6605
3345.551, 958.3050
3347.479, 979.3495
3349.407, 996.1521
3351.336, 1007.543
3353.264, 1011.496
3355.193, 1011.143
3357.121, 1007.610
3359.050, 999.3976
3360.978, 985.8110
3362.907, 971.8099
3364.835, 957.8633
3366.764, 945.1572
3368.692, 933.3675
3370.621, 920.5341
3372.549, 909.5571
3374.478, 904.2502
3376.406, 900.0383
3378.334, 894.4557
3380.263, 890.1415
3382.191, 887.6101
3384.120, 886.4785
3386.048, 886.6237
3387.977, 886.9501
3389.905, 887.0444
3391.834, 885.3458
3393.762, 883.8847
3395.691, 884.4746
3397.619, 886.8299
3399.548, 892.0968
3401.476, 896.3962
3403.405, 898.7932
3405.333, 903.1994
3407.261, 909.8279
3409.190, 917.7318
3411.118, 927.4867
3413.047, 940.6042
3414.975, 956.2328
3416.904, 974.0435
3418.832, 993.9752
3420.761, 1015.851
3422.689, 1040.754
3424.618, 1069.351
3426.546, 1096.647
3428.475, 1122.578
3430.403, 1148.854
3432.332, 1171.719
3434.260, 1186.843
3436.188, 1194.760
3438.117, 1196.643
3440.045, 1190.348
3441.974, 1172.688
3443.902, 1153.398
3445.831, 1132.915
3447.759, 1110.845
3449.688, 1089.311
3451.616, 1073.716
3453.545, 1060.741
3455.473, 1047.479
3457.402, 1035.424
3459.330, 1025.029
3461.259, 1016.368
3463.187, 1009.285
3465.115, 1003.557
3467.044, 999.0606
3468.972, 996.3480
3470.901, 995.7645
3472.829, 996.9476
3474.758, 995.5892
3476.686, 988.2146
3478.615, 979.9660
3480.543, 971.6895
3482.472, 961.4754
3484.400, 949.4672
3486.329, 936.6694
3488.257, 922.2988
3490.186, 904.0352
3492.114, 885.7631
3494.042, 870.6921
3495.971, 853.8087
3497.899, 835.8591
3499.828, 818.4793
3501.756, 799.5223
3503.685, 781.6085
3505.613, 762.3651
3507.542, 743.8865
3509.470, 726.9368
3511.399, 712.2238
3513.327, 698.6672
3515.256, 686.2084
3517.184, 674.5392
3519.113, 663.7004
3521.041, 653.5914
3522.969, 644.6965
3524.898, 638.3939
3526.826, 633.3865
3528.755, 630.0195
3530.683, 624.8690
3532.612, 620.1573
3534.540, 614.7248
3536.469, 609.2017
3538.397, 603.2352
3540.326, 595.6061
3542.254, 590.3790
3544.183, 584.2316
3546.111, 574.8491
3548.040, 564.0742
3549.968, 552.0062
3551.896, 540.8377
3553.825, 530.4061
3555.753, 519.2612
3557.682, 507.5512
3559.610, 494.8863
3561.539, 482.8799
3563.467, 472.3547
3565.396, 462.5612
3567.324, 453.4582
3569.253, 444.6768
3571.181, 436.4078
3573.110, 430.2202
3575.038, 424.1332
3576.967, 414.9998
3578.895, 407.6487
3580.823, 404.4497
3582.752, 399.4683
3584.680, 392.0160
3586.609, 387.5524
3588.537, 384.0949
3590.466, 376.9248
3592.394, 369.9107
3594.323, 365.8370
3596.251, 362.1972
3598.180, 358.2971
3600.108, 355.2305
3602.037, 352.3433
3603.965, 345.5601
3605.894, 341.9850
3607.822, 335.0468
3609.750, 331.8854
3611.679, 326.4977
3613.607, 321.3935
3615.536, 316.8145
3617.464, 313.1592
3619.393, 309.7273
3621.321, 304.4457
3623.250, 299.3976
3625.178, 296.2355
3627.107, 293.0523
3629.035, 289.3744
3630.964, 285.7340
3632.892, 282.0930
3634.821, 277.7700
3636.749, 273.8752
3638.677, 270.8212
3640.606, 267.5637
3642.534, 265.4367
3644.463, 262.2729
3646.391, 260.7194
3648.320, 258.5036
3650.248, 256.2250
3652.177, 255.7103
3654.105, 254.6812
3656.034, 250.9480
3657.962, 248.8967
3659.891, 248.9514
3661.819, 247.2223
3663.748, 244.4783
3665.676, 242.6478
3667.604, 241.4639
3669.533, 241.0976
3671.461, 240.5512
3673.390, 239.7323
3675.318, 237.5341
3677.247, 234.5751
3679.175, 233.4465
3681.104, 232.6860
3683.032, 230.4155
3684.961, 229.2911
3686.889, 228.4445
3688.818, 229.5972
3690.746, 227.2897
3692.675, 227.3592
3694.603, 227.5710
3696.531, 224.5892
3698.460, 222.8262
3700.388, 224.4666
3702.317, 224.1613
3704.245, 222.0251
3706.174, 222.5950
3708.102, 223.3904
3710.031, 220.8398
3711.959, 218.0806
3713.888, 215.9534
3715.816, 215.7757
3717.745, 217.2472
3719.673, 216.6308
3721.602, 215.2182
3723.530, 214.4920
3725.458, 214.3813
3727.387, 213.6430
3729.315, 215.0052
3731.244, 213.2427
3733.172, 213.1342
3735.101, 213.3041
3737.029, 211.4969
3738.958, 209.8860
3740.886, 209.3978
3742.815, 209.7097
3744.743, 210.5728
3746.672, 209.8964
3748.600, 208.9270
3750.529, 209.5908
3752.457, 209.8228
3754.385, 208.3286
3756.314, 207.7711
3758.242, 208.0420
3760.171, 208.0070
3762.099, 207.6718
3764.028, 207.0462
3765.956, 206.2021
3767.885, 206.2292
3769.813, 204.9138
3771.742, 205.9174
3773.670, 205.3526
3775.599, 204.7783
3777.527, 206.0997
3779.456, 206.3734
3781.384, 204.3694
3783.313, 204.5731
3785.241, 205.9246
3787.169, 204.7409
3789.098, 203.4208
3791.026, 203.6128
3792.955, 204.0699
3794.883, 204.6356
3796.812, 203.7949
3798.740, 202.4719
3800.669, 202.5631
3802.597, 202.8993
3804.526, 202.8144
3806.454, 203.1501
3808.383, 203.9352
3810.311, 204.5684
3812.240, 204.7315
3814.168, 204.8374
3816.096, 204.6059
3818.025, 204.0091
3819.953, 203.8437
3821.882, 202.4513
3823.810, 202.3263
3825.739, 202.7138
3827.667, 203.0590
3829.596, 203.7614
3831.524, 205.1348
3833.453, 203.2933
3835.381, 203.3999
3837.310, 200.7078
3839.238, 201.4664
3841.167, 200.4420
3843.095, 199.7012
3845.023, 199.5250
3846.952, 200.6083
3848.880, 201.9274
3850.809, 201.9700
3852.737, 202.6626
3854.666, 202.5326
3856.594, 202.6504
3858.523, 202.2676
3860.451, 202.5727
3862.380, 203.3694
3864.308, 203.4175
3866.237, 203.5186
3868.165, 203.6687
3870.094, 201.8591
3872.022, 200.1878
3873.950, 202.6511
3875.879, 205.2091
3877.807, 206.5328
3879.736, 206.2483
3881.664, 204.9068
3883.593, 203.8801
3885.521, 204.0403
3887.450, 206.9652
3889.378, 208.1685
3891.307, 206.8984
3893.235, 206.0383
3895.164, 206.0926
3897.092, 207.6538
3899.021, 209.1352
3900.949, 210.4626
3902.877, 210.3831
3904.806, 211.0428
3906.734, 210.4543
3908.663, 210.9351
3910.591, 210.0838
3912.520, 209.7129
3914.448, 210.1340
3916.377, 212.0930
3918.305, 213.6995
3920.234, 212.4898
3922.162, 211.8844
3924.091, 212.4034
3926.019, 212.4182
3927.948, 212.5538
3929.876, 212.6254
3931.804, 212.8093
3933.733, 213.3371
3935.661, 213.6699
3937.590, 214.2502
3939.518, 214.2392
3941.447, 214.0043
3943.375, 214.4922
3945.304, 213.8366
3947.232, 214.6861
3949.161, 214.6115
3951.089, 213.9322
3953.018, 213.5090
3954.946, 214.3146
3956.875, 215.9526
3958.803, 216.1052
3960.731, 215.9998
3962.660, 217.7118
3964.588, 218.4124
3966.517, 217.8364
3968.445, 217.4071
3970.374, 216.2516
3972.302, 217.2471
3974.231, 219.0762
3976.159, 219.1214
3978.088, 218.7938
3980.016, 219.2943
3981.945, 219.4162
3983.873, 218.8200
3985.802, 219.2135
3987.730, 219.8923
3989.658, 220.2810
3991.587, 220.5821
3993.515, 220.5930
3995.444, 221.3374
3997.372, 222.6111
3999.301, 223.9436
4001.229, 224.0353
4003.158, 223.2756
4005.086, 222.8394
4007.015, 222.2701
4008.943, 223.0523
4010.872, 224.1824
4012.800, 224.8925
4014.729, 225.4650
4016.657, 225.9978
4018.585, 226.2904
4020.514, 226.2416
4022.442, 226.2107
4024.371, 226.1465
4026.299, 228.2417
4028.228, 230.7208
4030.156, 230.3874
4032.085, 230.5080
4034.013, 230.1623
4035.942, 230.2751
4037.870, 230.6781
4039.799, 230.5696
4041.727, 231.5596
4043.656, 232.0247
4045.584, 232.1560
4047.512, 232.6354
4049.441, 232.9885
4051.369, 232.9072
4053.298, 233.4428
4055.226, 233.4078
4057.155, 232.8626
4059.083, 233.6881
4061.012, 234.8488
4062.940, 233.9903
4064.869, 234.0347
4066.797, 235.2642
4068.726, 235.0786
4070.654, 234.2419
4072.583, 234.3487
4074.511, 234.6376
4076.439, 234.6609
4078.368, 235.4030
4080.296, 236.1966
4082.225, 234.6013
4084.153, 233.6311
4086.082, 235.6168
4088.010, 234.8411
4089.939, 232.9624
4091.867, 234.4006
4093.796, 235.8966
4095.724, 236.5930
4097.653, 235.4582
4099.581, 233.4136
4101.510, 233.6294
4103.438, 234.3182
4105.367, 234.7651
4107.295, 235.1595
4109.224, 235.4272
4111.152, 235.5431
4113.081, 235.8459
4115.009, 235.3239
4116.938, 236.0949
4118.866, 235.5099
4120.794, 235.2057
4122.723, 235.6844
4124.651, 235.3919
4126.580, 235.2151
4128.508, 235.6245
4130.437, 234.8880
4132.365, 235.0365
4134.293, 235.4252
4136.222, 236.3081
4138.150, 237.4022
4140.079, 237.2013
4142.007, 236.7642
4143.936, 237.3538
4145.864, 236.8414
4147.793, 235.5766
4149.721, 235.6095
4151.650, 236.3233
4153.578, 238.0489
4155.507, 238.9669
4157.435, 238.7786
4159.364, 237.7284
4161.292, 237.3858
4163.221, 239.0532
4165.149, 239.4962
4167.078, 238.6792
4169.006, 238.7458
4170.935, 239.4477
4172.863, 241.1250
4174.792, 240.7014
4176.720, 241.8022
4178.648, 240.6357
4180.577, 242.6222
4182.505, 242.9017
4184.434, 242.5771
4186.362, 241.6360
4188.291, 241.6245
4190.219, 242.0971
4192.147, 242.3376
4194.076, 242.9692
4196.004, 243.8371
4197.933, 243.6243
4199.861, 243.0481
4201.790, 243.1232
4203.718, 243.9693
4205.647, 244.7751
4207.575, 244.8665
4209.504, 244.9560
4211.432, 245.5276
4213.361, 246.4599
4215.289, 247.0202
4217.218, 246.7991
4219.146, 246.1521
4221.075, 245.0104
4223.003, 244.2071
4224.932, 244.1166
4226.860, 245.1849
4228.789, 246.7133
4230.717, 248.6520
4232.646, 247.9749
4234.574, 246.8141
4236.502, 248.6040
4238.431, 249.0115
4240.359, 247.7603
4242.288, 247.6661
4244.216, 248.7196
4246.145, 251.4254
4248.073, 251.9943
4250.001, 250.7407
4251.930, 249.1525
4253.858, 248.5671
4255.787, 249.7814
4257.715, 251.0728
4259.644, 251.9094
4261.572, 251.5938
4263.501, 249.6673
4265.429, 245.8937
4267.358, 245.9558
4269.286, 248.0594
4271.215, 249.1057
4273.143, 250.1144
4275.072, 251.2197
4277.000, 249.9330
4278.929, 248.9387
4280.857, 251.9675
4282.786, 252.4742
4284.714, 250.3708
4286.643, 250.6273
4288.571, 250.4212
4290.500, 247.3806
4292.428, 248.0082
4294.356, 250.8990
4296.285, 250.1694
4298.213, 249.5319
4300.142, 250.3506
4302.070, 249.5270
4303.999, 248.5565
4305.927, 250.4616
4307.855, 251.5517
4309.784, 251.3491
4311.712, 253.2636
4313.641, 254.4373
4315.569, 251.4542
4317.498, 251.2283
4319.426, 253.1355
4321.355, 251.9960
4323.283, 251.2271
4325.212, 252.7451
4327.140, 251.4879
4329.069, 249.2863
4330.997, 249.6908
4332.926, 250.7205
4334.854, 251.8125
4336.783, 251.6402
4338.711, 251.2599
4340.640, 252.0057
4342.568, 251.7027
4344.497, 250.6186
4346.425, 250.8362
4348.354, 250.7819
4350.282, 249.0128
4352.210, 250.2479
4354.139, 252.3493
4356.067, 251.6432
4357.996, 250.1734
4359.924, 248.4714
4361.853, 250.0393
4363.781, 252.0034
4365.709, 252.2978
4367.638, 251.4685
4369.566, 250.2385
4371.495, 250.2187
4373.423, 251.5816
4375.352, 250.9552
4377.280, 251.1224
4379.209, 251.1579
4381.137, 250.5753
4383.066, 250.1358
4384.994, 249.7860
4386.923, 250.9931
4388.851, 251.8119
4390.780, 251.2536
4392.708, 253.7535
4394.637, 252.8025
4396.565, 254.1983
4398.494, 252.2508
4400.422, 251.5243
4402.351, 251.4380
4404.279, 251.4447
4406.208, 251.1670
4408.136, 251.0730
4410.064, 251.2340
4411.993, 251.0729
4413.921, 251.1001
4415.850, 251.1980
4417.778, 251.2020
4419.707, 251.5933
4421.635, 251.9993
4423.563, 252.5746
4425.492, 253.0411
4427.420, 252.9499
4429.349, 251.6834
4431.277, 249.1551
4433.206, 249.1203
4435.134, 249.7037
4437.063, 249.3783
4438.991, 250.7917
4440.920, 250.6297
4442.848, 252.1581
4444.777, 251.1665
4446.705, 250.5130
4448.634, 251.0061
4450.562, 251.5377
4452.491, 251.3057
4454.419, 250.3290
4456.348, 249.3591
4458.276, 250.2332
4460.205, 250.9890
4462.133, 251.1323
4464.062, 251.3435
4465.990, 251.4157
4467.918, 251.1899
4469.847, 250.9066
4471.775, 250.6752
4473.704, 250.5874
4475.632, 251.0278
4477.561, 251.7845
4479.489, 250.6299
4481.417, 249.7687
4483.346, 250.4144
4485.274, 250.4791
4487.203, 250.1885
4489.131, 250.1861
4491.060, 249.4580
4492.988, 248.1972
4494.917, 247.7646
4496.845, 248.2001
4498.774, 249.7601
4500.702, 249.8152
4502.631, 249.1362
4504.559, 248.3100
4506.488, 247.6333
4508.416, 247.5140
4510.345, 249.3862
4512.273, 251.1334
4514.202, 252.1116
4516.130, 251.6204
4518.059, 250.2519
4519.987, 250.9291
4521.916, 248.7161
4523.844, 251.0573
4525.772, 248.8691
4527.701, 248.9760
4529.629, 251.2968
4531.558, 249.7112
4533.486, 249.0674
4535.415, 250.9640
4537.343, 250.7410
4539.271, 249.1667
4541.200, 251.0768
4543.128, 248.1428
4545.057, 252.2549
4546.985, 251.4870
4548.914, 250.2825
4550.842, 249.6075
4552.771, 249.9799
4554.699, 250.1426
4556.628, 249.5350
4558.556, 248.8931
4560.485, 248.0291
4562.413, 246.5058
4564.342, 246.1185
4566.270, 246.7720
4568.199, 245.9998
4570.127, 248.5198
4572.056, 246.3291
4573.984, 247.9764
4575.913, 249.2344
4577.841, 247.9563
4579.770, 248.2658
4581.698, 248.8159
4583.626, 248.3810
4585.555, 248.2571
4587.483, 248.1048
4589.412, 246.6621
4591.340, 246.2423
4593.269, 246.9961
4595.197, 248.0428
4597.125, 247.9255
4599.054, 245.8645
4600.982, 245.6611
4602.911, 245.8738
4604.839, 245.5863
4606.768, 244.7652
4608.696, 244.5901
4610.625, 247.4676
4612.553, 248.4363
4614.482, 247.6776
4616.410, 247.4026
4618.339, 246.2291
4620.267, 244.1772
4622.196, 247.2612
4624.124, 249.3143
4626.053, 247.7603
4627.981, 246.8307
4629.910, 246.2560
4631.838, 245.6279
4633.767, 244.8634
4635.695, 244.4294
4637.624, 245.1945
4639.552, 246.4882
4641.480, 247.8553
4643.409, 248.0961
4645.337, 247.9392
4647.266, 247.6278
4649.194, 247.8575
4651.123, 247.0644
4653.051, 244.0995
4654.979, 245.7877
4656.908, 246.6811
4658.836, 241.9077
4660.765, 241.9339
4662.693, 244.0999
4664.622, 244.5880
4666.550, 245.1924
4668.479, 245.4339
4670.407, 243.1505
4672.336, 242.0312
4674.264, 242.6106
4676.193, 244.9823
4678.121, 245.5499
4680.050, 243.6479
4681.978, 242.6408
4683.907, 242.4861
4685.835, 241.1827
4687.764, 242.0197
4689.692, 240.4987
4691.621, 240.2230
4693.549, 241.5683
4695.478, 242.7803
4697.406, 241.2039
4699.334, 242.1846
4701.263, 243.9456
4703.191, 241.5292
4705.120, 239.5343
4707.048, 238.8965
4708.977, 240.8872
4710.905, 241.4442
4712.833, 240.2288
4714.762, 241.0844
4716.690, 241.4009
4718.619, 240.1254
4720.547, 241.0508
4722.476, 242.2779
4724.404, 242.8206
4726.333, 241.3045
4728.261, 239.9597
4730.190, 240.5499
4732.118, 241.4636
4734.047, 241.8756
4735.975, 241.6032
4737.904, 240.3559
4739.832, 240.3250
4741.761, 238.6456
4743.689, 237.3122
4745.618, 236.8157
4747.546, 237.7480
4749.475, 238.7283
4751.403, 239.5046
4753.332, 239.2316
4755.260, 240.1778
4757.188, 238.2215
4759.117, 237.5051
4761.045, 236.9208
4762.974, 236.1526
4764.902, 236.8323
4766.831, 234.3428
4768.759, 236.2613
4770.688, 237.4854
4772.616, 238.0494
4774.544, 236.1078
4776.473, 237.3021
4778.401, 237.1786
4780.330, 236.9595
4782.258, 238.4706
4784.187, 236.6696
4786.115, 238.0654
4788.044, 238.1243
4789.972, 238.7316
4791.901, 238.0134
4793.829, 237.6477
4795.758, 238.2601
4797.686, 237.0419
4799.615, 237.4324
4801.543, 238.5830
4803.472, 239.2607
4805.400, 238.7424
4807.329, 237.2284
4809.257, 238.2701
4811.186, 235.0629
4813.114, 238.6126
4815.042, 237.8065
4816.971, 236.5814
4818.899, 235.7824
4820.828, 235.9797
4822.756, 235.7947
4824.685, 235.3972
4826.613, 236.6828
4828.542, 237.3061
4830.470, 236.9444
4832.398, 237.0363
4834.327, 236.8980
4836.255, 236.5738
4838.184, 237.7365
4840.112, 237.3932
4842.041, 234.9907
4843.969, 233.3127
4845.898, 233.9072
4847.826, 236.4604
4849.755, 236.0839
4851.683, 235.0957
4853.612, 234.4305
4855.540, 234.6574
4857.469, 235.2942
4859.397, 236.0918
4861.326, 236.9449
4863.254, 236.9676
4865.183, 235.9588
4867.111, 236.5621
4869.040, 235.9914
4870.968, 236.5188
4872.896, 235.4955
4874.825, 235.2148
4876.753, 235.0274
4878.682, 234.1291
4880.610, 235.7158
4882.539, 232.9258
4884.467, 233.6173
4886.396, 233.5294
4888.324, 231.2080
4890.252, 232.2603
4892.181, 232.3875
4894.109, 229.9581
4896.038, 228.2518
4897.966, 229.6548
4899.895, 234.1548
4901.823, 232.3349
4903.752, 232.1581
4905.680, 236.0953
4907.609, 234.1935
4909.537, 233.0468
4911.466, 234.2123
4913.394, 233.4879
4915.323, 232.4334
4917.251, 231.9082
4919.180, 235.2204
4921.108, 236.1358
4923.037, 233.8724
4924.965, 232.2983
4926.894, 231.1806
4928.822, 230.7072
4930.750, 233.2059
4932.679, 234.0208
4934.607, 232.5977
4936.536, 230.5527
4938.464, 229.4680
4940.393, 229.5175
4942.321, 230.5329
4944.250, 231.3204
4946.178, 231.7447
4948.106, 232.1690
4950.035, 231.5928
4951.963, 230.6107
4953.892, 230.5205
4955.820, 230.3669
4957.749, 232.4274
4959.677, 230.7657
4961.606, 230.7771
4963.534, 231.1930
4965.463, 229.1319
4967.391, 228.0016
4969.320, 228.4166
4971.248, 228.2412
4973.177, 230.8072
4975.105, 229.6966
4977.034, 230.5184
4978.962, 230.8178
4980.891, 230.1640
4982.819, 228.2018
4984.748, 228.2319
4986.676, 228.3442
4988.604, 227.5388
4990.533, 227.4041
4992.461, 228.5276
4994.390, 230.9947
4996.318, 231.9844
4998.247, 230.1564
5000.175, 226.4330
5002.104, 227.1595
5004.032, 227.8599
5005.960, 227.8266
5007.889, 227.8683
5009.817, 227.3351
5011.746, 227.1494
5013.674, 226.0801
5015.603, 225.4959
5017.531, 225.6826
5019.460, 225.3102
5021.388, 225.4928
5023.317, 225.8963
5025.245, 226.0889
5027.174, 226.3256
5029.102, 227.8652
5031.031, 226.8605
5032.959, 227.6896
5034.888, 228.2497
5036.816, 227.2474
5038.745, 227.1420
5040.673, 227.2496
5042.602, 227.3967
5044.530, 228.6843
5046.458, 228.6765
5048.387, 227.2486
5050.315, 226.9495
5052.244, 225.4066
5054.172, 223.8428
5056.101, 226.6796
5058.029, 226.9463
5059.958, 225.9498
5061.886, 227.1423
5063.814, 225.2347
5065.743, 223.6270
5067.671, 225.4753
5069.600, 225.8737
5071.528, 226.2285
5073.457, 227.4563
5075.385, 226.4602
5077.314, 225.8172
5079.242, 226.1741
5081.171, 224.2109
5083.099, 224.3201
5085.028, 225.8672
5086.956, 224.0176
5088.885, 224.1376
5090.813, 225.6634
5092.742, 226.8514
5094.670, 226.3459
5096.599, 225.6039
5098.527, 226.0655
5100.456, 224.0022
5102.384, 223.0008
5104.313, 225.3244
5106.241, 224.9855
5108.169, 223.6452
5110.098, 222.4479
5112.026, 224.5843
5113.955, 225.2503
5115.883, 224.7580
5117.812, 226.2721
5119.740, 225.3862
5121.668, 224.2468
5123.597, 226.0578
5125.525, 226.6660
5127.454, 226.4180
5129.382, 225.7298
5131.311, 223.9544
5133.239, 223.3370
5135.168, 224.2945
5137.096, 223.2256
5139.025, 224.7010
5140.953, 227.0688
5142.882, 223.7674
5144.810, 223.5998
5146.739, 224.7418
5148.667, 223.5210
5150.596, 224.3204
5152.524, 224.7059
5154.453, 223.4116
5156.381, 224.6301
5158.310, 224.8547
5160.238, 223.5855
5162.167, 223.5014
5164.095, 222.4831
5166.023, 221.6321
5167.952, 224.0090
5169.880, 224.3209
5171.809, 224.0986
5173.737, 224.9776
5175.666, 225.8225
5177.594, 225.1889
5179.522, 222.7983
5181.451, 220.8849
5183.379, 221.1040
5185.308, 222.2960
5187.236, 220.8232
5189.165, 222.4015
5191.093, 223.4432
5193.022, 219.0707
5194.950, 222.2710
5196.879, 224.3690
5198.807, 221.3811
5200.736, 220.9636
5202.664, 220.6103
5204.593, 220.1942
5206.521, 220.2095
5208.450, 220.8885
5210.378, 220.2376
5212.307, 220.6211
5214.235, 220.4647
5216.164, 222.4234
5218.092, 220.9726
5220.021, 222.5851
5221.949, 223.2636
5223.877, 222.2027
5225.806, 218.6958
5227.734, 218.6080
5229.663, 219.6277
5231.591, 219.1085
5233.520, 221.1895
5235.448, 222.2661
5237.376, 221.4292
5239.305, 221.3904
5241.233, 221.4634
5243.162, 221.3863
5245.090, 220.7748
5247.019, 221.5031
5248.947, 221.3862
5250.876, 219.1344
5252.804, 218.3953
5254.733, 218.7652
5256.661, 219.6127
5258.590, 219.5571
5260.518, 220.4212
5262.447, 220.8863
5264.375, 220.9830
5266.304, 221.3587
5268.232, 220.8692
5270.161, 221.5791
5272.089, 220.6455
5274.018, 220.7332
5275.946, 221.1167
5277.875, 219.1555
5279.803, 220.8288
5281.731, 221.5014
5283.660, 218.5275
5285.588, 218.6931
5287.517, 219.7420
5289.445, 220.2996
5291.374, 218.0985
5293.302, 218.4875
5295.230, 219.9259
5297.159, 220.9671
5299.087, 218.2916
5301.016, 216.5829
5302.944, 216.9245
5304.873, 217.8551
5306.801, 218.8243
5308.730, 219.9717
5310.658, 221.6161
5312.587, 218.6950
5314.515, 217.1775
5316.444, 218.3875
5318.372, 217.4035
5320.301, 218.0503
5322.229, 218.9477
5324.158, 218.0073
5326.086, 216.8774
5328.015, 216.1872
5329.943, 216.0767
5331.872, 216.4068
5333.800, 215.6320
5335.729, 215.1702
5337.657, 217.0056
5339.585, 216.3772
5341.514, 215.9664
5343.442, 216.4342
5345.371, 215.0274
5347.299, 215.9653
5349.228, 217.4458
5351.156, 216.4078
5353.084, 217.3144
5355.013, 218.5287
5356.941, 218.9089
5358.870, 216.3878
5360.798, 215.8230
5362.727, 216.1710
5364.655, 215.7219
5366.584, 214.6510
5368.512, 214.2685
5370.441, 214.4034
5372.369, 212.4790
5374.298, 213.6622
5376.226, 215.8185
5378.155, 216.7082
5380.083, 215.9048
5382.012, 214.9784
5383.940, 214.2702
5385.869, 213.1327
5387.797, 214.4319
5389.726, 215.4969
5391.654, 214.7268
5393.583, 214.5674
5395.511, 214.8978
5397.439, 214.5569
5399.368, 211.8424
5401.296, 213.6720
5403.225, 216.1024
5405.153, 216.7863
5407.082, 214.1576
5409.010, 214.9051
5410.938, 215.7204
5412.867, 212.0365
5414.795, 211.8031
5416.724, 212.2168
5418.652, 212.6238
5420.581, 213.8236
5422.509, 214.8295
5424.438, 213.9014
5426.366, 214.4407
5428.295, 213.8058
5430.223, 213.7780
5432.152, 211.6249
5434.080, 211.0030
5436.009, 211.7203
5437.937, 212.3528
5439.866, 212.1167
5441.794, 212.4456
5443.723, 211.2294
5445.651, 212.2434
5447.580, 209.9612
5449.508, 209.4924
5451.437, 211.1223
5453.365, 212.4734
5455.293, 209.7105
5457.222, 210.6038
5459.150, 209.5833
5461.079, 209.1414
5463.007, 211.1366
5464.936, 212.2200
5466.864, 212.4407
5468.792, 209.2145
5470.721, 210.4392
5472.649, 209.8802
5474.578, 209.2480
5476.506, 211.0992
5478.435, 208.3743
5480.363, 210.1861
5482.292, 206.3094
5484.220, 207.9035
5486.149, 207.7921
5488.077, 207.6306
5490.006, 208.4113
5491.934, 208.5781
5493.863, 209.0813
5495.791, 209.4064
5497.720, 208.8782
5499.648, 209.2238
5501.577, 208.1464
5503.505, 207.0068
5505.434, 208.8302
5507.362, 207.6971
5509.291, 207.3343
5511.219, 208.4451
5513.147, 207.9587
5515.076, 208.5281
5517.004, 208.8957
5518.933, 208.3120
5520.861, 207.3410
5522.790, 208.6877
5524.718, 210.5235
5526.646, 210.8404
5528.575, 209.9913
5530.503, 208.4862
5532.432, 207.0321
5534.360, 206.3158
5536.289, 208.9291
5538.217, 210.1097
5540.146, 208.6041
5542.074, 204.4727
5544.003, 204.1701
5545.931, 205.2223
5547.860, 206.2276
5549.788, 206.6838
5551.717, 209.5469
5553.645, 208.9458
5555.574, 209.0645
5557.502, 204.8457
5559.431, 207.2221
5561.359, 208.0113
5563.288, 206.3045
5565.216, 208.3454
5567.145, 207.1779
5569.073, 205.1913
5571.001, 206.5873
5572.930, 207.8615
5574.858, 208.1519
5576.787, 207.6380
5578.715, 206.8349
5580.644, 205.8828
5582.572, 204.9910
5584.500, 204.4474
5586.429, 204.5760
5588.357, 205.7188
5590.286, 206.1608
5592.214, 205.3321
5594.143, 202.9239
5596.071, 202.6789
5598.000, 204.5385
5599.928, 206.8341
5601.857, 205.3662
5603.785, 204.7355
5605.714, 204.7182
5607.642, 204.6779
5609.571, 203.8077
5611.499, 203.3795
5613.428, 202.9839
5615.356, 202.4537
5617.285, 202.2072
5619.213, 203.7544
5621.142, 205.0796
5623.070, 204.6755
5624.999, 200.7950
5626.927, 199.5993
5628.855, 201.0480
5630.784, 203.9118
5632.712, 205.8927
5634.641, 202.8252
5636.569, 199.6080
5638.498, 199.8277
5640.426, 202.4596
5642.354, 201.8799
5644.283, 200.7020
5646.211, 201.0466
5648.140, 199.9345
5650.068, 198.8401
5651.997, 199.5931
5653.925, 199.1626
5655.854, 198.9148
5657.782, 199.8194
5659.711, 198.8017
5661.639, 198.9519
5663.568, 199.5244
5665.496, 199.2414
5667.425, 202.1798
5669.353, 200.1149
5671.282, 201.7982
5673.210, 203.3395
5675.139, 203.2244
5677.067, 201.4857
5678.996, 201.7219
5680.924, 199.4089
5682.853, 198.6743
5684.781, 200.6565
5686.709, 198.6255
5688.638, 202.6015
5690.566, 204.3040
5692.495, 201.2717
5694.423, 201.1785
5696.352, 197.9015
5698.280, 197.2599
5700.208, 199.8525
5702.137, 199.8488
5704.065, 199.2997
5705.994, 199.4415
5707.922, 200.0843
5709.851, 199.6805
5711.779, 200.9251
5713.708, 201.5419
5715.636, 200.8314
5717.565, 198.8787
5719.493, 198.2299
5721.422, 198.2887
5723.350, 199.5180
5725.279, 202.3717
5727.207, 201.5303
5729.136, 200.5354
5731.064, 199.7138
5732.993, 198.6826
5734.921, 198.2691
5736.850, 197.5564
5738.778, 197.5179
5740.707, 198.7398
5742.635, 200.9456
5744.563, 198.0620
5746.492, 195.7433
5748.420, 196.9024
5750.349, 200.3922
5752.277, 199.6096
5754.206, 198.6148
5756.134, 198.3842
5758.063, 196.9299
5759.991, 196.8196
5761.919, 195.7469
5763.848, 195.3454
5765.776, 195.4290
5767.705, 196.1923
5769.633, 195.8766
5771.562, 197.0341
5773.490, 197.6259
5775.419, 197.2304
5777.347, 195.0247
5779.276, 197.0597
5781.204, 195.6416
5783.133, 196.4258
5785.061, 195.4129
5786.990, 196.6423
5788.918, 199.7504
5790.847, 200.4355
5792.775, 197.7513
5794.704, 195.6143
5796.632, 194.6649
5798.561, 194.3635
5800.489, 196.6862
5802.417, 197.3901
5804.346, 196.9387
5806.274, 196.3472
5808.203, 195.5829
5810.131, 195.8780
5812.060, 196.1453
5813.988, 195.7042
5815.917, 194.4482
5817.845, 192.3466
5819.773, 194.5148
5821.702, 193.6003
5823.630, 196.0037
5825.559, 194.8723
5827.487, 196.3586
5829.416, 197.5116
5831.344, 196.6415
5833.273, 195.4504
5835.201, 196.2046
5837.130, 194.2429
5839.058, 194.5061
5840.987, 194.7932
5842.915, 194.5578
5844.844, 194.4890
5846.772, 195.2989
5848.701, 196.6319
5850.629, 198.4429
5852.558, 196.2119
5854.486, 197.2004
5856.415, 192.2520
5858.343, 196.3391
5860.271, 193.6026
5862.200, 193.0703
5864.128, 193.7608
5866.057, 192.4499
5867.985, 194.2573
5869.914, 191.9982
5871.842, 191.1416
5873.771, 193.2819
5875.699, 193.2293
5877.627, 193.6232
5879.556, 194.2309
5881.484, 193.8999
5883.413, 194.3442
5885.341, 191.1856
5887.270, 193.6776
5889.198, 193.9099
5891.127, 191.5244
5893.055, 192.4701
5894.984, 192.4594
5896.912, 191.4809
5898.841, 190.8475
5900.769, 191.4298
5902.698, 190.9780
5904.626, 190.5198
5906.555, 193.4579
5908.483, 190.1609
5910.412, 191.6505
5912.340, 193.3059
5914.269, 191.5126
5916.197, 189.7409
5918.125, 190.5995
5920.054, 191.5442
5921.982, 192.5168
5923.911, 192.4372
5925.839, 191.5524
5927.768, 190.6448
5929.696, 187.8897
5931.625, 189.8073
5933.553, 191.4642
5935.481, 190.3276
5937.410, 188.0828
5939.338, 191.3733
5941.267, 190.7383
5943.195, 188.9406
5945.124, 189.9790
5947.052, 189.8935
5948.981, 189.8394
5950.909, 190.0968
5952.838, 190.2618
5954.766, 189.7472
5956.695, 191.2916
5958.623, 189.8224
5960.552, 190.5207
5962.480, 188.4226
5964.409, 189.5754
5966.337, 189.8604
5968.266, 186.6781
5970.194, 187.9730
5972.123, 187.4737
5974.051, 186.9008
5975.979, 188.8259
5977.908, 186.1479
5979.836, 188.0334
5981.765, 188.0972
5983.693, 188.9947
5985.622, 188.0869
5987.550, 187.7367
5989.479, 189.1924
5991.407, 189.6482
5993.335, 188.5326
5995.264, 189.4831
5997.192, 188.5920
5999.121, 186.0469
6001.049, 187.7327
6002.978, 186.7843
6004.906, 187.1502
6006.835, 187.6376
6008.763, 187.4204
6010.692, 187.2163
6012.620, 187.2970
6014.549, 186.5153
6016.477, 186.7588
6018.406, 187.5101
6020.334, 182.8824
6022.263, 187.0114
6024.191, 184.7935
6026.120, 182.6939
6028.048, 186.5256
6029.977, 190.6852
6031.905, 190.4904
6033.833, 187.8665
6035.762, 184.9301
6037.690, 183.4222
6039.619, 186.6270
6041.547, 184.1880
6043.476, 184.1851
6045.404, 185.1936
6047.333, 184.3992
6049.261, 183.4422
6051.189, 183.4918
6053.118, 183.7950
6055.046, 184.0327
6056.975, 184.6426
6058.903, 184.7461
6060.832, 183.5825
6062.760, 182.3512
6064.689, 182.2053
6066.617, 182.7284
6068.546, 179.9989
6070.474, 182.3479
6072.403, 184.7803
6074.331, 185.0837
6076.260, 183.3390
6078.188, 180.7670
6080.117, 181.0595
6082.045, 182.2301
6083.974, 182.1979
6085.902, 181.5737
6087.831, 184.4172
6089.759, 184.9317
6091.688, 183.1229
6093.616, 181.1103
6095.544, 180.8623
6097.473, 183.6859
6099.401, 182.9586
6101.330, 183.0324
6103.258, 182.7977
6105.187, 182.1040
6107.115, 182.1440
6109.043, 179.5921
6110.972, 179.9816
6112.900, 179.0508
6114.829, 179.2975
6116.757, 178.8439
6118.686, 178.2255
6120.614, 179.8150
6122.543, 181.5368
6124.471, 181.1811
6126.400, 181.5969
6128.328, 181.4917
6130.257, 180.8992
6132.185, 179.4116
6134.114, 179.5138
6136.042, 181.1608
6137.971, 181.5305
6139.899, 183.0821
6141.828, 180.5652
6143.756, 178.2851
6145.685, 178.0361
6147.613, 178.3291
6149.542, 179.6303
6151.470, 178.7933
6153.398, 180.7681
6155.327, 182.6543
6157.255, 180.7832
6159.184, 181.2146
6161.112, 178.4753
6163.041, 178.7779
6164.969, 178.5299
6166.897, 176.9742
6168.826, 180.0421
6170.754, 178.6817
6172.683, 178.7982
6174.611, 179.9766
6176.540, 180.6494
6178.468, 179.7967
6180.397, 180.3140
6182.325, 178.8723
6184.254, 179.6894
6186.182, 179.0348
6188.111, 178.3573
6190.039, 178.1487
6191.968, 180.0541
6193.896, 177.5551
6195.825, 177.6550
6197.753, 179.7818
6199.682, 178.8282
6201.610, 178.3780
6203.539, 179.0752
6205.467, 178.2399
6207.396, 177.5512
6209.324, 177.8119
6211.252, 176.5862
6213.181, 177.0780
6215.109, 178.2430
6217.038, 176.8625
6218.966, 176.5952
6220.895, 174.7477
6222.823, 174.8477
6224.751, 175.9716
6226.680, 176.9785
6228.608, 176.5892
6230.537, 175.9075
6232.465, 177.1078
6234.394, 177.0827
6236.322, 177.6290
6238.251, 178.0835
6240.179, 179.3810
6242.108, 180.5694
6244.036, 177.9421
6245.965, 175.9711
6247.893, 177.3784
6249.822, 177.6725
6251.750, 177.2330
6253.679, 177.1249
6255.607, 174.1749
6257.536, 174.2735
6259.464, 175.5573
6261.393, 177.2643
6263.321, 177.9374
6265.250, 176.6409
6267.178, 175.1394
6269.106, 176.5788
6271.035, 178.4800
6272.963, 177.6527
6274.892, 174.5720
6276.820, 172.5692
6278.749, 175.4336
6280.677, 177.3235
6282.605, 176.2341
6284.534, 174.4171
6286.462, 174.0196
6288.391, 175.5180
6290.319, 176.8372
6292.248, 175.0234
6294.176, 173.6383
6296.105, 173.5409
6298.033, 173.6363
6299.962, 172.7464
6301.890, 173.5808
6303.819, 173.4441
6305.747, 172.0474
6307.676, 172.8841
6309.604, 175.3340
6311.533, 175.5357
6313.461, 174.1214
6315.390, 176.6266
6317.318, 176.5899
6319.247, 174.2236
6321.175, 171.5335
6323.104, 170.0039
6325.032, 172.8668
6326.960, 173.7652
6328.889, 174.2401
6330.817, 175.2217
6332.746, 177.1129
6334.674, 178.2115
6336.603, 172.0815
6338.531, 180.5085
6340.459, 177.6128
6342.388, 172.8208
6344.316, 174.6654
6346.245, 179.7493
6348.173, 175.9816
6350.102, 175.2283
6352.030, 173.1175
6353.959, 171.1167
6355.887, 171.9245
6357.816, 173.8648
6359.744, 171.4424
6361.673, 172.1200
6363.601, 172.5878
6365.530, 172.9305
6367.458, 172.9387
6369.387, 172.7409
6371.315, 172.7088
6373.244, 172.8571
6375.172, 173.8154
6377.101, 173.0384
6379.029, 173.7184
6380.958, 173.4476
6382.886, 173.8770
6384.814, 173.4032
6386.743, 174.0910
6388.671, 173.5445
6390.600, 171.7424
6392.528, 172.1645
6394.457, 173.3772
6396.385, 171.5688
6398.313, 175.0546
6400.242, 174.2508
6402.170, 173.9209
6404.099, 171.7922
6406.027, 171.3407
6407.956, 170.9809
6409.884, 171.6427
6411.813, 170.6850
6413.741, 170.1240
6415.670, 169.7959
6417.598, 171.9909
6419.527, 170.5190
6421.455, 173.6179
6423.384, 169.8975
6425.312, 169.2002
6427.241, 170.1436
6429.169, 173.3635
6431.098, 173.7334
6433.026, 174.0888
6434.955, 174.8014
6436.883, 173.5070
6438.812, 173.4992
6440.740, 173.2847
6442.668, 170.6973
6444.597, 169.2998
6446.525, 171.3413
6448.454, 172.5713
6450.382, 170.2323
6452.311, 169.6104
6454.239, 170.0372
6456.167, 170.4991
6458.096, 169.8618
6460.024, 168.9507
6461.953, 171.1996
6463.881, 171.5970
6465.810, 168.5720
6467.738, 169.8235
6469.667, 169.5273
6471.595, 168.3053
6473.524, 169.1776
6475.452, 169.8537
6477.381, 170.9102
6479.309, 170.8558
6481.238, 172.1451
6483.166, 170.6746
6485.095, 169.6877
6487.023, 169.4380
6488.952, 169.2811
6490.880, 169.7196
6492.809, 171.3254
6494.737, 170.7585
6496.666, 171.9959
6498.594, 171.3257
6500.522, 172.1577
6502.451, 169.6290
6504.379, 172.6587
6506.308, 170.1339
6508.236, 168.2903
6510.165, 167.8570
6512.093, 169.1043
6514.021, 170.6360
6515.950, 169.9962
6517.878, 170.2514
6519.807, 168.6963
6521.735, 168.5899
6523.664, 169.4270
6525.592, 167.7949
6527.521, 166.8745
6529.449, 169.0613
6531.378, 168.0579
6533.306, 168.2444
6535.235, 168.5288
6537.163, 166.8013
6539.092, 168.6051
6541.020, 170.7260
6542.949, 169.2042
6544.877, 166.1583
6546.806, 167.1000
6548.734, 166.4547
6550.663, 167.9031
6552.591, 168.8902
6554.520, 168.4738
6556.448, 169.0757
6558.376, 166.5477
6560.305, 168.4658
6562.233, 167.7385
6564.162, 166.5899
6566.090, 167.6429
6568.019, 167.1745
6569.947, 168.5071
6571.875, 169.0062
6573.804, 166.1851
6575.732, 165.7083
6577.661, 166.5979
6579.589, 165.6912
6581.518, 167.7875
6583.446, 168.4292
6585.375, 165.2373
6587.303, 163.6890
6589.232, 166.7434
6591.160, 166.8311
6593.089, 166.7883
6595.017, 166.9362
6596.946, 168.2761
6598.874, 165.6114
6600.803, 165.8481
6602.731, 167.0099
6604.660, 165.8786
6606.588, 169.8104
6608.517, 172.7103
6610.445, 169.4146
6612.374, 165.9788
6614.302, 167.6492
6616.230, 169.5116
6618.159, 170.1629
6620.087, 171.2312
6622.016, 171.7674
6623.944, 166.9189
6625.873, 168.6981
6627.801, 166.6478
6629.729, 167.0132
##END=



