##NAMES=Kalsilite
##RRUFFID=R060801
##IDEAL CHEMISTRY=KAlSiO_4_
##LOCALITY=Marino, Latium, Italy
##OWNER=RRUFF
##SOURCE=Smithsonian Institute
##DESCRIPTION=White anhedral blebs
##STATUS=The identification of this mineral is confirmed by single-crystal X-ray diffraction and chemical analysis
##URL=https://www.rruff.net/odr/rruff_sample/R060801
##MEASURED CHEMISTRY=(K_0.90_Na_0.09_[box]_0.01_)Al_0.99_Si_1.01_O_4_
##DIFFRACTION SAMPLE DESCRIPTION=Single crystal, powder profile is calculated
##CELL PARAMETERS=a: 5.152 b: 5.152 c: 8.6621 alpha: 90 beta: 90 gamma: 120 volume: 199.12 crystal system: hexagonal
##FILETYPE=Raman Processed
##RAMAN WAVELENGTH=780

147.4279, 138.1397
149.3564, 137.8724
151.2849, 138.2020
153.2133, 138.2308
155.1418, 137.3083
157.0703, 136.2282
158.9987, 135.9558
160.9272, 136.3312
162.8557, 136.6679
164.7841, 136.9380
166.7126, 137.0847
168.6411, 136.8818
170.5695, 136.7698
172.4980, 137.2959
174.4265, 138.1531
176.3549, 138.4294
178.2834, 137.6405
180.2119, 137.7261
182.1403, 139.5533
184.0688, 141.5188
185.9973, 142.7315
187.9257, 143.6048
189.8542, 144.7507
191.7827, 146.1990
193.7111, 147.8295
195.6396, 149.5715
197.5681, 151.5649
199.4965, 154.4189
201.4250, 157.0764
203.3535, 158.4562
205.2819, 158.6136
207.2104, 159.1641
209.1389, 160.2805
211.0673, 161.5982
212.9958, 163.4488
214.9243, 165.1485
216.8527, 166.1174
218.7812, 166.6544
220.7097, 167.5466
222.6381, 169.0141
224.5666, 170.2565
226.4951, 171.2066
228.4235, 172.0348
230.3520, 172.9831
232.2805, 173.7031
234.2089, 173.8184
236.1374, 173.3202
238.0659, 172.5150
239.9943, 171.4779
241.9228, 169.9771
243.8513, 167.5949
245.7797, 165.2004
247.7082, 163.2778
249.6367, 161.6972
251.5651, 160.0753
253.4936, 158.3626
255.4221, 157.3290
257.3505, 157.1194
259.2790, 157.4030
261.2075, 158.3469
263.1359, 159.4372
265.0644, 160.0633
266.9929, 160.4745
268.9213, 161.7760
270.8498, 164.0037
272.7783, 166.4635
274.7067, 168.8294
276.6352, 171.7157
278.5637, 175.4747
280.4921, 179.7521
282.4206, 183.9301
284.3491, 188.2583
286.2775, 193.7959
288.2060, 200.7371
290.1345, 208.3599
292.0629, 216.2185
293.9914, 225.0618
295.9199, 234.9326
297.8483, 246.2259
299.7768, 259.7747
301.7053, 275.2521
303.6337, 291.2072
305.5622, 307.8905
307.4907, 324.1673
309.4191, 340.5681
311.3476, 355.7342
313.2761, 368.8885
315.2045, 380.3521
317.1330, 390.4657
319.0615, 399.2963
320.9899, 408.0546
322.9184, 416.7350
324.8469, 425.5047
326.7753, 434.6203
328.7038, 443.5354
330.6323, 452.9171
332.5607, 461.2442
334.4892, 466.7778
336.4177, 469.4832
338.3461, 469.4582
340.2746, 467.1811
342.2031, 461.3223
344.1315, 451.3801
346.0600, 438.3953
347.9885, 422.1913
349.9169, 403.5680
351.8454, 382.7186
353.7739, 359.7724
355.7023, 337.1429
357.6308, 314.1445
359.5593, 293.3764
361.4877, 275.5633
363.4162, 259.2068
365.3447, 243.3854
367.2731, 228.9161
369.2016, 216.4973
371.1300, 206.0565
373.0585, 197.6608
374.9870, 191.4836
376.9154, 185.5683
378.8439, 179.6957
380.7724, 174.3108
382.7008, 169.6853
384.6293, 165.4773
386.5578, 161.4962
388.4862, 157.8460
390.4147, 154.8232
392.3432, 152.4009
394.2716, 150.0387
396.2001, 147.6159
398.1286, 145.6223
400.0570, 144.4912
401.9855, 143.4626
403.9140, 142.2475
405.8424, 140.9992
407.7709, 139.7515
409.6994, 138.6098
411.6278, 137.9496
413.5563, 137.7973
415.4848, 137.8110
417.4132, 138.0924
419.3417, 138.2406
421.2702, 138.3269
423.1986, 138.0885
425.1271, 137.1091
427.0556, 135.8222
428.9840, 134.8962
430.9125, 134.2931
432.8410, 133.7184
434.7694, 132.9912
436.6979, 132.8317
438.6264, 133.8534
440.5548, 134.7149
442.4833, 135.0285
444.4118, 135.0126
446.3402, 134.7170
448.2687, 134.2755
450.1972, 134.0478
452.1256, 134.0350
454.0541, 133.0869
455.9826, 130.2759
457.9110, 128.0828
459.8395, 127.1087
461.7680, 126.0113
463.6964, 123.8911
465.6249, 122.0088
467.5534, 121.3215
469.4818, 121.4463
471.4103, 121.9139
473.3388, 122.8068
475.2672, 122.7926
477.1957, 121.4367
479.1242, 120.2572
481.0526, 119.3769
482.9811, 118.7530
484.9096, 118.1700
486.8380, 118.0372
488.7665, 119.1152
490.6950, 120.5367
492.6234, 120.7607
494.5519, 119.8840
496.4804, 119.3151
498.4088, 119.1443
500.3373, 118.8003
502.2658, 118.1897
504.1942, 117.4103
506.1227, 116.4921
508.0512, 115.4730
509.9796, 114.1877
511.9081, 112.9100
513.8365, 112.1226
515.7650, 111.6438
517.6935, 110.6682
519.6219, 109.2327
521.5504, 108.1561
523.4789, 107.5649
525.4073, 107.1788
527.3358, 107.1188
529.2643, 106.8846
531.1927, 106.1496
533.1212, 105.4468
535.0497, 105.2672
536.9781, 105.2352
538.9066, 104.6308
540.8351, 103.7260
542.7635, 103.3890
544.6920, 103.6581
546.6205, 104.0046
548.5490, 104.6420
550.4774, 104.6760
552.4059, 103.4684
554.3344, 102.4180
556.2628, 102.0172
558.1913, 101.8889
560.1198, 101.8407
562.0482, 101.8606
563.9767, 101.9352
565.9052, 102.0186
567.8336, 102.0122
569.7621, 101.9075
571.6906, 101.8190
573.6190, 101.7235
575.5475, 101.6660
577.4760, 101.7504
579.4044, 101.7250
581.3329, 101.4523
583.2614, 101.1296
585.1898, 100.8679
587.1183, 100.6453
589.0468, 100.4328
590.9752, 100.2590
592.9037, 100.1742
594.8322, 100.1655
596.7606, 100.1166
598.6891, 100.0127
600.6176, 99.94356
602.5460, 99.97703
604.4745, 99.93499
606.4030, 99.63128
608.3314, 99.40607
610.2599, 99.55806
612.1884, 99.81348
614.1168, 99.99235
616.0453, 100.0576
617.9738, 99.99946
619.9022, 99.87267
621.8307, 99.70171
623.7592, 99.45438
625.6876, 99.22048
627.6161, 98.98194
629.5446, 98.92321
631.4730, 99.16810
633.4015, 99.36143
635.3300, 99.29804
637.2584, 99.26840
639.1869, 99.63368
641.1154, 99.79270
643.0438, 99.06239
644.9723, 98.08276
646.9008, 97.61784
648.8292, 97.59097
650.7577, 98.08373
652.6862, 98.94035
654.6146, 99.02859
656.5431, 98.24458
658.4716, 97.50005
660.4000, 96.82095
662.3285, 96.42133
664.2570, 96.41853
666.1854, 96.67295
668.1139, 97.50854
670.0424, 98.01839
671.9708, 97.52792
673.8993, 96.77660
675.8278, 96.39734
677.7562, 96.19788
679.6847, 95.93698
681.6132, 95.61351
683.5416, 95.13280
685.4701, 94.51270
687.3986, 94.23572
689.3270, 94.42290
691.2555, 94.56306
693.1840, 94.76172
695.1124, 94.65849
697.0409, 93.91990
698.9694, 93.35320
700.8978, 93.28270
702.8263, 93.24709
704.7548, 92.95783
706.6832, 92.74798
708.6117, 92.91663
710.5402, 93.20864
712.4686, 93.51706
714.3971, 93.69154
716.3256, 93.32195
718.2540, 92.57717
720.1825, 92.30350
722.1110, 92.50752
724.0394, 92.45625
725.9679, 92.12035
727.8964, 91.89536
729.8248, 91.70537
731.7533, 91.94029
733.6818, 92.96971
735.6102, 93.59087
737.5387, 93.25630
739.4672, 92.70713
741.3956, 91.91518
743.3241, 91.51091
745.2526, 92.18358
747.1810, 92.96780
749.1095, 92.99618
751.0380, 92.67576
752.9664, 92.53361
754.8949, 92.46914
756.8234, 92.34044
758.7518, 92.17236
760.6803, 91.80009
762.6088, 91.28773
764.5372, 91.26909
766.4657, 91.76545
768.3942, 91.67551
770.3226, 90.68630
772.2511, 90.33814
774.1796, 91.25627
776.1080, 91.88702
778.0365, 91.75485
779.9650, 91.51785
781.8934, 91.20840
783.8218, 91.01391
785.7503, 91.05962
787.6788, 91.11517
789.6072, 91.08288
791.5357, 91.02631
793.4642, 90.94880
795.3926, 90.94830
797.3211, 91.08900
799.2496, 91.24414
801.1780, 91.38632
803.1065, 91.49599
805.0350, 91.40293
806.9634, 91.15778
808.8919, 91.14661
810.8204, 91.39835
812.7488, 91.45462
814.6773, 91.19672
816.6058, 91.20457
818.5342, 91.85905
820.4627, 91.78648
822.3912, 90.48448
824.3196, 89.79690
826.2481, 90.16232
828.1766, 90.49059
830.1050, 90.58699
832.0335, 90.50396
833.9620, 90.12227
835.8904, 89.87446
837.8189, 90.09372
839.7474, 90.28522
841.6758, 90.11546
843.6043, 89.89507
845.5328, 89.79556
847.4612, 89.70923
849.3897, 89.56898
851.3182, 89.37612
853.2466, 89.12804
855.1751, 88.87922
857.1036, 88.77254
859.0320, 88.69561
860.9605, 88.25621
862.8890, 87.57043
864.8174, 87.09688
866.7459, 86.85442
868.6744, 87.15255
870.6028, 87.91401
872.5313, 87.92125
874.4598, 87.16029
876.3882, 86.68198
878.3167, 86.54256
880.2452, 86.29494
882.1736, 85.90327
884.1021, 85.69090
886.0306, 85.71810
887.9590, 85.71418
889.8875, 85.63020
891.8160, 85.49905
893.7444, 85.26185
895.6729, 85.19401
897.6014, 85.46076
899.5298, 85.61216
901.4583, 85.54395
903.3868, 85.32864
905.3152, 84.82643
907.2437, 84.49081
909.1722, 84.78270
911.1006, 84.98088
913.0291, 84.54214
914.9576, 83.96866
916.8860, 83.54311
918.8145, 83.29133
920.7430, 83.19389
922.6714, 83.08566
924.5999, 82.93559
926.5284, 82.76894
928.4568, 82.64660
930.3853, 82.60375
932.3138, 82.44076
934.2422, 82.47348
936.1707, 83.03472
938.0992, 83.99236
940.0276, 85.52579
941.9561, 87.37202
943.8846, 88.82865
945.8130, 89.97718
947.7415, 90.98293
949.6700, 91.91607
951.5984, 93.11119
953.5269, 94.68539
955.4554, 96.74001
957.3839, 99.15052
959.3123, 101.6740
961.2408, 104.3438
963.1693, 107.4807
965.0977, 111.0249
967.0262, 113.4333
968.9547, 114.7408
970.8831, 115.6259
972.8116, 116.0206
974.7401, 115.9692
976.6685, 115.4397
978.5970, 114.6730
980.5255, 113.7530
982.4539, 112.8632
984.3824, 111.9908
986.3109, 110.3832
988.2393, 107.9715
990.1678, 105.4662
992.0963, 102.9518
994.0247, 100.4599
995.9532, 97.92345
997.8817, 95.43176
999.8101, 93.06057
1001.739, 90.72974
1003.667, 88.40486
1005.596, 86.24500
1007.524, 84.23404
1009.452, 82.40615
1011.381, 80.78941
1013.309, 79.35434
1015.238, 78.08354
1017.166, 77.00031
1019.095, 76.23363
1021.023, 75.51453
1022.952, 74.64960
1024.880, 73.72878
1026.809, 72.85601
1028.737, 72.27560
1030.666, 72.03117
1032.594, 71.67812
1034.522, 71.20979
1036.451, 70.65738
1038.379, 69.97660
1040.308, 69.47462
1042.236, 69.12170
1044.165, 68.77078
1046.093, 68.49892
1048.022, 68.32360
1049.950, 68.14233
1051.879, 68.16924
1053.807, 68.58248
1055.736, 68.63965
1057.664, 68.16682
1059.593, 67.59872
1061.521, 66.98036
1063.449, 66.75854
1065.378, 66.99228
1067.306, 66.87362
1069.235, 66.34814
1071.163, 66.23819
1073.092, 66.59387
1075.020, 66.43936
1076.949, 65.68231
1078.877, 65.52853
1080.806, 66.06757
1082.734, 66.26524
1084.663, 66.05477
1086.591, 65.67773
1088.520, 65.21575
1090.448, 65.06077
1092.376, 65.16306
1094.305, 65.22755
1096.233, 65.18125
1098.162, 64.95067
1100.090, 64.67939
1102.019, 64.58996
1103.947, 64.57719
1105.876, 64.27899
1107.804, 63.83173
1109.733, 63.79072
1111.661, 63.98063
1113.590, 63.83092
1115.518, 63.46119
1117.447, 63.35838
1119.375, 63.51228
1121.303, 63.84533
1123.232, 64.09452
1125.160, 63.68128
1127.089, 62.92611
1129.017, 62.45299
1130.946, 62.31300
1132.874, 62.24565
1134.803, 62.13761
1136.731, 62.15229
1138.660, 62.24041
1140.588, 62.30981
1142.517, 62.34223
1144.445, 62.34832
1146.374, 62.33708
1148.302, 62.27866
1150.230, 62.28027
1152.159, 62.47005
1154.087, 62.41167
1156.016, 61.72976
1157.944, 61.24280
1159.873, 61.36858
1161.801, 61.60530
1163.730, 61.85048
1165.658, 61.90837
1167.587, 61.59568
1169.515, 61.51114
1171.444, 61.97821
1173.372, 62.17714
1175.301, 61.72595
1177.229, 61.29760
1179.157, 61.14975
1181.086, 61.22754
1183.014, 61.46100
1184.943, 61.59880
1186.871, 61.70013
1188.800, 61.76534
1190.728, 61.68628
1192.657, 61.55032
1194.585, 61.44964
1196.514, 61.52074
1198.442, 61.66994
1200.371, 61.37270
1202.299, 60.77348
1204.228, 60.51786
1206.156, 60.58335
1208.084, 60.88732
1210.013, 61.22191
1211.941, 61.30530
1213.870, 61.14436
1215.798, 60.63083
1217.727, 60.25510
1219.655, 60.54107
1221.584, 60.80358
1223.512, 60.52894
1225.441, 60.22905
1227.369, 60.06404
1229.298, 60.10965
1231.226, 60.59126
1233.155, 60.87889
1235.083, 60.79934
1237.011, 60.65581
1238.940, 60.47025
1240.868, 60.16270
1242.797, 59.50201
1244.725, 59.27414
1246.654, 59.76139
1248.582, 60.11891
1250.511, 60.16805
1252.439, 60.13567
1254.368, 60.12177
1256.296, 60.04072
1258.225, 59.93636
1260.153, 60.06316
1262.082, 60.31293
1264.010, 60.36438
1265.938, 60.19210
1267.867, 59.94963
1269.795, 59.86227
1271.724, 59.99367
1273.652, 60.11699
1275.581, 60.15145
1277.509, 60.12278
1279.438, 60.03742
1281.366, 60.12258
1283.295, 60.53558
1285.223, 60.61891
1287.152, 60.13416
1289.080, 59.84727
1291.009, 59.85878
1292.937, 59.99645
1294.865, 60.22666
1296.794, 60.29435
1298.722, 60.22114
1300.651, 60.29926
1302.579, 60.53172
1304.508, 60.36360
1306.436, 59.92464
1308.365, 59.86387
1310.293, 60.02198
1312.222, 60.32750
1314.150, 60.66168
1316.079, 60.58747
1318.007, 60.46364
1319.936, 60.62064
1321.864, 60.51202
1323.792, 60.03308
1325.721, 60.02983
1327.649, 60.59406
1329.578, 60.55850
1331.506, 59.84595
1333.435, 59.68906
1335.363, 60.04063
1337.292, 60.19884
1339.220, 60.19848
1341.149, 60.26501
1343.077, 60.38369
1345.006, 60.29511
1346.934, 60.10596
1348.863, 60.08245
1350.791, 60.14671
1352.719, 60.14576
1354.648, 60.03734
1356.576, 59.90669
1358.505, 60.09081
1360.433, 60.64483
1362.362, 60.71471
1364.290, 60.28119
1366.219, 60.16058
1368.147, 60.15669
1370.076, 59.94345
1372.004, 59.70897
1373.933, 59.83144
1375.861, 60.06348
1377.790, 59.83835
1379.718, 59.50947
1381.646, 59.58996
1383.575, 59.65989
1385.503, 59.28814
1387.432, 59.07384
1389.360, 59.42159
1391.289, 59.71406
1393.217, 59.69984
1395.146, 59.82822
1397.074, 60.19690
1399.003, 60.15368
1400.931, 59.75179
1402.860, 59.96196
1404.788, 60.53402
1406.717, 60.34732
1408.645, 59.75693
1410.573, 59.65677
1412.502, 59.75980
1414.430, 59.68242
1416.359, 59.64739
1418.287, 59.84562
1420.216, 60.08615
1422.144, 60.27155
1424.073, 60.18566
1426.001, 59.86433
1427.930, 59.88754
1429.858, 60.22924
1431.787, 60.17603
1433.715, 59.82598
1435.644, 59.70027
1437.572, 59.73354
1439.500, 59.85544
1441.429, 59.90788
1443.357, 59.90386
1445.286, 59.91322
1447.214, 59.69726
1449.143, 59.58036
1451.071, 59.74044
1453.000, 59.67641
1454.928, 59.34846
1456.857, 59.36296
1458.785, 59.63952
1460.714, 59.74026
1462.642, 59.58517
1464.571, 58.98047
1466.499, 58.58627
1468.427, 58.84019
1470.356, 58.93979
1472.284, 58.48185
1474.213, 58.10950
1476.141, 58.18117
1478.070, 58.11471
1479.998, 57.71269
1481.927, 57.40581
1483.855, 57.26950
1485.784, 57.40304
1487.712, 57.67245
1489.641, 57.71832
1491.569, 57.44946
1493.498, 57.07971
1495.426, 56.94149
1497.354, 56.98374
1499.283, 57.06661
1501.211, 57.12445
1503.140, 56.94857
1505.068, 56.60984
1506.997, 56.46464
1508.925, 56.51091
1510.854, 56.30285
1512.782, 56.02453
1514.711, 56.14376
1516.639, 56.23600
1518.568, 56.16097
1520.496, 56.14628
1522.425, 55.90014
1524.353, 55.70640
1526.281, 55.79945
1528.210, 55.54715
1530.138, 55.22205
1532.067, 55.15105
1533.995, 55.14848
1535.924, 55.27355
1537.852, 55.42207
1539.781, 55.54609
1541.709, 55.42314
1543.638, 54.95087
1545.566, 54.94243
1547.495, 55.37637
1549.423, 55.31725
1551.352, 55.04981
1553.280, 55.03281
1555.208, 55.02061
1557.137, 55.23800
1559.065, 55.45671
1560.994, 55.10685
1562.922, 54.75286
1564.851, 54.85934
1566.779, 54.81344
1568.708, 54.43245
1570.636, 54.25620
1572.565, 54.29716
1574.493, 54.23906
1576.422, 54.16724
1578.350, 54.28822
1580.279, 54.38195
1582.207, 54.22582
1584.135, 54.21303
1586.064, 54.47359
1587.992, 54.51069
1589.921, 54.29697
1591.849, 54.07475
1593.778, 53.94500
1595.706, 53.72832
1597.635, 53.33693
1599.563, 53.15484
1601.492, 53.20622
1603.420, 53.30593
1605.349, 53.49776
1607.277, 53.66228
1609.205, 53.20155
1611.134, 52.47397
1613.062, 52.46391
1614.991, 52.75189
1616.919, 52.57196
1618.848, 52.30525
1620.776, 52.44180
1622.705, 52.55016
1624.633, 52.28571
1626.562, 51.86956
1628.490, 51.40599
1630.419, 51.20279
1632.347, 51.24312
1634.276, 51.05944
1636.204, 50.84553
1638.132, 50.80811
1640.061, 50.99842
1641.989, 51.29880
1643.918, 51.26035
1645.846, 51.05676
1647.775, 50.90458
1649.703, 50.85828
1651.632, 51.03777
1653.560, 50.94308
1655.489, 50.50067
1657.417, 50.47909
1659.346, 50.63899
1661.274, 50.50470
1663.203, 50.29739
1665.131, 50.22060
1667.059, 50.18341
1668.988, 50.14574
1670.916, 50.05784
1672.845, 49.56170
1674.773, 49.43414
1676.702, 49.81988
1678.630, 49.65073
1680.559, 49.31142
1682.487, 49.39116
1684.416, 49.49570
1686.344, 49.22705
1688.273, 48.95866
1690.201, 48.84816
1692.130, 48.49209
1694.058, 48.21781
1695.986, 48.31089
1697.915, 48.40215
1699.843, 48.46397
1701.772, 48.40528
1703.700, 48.00254
1705.629, 47.79538
1707.557, 47.95770
1709.486, 47.83258
1711.414, 47.60294
1713.343, 47.91756
1715.271, 48.04028
1717.200, 47.63114
1719.128, 47.38674
1721.057, 47.18350
1722.985, 47.14037
1724.913, 47.32703
1726.842, 47.32782
1728.770, 47.18984
1730.699, 47.05573
1732.627, 46.88073
1734.556, 46.49446
1736.484, 46.23125
1738.413, 46.29970
1740.341, 46.16564
1742.270, 45.87959
1744.198, 45.79064
1746.127, 45.75179
1748.055, 45.81794
1749.984, 45.95391
1751.912, 45.78334
1753.840, 45.54411
1755.769, 45.53151
1757.697, 45.21983
1759.626, 44.74951
1761.554, 44.38773
1763.483, 44.29955
1765.411, 44.66872
1767.340, 45.18697
1769.268, 45.23307
1771.197, 45.00627
1773.125, 44.97646
1775.054, 44.70447
1776.982, 44.24246
1778.911, 43.94471
1780.839, 43.82560
1782.767, 43.80362
1784.696, 43.88229
1786.624, 43.76299
1788.553, 43.49152
1790.481, 43.36983
1792.410, 43.00371
1794.338, 42.61917
1796.267, 42.74377
1798.195, 42.90435
1800.124, 42.69542
1802.052, 42.50941
1803.981, 42.40417
1805.909, 42.26145
1807.838, 42.16499
1809.766, 42.19074
1811.694, 42.27992
1813.623, 41.99202
1815.551, 41.70549
1817.480, 41.61477
1819.408, 41.48876
1821.337, 41.29081
1823.265, 41.11681
1825.194, 41.08363
1827.122, 40.95558
1829.051, 40.55733
1830.979, 40.41436
1832.908, 40.62678
1834.836, 40.85320
1836.765, 40.83419
1838.693, 40.56523
1840.621, 40.18994
1842.550, 39.98988
1844.478, 40.12406
1846.407, 40.02457
1848.335, 39.65193
1850.264, 39.63330
1852.192, 39.61812
1854.121, 39.25568
1856.049, 38.94866
1857.978, 38.97472
1859.906, 39.17934
1861.835, 38.76702
1863.763, 38.22583
1865.692, 38.39085
1867.620, 38.39621
1869.548, 38.04844
1871.477, 37.98299
1873.405, 38.02530
1875.334, 37.91720
1877.262, 37.82236
1879.191, 37.89232
1881.119, 37.77864
1883.048, 37.57357
1884.976, 37.25407
1886.905, 37.14568
1888.833, 37.51252
1890.762, 37.23451
1892.690, 36.64021
1894.619, 36.75925
1896.547, 36.89341
1898.475, 36.57207
1900.404, 36.43226
1902.332, 36.67004
1904.261, 36.59778
1906.189, 36.22655
1908.118, 36.15662
1910.046, 36.10791
1911.975, 35.80944
1913.903, 35.47905
1915.832, 35.45865
1917.760, 35.49552
1919.689, 35.27755
1921.617, 35.19698
1923.546, 35.11218
1925.474, 34.79380
1927.402, 34.82814
1929.331, 35.08825
1931.259, 35.18422
1933.188, 35.10177
1935.116, 34.79717
1937.045, 34.47617
1938.973, 34.43630
1940.902, 34.36451
1942.830, 34.32755
1944.759, 34.34454
1946.687, 34.31049
1948.616, 34.10120
1950.544, 33.58204
1952.473, 33.20695
1954.401, 33.29958
1956.329, 33.48014
1958.258, 33.46302
1960.186, 33.36253
1962.115, 33.39711
1964.043, 33.30010
1965.972, 32.81697
1967.900, 32.47342
1969.829, 32.55143
1971.757, 32.45857
1973.686, 31.99970
1975.614, 31.73773
1977.543, 31.66745
1979.471, 31.79929
1981.400, 32.01809
1983.328, 31.83428
1985.256, 31.64845
1987.185, 31.99676
1989.113, 32.33445
1991.042, 31.83627
1992.970, 31.55560
1994.899, 31.39530
1996.827, 30.95474
1998.756, 30.82457
2000.684, 30.81749
2002.613, 30.63302
2004.541, 30.59729
2006.470, 30.23126
2008.398, 29.82000
2010.327, 30.13636
2012.255, 30.18257
2014.183, 29.80759
2016.112, 29.97502
2018.040, 30.07855
2019.969, 29.51716
2021.897, 29.18308
2023.826, 29.10905
2025.754, 29.11739
2027.683, 29.04153
2029.611, 28.81775
2031.540, 28.61950
2033.468, 28.47450
2035.397, 28.62847
2037.325, 28.65988
2039.254, 28.27796
2041.182, 28.17424
2043.110, 28.35001
2045.039, 28.33862
2046.967, 28.10880
2048.896, 27.87717
2050.824, 27.76099
2052.753, 27.79737
2054.681, 28.04992
2056.610, 28.08963
2058.538, 27.80901
2060.467, 27.62559
2062.395, 27.56106
2064.323, 27.13259
2066.252, 26.81520
2068.180, 27.04549
2070.109, 27.13984
2072.037, 26.84921
2073.966, 26.57909
2075.894, 26.75347
2077.823, 26.80236
2079.751, 26.42049
2081.680, 26.32037
2083.608, 26.20928
2085.537, 26.08446
2087.465, 26.14041
2089.394, 25.90460
2091.322, 25.42880
2093.250, 25.39031
2095.179, 25.36249
2097.107, 25.35691
2099.036, 25.55182
2100.964, 25.67515
2102.893, 25.35383
2104.821, 25.09551
2106.750, 25.16677
2108.678, 25.19671
2110.607, 24.75054
2112.535, 24.55413
2114.464, 24.76706
2116.392, 24.52097
2118.321, 24.22576
2120.249, 23.72404
2122.177, 24.19772
2124.106, 24.42439
2126.034, 24.41743
2127.963, 23.47684
2129.891, 23.74182
2131.820, 23.52363
2133.748, 23.28568
2135.677, 23.72029
2137.605, 22.91553
2139.534, 23.33948
2141.462, 23.28431
2143.391, 23.12176
2145.319, 23.12543
2147.248, 23.13054
2149.176, 22.96060
2151.104, 22.80889
2153.033, 22.92170
2154.961, 23.18397
2156.890, 23.08832
2158.818, 22.87712
2160.747, 22.88407
2162.675, 22.76756
2164.604, 22.49914
2166.532, 22.29245
2168.461, 22.13378
2170.389, 22.04350
2172.318, 21.88393
2174.246, 21.62319
2176.175, 21.66878
2178.103, 21.92525
2180.031, 21.97343
2181.960, 21.77945
2183.888, 21.73955
2185.817, 21.71106
2187.745, 21.62327
2189.674, 21.45306
2191.602, 21.16032
2193.531, 21.18008
2195.459, 21.44337
2197.388, 21.42749
2199.316, 20.97192
2201.245, 20.64251
2203.173, 20.67002
2205.102, 20.56691
2207.030, 20.42563
2208.958, 20.46822
2210.887, 20.42972
2212.815, 20.30079
2214.744, 20.31772
2216.672, 20.46279
2218.601, 20.42683
2220.529, 20.19317
2222.458, 19.91815
2224.386, 19.89480
2226.315, 20.00766
2228.243, 19.64765
2230.172, 19.30143
2232.100, 19.44601
2234.029, 19.38398
2235.957, 19.34198
2237.885, 19.39573
2239.814, 19.30124
2241.742, 19.34760
2243.671, 19.58578
2245.599, 19.55180
2247.528, 19.22476
2249.456, 19.16863
2251.385, 19.07342
2253.313, 19.00768
2255.242, 18.96134
2257.170, 18.96102
2259.099, 18.73549
2261.027, 18.33479
2262.956, 18.21760
2264.884, 18.43781
2266.813, 18.64740
2268.741, 18.35025
2270.669, 18.02270
2272.598, 17.92190
2274.526, 18.02389
2276.455, 18.07776
2278.383, 17.94594
2280.312, 17.74801
2282.240, 17.70579
2284.169, 17.86095
2286.097, 17.60493
2288.026, 17.24689
2289.954, 17.28124
2291.883, 17.34207
2293.811, 17.43145
2295.740, 17.47227
2297.668, 17.09379
2299.596, 16.69196
2301.525, 16.83740
2303.453, 16.93768
2305.382, 17.07183
2307.310, 16.96534
2309.239, 16.84215
2311.167, 16.73630
2313.096, 16.60730
2315.024, 16.66529
2316.953, 16.48061
2318.881, 16.33141
2320.810, 16.49386
2322.738, 16.47265
2324.667, 16.46656
2326.595, 16.49264
2328.523, 16.29452
2330.452, 16.15847
2332.380, 15.96063
2334.309, 15.64925
2336.237, 15.72995
2338.166, 15.83129
2340.094, 15.90944
2342.023, 15.77599
2343.951, 15.52224
2345.880, 15.46947
2347.808, 15.54586
2349.737, 15.57916
2351.665, 15.35923
2353.594, 15.21622
2355.522, 15.09126
2357.450, 14.97543
2359.379, 15.08241
2361.307, 15.19097
2363.236, 14.85954
2365.164, 14.73832
2367.093, 14.88391
2369.021, 14.76448
2370.950, 14.73638
2372.878, 14.76519
2374.807, 14.54590
2376.735, 14.36149
2378.664, 14.23359
2380.592, 14.12776
2382.521, 14.14232
2384.449, 14.18403
2386.377, 14.38431
2388.306, 14.31465
2390.234, 13.89148
2392.163, 13.86750
2394.091, 13.94421
2396.020, 14.03236
2397.948, 14.08191
2399.877, 13.71652
2401.805, 13.45279
2403.734, 13.42200
2405.662, 13.35690
2407.591, 13.34168
2409.519, 13.57513
2411.448, 13.50782
2413.376, 13.23101
2415.304, 13.03547
2417.233, 12.94257
2419.161, 13.07421
2421.090, 13.08498
2423.018, 13.10202
2424.947, 12.97197
2426.875, 12.75651
2428.804, 12.63371
2430.732, 12.64427
2432.661, 12.86698
2434.589, 12.84546
2436.518, 12.61119
2438.446, 12.49142
2440.375, 12.36981
2442.303, 12.68189
2444.231, 12.71200
2446.160, 12.35566
2448.088, 12.01394
2450.017, 12.08303
2451.945, 12.22361
2453.874, 12.01015
2455.802, 12.02678
2457.731, 12.12835
2459.659, 12.00362
2461.588, 11.87875
2463.516, 11.69959
2465.445, 11.68014
2467.373, 11.86661
2469.302, 12.03258
2471.230, 11.82609
2473.158, 11.74032
2475.087, 11.67321
2477.015, 11.39464
2478.944, 11.47891
2480.872, 11.46545
2482.801, 11.25484
2484.729, 11.00892
2486.658, 10.92449
2488.586, 11.09423
2490.515, 11.32349
2492.443, 11.15628
2494.372, 10.92604
2496.300, 10.91605
2498.229, 10.98005
2500.157, 10.97957
2502.085, 10.99327
2504.014, 10.72310
2505.942, 10.54569
2507.871, 10.55274
2509.799, 10.49616
2511.728, 10.38588
2513.656, 10.35185
2515.585, 10.35497
2517.513, 10.13507
2519.442, 10.07845
2521.370, 10.23869
2523.299, 10.26034
2525.227, 9.996872
2527.156, 10.03008
2529.084, 10.13772
2531.012, 10.10111
2532.941, 10.03297
2534.869, 9.852178
2536.798, 9.827700
2538.726, 9.780656
2540.655, 9.779257
2542.583, 9.804276
2544.512, 9.885056
2546.440, 9.880851
2548.369, 9.688251
2550.297, 9.477093
2552.226, 9.457015
2554.154, 9.596512
2556.083, 9.635904
2558.011, 9.556341
2559.939, 9.472476
2561.868, 9.437360
2563.796, 9.202447
2565.725, 9.130589
2567.653, 9.215084
2569.582, 8.926185
2571.510, 8.979787
2573.439, 9.267042
2575.367, 9.191875
2577.296, 8.894223
2579.224, 8.830527
2581.153, 8.885129
2583.081, 9.093473
2585.010, 9.125957
2586.938, 8.525676
2588.866, 8.461140
2590.795, 8.728761
2592.723, 8.791275
2594.652, 8.801529
2596.580, 8.607322
2598.509, 8.499534
2600.437, 8.468653
2602.366, 8.454876
2604.294, 8.632712
2606.223, 8.551160
2608.151, 8.210432
2610.080, 8.019813
2612.008, 8.185342
2613.937, 8.460846
2615.865, 8.327851
2617.793, 8.068836
2619.722, 7.923427
2621.650, 8.037674
2623.579, 7.958391
2625.507, 7.698969
2627.436, 8.005499
2629.364, 8.065203
2631.293, 7.903522
2633.221, 7.973928
2635.150, 7.780390
2637.078, 7.607083
2639.007, 7.480691
2640.935, 7.357661
2642.864, 7.350908
2644.792, 7.598622
2646.720, 7.581944
2648.649, 7.332501
2650.577, 7.190650
2652.506, 7.225813
2654.434, 7.179574
2656.363, 7.222856
2658.291, 7.291663
2660.220, 7.211591
2662.148, 7.100488
2664.077, 7.094395
2666.005, 7.100145
2667.934, 6.914668
2669.862, 7.240365
2671.791, 7.420055
2673.719, 7.137247
2675.647, 6.989510
2677.576, 6.858850
2679.504, 6.729005
2681.433, 6.493212
2683.361, 6.365931
2685.290, 6.536232
2687.218, 6.626022
2689.147, 6.528439
2691.075, 6.398709
2693.004, 6.561207
2694.932, 6.661881
2696.861, 6.661072
2698.789, 6.717845
2700.718, 6.535990
2702.646, 6.188963
2704.574, 6.214191
2706.503, 6.417214
2708.431, 6.540228
2710.360, 6.356912
2712.288, 6.193590
2714.217, 5.984916
2716.145, 5.850310
2718.074, 5.995387
2720.002, 6.111514
2721.931, 6.198681
2723.859, 5.994164
2725.788, 5.791380
2727.716, 5.655285
2729.645, 5.719915
2731.573, 5.856562
2733.501, 5.706507
2735.430, 5.624853
2737.358, 5.670621
2739.287, 5.977548
2741.215, 5.741930
2743.144, 5.717469
2745.072, 6.006825
2747.001, 5.665220
2748.929, 5.427696
2750.858, 5.516913
2752.786, 5.507292
2754.715, 5.522812
2756.643, 5.512291
2758.572, 5.195063
2760.500, 5.237429
2762.428, 5.309886
2764.357, 4.990872
2766.285, 5.176692
2768.214, 5.389806
2770.142, 5.026790
2772.071, 5.112158
2773.999, 5.160223
2775.928, 5.108573
2777.856, 4.968252
2779.785, 4.741640
2781.713, 4.690224
2783.642, 4.932043
2785.570, 5.061738
2787.499, 4.910151
2789.427, 4.724977
2791.355, 4.783714
2793.284, 4.822005
2795.212, 4.817265
2797.141, 4.768306
2799.069, 4.704491
2800.998, 4.694898
2802.926, 4.571459
2804.855, 4.536595
2806.783, 4.580393
2808.712, 4.599585
2810.640, 4.536429
2812.569, 4.438226
2814.497, 4.539354
2816.426, 4.684081
2818.354, 4.687334
2820.282, 4.566489
2822.211, 4.626585
2824.139, 4.723307
2826.068, 4.408120
2827.996, 4.068247
2829.925, 3.955547
2831.853, 3.989960
2833.782, 4.491625
2835.710, 4.409389
2837.639, 4.001262
2839.567, 4.205296
2841.496, 4.096838
2843.424, 3.949362
2845.353, 4.164662
2847.281, 3.976195
2849.209, 3.832101
2851.138, 3.898842
2853.066, 3.926495
2854.995, 3.890309
2856.923, 3.818705
2858.852, 3.757542
2860.780, 3.787869
2862.709, 3.802339
2864.637, 3.773701
2866.566, 3.845123
2868.494, 3.863792
2870.423, 3.744521
2872.351, 3.946113
2874.280, 3.978760
2876.208, 3.904192
2878.136, 3.874104
2880.065, 3.683208
2881.993, 3.625954
2883.922, 3.748223
2885.850, 3.604933
2887.779, 3.465634
2889.707, 3.376286
2891.636, 3.406063
2893.564, 3.560893
2895.493, 3.735638
2897.421, 3.544566
2899.350, 3.393317
2901.278, 3.425671
2903.207, 3.386810
2905.135, 3.512455
2907.063, 3.714966
2908.992, 3.677615
2910.920, 3.373802
2912.849, 3.388359
2914.777, 3.396085
2916.706, 3.135166
2918.634, 2.979370
2920.563, 3.244953
2922.491, 3.621013
2924.420, 3.344146
2926.348, 3.105672
2928.277, 3.085927
2930.205, 3.147148
2932.134, 3.198545
2934.062, 3.107150
2935.990, 2.862082
2937.919, 2.766755
2939.847, 2.933351
2941.776, 3.102102
2943.704, 2.986598
2945.633, 2.856168
2947.561, 2.789760
2949.490, 2.796746
2951.418, 2.867848
2953.347, 2.982132
2955.275, 3.008745
2957.204, 2.889012
2959.132, 2.991183
2961.061, 2.815511
2962.989, 2.516238
2964.917, 3.080653
2966.846, 3.128449
2968.774, 2.849752
2970.703, 2.786998
2972.631, 2.603990
2974.560, 2.477672
2976.488, 2.483044
2978.417, 2.555604
2980.345, 2.635623
2982.274, 2.610426
2984.202, 2.280099
2986.131, 2.507258
2988.059, 2.726448
2989.988, 2.595323
2991.916, 2.377266
2993.844, 2.305189
2995.773, 2.315732
2997.701, 2.182959
2999.630, 2.189497
3001.558, 2.376206
3003.487, 2.594170
3005.415, 2.601519
3007.344, 2.290737
3009.272, 2.130500
3011.201, 2.414269
3013.129, 2.297336
3015.058, 2.153347
3016.986, 2.170209
3018.915, 2.401278
3020.843, 2.376252
3022.771, 2.203339
3024.700, 2.016281
3026.628, 2.207933
3028.557, 2.098443
3030.485, 1.880685
3032.414, 1.925331
3034.342, 2.033589
3036.271, 2.124928
3038.199, 2.192304
3040.128, 2.092630
3042.056, 1.906412
3043.985, 1.916384
3045.913, 1.986233
3047.842, 1.581905
3049.770, 1.637137
3051.698, 1.944478
3053.627, 2.080741
3055.555, 1.959811
3057.484, 1.798609
3059.412, 1.701818
3061.341, 1.722148
3063.269, 1.722080
3065.198, 1.668424
3067.126, 1.745238
3069.055, 1.984074
3070.983, 1.871283
3072.912, 1.685599
3074.840, 1.654628
3076.769, 1.733893
3078.697, 1.749284
3080.625, 1.615524
3082.554, 1.413348
3084.482, 1.334738
3086.411, 1.549637
3088.339, 1.920143
3090.268, 1.620157
3092.196, 1.491493
3094.125, 1.581235
3096.053, 1.569610
3097.982, 1.551114
3099.910, 1.459933
3101.839, 1.352311
3103.767, 1.384944
3105.696, 1.374015
3107.624, 1.391122
3109.552, 1.473365
3111.481, 1.378305
3113.409, 1.511690
3115.338, 1.503483
3117.266, 1.436017
3119.195, 1.318138
3121.123, 1.349858
3123.052, 1.442416
3124.980, 1.449478
3126.909, 1.596318
3128.837, 1.520952
3130.766, 1.522968
3132.694, 1.608495
3134.623, 1.624183
3136.551, 1.509116
3138.479, 1.311043
3140.408, 1.277233
3142.336, 1.443121
3144.265, 1.232767
3146.193, 0.9065346
3148.122, 0.9760820
3150.050, 1.340121
3151.979, 1.334446
3153.907, 1.074006
3155.836, 1.246641
3157.764, 1.217197
3159.693, 1.135931
3161.621, 1.124713
3163.550, 1.222439
3165.478, 1.222813
3167.406, 1.243120
3169.335, 1.197713
3171.263, 0.9217340
3173.192, 1.238848
3175.120, 1.303096
3177.049, 0.9918919
3178.977, 0.9009498
3180.906, 0.9123571
3182.834, 1.088602
3184.763, 1.261037
3186.691, 0.9975407
3188.620, 1.142588
3190.548, 1.252287
3192.477, 1.070303
3194.405, 1.046842
3196.333, 1.005761
3198.262, 0.8948031
3200.190, 0.9445912
3202.119, 1.136719
3204.047, 1.064632
3205.976, 0.8605411
3207.904, 0.8948054
3209.833, 1.304932
3211.761, 1.105763
3213.690, 1.110728
3215.618, 1.378486
3217.547, 1.443356
3219.475, 1.297962
3221.404, 1.208483
3223.332, 1.255400
3225.260, 0.8257368
3227.189, 0.9241763
3229.117, 1.049308
3231.046, 0.9189301
3232.974, 0.8008125
3234.903, 1.079298
3236.831, 1.200494
3238.760, 1.053622
3240.688, 0.4362592
3242.617, 0.7361544
3244.545, 1.023120
3246.474, 1.046936
3248.402, 0.9074856
3250.330, 0.6579010
3252.259, 0.7014365
3254.187, 0.8824911
3256.116, 0.9089855
3258.044, 0.8087640
3259.973, 0.9773527
3261.901, 1.046760
3263.830, 0.6894367
3265.758, 0.5432186
3267.687, 0.6411588
3269.615, 0.7030882
3271.543, 0.6384898
3273.472, 0.9006616
3275.400, 0.7225789
3277.329, 0.5943565
3279.257, 0.7982989
3281.186, 1.056067
3283.114, 0.8149346
3285.043, 0.7571148
3286.971, 0.8716176
3288.900, 0.7057047
3290.828, 0.8684880
3292.757, 0.9452038
3294.685, 0.8886070
3296.614, 0.6493230
3298.542, 0.8189144
3300.470, 0.8826671
3302.399, 0.8303540
3304.327, 0.6804942
3306.256, 0.4468503
3308.184, 0.7339351
3310.113, 0.9088219
3312.041, 0.8370926
3313.970, 0.8035004
3315.898, 0.9421402
3317.827, 0.7295374
3319.755, 0.3779429
3321.684, 0.5731522
3323.612, 0.5947043
3325.541, 0.6179467
3327.469, 0.7232673
3329.397, 0.9294015
3331.326, 0.8603399
3333.254, 0.8102962
3335.183, 0.9492760
3337.111, 1.114620
3339.040, 0.5949026
3340.968, 0.4068786
3342.897, 0.4122416
3344.825, 0.5114464
3346.754, 0.6731642
3348.682, 0.9935052
3350.611, 1.030559
3352.539, 0.9024804
3354.468, 0.7422537
3356.396, 0.5897605
3358.324, 0.5289695
3360.253, 0.7620029
3362.181, 0.9985479
3364.110, 0.7922683
3366.038, 0.7900454
3367.967, 0.8101313
3369.895, 0.5924447
3371.824, 0.1778923
3373.752, 0.4557611
3375.681, 0.3327562
3377.609, 0.2958015
3379.538, 0.4873146
3381.466, 0.7513677
3383.395, 0.7740740
3385.323, 1.798713
3387.251, 2.121116
3389.180, 1.052317
3391.108, 0.8661166
3393.037, 0.4361625
3394.965, 0.6516626
3396.894, 1.062997
3398.822, 0.7272755
3400.751, 0.6966831
3402.679, 0.7145895
3404.608, 0.6408857
3406.536, 0.4964100
3408.465, 0.4413186
3410.393, 0.3347577
3412.322, 0.6092934
3414.250, 0.9163789
3416.178, 0.8565872
3418.107, 0.6438060
3420.035, 0.7438872
3421.964, 0.7215796
3423.892, 0.5826463
3425.821, 0.6945628
3427.749, 0.3177343
3429.678, 0.6379652
3431.606, 0.7913404
3433.535, 0.4935203
3435.463, 0.7067522
3437.392, 0.9108884
3439.320, 0.8190004
3441.249, 0.5862469
3443.177, 0.4607884
3445.105, 0.6866913
3447.034, 0.6324667
3448.962, 0.5025322
3450.891, 0.4904297
3452.819, 0.6198612
3454.748, 0.4070043
3456.676, 0.3225342
3458.605, 0.3626325
3460.533, 0.4997306
3462.462, 0.6932613
3464.390, 0.2931496
3466.319, 0.4813493
3468.247, 0.6252565
3470.176, 0.4938123
3472.104, 0.5309957
3474.032, 0.1653748
3475.961, 0.3986354
3477.889, 0.7098990
3479.818, 0.7826330
3481.746, 1.115129
3483.675, 0.3932818
3485.603, 0.3188308
3487.532, 0.4550860
3489.460, 0.3718879
3491.389, 0.6039999
3493.317, 0.5961434
3495.246, 0.2886839
3497.174, 0.1108551
3499.103, 0.2383838
3501.031, 0.2475249
3502.959, 0.4132968
3504.888, 0.4694348
3506.816, 0.4811577
3508.745, 0.5010803
3510.673, 0.3805155
3512.602, 0.3031114
3514.530, 0.4295331
3516.459, 0.4633852
3518.387, 0.3022721
3520.316, 0.2962419
3522.244, 0.4271655
3524.173, 0.5130774
3526.101, 0.5949904
3528.030, 0.5928537
3529.958, 0.2220495
3531.886, 0.3301337
3533.815, 0.5407704
3535.743, 0.3438994
3537.672, -6.5232529E-03
3539.600, 0.3510343
3541.529, 0.4818980
3543.457, 0.4518755
3545.386, 0.2891492
3547.314, 0.1754431
3549.243, 0.3266606
3551.171, 0.1227148
3553.100, 0.2581261
3555.028, 0.3796330
3556.957, 0.4896869
3558.885, 0.7498536
3560.813, 0.4678306
3562.742, 0.3712757
3564.670, 0.3807758
3566.599, 0.4725713
3568.527, 0.5858532
3570.456, 0.3975633
3572.384, 9.8438069E-02
3574.313, 0.5621651
3576.241, 0.6274616
3578.170, 0.1396277
3580.098, 0.5342746
3582.027, 0.2691897
3583.955, 0.2327669
3585.884, 0.2352700
3587.812, 0.4263706
3589.740, 1.002797
3591.669, 0.7619225
3593.597, 0.4377852
3595.526, 0.2656170
3597.454, 0.2621668
3599.383, 0.3320283
3601.311, 0.3197920
3603.240, 0.5656136
3605.168, 0.4034242
3607.097, 0.2618834
3609.025, 0.2190242
3610.954, 5.1143471E-02
3612.882, 0.4492697
3614.811, 0.4518551
3616.739, 0.3288323
3618.667, 0.3944233
3620.596, 0.5855286
3622.524, 0.2424112
3624.453, 0.3935363
3626.381, 0.5718757
3628.310, 0.6842101
3630.238, 0.5729857
3632.167, 0.2024836
3634.095, 0.9366235
3636.024, 0.4272946
3637.952, 0.2054231
3639.881, 0.3135116
3641.809, 0.3718478
3643.738, 0.2824181
3645.666, 0.4637659
3647.594, 0.3021307
3649.523, 0.3937638
3651.451, 0.5176470
3653.380, 0.3795829
3655.308, 0.3471841
3657.237, 0.2342889
3659.165, -9.2386771E-03
3661.094, 5.1213961E-02
3663.022, 0.4103248
3664.951, 0.6584528
3666.879, 0.2368895
3668.808, 0.4742216
3670.736, 0.1541934
3672.665, -6.4883597E-02
3674.593, 2.6084440E-02
3676.521, 0.1321533
3678.450, 0.7778940
3680.378, 0.2458034
3682.307, 0.1033652
3684.235, 0.2727291
3686.164, 0.2231906
3688.092, -0.1514861
3690.021, 0.2534245
3691.949, 0.1735220
3693.878, 0.3173401
3695.806, 0.5514087
3697.735, 0.4558523
3699.663, -5.9203621E-02
3701.592, 0.2997069
3703.520, 0.3596248
3705.448, 0.6253787
3707.377, 0.4043820
3709.305, 2.5283610E-02
3711.234, 0.3759330
3713.162, 0.5340876
3715.091, 0.2301040
3717.019, 0.1147320
3718.948, 0.2904060
3720.876, 0.3309421
3722.805, -1.4801330E-03
3724.733, 9.1689609E-02
3726.662, 0.4635305
3728.590, 0.2304852
3730.519, 3.8447741E-02
3732.447, 8.9317188E-02
3734.375, 0.1488998
3736.304, 4.6282660E-02
3738.232, 0.1235969
3740.161, 0.1016268
3742.089, 0.1805154
3744.018, 0.1431611
3745.946, 6.6975556E-02
3747.875, 0.3156206
3749.803, 9.4876930E-02
3751.732, -0.1001606
3753.660, 0.5955278
3755.589, 0.3287019
3757.517, -0.2042378
3759.446, 0.4294061
3761.374, -4.9028522E-04
3763.302, 0.8512100
3765.231, 0.6975964
3767.159, 0.3436769
3769.088, 0.2491373
3771.016, 0.7276792
3772.945, 2.179602
3774.873, 0.6487656
3776.802, -0.1952264
3778.730, 0.2836360
3780.659, 0.4423278
3782.587, 0.2841288
3784.516, 0.4641906
3786.444, 0.1276119
3788.373, 0.4409172
3790.301, 0.2015792
3792.229, 6.6171817E-02
3794.158, 0.1598497
3796.086, 0.3581963
3798.015, 0.4873933
3799.943, 0.1074227
3801.872, 0.2599307
3803.800, -0.1573387
3805.729, -9.0221040E-02
3807.657, 0.1309212
3809.586, 0.2664592
3811.514, 0.6082857
3813.443, 0.3939773
3815.371, -5.9290878E-02
3817.300, 9.4018921E-02
3819.228, 0.2224012
3821.156, 0.2517628
3823.085, 0.2436725
3825.013, 9.0696082E-02
3826.942, -5.0440370E-03
3828.870, -6.9413860E-03
3830.799, -0.2618991
3832.727, -4.7025621E-02
3834.656, 0.2036380
3836.584, 0.1730930
3838.513, 0.1573947
3840.441, 0.1467796
3842.370, 0.3095169
3844.298, 0.1135327
3846.227, 0.2034999
3848.155, 0.4324977
3850.083, 0.4338321
3852.012, 0.1659293
3853.940, -5.3637970E-02
3855.869, 0.1410423
3857.797, 0.2408324
3859.726, 2.9596159E-02
3861.654, 0.1344658
3863.583, 0.2717652
3865.511, 0.1018444
3867.440, 0.1300376
3869.368, 8.1393169E-03
3871.297, 0.3146979
3873.225, 0.4230034
3875.154, 0.2516426
3877.082, 0.1812382
3879.010, 0.1785061
3880.939, 3.8329002E-02
3882.867, 0.2062494
3884.796, 0.2243063
3886.724, 4.9487039E-02
3888.653, 4.8495729E-02
3890.581, 4.2985149E-02
3892.510, 0.3039211
3894.438, 0.5368887
3896.367, 1.5165010E-03
3898.295, -0.1569322
3900.224, 0.1513769
3902.152, 0.1121720
3904.081, 6.0665291E-02
3906.009, -2.3721309E-02
3907.938, 5.9027929E-02
3909.866, 0.2392028
3911.794, -3.0261129E-02
3913.723, 0.1759393
3915.651, -1.8396650E-02
3917.580, 0.2861153
3919.508, 0.3637977
3921.437, 0.2071580
3923.365, 1.3468630E-02
3925.294, -7.6889917E-02
3927.222, 8.3219320E-02
3929.151, 0.2909300
3931.079, 0.2847930
3933.008, 3.3255801E-02
3934.936, -5.8890008E-03
3936.865, 4.7799580E-02
3938.793, -8.0113597E-02
3940.721, -0.1524809
3942.650, 0.2295678
3944.578, 0.5286289
3946.507, 0.5125962
3948.435, 0.2817567
3950.364, 0.1205851
3952.292, 0.2496621
3954.221, 0.1846754
3956.149, -7.3240697E-02
3958.078, 3.8420301E-02
3960.006, 0.6316121
3961.935, 0.3624558
3963.863, 4.0988900E-02
3965.792, 0.2445721
3967.720, 0.1013331
3969.648, -0.1361749
3971.577, 1.1077220E-02
3973.505, 0.2692246
3975.434, 0.3502114
3977.362, 0.5327821
3979.291, 7.9181910E-02
3981.219, 0.1368201
3983.148, 9.3664497E-02
3985.076, 0.1690738
3987.005, 0.1413734
3988.933, 2.6725110E-02
3990.862, -4.2481191E-02
3992.790, -6.3128822E-02
3994.719, -0.2580343
3996.647, 0.2478779
3998.575, 0.1564508
4000.504, -8.9297742E-02
4002.432, 8.3115786E-02
4004.361, 0.2188236
4006.289, 0.1477548
4008.218, 6.9928199E-02
4010.146, 8.6346202E-02
4012.075, 6.3363656E-02
4014.003, -2.2542199E-02
4015.932, 8.2573697E-02
4017.860, 0.2906481
4019.789, 0.2228357
4021.717, 0.1425223
4023.646, -1.8020330E-02
4025.574, -8.6833186E-02
4027.502, 8.7229617E-02
4029.431, 0.1793102
4031.359, 8.1235088E-02
4033.288, 0.3408505
4035.216, 3.5763379E-02
4037.145, -0.1967544
4039.073, 1.7729120E-02
4041.002, 0.2240625
4042.930, 0.1615886
4044.859, 0.1266122
4046.787, 0.1217627
4048.716, -0.1859000
4050.644, 0.3183903
4052.573, 0.1174922
4054.501, 0.1380100
4056.429, 0.1494654
4058.358, 0.1437038
4060.286, 0.2686174
4062.215, 0.3523188
4064.143, 0.1943357
4066.072, -4.6089091E-03
4068.000, 3.3265829E-02
4069.929, -0.1444129
4071.857, 0.2807069
4073.786, -8.8876963E-02
4075.714, 0.1958926
4077.643, 7.9776913E-02
4079.571, -0.2907437
4081.500, -7.1134381E-02
4083.428, 0.1600516
4085.356, 0.1360867
4087.285, 0.1727349
4089.213, -3.9581519E-02
4091.142, 0.2611590
4093.070, 0.3873897
4094.999, 8.7695792E-02
4096.927, -1.3072650E-02
4098.855, 0.2446512
4100.784, 0.2468169
4102.712, 6.4843073E-02
4104.641, 4.6697281E-02
4106.569, 0.1548019
4108.498, 0.1182797
4110.426, -0.1027175
4112.355, -0.1746676
4114.283, 0.3196116
4116.212, -0.2545934
4118.140, 0.1333136
4120.069, 0.1225514
4121.997, 0.5290424
4123.926, 0.4369197
4125.854, 2.8971350E-02
4127.783, -0.1823233
4129.711, -6.4054109E-02
4131.640, 0.1226216
4133.568, -1.6955370E-02
4135.497, 4.1481260E-02
4137.425, 3.9327390E-02
4139.354, 0.1442319
4141.282, -0.1582643
4143.210, 0.3102741
4145.139, 0.3879206
4147.067, 0.2223662
4148.996, -3.8016710E-02
4150.924, 5.7907131E-02
4152.853, 0.2216714
4154.781, 6.9277443E-02
4156.709, -2.1448569E-02
4158.638, -7.2359927E-02
4160.566, -0.2376167
4162.495, -0.2245753
4164.423, 0.1478187
4166.352, -5.4822769E-02
4168.280, -0.2869044
4170.209, 3.6273390E-02
4172.137, 0.3430598
4174.066, 0.2972640
4175.994, 0.4574009
4177.923, 0.4002699
4179.851, 6.8543710E-02
4181.780, 0.1811060
4183.708, 0.3316527
4185.637, 0.1356442
4187.565, 8.2340553E-02
4189.494, 0.4276006
4191.422, -8.0582343E-02
4193.351, -5.1312368E-02
4195.279, 0.2992877
4197.208, 0.3421909
4199.136, 4.9448151E-02
4201.064, 9.9944279E-02
4202.993, 0.1363826
4204.921, 0.2346271
4206.850, 0.1662474
4208.778, 0.1366722
4210.707, 0.5523011
4212.635, 9.5809497E-02
4214.563, -0.3612466
4216.492, 0.2433168
4218.420, -0.5843627
4220.349, 0.3144114
4222.277, 0.3046648
4224.206, 0.3019403
4226.134, 6.7567982E-02
4228.063, -2.6187090E-02
4229.991, -0.1062331
4231.920, -9.5347270E-02
4233.848, -6.1743122E-02
4235.777, -0.2532731
4237.705, -0.2346462
4239.634, 7.7974349E-02
4241.562, 0.1479134
4243.491, 0.2353780
4245.419, 0.2665623
4247.348, 7.0718527E-02
4249.276, -0.1735213
4251.205, 0.1884944
4253.133, 0.1846440
4255.062, 0.2399030
4256.990, 2.8968539E-02
4258.918, 0.1269716
4260.847, 0.5082091
4262.775, 0.1986061
4264.704, -4.6223190E-02
4266.632, -4.4422322E-03
4268.561, 5.6204289E-02
4270.489, 0.1565991
4272.417, 9.3408883E-02
4274.346, -0.1896726
4276.274, -0.2765222
4278.203, -0.1036220
4280.131, 4.7095671E-02
4282.060, -3.5400670E-02
4283.988, 0.1310863
4285.917, 0.1129159
4287.845, 0.1615160
4289.774, 0.4497142
4291.702, -9.9789239E-02
4293.631, -0.2723119
4295.559, 0.1348226
4297.488, 0.1277965
4299.416, 7.5520404E-02
4301.345, 0.3413793
4303.273, 0.1242087
4305.202, 7.8266047E-02
4307.130, 7.5786658E-02
4309.059, 7.0414066E-02
4310.987, -4.6680100E-02
4312.916, -0.1659720
4314.844, 4.7253609E-02
4316.772, 0.2910484
4318.701, 0.2836308
4320.629, 0.1296092
4322.558, -1.1577390E-02
4324.486, 0.1982053
4326.415, 0.3595232
4328.343, 4.7070280E-02
4330.271, -0.3570849
4332.200, 0.5021330
4334.128, 0.4530813
4336.057, 0.4673083
4337.985, 0.3880717
4339.914, 0.3786519
4341.842, 0.1286388
4343.771, 8.1844851E-02
4345.699, 0.1617308
4347.628, -9.5302269E-02
4349.556, 2.7895351E-03
4351.485, -7.3212378E-02
4353.413, 0.3587734
4355.342, 0.3306681
4357.270, 7.6268271E-02
4359.199, 0.3587934
4361.127, -9.4028473E-02
4363.056, -0.1550424
4364.984, 0.1445164
4366.913, -0.3928862
4368.841, -0.3690901
4370.770, 6.7928140E-03
4372.698, 0.1179741
4374.626, 0.4161430
4376.555, -0.1463059
4378.483, 1.1402630E-02
##END=



