##NAMES=Katoptrite
##RRUFFID=R140009
##IDEAL CHEMISTRY=Mn^2+^_13_Al_4_Sb^5+^_2_O_20_(SiO_4_)_2_
##LOCALITY=Brattfors mine, Nordmark, Filipstad, Värmland, Sweden
##OWNER=RRUFF
##SOURCE=Rock Currier
##DESCRIPTION=Black grains, thin black splinters or flakes
##STATUS=The identification of this mineral has been confirmed by single-crystal X-ray diffraction
##URL=https://www.rruff.net/odr/rruff_sample/R140009
##DIFFRACTION SAMPLE DESCRIPTION=Single crystal, powder profile is calculated
##CELL PARAMETERS=a: 5.595 b: 22.979 c: 9.093 alpha: 90 beta: 101.05 gamma: 90 volume: 1147.4 crystal system: monoclinic
##FILETYPE=Raman Processed
##RAMAN WAVELENGTH=780

92.30566, 952.6642
94.23413, 937.9124
96.16260, 890.2946
98.09106, 852.7450
100.0195, 824.4962
101.9480, 803.6041
103.8765, 784.7999
105.8049, 763.6414
107.7334, 747.0189
109.6619, 736.8665
111.5903, 730.4567
113.5188, 724.3965
115.4473, 718.2479
117.3757, 712.7477
119.3042, 711.9841
121.2327, 705.8085
123.1611, 688.7565
125.0896, 666.0289
127.0181, 642.5844
128.9465, 618.2389
130.8750, 597.5872
132.8035, 582.1782
134.7319, 568.8119
136.6604, 556.6705
138.5889, 546.4567
140.5173, 539.0520
142.4458, 534.3148
144.3743, 529.5850
146.3027, 524.1207
148.2312, 519.4073
150.1597, 516.0647
152.0881, 513.2538
154.0166, 510.4102
155.9451, 507.5257
157.8735, 504.4604
159.8020, 500.7939
161.7305, 497.6035
163.6589, 494.9042
165.5874, 492.8161
167.5159, 491.5042
169.4443, 490.8315
171.3728, 490.3512
173.3013, 489.9445
175.2297, 489.9761
177.1582, 490.7036
179.0867, 491.5081
181.0151, 492.0900
182.9436, 492.5245
184.8721, 492.8873
186.8005, 493.0872
188.7290, 493.5999
190.6575, 494.3267
192.5859, 495.5363
194.5144, 497.4811
196.4429, 499.8998
198.3713, 502.9730
200.2998, 506.7180
202.2283, 508.7280
204.1567, 508.5443
206.0852, 508.1526
208.0137, 507.8122
209.9421, 507.7393
211.8706, 508.1011
213.7991, 508.8468
215.7275, 509.6559
217.6560, 510.3827
219.5845, 512.2149
221.5129, 516.0426
223.4414, 519.8008
225.3699, 523.1100
227.2983, 525.5461
229.2268, 526.5367
231.1553, 525.9845
233.0837, 524.0897
235.0122, 520.5643
236.9407, 516.5118
238.8691, 511.6431
240.7976, 507.0050
242.7261, 503.1012
244.6545, 500.0047
246.5830, 497.9945
248.5115, 497.0859
250.4399, 496.4913
252.3684, 496.7436
254.2969, 496.1906
256.2253, 494.1841
258.1538, 491.1912
260.0823, 487.7085
262.0107, 483.6880
263.9392, 478.8487
265.8677, 472.9674
267.7961, 466.9790
269.7246, 460.7820
271.6531, 454.8895
273.5815, 449.3155
275.5100, 444.3564
277.4385, 440.7138
279.3669, 438.2674
281.2954, 435.6225
283.2239, 431.9380
285.1523, 429.3992
287.0808, 428.7817
289.0093, 429.0383
290.9377, 429.7707
292.8662, 430.7459
294.7947, 431.4727
296.7231, 431.8923
298.6516, 432.5391
300.5801, 433.9466
302.5085, 434.9434
304.4370, 435.2350
306.3655, 435.0840
308.2939, 434.4291
310.2224, 433.5484
312.1509, 433.0004
314.0793, 432.7138
316.0078, 433.1185
317.9363, 434.7490
319.8647, 436.2758
321.7932, 437.8830
323.7217, 438.7642
325.6501, 438.1687
327.5786, 436.3979
329.5071, 434.2566
331.4355, 431.6804
333.3640, 428.9743
335.2925, 425.5462
337.2209, 422.8294
339.1494, 421.6271
341.0779, 420.8818
343.0063, 419.6682
344.9348, 418.2251
346.8633, 417.4214
348.7917, 417.4245
350.7202, 417.5873
352.6487, 418.0238
354.5771, 418.4218
356.5056, 418.5186
358.4341, 418.7954
360.3625, 419.5744
362.2910, 420.7714
364.2195, 422.3246
366.1479, 424.4264
368.0764, 425.5487
370.0049, 425.2509
371.9333, 425.1489
373.8618, 425.4179
375.7903, 426.3502
377.7188, 428.2724
379.6472, 430.7675
381.5757, 433.1825
383.5042, 435.5163
385.4326, 438.1218
387.3611, 440.9634
389.2896, 444.2399
391.2180, 448.1991
393.1465, 452.3039
395.0750, 456.6498
397.0034, 460.7842
398.9319, 464.0996
400.8604, 466.7872
402.7888, 469.7750
404.7173, 473.0764
406.6458, 475.7220
408.5742, 477.1310
410.5027, 478.9682
412.4312, 481.9879
414.3596, 485.3519
416.2881, 488.6212
418.2166, 491.9247
420.1450, 495.7820
422.0735, 500.0000
424.0020, 503.1548
425.9304, 504.9714
427.8589, 507.0285
429.7874, 510.5432
431.7158, 513.0659
433.6443, 513.7805
435.5728, 513.2857
437.5012, 511.3490
439.4297, 508.8039
441.3582, 507.2790
443.2866, 506.7779
445.2151, 507.5543
447.1436, 509.7910
449.0720, 512.9216
451.0005, 516.8690
452.9290, 521.5617
454.8574, 526.8590
456.7859, 532.9904
458.7144, 540.3982
460.6428, 548.7897
462.5713, 557.7032
464.4998, 567.1497
466.4282, 576.4229
468.3567, 585.7709
470.2852, 594.2812
472.2136, 601.3793
474.1421, 608.2969
476.0706, 616.1597
477.9990, 623.4841
479.9275, 628.8088
481.8560, 632.5773
483.7844, 635.2507
485.7129, 636.6451
487.6414, 639.0879
489.5698, 642.4929
491.4983, 647.3055
493.4268, 653.2140
495.3552, 661.0246
497.2837, 671.1646
499.2122, 683.2917
501.1406, 697.7498
503.0691, 713.6578
504.9976, 730.2969
506.9260, 747.6191
508.8545, 761.4323
510.7830, 772.0486
512.7114, 777.8351
514.6399, 779.2535
516.5684, 774.6675
518.4968, 762.8712
520.4253, 745.7978
522.3538, 722.2964
524.2822, 696.2379
526.2107, 671.1284
528.1392, 647.1067
530.0676, 624.0375
531.9961, 601.6036
533.9246, 584.1549
535.8530, 572.5262
537.7815, 562.3830
539.7100, 552.0232
541.6384, 544.8618
543.5669, 543.4865
545.4954, 544.7540
547.4238, 546.8795
549.3523, 550.4593
551.2808, 556.4474
553.2092, 564.7143
555.1377, 574.5453
557.0662, 585.8483
558.9946, 599.3412
560.9231, 615.2964
562.8516, 632.4928
564.7800, 650.1748
566.7085, 669.9714
568.6370, 693.6634
570.5654, 718.0985
572.4939, 742.0589
574.4224, 764.9071
576.3508, 786.3883
578.2793, 805.9406
580.2078, 822.7880
582.1362, 836.7109
584.0647, 843.8203
585.9932, 843.9964
587.9216, 836.1111
589.8501, 819.2121
591.7786, 795.0502
593.7070, 761.2764
595.6355, 724.3098
597.5640, 685.1073
599.4924, 646.6091
601.4209, 611.3271
603.3494, 579.5307
605.2778, 551.1546
607.2063, 526.3318
609.1348, 505.9427
611.0632, 490.2027
612.9917, 477.3824
614.9202, 467.6306
616.8486, 460.2032
618.7771, 454.6929
620.7056, 451.7948
622.6340, 452.4471
624.5625, 454.9724
626.4910, 457.7684
628.4194, 462.3188
630.3479, 470.6833
632.2764, 481.7284
634.2048, 493.0089
636.1333, 504.6640
638.0618, 519.0848
639.9902, 536.6009
641.9187, 555.8688
643.8472, 576.1801
645.7756, 599.4450
647.7041, 625.7170
649.6326, 655.1148
651.5610, 687.6913
653.4895, 723.2894
655.4180, 762.1927
657.3464, 803.7763
659.2749, 849.5074
661.2034, 896.2463
663.1318, 939.8949
665.0603, 979.9159
666.9888, 1014.285
668.9172, 1043.696
670.8457, 1060.340
672.7742, 1064.095
674.7026, 1056.185
676.6311, 1035.577
678.5596, 1005.939
680.4880, 965.6559
682.4165, 921.5938
684.3450, 874.6058
686.2734, 827.6385
688.2019, 781.4943
690.1304, 737.0709
692.0588, 694.6710
693.9873, 654.8486
695.9158, 618.6260
697.8442, 585.8529
699.7727, 556.1526
701.7012, 529.6049
703.6296, 505.9324
705.5581, 485.1065
707.4866, 468.0571
709.4150, 455.1736
711.3435, 444.5396
713.2720, 435.9560
715.2004, 429.0753
717.1289, 424.1594
719.0574, 420.4434
720.9858, 417.0374
722.9143, 415.4896
724.8428, 417.1412
726.7712, 420.8360
728.6997, 425.2891
730.6282, 431.0189
732.5566, 439.5938
734.4851, 450.0448
736.4136, 459.1805
738.3420, 467.3784
740.2705, 476.8473
742.1990, 487.6597
744.1274, 498.6566
746.0559, 509.4730
747.9844, 521.8163
749.9128, 536.5917
751.8413, 551.4789
753.7698, 566.1233
755.6982, 580.8626
757.6267, 596.4892
759.5552, 611.3117
761.4836, 626.1500
763.4121, 638.0383
765.3406, 644.7458
767.2690, 647.6019
769.1975, 646.5187
771.1260, 643.3731
773.0544, 640.1685
774.9829, 637.1125
776.9114, 634.6221
778.8398, 632.6886
780.7683, 631.6864
782.6968, 631.6709
784.6252, 630.4880
786.5537, 628.5114
788.4822, 623.8741
790.4106, 616.3139
792.3391, 606.6113
794.2676, 595.0837
796.1960, 580.8577
798.1245, 562.4297
800.0530, 544.0186
801.9814, 526.3207
803.9099, 509.6179
805.8384, 493.3038
807.7668, 479.0820
809.6953, 468.0237
811.6238, 459.3553
813.5522, 452.6856
815.4807, 447.8250
817.4092, 444.6419
819.3376, 443.1085
821.2661, 443.4184
823.1946, 445.2456
825.1230, 448.1627
827.0515, 451.9545
828.9800, 455.4976
830.9084, 458.9858
832.8369, 464.3248
834.7654, 471.6005
836.6938, 479.2640
838.6223, 487.3541
840.5508, 495.4356
842.4792, 503.6623
844.4077, 510.0063
846.3362, 514.3001
848.2646, 516.1134
850.1931, 515.6414
852.1216, 511.4689
854.0500, 502.5862
855.9785, 491.5546
857.9070, 478.1635
859.8354, 464.4936
861.7639, 450.4529
863.6924, 437.4470
865.6208, 426.1049
867.5493, 415.8846
869.4778, 406.3011
871.4063, 397.8879
873.3347, 391.3643
875.2632, 385.8350
877.1917, 380.6508
879.1201, 375.8014
881.0486, 371.0423
882.9771, 366.8156
884.9055, 364.0984
886.8340, 362.2055
888.7625, 360.1002
890.6909, 357.7134
892.6194, 354.5301
894.5479, 351.0288
896.4763, 348.5555
898.4048, 347.0779
900.3333, 346.4541
902.2617, 346.5941
904.1902, 346.6722
906.1187, 346.6703
908.0471, 347.0303
909.9756, 347.8389
911.9041, 348.1844
913.8325, 347.7251
915.7610, 348.1894
917.6895, 350.7435
919.6179, 351.0584
921.5464, 347.7090
923.4749, 344.7640
925.4033, 343.1867
927.3318, 340.1187
929.2603, 334.2561
931.1887, 329.3657
933.1172, 326.0370
935.0457, 323.4625
936.9741, 321.6715
938.9026, 320.1796
940.8311, 318.8239
942.7595, 317.8378
944.6880, 317.4329
946.6165, 317.1303
948.5449, 316.8307
950.4734, 316.4926
952.4019, 316.4095
954.3303, 315.6767
956.2588, 313.7364
958.1873, 311.2578
960.1157, 308.1588
962.0442, 305.2509
963.9727, 303.0241
965.9011, 301.0417
967.8296, 298.7548
969.7581, 297.0316
971.6865, 296.9969
973.6150, 296.9545
975.5435, 295.5864
977.4719, 293.9307
979.4004, 292.5126
981.3289, 291.4812
983.2573, 291.4577
985.1858, 291.3297
987.1143, 289.9145
989.0427, 288.0880
990.9712, 286.6331
992.8997, 285.2785
994.8281, 283.7860
996.7566, 282.1725
998.6851, 280.0496
1000.614, 278.2198
1002.542, 277.9101
1004.470, 278.1698
1006.399, 278.1667
1008.327, 277.7355
1010.256, 276.3763
1012.184, 274.7386
1014.113, 273.4821
1016.041, 272.6385
1017.970, 272.7196
1019.898, 272.8348
1021.827, 271.5884
1023.755, 269.8220
1025.684, 268.5158
1027.612, 267.5249
1029.541, 266.5779
1031.469, 265.8656
1033.397, 265.6673
1035.326, 265.8177
1037.254, 266.4087
1039.183, 266.9350
1041.111, 266.7341
1043.040, 266.0969
1044.968, 265.3238
1046.897, 264.4174
1048.825, 263.2636
1050.754, 262.0970
1052.682, 261.1876
1054.611, 260.4490
1056.539, 259.8119
1058.468, 259.2397
1060.396, 258.6721
1062.324, 258.1550
1064.253, 257.8067
1066.181, 257.4676
1068.110, 257.0258
1070.038, 256.4395
1071.967, 255.6124
1073.895, 254.6817
1075.824, 253.8319
1077.752, 252.8848
1079.681, 251.3925
1081.609, 250.0594
1083.538, 249.4475
1085.466, 249.3105
1087.395, 249.8520
1089.323, 250.2773
1091.251, 249.5921
1093.180, 249.1053
1095.108, 250.3786
1097.037, 251.2362
1098.965, 250.0649
1100.894, 248.4653
1102.822, 246.8867
1104.751, 245.7787
1106.679, 245.3020
1108.608, 245.4490
1110.536, 246.7934
1112.465, 247.8575
1114.393, 247.8877
1116.322, 247.8335
1118.250, 248.0469
1120.178, 248.1027
1122.107, 247.8715
1124.035, 247.4854
1125.964, 246.8535
1127.892, 246.3535
1129.821, 245.9718
1131.749, 246.0209
1133.678, 246.8648
1135.606, 247.1776
1137.535, 246.3596
1139.463, 246.4312
1141.392, 247.9454
1143.320, 249.0349
1145.249, 249.4805
1147.177, 249.7735
1149.105, 250.0002
1151.034, 249.6174
1152.962, 248.5164
1154.891, 248.2148
1156.819, 248.7709
1158.748, 249.9783
1160.676, 251.7143
1162.605, 252.3619
1164.533, 252.0428
1166.462, 251.7745
1168.390, 251.6160
1170.319, 251.8593
1172.247, 252.3301
1174.176, 252.5874
1176.104, 252.5682
1178.032, 251.8000
1179.961, 250.9361
1181.889, 251.2065
1183.818, 251.8406
1185.746, 251.8899
1187.675, 251.7990
1189.603, 252.0690
1191.532, 252.2981
1193.460, 252.2116
1195.389, 251.9384
1197.317, 251.3089
1199.246, 250.9644
1201.174, 251.3822
1203.103, 251.7843
1205.031, 251.8572
1206.959, 251.9099
1208.888, 252.1169
1210.816, 252.0331
1212.745, 251.4129
1214.673, 251.2697
1216.602, 251.8745
1218.530, 252.3088
1220.459, 252.4592
1222.387, 252.0688
1224.316, 251.1264
1226.244, 250.9672
1228.173, 251.5988
1230.101, 252.6631
1232.030, 253.8833
1233.958, 253.6876
1235.886, 252.5876
1237.815, 252.0529
1239.743, 251.7906
1241.672, 251.0508
1243.600, 250.3924
1245.529, 250.9377
1247.457, 251.5832
1249.386, 251.0976
1251.314, 250.3910
1253.243, 250.0947
1255.171, 249.8674
1257.100, 249.3952
1259.028, 249.1543
1260.957, 249.4564
1262.885, 249.7153
1264.813, 249.7484
1266.742, 249.8629
1268.670, 250.2674
1270.599, 250.0378
1272.527, 248.9437
1274.456, 248.6129
1276.384, 249.1153
1278.313, 249.6529
1280.241, 250.1716
1282.170, 250.3026
1284.098, 250.2470
1286.027, 250.6076
1287.955, 251.2357
1289.884, 251.8888
1291.812, 252.6241
1293.740, 253.7289
1295.669, 254.6205
1297.597, 254.8352
1299.526, 254.7345
1301.454, 254.3174
1303.383, 254.0500
1305.311, 254.0352
1307.240, 254.4007
1309.168, 255.2813
1311.097, 256.1288
1313.025, 256.8492
1314.954, 257.8250
1316.882, 259.1335
1318.811, 259.8114
1320.739, 259.9286
1322.667, 259.7247
1324.596, 259.4493
1326.524, 259.9768
1328.453, 260.7728
1330.381, 260.8541
1332.310, 260.8507
1334.238, 261.4497
1336.167, 262.1180
1338.095, 262.5195
1340.024, 262.9203
1341.952, 263.4607
1343.881, 263.8680
1345.809, 264.1011
1347.738, 264.0823
1349.666, 263.7951
1351.594, 263.6508
1353.523, 263.6591
1355.451, 263.4242
1357.380, 263.0521
1359.308, 262.8972
1361.237, 262.9984
1363.165, 263.5563
1365.094, 264.2447
1367.022, 264.8137
1368.951, 265.1278
1370.879, 265.0169
1372.808, 264.7074
1374.736, 264.2658
1376.665, 263.6618
1378.593, 262.5025
1380.521, 262.5197
1382.450, 264.1471
1384.378, 264.2293
1386.307, 262.8461
1388.235, 262.2155
1390.164, 262.2729
1392.092, 262.8087
1394.021, 263.5999
1395.949, 264.3837
1397.878, 265.1483
1399.806, 266.0830
1401.735, 266.6448
1403.663, 266.4359
1405.592, 266.0531
1407.520, 265.6316
1409.448, 265.1885
1411.377, 264.6551
1413.305, 264.4468
1415.234, 264.5656
1417.162, 265.3284
1419.091, 266.3768
1421.019, 266.3942
1422.948, 265.9605
1424.876, 265.9191
1426.805, 265.9168
1428.733, 265.7408
1430.662, 265.4486
1432.590, 264.9965
1434.519, 264.6975
1436.447, 264.6817
1438.375, 264.2449
1440.304, 263.2892
1442.232, 263.3857
1444.161, 264.1677
1446.089, 263.4876
1448.018, 262.0596
1449.946, 260.9441
1451.875, 260.2741
1453.803, 260.6361
1455.732, 260.7200
1457.660, 259.5359
1459.589, 258.7873
1461.517, 258.9855
1463.446, 258.5565
1465.374, 257.3654
1467.302, 257.0412
1469.231, 257.3012
1471.159, 256.3454
1473.088, 254.9163
1475.016, 254.3327
1476.945, 253.9231
1478.873, 253.1733
1480.802, 252.2091
1482.730, 251.0365
1484.659, 249.7182
1486.587, 247.9871
1488.516, 247.5647
1490.444, 248.4552
1492.373, 248.3487
1494.301, 247.6664
1496.229, 248.2009
1498.158, 248.7487
1500.086, 247.6609
1502.015, 246.2672
1503.943, 245.2950
1505.872, 244.5321
1507.800, 244.0907
1509.729, 243.4026
1511.657, 242.2995
1513.586, 241.9857
1515.514, 242.3142
1517.443, 242.7391
1519.371, 242.9440
1521.300, 242.2504
1523.228, 241.3030
1525.156, 240.3511
1527.085, 239.7129
1529.013, 239.5921
1530.942, 239.4485
1532.870, 239.2195
1534.799, 238.7681
1536.727, 238.1496
1538.656, 237.4261
1540.584, 236.9077
1542.513, 237.5850
1544.441, 237.9731
1546.370, 236.6554
1548.298, 235.7677
1550.227, 235.9980
1552.155, 235.9994
1554.083, 235.5821
1556.012, 235.2819
1557.940, 235.0788
1559.869, 235.0020
1561.797, 234.7689
1563.726, 233.7043
1565.654, 232.8495
1567.583, 233.0302
1569.511, 233.1952
1571.440, 233.1983
1573.368, 233.0474
1575.297, 232.7706
1577.225, 232.5462
1579.154, 232.3833
1581.082, 232.4643
1583.010, 232.3569
1584.939, 231.4860
1586.867, 230.6447
1588.796, 229.8159
1590.724, 229.9869
1592.653, 231.2770
1594.581, 232.1482
1596.510, 232.5756
1598.438, 232.4177
1600.367, 232.1588
1602.295, 232.6497
1604.224, 232.6758
1606.152, 231.0457
1608.081, 230.1206
1610.009, 230.5243
1611.938, 230.2707
1613.866, 229.5469
1615.794, 229.6125
1617.723, 229.9168
1619.651, 229.4910
1621.580, 229.4232
1623.508, 230.6429
1625.437, 231.1682
1627.365, 230.3904
1629.294, 229.8250
1631.222, 229.4870
1633.151, 229.2033
1635.079, 228.9131
1637.008, 228.4732
1638.936, 228.0866
1640.865, 227.8598
1642.793, 227.6456
1644.721, 227.3882
1646.650, 227.8648
1648.578, 228.8628
1650.507, 229.1740
1652.435, 229.1748
1654.364, 229.5479
1656.292, 229.4470
1658.221, 228.2762
1660.149, 227.4094
1662.078, 227.0432
1664.006, 226.6729
1665.935, 226.4348
1667.863, 227.1447
1669.792, 227.8842
1671.720, 227.4993
1673.648, 227.1399
1675.577, 227.1934
1677.505, 227.5497
1679.434, 228.1379
1681.362, 227.9619
1683.291, 227.5319
1685.219, 228.0914
1687.148, 228.6499
1689.076, 228.2879
1691.005, 228.0420
1692.933, 228.0889
1694.862, 228.5972
1696.790, 229.4195
1698.719, 229.6412
1700.647, 229.7394
1702.575, 230.4099
1704.504, 230.9799
1706.432, 231.2747
1708.361, 230.9941
1710.289, 230.0803
1712.218, 230.2530
1714.146, 231.0312
1716.075, 231.2592
1718.003, 231.5543
1719.932, 232.3818
1721.860, 233.0613
1723.789, 233.3552
1725.717, 233.9791
1727.646, 234.7682
1729.574, 234.9581
1731.502, 234.8466
1733.431, 234.6393
1735.359, 234.4634
1737.288, 234.3372
1739.216, 234.3846
1741.145, 234.6035
1743.073, 234.8712
1745.002, 235.3034
1746.930, 236.5236
1748.859, 237.0341
1750.787, 236.0176
1752.716, 236.0299
1754.644, 237.2114
1756.573, 237.3049
1758.501, 236.7876
1760.429, 236.3950
1762.358, 235.9956
1764.286, 235.3701
1766.215, 235.1708
1768.143, 235.4248
1770.072, 235.5952
1772.000, 235.7115
1773.929, 236.0963
1775.857, 236.1407
1777.786, 235.0096
1779.714, 234.6797
1781.643, 235.3386
1783.571, 235.0867
1785.500, 234.3035
1787.428, 233.6655
1789.356, 233.2903
1791.285, 233.6299
1793.213, 233.1940
1795.142, 231.7340
1797.070, 231.4215
1798.999, 231.6932
1800.927, 231.7374
1802.856, 231.1440
1804.784, 229.1191
1806.713, 228.1691
1808.641, 228.6217
1810.570, 227.8836
1812.498, 226.7763
1814.427, 227.0564
1816.355, 227.0446
1818.283, 225.8920
1820.212, 224.7764
1822.140, 223.8342
1824.069, 222.7415
1825.997, 221.7501
1827.926, 221.2859
1829.854, 220.9719
1831.783, 220.7412
1833.711, 219.9537
1835.640, 218.7546
1837.568, 218.5696
1839.497, 218.2744
1841.425, 216.0676
1843.354, 214.7178
1845.282, 214.8827
1847.210, 214.5102
1849.139, 213.5689
1851.067, 212.2433
1852.996, 210.9050
1854.924, 209.8534
1856.853, 208.8083
1858.781, 207.7366
1860.710, 206.8750
1862.638, 205.9348
1864.567, 204.1274
1866.495, 202.6186
1868.424, 202.1505
1870.352, 201.2518
1872.281, 199.9729
1874.209, 199.1689
1876.137, 198.4031
1878.066, 196.9888
1879.994, 196.0752
1881.923, 196.0910
1883.851, 194.9570
1885.780, 193.2735
1887.708, 192.5862
1889.637, 192.0580
1891.565, 191.4169
1893.494, 190.1055
1895.422, 188.2264
1897.351, 187.5936
1899.279, 187.4538
1901.208, 187.1088
1903.136, 186.6544
1905.064, 186.1380
1906.993, 184.9651
1908.921, 183.6582
1910.850, 183.9142
1912.778, 184.1362
1914.707, 183.6185
1916.635, 182.4942
1918.564, 180.9965
1920.492, 180.5945
1922.421, 180.4481
1924.349, 179.6406
1926.278, 179.0612
1928.206, 178.8916
1930.135, 179.2805
1932.063, 179.7352
1933.991, 179.4742
1935.920, 178.5832
1937.848, 176.9234
1939.777, 177.2007
1941.705, 178.5801
1943.634, 177.0221
1945.562, 175.7388
1947.491, 177.9258
1949.419, 177.6334
1951.348, 174.9160
1953.276, 174.1788
1955.205, 174.3143
1957.133, 174.3832
1959.062, 174.2182
1960.990, 173.7903
1962.918, 173.0483
1964.847, 172.1742
1966.775, 170.8684
1968.704, 170.9232
1970.632, 173.8582
1972.561, 173.6047
1974.489, 171.6041
1976.418, 171.6745
1978.346, 171.9989
1980.275, 171.4860
1982.203, 171.5083
1984.132, 171.9018
1986.060, 171.8495
1987.989, 171.3862
1989.917, 170.3335
1991.845, 169.7802
1993.774, 169.7237
1995.702, 169.1849
1997.631, 168.3204
1999.559, 167.0323
2001.488, 166.5331
2003.416, 167.0085
2005.345, 167.5236
2007.273, 167.7391
2009.202, 167.1344
2011.130, 166.6247
2013.059, 166.3814
2014.987, 166.1177
2016.916, 165.7885
2018.844, 165.3453
2020.772, 164.7957
2022.701, 164.1516
2024.629, 163.4876
2026.558, 162.9713
2028.486, 162.8623
2030.415, 163.0230
2032.343, 163.4045
2034.272, 163.4235
2036.200, 163.3242
2038.129, 163.6893
2040.057, 163.7457
2041.986, 163.3219
2043.914, 161.9356
2045.843, 160.5060
2047.771, 160.6670
2049.699, 160.9732
2051.628, 161.0345
2053.556, 160.5149
2055.485, 160.0322
2057.413, 160.6426
2059.342, 161.3243
2061.270, 161.7936
2063.199, 161.9018
2065.127, 161.6545
2067.056, 160.9053
2068.984, 160.4240
2070.913, 160.5400
2072.841, 159.9150
2074.770, 159.1149
2076.698, 158.8179
2078.626, 158.8925
2080.555, 159.3295
2082.483, 159.6138
2084.412, 159.6446
2086.340, 159.1608
2088.269, 158.9893
2090.197, 159.2810
2092.126, 159.0989
2094.054, 158.6460
2095.983, 158.0477
2097.911, 157.5853
2099.840, 157.2759
2101.768, 156.7525
2103.697, 156.3836
2105.625, 156.5056
2107.553, 156.5956
2109.482, 156.6165
2111.410, 156.8328
2113.339, 156.8272
2115.267, 156.3211
2117.196, 155.6945
2119.124, 155.1554
2121.053, 155.2513
2122.981, 155.2974
2124.910, 155.0000
2126.838, 154.4602
2128.767, 153.9670
2130.695, 154.0717
2132.624, 154.2776
2134.552, 154.4676
2136.480, 154.3239
2138.409, 153.9403
2140.337, 153.0975
2142.266, 153.1374
2144.194, 154.0744
2146.123, 153.0948
2148.051, 151.8707
2149.980, 151.7165
2151.908, 151.4501
2153.837, 151.0226
2155.765, 150.7746
2157.694, 150.3826
2159.622, 149.6210
2161.551, 149.6971
2163.479, 149.9891
2165.407, 149.1119
2167.336, 148.1183
2169.264, 147.2807
2171.193, 147.1238
2173.121, 147.0687
2175.050, 146.4950
2176.978, 146.0499
2178.907, 145.7962
2180.835, 145.6180
2182.764, 145.2323
2184.692, 144.4720
2186.621, 144.3663
2188.549, 144.4190
2190.478, 143.0829
2192.406, 142.5435
2194.334, 143.1777
2196.263, 142.5674
2198.191, 141.6181
2200.120, 141.4132
2202.048, 140.9341
2203.977, 140.1685
2205.905, 139.3247
2207.834, 138.6865
2209.762, 138.4324
2211.691, 138.1183
2213.619, 137.7830
2215.548, 137.6262
2217.476, 137.1137
2219.405, 136.2118
2221.333, 135.6141
2223.261, 134.8692
2225.190, 133.4476
2227.118, 132.6431
2229.047, 132.1941
2230.975, 131.2346
2232.904, 130.6156
2234.832, 130.6117
2236.761, 130.5513
2238.689, 130.3285
2240.618, 129.8047
2242.546, 129.5679
2244.475, 129.4709
2246.403, 128.9087
2248.332, 127.9984
2250.260, 126.7818
2252.188, 125.9658
2254.117, 125.4293
2256.045, 125.0828
2257.974, 124.5963
2259.902, 124.0525
2261.831, 124.0540
2263.759, 123.7215
2265.688, 122.7846
2267.616, 122.1675
2269.545, 121.6308
2271.473, 120.8447
2273.402, 120.2311
2275.330, 119.7441
2277.259, 118.9915
2279.187, 118.4898
2281.115, 118.3710
2283.044, 117.6316
2284.972, 116.8910
2286.901, 116.8618
2288.829, 116.9399
2290.758, 116.7780
2292.686, 115.2376
2294.615, 114.5147
2296.543, 115.1910
2298.472, 114.9594
2300.400, 114.3556
2302.329, 113.8349
2304.257, 112.5546
2306.186, 111.3752
2308.114, 112.4160
2310.042, 112.2602
2311.971, 110.5178
2313.899, 110.4948
2315.828, 110.8843
2317.756, 111.0887
2319.685, 110.2790
2321.613, 109.2748
2323.542, 109.1251
2325.470, 108.7154
2327.399, 108.2039
2329.327, 109.1550
2331.256, 109.2945
2333.184, 108.0148
2335.113, 106.5574
2337.041, 106.0306
2338.969, 107.4099
2340.898, 106.6320
2342.826, 104.8171
2344.755, 104.0577
2346.683, 104.4175
2348.612, 105.3641
2350.540, 104.7593
2352.469, 103.9147
2354.397, 103.3340
2356.326, 103.3021
2358.254, 103.2182
2360.183, 102.4359
2362.111, 101.9695
2364.040, 101.6306
2365.968, 100.8142
2367.896, 100.6295
2369.825, 101.0108
2371.753, 101.1842
2373.682, 100.8736
2375.610, 99.92731
2377.539, 99.77003
2379.467, 99.43925
2381.396, 97.88876
2383.324, 98.32449
2385.253, 99.14869
2387.181, 97.86459
2389.110, 97.08641
2391.038, 97.00728
2392.967, 97.30575
2394.895, 97.22230
2396.823, 96.62288
2398.752, 96.38518
2400.680, 96.30664
2402.609, 96.27306
2404.537, 95.83765
2406.466, 95.29072
2408.394, 94.92981
2410.323, 94.27266
2412.251, 93.60390
2414.180, 93.56158
2416.108, 93.61062
2418.037, 93.51875
2419.965, 92.49240
2421.894, 92.22514
2423.822, 92.82833
2425.750, 92.18757
2427.679, 91.60927
2429.607, 91.71130
2431.536, 90.90432
2433.464, 90.01260
2435.393, 89.89000
2437.321, 89.19628
2439.250, 88.50313
2441.178, 88.76687
2443.107, 88.66972
2445.035, 88.38582
2446.964, 88.70183
2448.892, 88.69888
2450.821, 88.35239
2452.749, 88.36326
2454.677, 87.83597
2456.606, 86.59353
2458.534, 86.40553
2460.463, 86.44658
2462.391, 86.33412
2464.320, 86.49034
2466.248, 86.23962
2468.177, 85.09008
2470.105, 85.13252
2472.034, 85.53519
2473.962, 85.39839
2475.891, 84.90441
2477.819, 84.37678
2479.748, 84.31237
2481.676, 84.18119
2483.604, 83.81735
2485.533, 82.64723
2487.461, 82.39793
2489.390, 82.93828
2491.318, 82.81307
2493.247, 82.40716
2495.175, 81.92115
2497.104, 81.82821
2499.032, 81.57269
2500.961, 81.00624
2502.889, 80.22693
2504.818, 79.89388
2506.746, 80.31449
2508.675, 79.82895
2510.603, 79.47066
2512.531, 80.09963
2514.460, 80.11204
2516.388, 79.81030
2518.317, 79.33999
2520.245, 79.26585
2522.174, 79.32450
2524.102, 79.04726
2526.031, 80.68840
2527.959, 81.78513
2529.888, 78.92433
2531.816, 77.63144
2533.745, 77.59389
2535.673, 77.54967
2537.602, 77.39226
2539.530, 77.27816
2541.458, 77.65234
2543.387, 77.60172
2545.315, 77.15876
2547.244, 76.50784
2549.172, 76.48811
2551.101, 76.96503
2553.029, 77.36098
2554.958, 77.00394
2556.886, 76.20784
2558.815, 76.47543
2560.743, 76.62652
2562.672, 76.48105
2564.600, 76.36558
2566.529, 76.37434
2568.457, 76.42382
2570.385, 76.29180
2572.314, 75.43874
2574.242, 74.06727
2576.171, 73.37954
2578.099, 73.26614
2580.028, 73.48668
2581.956, 73.09090
2583.885, 72.46299
2585.813, 71.82056
2587.742, 72.11843
2589.670, 72.11879
2591.599, 71.58179
2593.527, 71.88714
2595.456, 71.42086
2597.384, 69.99755
2599.313, 70.13790
2601.241, 70.22466
2603.169, 69.81471
2605.098, 69.22576
2607.026, 68.65826
2608.955, 68.31698
2610.883, 69.43597
2612.812, 69.60416
2614.740, 68.43876
2616.669, 67.66673
2618.597, 67.01949
2620.526, 66.48372
2622.454, 66.44423
2624.383, 65.97779
2626.311, 65.15691
2628.240, 65.07352
2630.168, 65.13754
2632.096, 65.03772
2634.025, 64.15593
2635.953, 63.74964
2637.882, 63.76988
2639.810, 63.43054
2641.739, 63.10821
2643.667, 62.94693
2645.596, 63.18795
2647.524, 63.20248
2649.453, 62.87669
2651.381, 62.05031
2653.310, 61.59163
2655.238, 61.33105
2657.167, 60.89118
2659.095, 60.37594
2661.023, 59.81865
2662.952, 59.19883
2664.880, 58.92619
2666.809, 58.80675
2668.737, 58.63988
2670.666, 58.08600
2672.594, 57.45741
2674.523, 56.99514
2676.451, 57.11083
2678.380, 57.33427
2680.308, 57.36375
2682.237, 56.95716
2684.165, 56.09939
2686.094, 54.97904
2688.022, 55.16310
2689.950, 55.09830
2691.879, 54.47441
2693.807, 54.86884
2695.736, 55.05322
2697.664, 54.83667
2699.593, 55.01802
2701.521, 54.19704
2703.450, 52.94340
2705.378, 53.39338
2707.307, 53.24015
2709.235, 52.54859
2711.164, 51.73285
2713.092, 52.13258
2715.021, 52.49531
2716.949, 50.94362
2718.877, 50.58784
2720.806, 50.63375
2722.734, 50.20917
2724.663, 52.28306
2726.591, 53.04671
2728.520, 50.52591
2730.448, 49.79671
2732.377, 49.03758
2734.305, 47.87638
2736.234, 48.22198
2738.162, 48.62970
2740.091, 48.72182
2742.019, 48.35633
2743.948, 47.83702
2745.876, 47.45539
2747.804, 47.67664
2749.733, 47.29915
2751.661, 46.81248
2753.590, 46.75743
2755.518, 45.89927
2757.447, 45.49123
2759.375, 46.06470
2761.304, 45.22717
2763.232, 44.84289
2765.161, 45.20916
2767.089, 44.79339
2769.018, 44.32166
2770.946, 43.92954
2772.875, 43.50632
2774.803, 43.17914
2776.731, 42.91272
2778.660, 42.62933
2780.588, 42.50733
2782.517, 42.34444
2784.445, 41.96164
2786.374, 41.91349
2788.302, 41.84010
2790.231, 41.62754
2792.159, 41.61390
2794.088, 41.35697
2796.016, 40.91684
2797.945, 40.63290
2799.873, 40.55255
2801.802, 40.38338
2803.730, 39.81926
2805.658, 39.00874
2807.587, 38.70306
2809.515, 39.13420
2811.444, 39.02319
2813.372, 38.50566
2815.301, 37.86925
2817.229, 37.95611
2819.158, 37.54834
2821.086, 37.02710
2823.015, 37.48806
2824.943, 37.56440
2826.872, 37.19248
2828.800, 36.38350
2830.729, 36.31120
2832.657, 36.08994
2834.585, 35.55676
2836.514, 35.54195
2838.442, 35.50391
2840.371, 35.27787
2842.299, 34.68892
2844.228, 34.43724
2846.156, 34.53773
2848.085, 35.00821
2850.013, 34.74492
2851.942, 34.23200
2853.870, 33.73388
2855.799, 33.61399
2857.727, 33.28182
2859.656, 32.94801
2861.584, 33.05224
2863.512, 33.02097
2865.441, 32.87443
2867.369, 32.65349
2869.298, 32.17504
2871.226, 31.85765
2873.155, 31.78042
2875.083, 31.94843
2877.012, 31.34916
2878.940, 30.84003
2880.869, 31.43210
2882.797, 31.09103
2884.726, 30.74783
2886.654, 30.75517
2888.583, 30.76608
2890.511, 30.52138
2892.439, 30.07073
2894.368, 29.44576
2896.296, 29.38099
2898.225, 29.36987
2900.153, 29.08292
2902.082, 29.37530
2904.010, 29.26567
2905.939, 28.80292
2907.867, 28.58526
2909.796, 28.59179
2911.724, 28.51267
2913.653, 28.13558
2915.581, 28.33808
2917.510, 28.17785
2919.438, 27.69478
2921.366, 27.92053
2923.295, 27.92285
2925.223, 27.67187
2927.152, 27.26066
2929.080, 26.76094
2931.009, 26.97533
2932.937, 27.62471
2934.866, 26.52436
2936.794, 28.06820
2938.723, 29.61100
2940.651, 28.35551
2942.580, 27.46312
2944.508, 27.00544
2946.437, 26.87936
2948.365, 27.08037
2950.293, 26.73262
2952.222, 26.26053
2954.150, 26.14876
2956.079, 25.75004
2958.007, 25.83899
2959.936, 26.19171
2961.864, 25.58301
2963.793, 25.31620
2965.721, 25.33951
2967.650, 25.48941
2969.578, 25.17780
2971.507, 24.77042
2973.435, 24.49564
2975.364, 24.60616
2977.292, 24.22981
2979.220, 24.02182
2981.149, 24.27088
2983.077, 23.90504
2985.006, 23.92432
2986.934, 23.92372
2988.863, 23.11946
2990.791, 23.08000
2992.720, 23.25220
2994.648, 23.27198
2996.577, 22.76826
2998.505, 22.84127
3000.434, 23.09046
3002.362, 23.04141
3004.291, 22.53698
3006.219, 22.48080
3008.147, 22.68356
3010.076, 22.24060
3012.004, 22.25093
3013.933, 22.60767
3015.861, 23.00624
3017.790, 21.98124
3019.718, 21.81957
3021.647, 22.13202
3023.575, 22.15033
3025.504, 21.59591
3027.432, 21.23504
3029.361, 21.09185
3031.289, 20.70194
3033.218, 20.56794
3035.146, 20.51727
3037.074, 20.43758
3039.003, 20.43762
3040.931, 20.25542
3042.860, 20.13791
3044.788, 20.27997
3046.717, 19.96825
3048.645, 19.79980
3050.574, 19.72793
3052.502, 19.31900
3054.431, 19.64254
3056.359, 19.44926
3058.288, 18.69869
3060.216, 18.86088
3062.145, 18.96531
3064.073, 19.05731
3066.001, 19.16265
3067.930, 18.33404
3069.858, 18.23031
3071.787, 18.47553
3073.715, 18.29998
3075.644, 18.49688
3077.572, 18.66627
3079.501, 18.45825
3081.429, 17.46315
3083.358, 17.78997
3085.286, 17.78322
3087.215, 17.13890
3089.143, 17.07971
3091.072, 16.99024
3093.000, 16.99064
3094.928, 17.08340
3096.857, 16.68582
3098.785, 16.79754
3100.714, 16.86677
3102.642, 16.56820
3104.571, 17.02700
3106.499, 17.39937
3108.428, 17.35013
3110.356, 16.76979
3112.285, 15.94164
3114.213, 15.74483
3116.142, 15.82706
3118.070, 15.38099
3119.999, 15.75495
3121.927, 15.64646
3123.855, 15.16374
3125.784, 15.15395
3127.712, 14.99357
3129.641, 14.93499
3131.569, 14.98185
3133.498, 14.92185
3135.426, 14.98913
3137.355, 14.64123
3139.283, 14.10488
3141.212, 14.62865
3143.140, 14.36232
3145.069, 14.26195
3146.997, 14.57628
3148.926, 14.28301
3150.854, 13.93718
3152.782, 14.01612
3154.711, 14.38306
3156.639, 13.81659
3158.568, 13.19069
3160.496, 13.19847
3162.425, 13.71500
3164.353, 13.13916
3166.282, 12.98293
3168.210, 13.20945
3170.139, 13.47716
3172.067, 12.94763
3173.996, 12.84976
3175.924, 12.57699
3177.853, 11.96713
3179.781, 12.40669
3181.709, 12.17555
3183.638, 11.88449
3185.566, 11.98146
3187.495, 12.33364
3189.423, 12.21627
3191.352, 12.10746
3193.280, 12.57576
3195.209, 14.66125
3197.137, 13.48835
3199.066, 11.81194
3200.994, 11.19749
3202.923, 11.28756
3204.851, 11.22008
3206.780, 11.45528
3208.708, 11.81821
3210.636, 11.31816
3212.565, 11.10994
3214.493, 11.00818
3216.422, 10.93644
3218.350, 11.00774
3220.279, 10.51985
3222.207, 10.14976
3224.136, 10.15958
3226.064, 10.71626
3227.993, 10.26046
3229.921, 9.955088
3231.850, 10.13944
3233.778, 10.86364
3235.707, 10.40729
3237.635, 10.06596
3239.563, 9.903919
3241.492, 9.758045
3243.420, 9.818362
3245.349, 10.40263
3247.277, 10.52789
3249.206, 9.813857
3251.134, 9.350924
3253.063, 9.818301
3254.991, 9.866055
3256.920, 9.341533
3258.848, 9.620563
3260.777, 9.560879
3262.705, 9.425573
3264.634, 9.217512
3266.562, 8.741968
3268.490, 8.860970
3270.419, 9.193724
3272.347, 9.273725
3274.276, 8.843353
3276.204, 9.055682
3278.133, 8.945988
3280.061, 8.901422
3281.990, 9.196780
3283.918, 9.364767
3285.847, 8.878821
3287.775, 8.762122
3289.704, 9.162125
3291.632, 9.365448
3293.561, 9.946909
3295.489, 9.725537
3297.417, 9.128927
3299.346, 9.029551
3301.274, 9.390100
3303.203, 9.352420
3305.131, 9.018695
3307.060, 8.695958
3308.988, 8.956308
3310.917, 8.480535
3312.845, 8.194032
3314.774, 8.402053
3316.702, 8.892867
3318.631, 9.108642
3320.559, 8.603125
3322.488, 8.389251
3324.416, 9.143831
3326.344, 9.013984
3328.273, 8.941458
3330.201, 8.619384
3332.130, 8.117274
3334.058, 8.044126
3335.987, 8.405210
3337.915, 8.732423
3339.844, 8.689237
3341.772, 8.214777
3343.701, 8.498087
3345.629, 8.757998
3347.558, 8.566009
3349.486, 8.029556
3351.415, 7.717624
3353.343, 7.804911
3355.271, 8.128464
3357.200, 8.339000
3359.128, 8.240303
3361.057, 8.206133
3362.985, 8.456543
3364.914, 8.220660
3366.842, 7.748483
3368.771, 8.127677
3370.699, 7.985748
3372.628, 8.363189
3374.556, 8.574344
3376.485, 8.163953
3378.413, 8.585221
3380.342, 8.047750
3382.270, 7.986545
3384.198, 8.344004
3386.127, 8.244097
3388.055, 7.848462
3389.984, 7.640121
3391.912, 7.642340
3393.841, 7.770880
3395.769, 7.918411
3397.698, 8.130957
3399.626, 7.774520
3401.555, 7.423492
3403.483, 7.616735
3405.412, 8.112765
3407.340, 8.397688
3409.269, 8.548966
3411.197, 8.787943
3413.125, 9.261268
3415.054, 9.584768
3416.982, 10.04792
3418.911, 10.61969
3420.839, 10.83608
3422.768, 9.997197
3424.696, 9.788817
3426.625, 9.575967
3428.553, 9.256193
3430.482, 8.969722
3432.410, 8.989523
3434.339, 9.380489
3436.267, 9.130517
3438.196, 8.590166
3440.124, 8.036249
3442.052, 7.029294
3443.981, 7.618462
3445.909, 7.745161
3447.838, 7.443022
3449.766, 7.341444
3451.695, 7.443337
3453.623, 6.591338
3455.552, 8.596706
##END=



