##NAMES=Laihunite
##RRUFFID=R110051
##IDEAL CHEMISTRY=(Fe^3+^,Fe^2+^,[box])_2_(SiO_4_)
##LOCALITY=Laihe Fe deposit, Qianshan District, Anshan Prefecture, Liaoning Province, China
##OWNER=RRUFF
##SOURCE=Pingqu Fu
##DESCRIPTION=Unconsolidated black subhedral grains. Type sample
##STATUS=The identification of this mineral has been confirmed by single-crystal X-ray diffraction
##URL=https://www.rruff.net/odr/rruff_sample/R110051
##DIFFRACTION SAMPLE DESCRIPTION=Single crystal, powder profile is calculated
##CELL PARAMETERS=a: 4.811 b: 10.242 c: 17.522 alpha: 90 beta: 90.01 gamma: 90 volume: 863.4 crystal system: monoclinic
##FILETYPE=Raman RAW
##RAMAN WAVELENGTH=532

182.9530, 41.49085
184.8814, 41.94130
186.8099, 42.02335
188.7384, 42.22356
190.6668, 43.01828
192.5953, 43.34823
194.5238, 42.89356
196.4522, 41.87697
198.3807, 41.20254
200.3092, 41.05898
202.2376, 41.19017
204.1661, 41.47419
206.0946, 42.13215
208.0230, 42.56743
209.9515, 42.58580
211.8800, 42.22919
213.8084, 41.74163
215.7369, 41.08405
217.6654, 40.39443
219.5938, 39.67560
221.5223, 38.79071
223.4508, 38.09627
225.3792, 37.81017
227.3077, 37.97234
229.2362, 38.15466
231.1646, 38.26881
233.0931, 38.35166
235.0216, 38.50585
236.9500, 38.79607
238.8785, 39.04382
240.8070, 39.12360
242.7354, 39.08624
244.6639, 39.22527
246.5924, 39.71561
248.5208, 40.20720
250.4493, 40.52118
252.3778, 40.43041
254.3062, 40.47405
256.2347, 40.78608
258.1632, 41.20244
260.0916, 41.41774
262.0201, 41.22445
263.9486, 40.99131
265.8770, 40.89174
267.8055, 40.95171
269.7340, 41.11518
271.6624, 41.43106
273.5909, 41.84924
275.5194, 42.20841
277.4478, 42.40323
279.3763, 42.50550
281.3048, 42.64358
283.2332, 42.85412
285.1617, 43.09813
287.0902, 43.13234
289.0186, 43.14793
290.9471, 43.43055
292.8756, 44.34723
294.8040, 45.09759
296.7325, 45.32854
298.6610, 45.16133
300.5894, 45.31361
302.5179, 46.17696
304.4464, 47.13743
306.3748, 47.73045
308.3033, 47.89745
310.2318, 48.15561
312.1602, 48.59816
314.0887, 49.14748
316.0172, 49.51268
317.9456, 49.82372
319.8741, 49.78519
321.8026, 49.24220
323.7310, 48.24089
325.6595, 47.32642
327.5880, 46.49160
329.5164, 45.71422
331.4449, 45.04921
333.3734, 44.61975
335.3018, 44.26471
337.2303, 43.93843
339.1588, 43.63025
341.0872, 43.20535
343.0157, 42.34784
344.9442, 41.42130
346.8727, 40.82293
348.8011, 40.67776
350.7296, 40.75648
352.6581, 40.90466
354.5865, 40.99506
356.5150, 40.71412
358.4435, 40.26045
360.3719, 39.93676
362.3004, 39.74266
364.2289, 39.55885
366.1573, 39.34079
368.0858, 39.06622
370.0143, 38.82132
371.9427, 38.73074
373.8712, 38.83522
375.7997, 38.85518
377.7281, 38.77726
379.6566, 38.65961
381.5851, 38.56244
383.5135, 38.35119
385.4420, 38.09036
387.3705, 37.83384
389.2989, 37.64019
391.2274, 37.54408
393.1559, 37.50633
395.0843, 37.43522
397.0128, 37.19600
398.9413, 36.83837
400.8697, 36.62060
402.7982, 36.60520
404.7267, 36.69637
406.6551, 36.79319
408.5836, 36.90566
410.5121, 36.95757
412.4405, 36.84118
414.3690, 36.60876
416.2975, 36.56528
418.2259, 36.86261
420.1544, 37.30291
422.0829, 37.63115
424.0113, 37.95712
425.9398, 38.21132
427.8683, 38.26019
429.7967, 38.09024
431.7252, 38.10509
433.6537, 38.27551
435.5821, 38.41761
437.5106, 38.45158
439.4391, 38.79843
441.3675, 39.03303
443.2960, 38.95774
445.2245, 38.59660
447.1529, 38.10262
449.0814, 37.52882
451.0099, 37.10066
452.9383, 36.97655
454.8668, 37.04898
456.7953, 36.83223
458.7237, 36.03852
460.6522, 35.32365
462.5807, 35.01631
464.5091, 35.28291
466.4376, 35.44554
468.3661, 35.31505
470.2945, 35.07671
472.2230, 34.92645
474.1515, 35.16247
476.0799, 35.43654
478.0084, 35.54422
479.9369, 35.34460
481.8653, 35.05061
483.7938, 34.77526
485.7223, 34.72171
487.6507, 35.10191
489.5792, 35.64430
491.5077, 36.09187
493.4361, 36.46428
495.3646, 36.67794
497.2931, 36.53466
499.2215, 36.10933
501.1500, 35.93025
503.0785, 36.27631
505.0069, 36.76027
506.9354, 37.08803
508.8639, 36.94992
510.7923, 36.84959
512.7208, 36.92470
514.6493, 37.15071
516.5778, 37.21214
518.5062, 37.06612
520.4347, 37.02044
522.3632, 37.26726
524.2916, 37.62780
526.2201, 37.78149
528.1486, 37.51438
530.0770, 37.30751
532.0055, 37.46633
533.9340, 38.03508
535.8624, 38.64816
537.7909, 39.16684
539.7194, 39.66306
541.6478, 40.30213
543.5763, 41.28088
545.5048, 42.28044
547.4332, 43.25217
549.3617, 44.09310
551.2902, 44.84707
553.2186, 45.50431
555.1471, 46.37572
557.0756, 47.59844
559.0040, 48.93606
560.9325, 50.31015
562.8610, 51.83028
564.7894, 53.18220
566.7179, 54.25957
568.6464, 55.35474
570.5748, 56.03555
572.5033, 56.07165
574.4318, 55.73926
576.3602, 55.39863
578.2887, 55.14534
580.2172, 54.80138
582.1456, 54.32717
584.0741, 53.62925
586.0026, 52.69418
587.9310, 51.33995
589.8595, 50.30690
591.7880, 49.90995
593.7164, 49.79918
595.6449, 49.58095
597.5734, 49.30274
599.5018, 48.83619
601.4303, 48.00338
603.3588, 46.84397
605.2872, 45.90391
607.2157, 45.17816
609.1442, 44.66825
611.0726, 44.50413
613.0011, 44.68295
614.9296, 44.55014
616.8580, 43.73496
618.7865, 42.83974
620.7150, 42.22590
622.6434, 41.90502
624.5719, 41.72008
626.5004, 41.88419
628.4288, 42.03447
630.3573, 41.83028
632.2858, 40.93638
634.2142, 40.35649
636.1427, 40.37504
638.0712, 40.63657
639.9996, 40.66107
641.9281, 40.34457
643.8566, 40.11962
645.7850, 40.16509
647.7135, 40.37755
649.6420, 40.54026
651.5704, 40.67704
653.4989, 40.74496
655.4274, 40.72832
657.3558, 40.62638
659.2843, 40.46804
661.2128, 40.18140
663.1412, 39.96965
665.0697, 39.93413
666.9982, 40.07369
668.9266, 40.11096
670.8551, 39.86304
672.7836, 39.68402
674.7120, 39.83989
676.6405, 40.26237
678.5690, 40.51541
680.4974, 40.39361
682.4259, 40.21568
684.3544, 40.08533
686.2828, 39.93891
688.2113, 39.90983
690.1398, 40.18222
692.0682, 40.48712
693.9967, 40.47485
695.9252, 40.00516
697.8536, 39.67208
699.7821, 39.79029
701.7106, 40.08952
703.6390, 40.11532
705.5675, 39.75404
707.4960, 39.49257
709.4244, 39.38441
711.3529, 39.33908
713.2814, 39.54269
715.2098, 40.31363
717.1383, 40.91808
719.0668, 41.08049
720.9952, 40.62616
722.9237, 40.07066
724.8522, 39.46716
726.7806, 39.18016
728.7091, 39.41515
730.6376, 39.76957
732.5660, 39.97530
734.4945, 39.97707
736.4230, 39.95904
738.3514, 39.89730
740.2799, 39.81747
742.2084, 39.74561
744.1368, 39.65156
746.0653, 39.62664
747.9938, 39.87197
749.9222, 40.20294
751.8507, 40.23774
753.7792, 39.53082
755.7076, 38.94938
757.6361, 38.78236
759.5646, 39.22728
761.4930, 39.68654
763.4215, 40.08923
765.3500, 40.29700
767.2784, 40.39454
769.2069, 40.51691
771.1354, 40.63674
773.0638, 40.59480
774.9923, 40.67561
776.9208, 41.04881
778.8492, 41.47600
780.7777, 41.76109
782.7062, 41.90060
784.6346, 42.10260
786.5631, 42.35866
788.4916, 42.49498
790.4200, 42.60175
792.3485, 42.76023
794.2770, 43.00967
796.2054, 43.18787
798.1339, 43.25496
800.0624, 43.36414
801.9908, 43.61060
803.9193, 43.86153
805.8478, 43.84114
807.7762, 43.47725
809.7047, 43.26879
811.6332, 43.55501
813.5616, 43.95386
815.4901, 43.99980
817.4186, 43.70591
819.3470, 43.38406
821.2755, 43.02279
823.2040, 42.75657
825.1324, 42.93044
827.0609, 43.30070
828.9894, 43.43261
830.9178, 43.06303
832.8463, 43.00965
834.7748, 43.63866
836.7032, 44.32953
838.6317, 44.58338
840.5602, 44.39281
842.4886, 44.29390
844.4171, 44.38202
846.3456, 44.44043
848.2740, 44.61586
850.2025, 45.03633
852.1310, 45.37275
854.0594, 45.28121
855.9879, 45.04099
857.9164, 45.06938
859.8448, 45.46397
861.7733, 46.07770
863.7018, 46.68495
865.6302, 47.30389
867.5587, 47.74900
869.4872, 47.81824
871.4156, 47.52911
873.3441, 47.20424
875.2726, 47.05504
877.2010, 47.10554
879.1295, 47.44471
881.0580, 48.01946
882.9865, 48.52787
884.9149, 48.76263
886.8434, 49.13665
888.7719, 49.71960
890.7003, 50.44852
892.6288, 51.29951
894.5573, 52.14991
896.4857, 52.85169
898.4142, 53.36032
900.3427, 53.70494
902.2711, 53.92329
904.1996, 54.38239
906.1281, 54.46883
908.0565, 53.66447
909.9850, 52.22641
911.9135, 50.85876
913.8419, 49.90174
915.7704, 48.86085
917.6989, 47.76155
919.6273, 46.75486
921.5558, 45.86641
923.4843, 44.87464
925.4127, 43.73138
927.3412, 42.82010
929.2697, 42.36662
931.1981, 42.34597
933.1266, 42.19351
935.0551, 41.76270
936.9835, 41.71601
938.9120, 41.85796
940.8405, 41.75420
942.7689, 41.24583
944.6974, 40.86525
946.6259, 40.55257
948.5543, 40.07141
950.4828, 39.60017
952.4113, 39.49982
954.3397, 38.96873
956.2682, 39.10279
958.1967, 38.27106
960.1251, 37.64433
962.0536, 37.48719
963.9821, 37.52180
965.9105, 37.44595
967.8390, 37.29150
969.7675, 37.12966
971.6959, 36.98616
973.6244, 36.89072
975.5529, 36.87089
977.4813, 36.79442
979.4098, 36.81399
981.3383, 36.98338
983.2667, 37.08117
985.1952, 36.81096
987.1237, 36.50008
989.0521, 36.47259
990.9806, 36.49924
992.9091, 36.39661
994.8375, 36.24604
996.7660, 36.55037
998.6945, 36.64615
1000.623, 36.23584
1002.551, 35.78955
1004.480, 35.76495
1006.408, 35.97017
1008.337, 36.11177
1010.265, 36.14580
1012.194, 36.07013
1014.122, 35.94921
1016.051, 35.85337
1017.979, 35.53173
1019.908, 34.97715
1021.836, 34.86135
1023.765, 35.33781
1025.693, 35.68492
1027.621, 35.14126
1029.550, 34.55645
1031.478, 34.58562
1033.407, 35.15422
1035.335, 35.57262
1037.264, 35.71069
1039.192, 35.64452
1041.121, 35.40104
1043.049, 35.19084
1044.978, 35.01579
1046.906, 34.78363
1048.835, 34.58523
1050.763, 34.40081
1052.692, 34.13821
1054.620, 34.02901
1056.548, 33.75943
1058.477, 33.56219
1060.405, 33.60032
1062.334, 33.64146
1064.262, 33.55551
1066.191, 33.20653
1068.119, 32.84447
1070.048, 32.54504
1071.976, 32.75956
1073.905, 33.27308
1075.833, 33.67686
1077.762, 33.79311
1079.690, 33.54689
1081.619, 33.29487
1083.547, 33.18373
1085.475, 33.31002
1087.404, 33.38659
1089.332, 33.27612
1091.261, 33.05439
1093.189, 32.70107
1095.118, 32.50225
1097.046, 32.60040
1098.975, 32.86692
1100.903, 33.11512
1102.832, 33.49614
1104.760, 33.72746
1106.689, 33.31194
1108.617, 32.50015
1110.546, 32.08228
1112.474, 32.41651
1114.402, 32.66933
1116.331, 32.67517
1118.259, 32.61666
1120.188, 32.76280
1122.116, 33.19262
1124.045, 33.32072
1125.973, 32.71762
1127.902, 32.22946
1129.830, 32.38609
1131.759, 32.83394
1133.687, 32.97455
1135.616, 32.59027
1137.544, 32.37739
1139.473, 32.61287
1141.401, 33.09365
1143.329, 33.37044
1145.258, 33.29531
1147.186, 33.20727
1149.115, 33.13084
1151.043, 33.10418
1152.972, 33.20124
1154.900, 33.38242
1156.829, 33.40767
1158.757, 33.20832
1160.686, 32.97804
1162.614, 32.74035
1164.543, 32.51410
1166.471, 32.28180
1168.400, 31.93080
1170.328, 31.82114
1172.256, 32.40548
1174.185, 33.07010
1176.113, 33.09796
1178.042, 32.27698
1179.970, 31.89960
1181.899, 32.41669
1183.827, 32.86929
1185.756, 32.74855
1187.684, 32.23742
1189.613, 32.10997
1191.541, 32.54265
1193.470, 32.96013
1195.398, 33.35051
1197.327, 33.52867
1199.255, 33.24616
1201.183, 32.48197
1203.112, 32.01439
1205.040, 32.15374
1206.969, 32.33783
1208.897, 32.37157
1210.826, 32.29884
1212.754, 32.22343
1214.683, 32.00275
1216.611, 31.99362
1218.540, 32.53143
1220.468, 33.05307
1222.397, 33.01415
1224.325, 32.46037
1226.254, 31.98104
1228.182, 31.47028
1230.110, 31.24669
1232.039, 31.75968
1233.967, 32.54871
1235.896, 32.84427
1237.824, 32.50306
1239.753, 32.13429
1241.681, 31.74369
1243.610, 31.50007
1245.538, 31.56332
1247.467, 31.88058
1249.395, 31.95072
1251.324, 31.51626
1253.252, 31.22449
1255.181, 31.27799
1257.109, 31.46398
1259.037, 31.53281
1260.966, 31.50092
1262.894, 31.53498
1264.823, 31.62887
1266.751, 31.77921
1268.680, 32.10796
1270.608, 32.45879
1272.537, 32.55664
1274.465, 32.34707
1276.394, 32.22975
1278.322, 32.39573
1280.251, 32.50739
1282.179, 32.37307
1284.108, 31.99013
1286.036, 31.83197
1287.964, 32.22762
1289.893, 32.38743
1291.821, 31.77461
1293.750, 31.06030
1295.678, 31.16007
1297.607, 32.20619
1299.535, 32.77395
1301.464, 32.49519
1303.392, 32.21861
1305.321, 32.40626
1307.249, 32.81870
1309.178, 32.94788
1311.106, 32.66468
1313.035, 32.47565
1314.963, 32.63578
1316.891, 32.86109
1318.820, 32.88877
1320.748, 32.78032
1322.677, 32.76313
1324.605, 32.88491
1326.534, 32.93657
1328.462, 32.83461
1330.391, 32.68803
1332.319, 32.59095
1334.248, 32.51543
1336.176, 32.49907
1338.105, 32.57166
1340.033, 32.77453
1341.962, 33.27496
1343.890, 33.76463
1345.818, 33.76717
1347.747, 33.27985
1349.675, 32.98948
1351.604, 33.14404
1353.532, 33.26000
1355.461, 32.96185
1357.389, 32.48643
1359.318, 32.44991
1361.246, 32.97291
1363.175, 33.31330
1365.103, 33.27462
1367.032, 33.14889
1368.960, 33.00307
1370.889, 32.70356
1372.817, 32.57676
1374.745, 32.94820
1376.674, 33.38549
1378.602, 33.89367
1380.531, 34.12650
1382.459, 33.76308
1384.388, 32.87285
1386.316, 32.35376
1388.245, 32.41252
1390.173, 32.59017
1392.102, 32.90601
1394.030, 33.22641
1395.959, 33.47348
1397.887, 33.58461
1399.816, 33.50229
1401.744, 33.19635
1403.672, 32.91343
1405.601, 32.66214
1407.529, 32.46770
1409.458, 32.37225
1411.386, 32.45089
1413.315, 32.64617
1415.243, 32.89371
1417.172, 32.95418
1419.100, 32.65791
1421.029, 32.40270
1422.957, 32.51820
1424.886, 32.87944
1426.814, 33.21128
1428.743, 33.68820
1430.671, 33.92794
1432.599, 33.65749
1434.528, 33.24559
1436.456, 33.09444
1438.385, 33.17702
1440.313, 33.39757
1442.242, 33.96217
1444.170, 34.18298
1446.099, 33.83268
1448.027, 33.35786
1449.956, 33.14771
1451.884, 32.96732
1453.813, 32.83647
1455.741, 33.14970
1457.670, 33.29513
1459.598, 32.98767
1461.526, 32.56334
1463.455, 32.33575
1465.383, 32.18981
1467.312, 32.33644
1469.240, 33.21369
1471.169, 33.89620
1473.097, 33.94609
1475.026, 33.67982
1476.954, 33.39786
1478.883, 33.11139
1480.811, 32.88195
1482.740, 32.76576
1484.668, 32.73961
1486.597, 32.77871
1488.525, 32.86903
1490.453, 33.09555
1492.382, 33.41954
1494.310, 33.43181
1496.239, 32.82020
1498.167, 32.45802
1500.096, 32.91331
1502.024, 33.38953
1503.953, 33.36750
1505.881, 32.99319
1507.810, 32.87103
1509.738, 33.02317
1511.667, 33.12723
1513.595, 33.26021
1515.524, 33.36718
1517.452, 33.17680
1519.380, 32.75109
1521.309, 32.63057
1523.237, 33.25697
1525.166, 33.68173
1527.094, 33.62986
1529.023, 33.52485
1530.951, 33.46707
1532.880, 33.41138
1534.808, 33.35738
1536.737, 33.36952
1538.665, 33.35994
1540.594, 33.26307
1542.522, 33.15706
1544.451, 33.00468
1546.379, 32.88380
1548.307, 32.88194
1550.236, 33.02174
1552.164, 33.45401
1554.093, 34.59528
1556.021, 35.24089
1557.950, 34.73666
1559.878, 33.92049
1561.807, 33.41269
1563.735, 33.21345
1565.664, 33.20488
1567.592, 33.42392
1569.521, 33.59900
1571.449, 33.67068
1573.378, 33.74196
1575.306, 33.92574
1577.234, 34.08322
1579.163, 33.86937
1581.091, 33.25562
1583.020, 33.11113
1584.948, 33.83060
1586.877, 34.49230
1588.805, 34.75591
1590.734, 34.82610
1592.662, 34.83676
1594.591, 34.77969
1596.519, 34.61303
1598.448, 34.27122
1600.376, 33.98520
1602.305, 33.78126
1604.233, 33.75774
1606.161, 34.10305
1608.090, 34.61785
1610.018, 34.83075
1611.947, 34.70531
1613.875, 34.49292
1615.804, 34.27116
1617.732, 33.93679
1619.661, 33.17477
1621.589, 32.46387
1623.518, 32.40084
1625.446, 32.93132
1627.375, 33.34176
1629.303, 33.63989
1631.232, 33.69439
1633.160, 33.24742
1635.089, 32.77454
1637.017, 32.48429
1638.945, 32.35384
1640.874, 32.37350
1642.802, 32.58173
1644.731, 32.67844
1646.659, 32.49323
1648.588, 32.44794
1650.516, 32.92441
1652.445, 33.36047
1654.373, 33.11668
1656.302, 32.32519
1658.230, 32.05333
1660.159, 32.59721
1662.087, 32.80939
1664.016, 32.01841
1665.944, 31.49487
1667.872, 31.98811
1669.801, 32.84719
1671.729, 33.19258
1673.658, 32.98794
1675.586, 32.72554
1677.515, 32.19658
1679.443, 32.02424
1681.372, 32.69180
1683.300, 33.30761
1685.229, 33.34207
1687.157, 32.99038
1689.086, 32.56928
1691.014, 31.95338
1692.943, 31.93227
1694.871, 33.27180
1696.799, 34.02476
1698.728, 33.32749
1700.656, 32.39782
1702.585, 32.06267
1704.513, 32.19831
1706.442, 32.42919
1708.370, 32.82688
1710.299, 33.06645
1712.227, 33.03529
1714.156, 32.97499
1716.084, 33.05544
1718.013, 33.02715
1719.941, 32.44024
1721.870, 31.52089
1723.798, 31.47533
1725.726, 32.76524
1727.655, 33.37569
1729.583, 32.45785
1731.512, 31.78668
1733.440, 31.92434
1735.369, 32.45895
1737.297, 33.22804
1739.226, 34.12101
1741.154, 34.41964
1743.083, 33.94998
1745.011, 33.50868
1746.940, 33.14245
1748.868, 32.85981
1750.797, 32.57991
1752.725, 32.44767
1754.653, 32.66156
1756.582, 33.15300
1758.510, 33.60249
1760.439, 34.07079
1762.367, 34.20871
1764.296, 33.90354
1766.224, 33.38845
1768.153, 32.36652
1770.081, 31.51628
1772.010, 31.56187
1773.938, 32.24233
1775.867, 32.51497
1777.795, 32.30430
1779.724, 32.28953
1781.652, 32.72796
1783.580, 33.00322
1785.509, 32.63375
1787.437, 32.29469
1789.366, 32.54163
1791.294, 33.13886
1793.223, 33.55088
1795.151, 33.76839
1797.080, 33.97543
1799.008, 34.29793
1800.937, 34.31057
1802.865, 33.50802
1804.794, 32.81691
1806.722, 32.97557
1808.651, 33.53801
1810.579, 33.96453
1812.507, 34.22872
1814.436, 33.98385
1816.364, 32.94604
1818.293, 32.43966
1820.221, 33.13806
1822.150, 33.90746
1824.078, 34.27360
1826.007, 34.35394
1827.935, 34.15651
1829.864, 33.77914
1831.792, 33.65752
1833.721, 33.87150
1835.649, 33.90722
1837.578, 33.48694
1839.506, 33.22269
1841.434, 33.38264
1843.363, 33.69918
1845.291, 34.03307
1847.220, 34.34865
1849.148, 34.58658
1851.077, 34.75129
1853.005, 34.75653
1854.934, 34.61884
1856.862, 34.29438
1858.791, 33.43670
1860.719, 32.80982
1862.648, 33.01946
1864.576, 33.47151
1866.505, 33.41528
1868.433, 32.93370
1870.361, 32.57775
1872.290, 32.34685
1874.218, 32.24266
1876.147, 32.24886
1878.075, 32.40821
1880.004, 32.86160
1881.932, 33.33187
1883.861, 33.74669
1885.789, 34.00847
1887.718, 33.80381
1889.646, 33.13262
1891.575, 32.99524
1893.503, 33.56068
1895.432, 34.08860
1897.360, 34.51197
1899.288, 34.81286
1901.217, 34.90498
1903.145, 34.96266
1905.074, 35.18145
1907.002, 35.43980
1908.931, 35.48241
1910.859, 35.31308
1912.788, 34.99351
1914.716, 34.46651
1916.645, 34.01522
1918.573, 33.60915
1920.502, 33.43030
1922.430, 33.76233
1924.359, 34.17336
1926.287, 34.23305
1928.215, 34.45671
1930.144, 34.55801
1932.072, 34.49394
1934.001, 34.57996
1935.929, 34.26507
1937.858, 34.07755
1939.786, 34.20031
1941.715, 34.30740
1943.643, 34.10094
1945.572, 33.99071
1947.500, 34.56506
1949.429, 35.44824
1951.357, 35.68102
1953.286, 35.19461
1955.214, 34.71022
1957.143, 34.04770
1959.071, 33.82144
1961.000, 34.50201
1962.928, 35.04077
1964.856, 35.04294
1966.785, 34.88762
1968.713, 34.78016
1970.642, 34.72984
1972.570, 34.78654
1974.499, 34.92765
1976.427, 34.94859
1978.356, 34.79670
1980.284, 34.86795
1982.213, 35.37012
1984.141, 35.75850
1986.070, 35.73627
1987.998, 35.66283
1989.927, 35.82063
1991.855, 35.68794
1993.783, 35.88203
1995.712, 35.54652
1997.640, 35.33746
1999.569, 35.25927
2001.497, 35.30130
2003.426, 35.68935
2005.354, 35.83563
2007.283, 35.31349
2009.211, 35.03594
2011.140, 35.74553
2013.068, 36.44780
2014.997, 36.10434
2016.925, 35.24035
2018.854, 35.01446
2020.782, 35.38385
2022.710, 35.34552
2024.639, 34.80125
2026.567, 34.34730
2028.496, 33.98008
2030.424, 33.91793
2032.353, 34.43341
2034.281, 34.97020
2036.210, 35.22021
2038.138, 35.33528
2040.067, 35.45360
2041.995, 35.55812
2043.924, 35.63017
2045.852, 35.66901
2047.781, 35.53928
2049.709, 35.13130
2051.637, 34.85033
2053.566, 34.77411
2055.494, 34.74865
2057.423, 34.85918
2059.351, 34.87174
2061.280, 34.48543
2063.208, 34.09551
2065.137, 34.18335
2067.065, 34.59664
2068.994, 34.90886
2070.922, 35.12457
2072.851, 35.37556
2074.779, 35.67080
2076.708, 35.95442
2078.636, 36.24944
2080.564, 36.42568
2082.493, 36.39497
2084.421, 36.29661
2086.350, 36.19292
2088.278, 36.07490
2090.207, 35.87828
2092.135, 35.69335
2094.064, 35.81930
2095.992, 35.43568
2097.921, 36.03414
2099.849, 34.97499
2101.778, 34.36259
2103.706, 34.35967
2105.635, 34.49586
2107.563, 34.90462
2109.491, 35.17949
2111.420, 35.12034
2113.348, 34.97576
2115.277, 34.93919
2117.205, 34.89183
2119.134, 34.54534
2121.062, 34.09275
2122.991, 34.12748
2124.919, 34.62893
2126.848, 35.07310
2128.776, 35.46502
2130.705, 35.62572
2132.633, 35.37070
2134.562, 35.13256
2136.490, 34.96729
2138.418, 34.86679
2140.347, 34.75796
2142.275, 34.78951
2144.204, 35.19825
2146.132, 35.75280
2148.061, 36.13549
2149.989, 36.34868
2151.918, 36.36367
2153.846, 36.18671
2155.775, 35.98034
2157.703, 35.75263
2159.632, 35.46786
2161.560, 34.93452
2163.489, 34.79702
2165.417, 35.59978
2167.345, 36.34098
2169.274, 36.68357
2171.202, 36.71964
2173.131, 36.41059
2175.059, 35.92311
2176.988, 35.25058
2178.916, 34.63103
2180.845, 35.10258
2182.773, 36.61298
2184.702, 36.96811
2186.630, 35.95784
2188.559, 35.40196
2190.487, 35.60977
2192.416, 35.82178
2194.344, 35.77161
2196.272, 35.87399
2198.201, 36.71075
2200.129, 37.21169
2202.058, 36.33331
2203.986, 35.27878
2205.915, 35.22506
2207.843, 35.76024
2209.772, 36.37667
2211.700, 36.96018
2213.629, 36.82516
2215.557, 35.96569
2217.486, 35.54347
2219.414, 35.65773
2221.343, 35.70834
2223.271, 35.54601
2225.199, 35.59394
2227.128, 36.06833
2229.056, 36.55363
2230.985, 37.04372
2232.913, 37.31320
2234.842, 37.04059
2236.770, 36.69121
2238.699, 36.77937
2240.627, 37.00608
2242.556, 36.87096
2244.484, 36.48597
2246.413, 36.16749
2248.341, 35.93595
2250.270, 36.10658
2252.198, 36.71534
2254.126, 36.91562
2256.055, 36.49741
2257.983, 36.21811
2259.912, 36.24394
2261.840, 36.36576
2263.769, 36.78328
2265.697, 36.93116
2267.626, 36.31978
2269.554, 35.70166
2271.483, 35.55297
2273.411, 35.63055
2275.340, 35.76854
2277.268, 35.93217
2279.197, 36.05486
2281.125, 36.15700
2283.053, 36.30184
2284.982, 36.47937
2286.910, 36.63694
2288.839, 36.79586
2290.767, 36.71181
2292.696, 36.10987
2294.624, 35.79823
2296.553, 35.94094
2298.481, 36.12801
2300.410, 36.30293
2302.338, 36.53768
2304.267, 37.00287
2306.195, 37.31945
2308.124, 37.08101
2310.052, 36.85992
2311.980, 37.33824
2313.909, 36.91602
2315.837, 37.47871
2317.766, 36.67713
2319.694, 36.36940
2321.623, 36.51185
2323.551, 37.00765
2325.480, 37.86089
2327.408, 38.49392
2329.337, 38.90609
2331.265, 39.04363
2333.194, 38.88532
2335.122, 38.55361
2337.051, 38.02337
2338.979, 37.46675
2340.907, 36.71753
2342.836, 36.28090
2344.764, 36.63392
2346.693, 36.84082
2348.621, 36.18879
2350.550, 35.65733
2352.478, 35.77349
2354.407, 36.34262
2356.335, 37.75605
2358.264, 39.06087
2360.192, 38.94766
2362.121, 37.95898
2364.049, 36.89344
2365.978, 35.88012
2367.906, 35.40064
2369.834, 35.45280
2371.763, 35.97941
2373.691, 37.12584
2375.620, 37.69756
2377.548, 37.59996
2379.477, 37.40377
2381.405, 37.12431
2383.334, 36.90443
2385.262, 36.71594
2387.191, 36.74117
2389.119, 37.33568
2391.048, 37.68721
2392.976, 37.39552
2394.905, 37.04523
2396.833, 36.76880
2398.761, 36.65719
2400.690, 36.95301
2402.618, 37.22235
2404.547, 36.79041
2406.475, 36.45628
2408.404, 37.51003
2410.332, 38.96291
2412.261, 39.11535
2414.189, 38.42592
2416.118, 38.02282
2418.046, 37.86501
2419.975, 37.67275
2421.903, 37.46293
2423.832, 37.59601
2425.760, 38.06520
2427.688, 38.32811
2429.617, 38.32314
2431.545, 38.38139
2433.474, 38.57144
2435.402, 38.71465
2437.331, 38.89974
2439.259, 38.81636
2441.188, 39.30344
2443.116, 39.59892
2445.045, 39.76832
2446.973, 39.34988
2448.902, 37.51371
2450.830, 36.23998
2452.759, 36.91885
2454.687, 37.81395
2456.615, 38.02842
2458.544, 38.00097
2460.472, 37.99172
2462.401, 37.95761
2464.329, 37.76224
2466.258, 37.61103
2468.186, 37.77494
2470.115, 38.11949
2472.043, 38.60153
2473.972, 39.02787
2475.900, 38.81934
2477.829, 39.21013
2479.757, 38.41960
2481.686, 39.13710
2483.614, 39.05239
2485.542, 38.27238
2487.471, 38.10640
2489.399, 38.53577
2491.328, 38.62815
2493.256, 38.29079
2495.185, 38.23502
2497.113, 38.58950
2499.042, 38.98045
2500.970, 39.55692
2502.899, 39.69490
2504.827, 39.18766
2506.756, 38.84331
2508.684, 38.83946
2510.613, 38.82501
2512.541, 38.73674
2514.469, 38.58928
2516.398, 38.40570
2518.326, 38.14164
2520.255, 37.59339
2522.183, 37.25362
2524.112, 37.34266
2526.040, 37.57915
2527.969, 38.00068
2529.897, 38.29580
2531.826, 38.22253
2533.754, 38.04246
2535.683, 37.73106
2537.611, 37.62122
2539.540, 38.17882
2541.468, 38.85032
2543.396, 39.21627
2545.325, 39.32086
2547.253, 39.03419
2549.182, 38.67260
2551.110, 38.69459
2553.039, 38.84217
2554.967, 38.69716
2556.896, 38.40195
2558.824, 38.19433
2560.753, 38.07561
2562.681, 38.06542
2564.610, 38.13359
2566.538, 38.22130
2568.467, 38.30400
2570.395, 38.29335
2572.323, 38.20299
2574.252, 38.04805
2576.180, 37.86504
2578.109, 38.33582
2580.037, 38.23397
2581.966, 38.31367
2583.894, 38.64551
2585.823, 38.43024
2587.751, 38.88323
2589.680, 39.07109
2591.608, 38.97107
2593.537, 38.56717
2595.465, 37.73382
2597.394, 37.63225
2599.322, 38.37014
2601.250, 38.99607
2603.179, 39.44539
2605.107, 39.55115
2607.036, 39.16918
2608.964, 38.76739
2610.893, 38.20203
2612.821, 38.13116
2614.750, 38.70380
2616.678, 39.33141
2618.607, 40.03543
2620.535, 40.30201
2622.464, 39.87252
2624.392, 39.38160
2626.321, 38.55605
2628.249, 38.40454
2630.177, 39.44249
2632.106, 39.96168
2634.034, 39.54256
2635.963, 38.92931
2637.891, 37.94820
2639.820, 37.60571
2641.748, 38.84771
2643.677, 39.53447
2645.605, 38.84847
2647.534, 38.43303
2649.462, 38.72521
2651.391, 39.07732
2653.319, 39.27773
2655.248, 39.51934
2657.176, 40.15293
2659.104, 40.36469
2661.033, 39.43667
2662.961, 38.89036
2664.890, 39.44302
2666.818, 39.66439
2668.747, 38.62989
2670.675, 37.99889
2672.604, 38.80304
2674.532, 39.48595
2676.461, 39.37978
2678.389, 39.27363
2680.318, 39.38770
2682.246, 39.55507
2684.175, 39.77509
2686.103, 39.91405
2688.031, 39.81707
2689.960, 39.78768
2691.888, 40.00443
2693.817, 40.22111
2695.745, 40.41129
2697.674, 40.49674
2699.602, 40.37206
2701.531, 40.27758
2703.459, 40.43095
2705.388, 40.44593
2707.316, 39.92767
2709.245, 39.65073
2711.173, 40.12450
2713.102, 40.31615
2715.030, 39.54748
2716.958, 38.98883
2718.887, 39.36845
2720.815, 39.63028
2722.744, 39.30320
2724.672, 38.97773
2726.601, 38.74271
2728.529, 38.69749
2730.458, 38.96610
2732.386, 39.24935
2734.315, 39.54042
2736.243, 39.66011
2738.172, 39.45200
2740.100, 39.20898
2742.029, 38.79940
2743.957, 38.87148
2745.885, 39.99392
2747.814, 40.80021
2749.742, 40.68772
2751.671, 40.59568
2753.599, 40.72500
2755.528, 40.79884
2757.456, 40.69219
2759.385, 40.77412
2761.313, 41.31121
2763.242, 41.58714
2765.170, 41.23853
2767.099, 41.02643
2769.027, 41.09020
2770.956, 41.01127
2772.884, 40.67052
2774.813, 40.49050
2776.741, 40.63258
2778.669, 40.69413
2780.598, 40.49491
2782.526, 40.72716
2784.455, 40.62851
2786.383, 40.47611
2788.312, 40.70081
2790.240, 40.15076
2792.169, 40.35279
2794.097, 40.29523
2796.026, 39.85327
2797.954, 40.07122
2799.883, 40.98008
2801.811, 41.29734
2803.740, 40.93467
2805.668, 40.39450
2807.596, 39.67599
2809.525, 39.54014
2811.453, 39.94669
2813.382, 40.27608
2815.310, 40.52208
2817.239, 40.73702
2819.167, 40.91239
2821.096, 41.01869
2823.024, 41.03049
2824.953, 40.65184
2826.881, 40.14080
2828.810, 40.47407
2830.738, 40.35305
2832.667, 41.16815
2834.595, 40.80371
2836.523, 40.94681
2838.452, 41.29035
2840.380, 41.26106
2842.309, 41.15450
2844.237, 41.45392
2846.166, 41.77097
2848.094, 41.60589
2850.023, 41.26857
2851.951, 40.91600
2853.880, 40.72869
2855.808, 41.05049
2857.737, 41.30362
2859.665, 40.85303
2861.594, 40.52311
2863.522, 40.92991
2865.450, 41.43191
2867.379, 41.91998
2869.307, 42.12067
2871.236, 42.38071
2873.164, 42.80328
2875.093, 42.49862
2877.021, 43.28455
2878.950, 43.13731
2880.878, 42.75037
2882.807, 42.07570
2884.735, 41.83314
2886.664, 42.62508
2888.592, 42.84740
2890.521, 42.30171
2892.449, 42.16378
2894.377, 42.57343
2896.306, 42.56193
2898.234, 41.94572
2900.163, 41.87965
2902.091, 42.38182
2904.020, 42.74887
2905.948, 42.95837
2907.877, 42.78306
2909.805, 42.34267
2911.734, 42.07618
2913.662, 41.99006
2915.591, 42.20731
2917.519, 42.55048
2919.448, 42.62322
2921.376, 42.61715
2923.304, 42.81415
2925.233, 43.07592
2927.161, 43.39711
2929.090, 43.50800
2931.018, 43.04771
2932.947, 42.51007
2934.875, 42.10708
2936.804, 41.91677
2938.732, 42.32675
2940.661, 42.36184
2942.589, 41.39811
2944.518, 40.74443
2946.446, 40.86654
2948.375, 41.37040
2950.303, 42.66771
2952.231, 43.10463
2954.160, 42.36890
2956.088, 41.85234
2958.017, 41.74561
2959.945, 41.77966
2961.874, 41.97353
2963.802, 41.91792
2965.731, 42.00132
2967.659, 41.74279
2969.588, 42.09217
2971.516, 42.34420
2973.445, 42.47277
2975.373, 42.28679
2977.302, 41.99300
2979.230, 42.13219
2981.158, 42.25545
2983.087, 41.56138
2985.015, 40.87102
2986.944, 41.09419
2988.872, 41.52671
2990.801, 41.84093
2992.729, 42.02882
2994.658, 41.95081
2996.586, 41.97532
2998.515, 42.30744
3000.443, 42.57140
3002.372, 42.68309
3004.300, 42.79526
3006.229, 43.14870
3008.157, 42.74143
3010.085, 41.34952
3012.014, 40.64311
3013.942, 40.66342
3015.871, 41.28276
3017.799, 40.99876
3019.728, 42.25201
3021.656, 41.58572
3023.585, 42.15459
3025.513, 43.13539
3027.442, 43.11930
3029.370, 42.65023
3031.299, 42.15252
3033.227, 41.86686
3035.156, 41.85362
3037.084, 42.34613
3039.012, 44.46014
3040.941, 45.52474
3042.869, 43.35226
3044.798, 42.01566
3046.726, 42.52930
3048.655, 42.85741
3050.583, 42.48794
3052.512, 42.34520
3054.440, 42.52273
3056.369, 42.73190
3058.297, 42.91105
3060.226, 42.19996
3062.154, 42.34375
3064.083, 42.06293
3066.011, 41.88928
3067.939, 41.80270
3069.868, 41.46893
3071.796, 41.65617
3073.725, 42.10597
3075.653, 42.98327
3077.582, 43.40903
3079.510, 42.61554
3081.439, 41.96795
3083.367, 42.24123
3085.296, 42.35981
3087.224, 41.94465
3089.153, 41.93015
3091.081, 42.45947
3093.010, 42.74225
3094.938, 42.68395
3096.866, 42.58731
3098.795, 42.46883
3100.723, 42.43233
3102.652, 42.53600
3104.580, 43.13900
3106.509, 42.86197
3108.437, 43.29378
3110.366, 42.62950
3112.294, 42.40058
3114.223, 42.17637
3116.151, 41.54306
3118.080, 41.13712
3120.008, 41.19875
3121.937, 41.44193
3123.865, 41.88387
3125.793, 42.18981
3127.722, 42.36211
3129.650, 41.90474
3131.579, 42.71163
3133.507, 41.73801
3135.436, 43.54475
3137.364, 43.93838
3139.293, 43.50965
3141.221, 43.12941
3143.150, 42.85658
3145.078, 42.93504
3147.007, 42.85769
3148.935, 41.89155
3150.864, 41.39499
3152.792, 41.97230
3154.720, 42.45990
3156.649, 42.56296
3158.577, 42.53065
3160.506, 42.36623
3162.434, 42.22860
3164.363, 42.15169
3166.291, 42.34337
3168.220, 42.71496
3170.148, 43.20588
3172.077, 43.48860
3174.005, 42.83165
3175.934, 42.07719
3177.862, 41.80693
3179.791, 41.91293
3181.719, 42.56694
3183.647, 43.03310
3185.576, 43.04419
3187.504, 43.04774
3189.433, 43.09378
3191.361, 43.13195
3193.290, 43.15944
3195.218, 43.29951
3197.147, 43.46412
3199.075, 43.22306
3201.004, 43.42426
3202.932, 43.15998
3204.861, 43.53913
3206.789, 43.81346
3208.718, 43.86092
3210.646, 43.40750
3212.574, 43.22129
3214.503, 42.97316
3216.431, 42.43380
3218.360, 42.40666
3220.288, 41.67882
3222.217, 41.38842
3224.145, 41.63142
3226.074, 42.20295
3228.002, 42.58535
3229.931, 42.94775
3231.859, 43.97115
3233.788, 44.41651
3235.716, 42.55729
3237.645, 41.34090
3239.573, 42.13619
3241.501, 42.83472
3243.430, 43.02012
3245.358, 43.42200
3247.287, 44.15894
3249.215, 43.89711
3251.144, 43.00304
3253.072, 42.82779
3255.001, 43.06666
3256.929, 43.42546
3258.858, 43.64463
3260.786, 43.32529
3262.715, 43.17032
3264.643, 43.69422
3266.572, 44.11790
3268.500, 44.34913
3270.428, 44.28728
3272.357, 43.90907
3274.285, 43.34199
3276.214, 42.74504
3278.142, 43.23567
3280.071, 43.95839
3281.999, 43.19955
3283.928, 42.52753
3285.856, 43.93725
3287.785, 44.79614
3289.713, 43.66598
3291.642, 43.15056
3293.570, 44.29579
3295.499, 44.57909
3297.427, 43.99519
3299.355, 43.00882
3301.284, 42.04830
3303.212, 42.83159
3305.141, 44.05033
3307.069, 44.03498
3308.998, 43.49431
3310.926, 42.28640
3312.855, 41.91539
3314.783, 43.09835
3316.712, 43.57603
3318.640, 42.79634
3320.569, 42.53042
3322.497, 42.75350
3324.426, 43.02502
3326.354, 43.35354
3328.282, 43.94905
3330.211, 44.35091
3332.139, 43.97455
3334.068, 43.50826
3335.996, 43.19046
3337.925, 42.92451
3339.853, 43.06254
3341.782, 42.87241
3343.710, 43.64668
3345.639, 44.32853
3347.567, 44.77416
3349.496, 44.42172
3351.424, 43.86969
3353.353, 43.54856
3355.281, 43.56405
3357.209, 44.34653
3359.138, 44.65660
3361.066, 44.21158
3362.995, 43.81406
3364.923, 43.53854
3366.852, 43.87404
3368.780, 44.39711
3370.709, 43.66424
3372.637, 42.96282
3374.566, 44.37729
3376.494, 45.31358
3378.423, 44.33086
3380.351, 43.33972
3382.280, 42.65036
3384.208, 42.67583
3386.136, 42.50324
3388.065, 43.36226
3389.993, 43.17940
3391.922, 43.88581
3393.850, 44.60487
3395.779, 44.47327
3397.707, 44.21037
3399.636, 44.36458
3401.564, 43.76445
3403.493, 44.04348
3405.421, 44.08572
3407.350, 44.11585
3409.278, 44.40443
3411.207, 43.94421
3413.135, 43.88489
3415.063, 43.91556
3416.992, 43.83146
3418.920, 43.66312
3420.849, 43.85363
3422.777, 43.44335
3424.706, 44.23219
3426.634, 44.90848
3428.563, 45.28481
3430.491, 44.44838
3432.420, 43.52799
3434.348, 44.39166
3436.277, 44.84874
3438.205, 43.35066
3440.134, 42.75587
3442.062, 43.85349
3443.990, 43.93237
3445.919, 43.17319
3447.847, 43.25326
3449.776, 43.75088
3451.704, 43.94316
3453.633, 44.10911
3455.561, 44.55165
3457.490, 44.73821
3459.418, 44.43774
3461.347, 44.69315
3463.275, 45.50502
3465.204, 44.69417
3467.132, 45.26835
3469.061, 44.16095
3470.989, 45.27978
3472.917, 44.83103
3474.846, 44.25951
3476.774, 43.91570
3478.703, 43.93785
3480.631, 43.61985
3482.560, 44.13991
3484.488, 43.52409
3486.417, 43.32174
3488.345, 43.50318
3490.274, 44.47658
3492.202, 45.05962
3494.131, 44.79132
3496.059, 44.33450
3497.988, 43.71084
3499.916, 43.73703
3501.844, 44.18714
3503.773, 44.55445
3505.701, 44.75913
3507.630, 45.14612
3509.558, 44.46082
3511.487, 45.49042
3513.415, 45.88276
3515.344, 45.50765
3517.272, 44.60464
3519.201, 43.60180
3521.129, 43.79908
3523.058, 44.23910
3524.986, 43.82418
3526.915, 43.79344
3528.843, 45.20295
3530.771, 45.62542
3532.700, 45.03962
3534.628, 44.95353
3536.557, 45.20729
3538.485, 45.54646
3540.414, 45.66768
3542.342, 45.36540
3544.271, 44.70441
3546.199, 43.52623
3548.128, 42.96849
3550.056, 43.08979
3551.985, 43.48168
3553.913, 43.93852
3555.842, 44.11516
3557.770, 44.15880
3559.698, 44.05353
3561.627, 44.06819
3563.555, 44.24865
3565.484, 44.45675
3567.412, 44.66259
3569.341, 44.79977
3571.269, 44.85149
3573.198, 44.83773
3575.126, 44.65575
3577.055, 44.80915
3578.983, 44.12359
3580.912, 44.89803
3582.840, 45.05291
3584.769, 44.90548
3586.697, 45.56958
3588.625, 45.91931
3590.554, 44.40124
3592.482, 43.77471
3594.411, 44.77161
3596.339, 44.99818
3598.268, 44.50688
3600.196, 44.69778
3602.125, 45.19463
3604.053, 45.84796
3605.982, 45.97807
3607.910, 45.13512
3609.839, 44.69010
3611.767, 44.86902
3613.696, 44.96363
3615.624, 45.09207
3617.552, 45.72961
3619.481, 46.14555
3621.409, 45.50467
3623.338, 45.24162
3625.266, 45.74115
3627.195, 45.59385
3629.123, 44.95006
3631.052, 44.56796
3632.980, 44.44800
3634.909, 44.39133
3636.837, 45.02692
3638.766, 44.92390
3640.694, 45.24558
3642.623, 45.94243
3644.551, 45.55373
3646.479, 44.82207
3648.408, 44.58774
3650.336, 44.80770
3652.265, 45.62231
3654.193, 45.94200
3656.122, 45.59822
3658.050, 45.14344
3659.979, 44.83216
3661.907, 45.31607
3663.836, 45.67457
3665.764, 45.08993
3667.693, 45.34725
3669.621, 46.97557
3671.550, 47.53556
3673.478, 47.24160
3675.406, 46.35653
3677.335, 45.50396
3679.263, 45.12149
3681.192, 44.97520
3683.120, 45.06206
3685.049, 45.07965
3686.977, 45.01723
3688.906, 44.80125
3690.834, 44.60143
3692.763, 44.34698
3694.691, 44.72444
3696.620, 45.97472
3698.548, 46.57507
3700.477, 46.67706
3702.405, 47.24092
3704.333, 47.52868
3706.262, 46.64323
3708.190, 45.71025
3710.119, 44.89922
3712.047, 45.07150
3713.976, 45.88902
3715.904, 46.13739
3717.833, 46.05616
3719.761, 45.58365
3721.690, 45.38655
3723.618, 45.60230
3725.547, 46.01017
3727.475, 46.43353
3729.404, 46.17139
3731.332, 45.86483
3733.260, 45.96019
3735.189, 46.35783
3737.117, 47.05228
3739.046, 47.40905
3740.974, 47.46943
3742.903, 47.34795
3744.831, 47.09013
3746.760, 46.69002
3748.688, 46.14648
3750.617, 45.47213
3752.545, 45.57201
3754.474, 46.00899
3756.402, 45.51521
3758.331, 45.24531
3760.259, 46.30024
3762.188, 46.63752
3764.116, 46.14593
3766.044, 46.11785
3767.973, 46.33815
3769.901, 46.40208
3771.830, 46.48949
3773.758, 46.20957
3775.687, 46.60186
3777.615, 45.45659
3779.544, 44.31045
3781.472, 43.82689
3783.401, 45.42738
3785.329, 46.67882
3787.258, 46.53889
3789.186, 46.12423
3791.115, 45.59412
3793.043, 45.31713
3794.971, 45.57150
3796.900, 45.29686
3798.828, 44.95415
3800.757, 45.43348
3802.685, 44.66211
3804.614, 44.92866
3806.542, 46.08765
3808.471, 46.94311
3810.399, 46.86775
3812.328, 46.27209
3814.256, 46.69521
3816.185, 45.75280
3818.113, 46.60233
3820.042, 46.36245
3821.970, 46.16914
3823.898, 46.35138
3825.827, 46.76885
3827.755, 47.32750
3829.684, 48.43917
3831.612, 48.43303
3833.541, 44.11216
3835.469, 42.99424
3837.398, 45.95461
3839.326, 47.52737
3841.255, 47.78388
3843.183, 46.32172
3845.112, 45.56878
3847.040, 47.40697
3848.969, 47.44848
3850.897, 46.01491
3852.825, 45.94677
3854.754, 46.21518
3856.682, 45.78307
3858.611, 45.87823
3860.539, 45.69042
3862.468, 45.69252
3864.396, 45.54148
3866.325, 45.86845
3868.253, 46.35530
3870.182, 46.59288
3872.110, 46.59317
3874.039, 46.43971
3875.967, 46.50600
3877.896, 46.64090
3879.824, 46.72959
3881.752, 46.81676
3883.681, 46.92242
3885.609, 47.06483
3887.538, 47.15491
3889.466, 46.95115
3891.395, 46.72937
3893.323, 46.67255
3895.252, 46.65635
3897.180, 46.70725
3899.109, 47.62509
3901.037, 48.32941
3902.966, 47.81681
3904.894, 46.84674
3906.823, 45.82283
3908.751, 46.65974
3910.679, 47.78882
3912.608, 47.42379
3914.536, 47.11339
3916.465, 47.08433
3918.393, 47.11147
3920.322, 47.22368
3922.250, 47.38044
3924.179, 47.95713
3926.107, 47.93473
3928.036, 48.06306
3929.964, 48.18439
3931.893, 47.99705
3933.821, 48.09401
3935.750, 47.97196
3937.678, 47.80023
3939.606, 47.70171
3941.535, 48.21224
3943.463, 48.64316
3945.392, 48.27363
3947.320, 47.90750
3949.249, 47.66292
3951.177, 47.72715
3953.106, 47.85540
3955.034, 47.35701
3956.963, 46.93317
3958.891, 46.90796
3960.820, 47.35455
3962.748, 47.82867
3964.677, 47.02491
3966.605, 46.40663
3968.533, 46.76558
3970.462, 47.04726
3972.390, 47.20155
3974.319, 47.68712
3976.247, 48.30037
3978.176, 49.13525
3980.104, 48.97227
3982.033, 47.79457
3983.961, 47.76837
3985.890, 48.30903
3987.818, 49.00210
3989.747, 48.94984
3991.675, 48.21555
3993.604, 48.03803
3995.532, 48.28580
3997.460, 48.98047
3999.389, 49.42292
4001.317, 49.28938
4003.246, 48.84113
4005.174, 48.45921
4007.103, 48.42518
4009.031, 48.10655
4010.960, 48.06056
4012.888, 48.04425
4014.817, 47.94068
4016.745, 48.04966
4018.674, 47.90306
4020.602, 47.78267
4022.531, 48.27539
4024.459, 49.06881
4026.387, 49.07320
4028.316, 49.02782
4030.244, 48.92999
4032.173, 48.62634
4034.101, 49.04195
4036.030, 49.40633
4037.958, 49.02069
4039.887, 49.46631
4041.815, 49.84185
4043.744, 49.42598
4045.672, 49.11536
4047.601, 49.25297
4049.529, 49.39713
4051.458, 48.92586
4053.386, 48.53860
4055.314, 48.75221
4057.243, 48.55411
4059.171, 48.10604
4061.100, 48.09557
4063.028, 48.17653
4064.957, 48.49139
4066.885, 48.68527
4068.814, 49.06868
4070.742, 49.24582
4072.671, 48.78864
4074.599, 48.72169
4076.528, 49.16533
4078.456, 48.52181
4080.385, 48.06005
4082.313, 48.66051
4084.241, 48.83131
4086.170, 49.19508
4088.098, 49.39038
4090.027, 48.77739
4091.955, 49.53627
4093.884, 49.51260
4095.812, 49.34309
4097.741, 49.91406
4099.669, 49.22869
4101.598, 49.05586
4103.526, 49.31129
4105.455, 49.02294
4107.383, 49.21247
4109.312, 49.28893
4111.240, 49.16631
4113.168, 49.25723
4115.097, 50.05048
4117.025, 50.26845
4118.954, 50.44274
4120.882, 50.55051
4122.811, 50.54339
4124.739, 50.20288
4126.668, 49.92809
4128.596, 49.48476
4130.525, 49.31989
4132.453, 49.46804
4134.382, 49.84977
4136.310, 49.90405
4138.239, 49.38507
4140.167, 49.24186
4142.096, 49.22282
4144.024, 49.59951
4145.953, 50.00996
4147.881, 50.36896
4149.810, 50.30501
4151.738, 50.19875
4153.667, 50.33571
4155.595, 50.20472
4157.523, 49.67670
4159.452, 49.74939
4161.380, 50.46938
4163.309, 49.81108
4165.237, 49.61833
4167.166, 51.19405
4169.094, 51.39648
4171.022, 50.68377
4172.951, 48.95044
4174.879, 48.36483
4176.808, 49.98110
4178.736, 50.48618
4180.665, 50.44159
4182.593, 51.24765
4184.522, 51.33234
4186.450, 51.29938
4188.379, 51.38873
4190.307, 50.85630
4192.236, 50.65234
4194.164, 49.99979
4196.093, 49.92308
4198.021, 50.10637
4199.950, 49.85995
4201.878, 50.67183
4203.807, 51.08494
4205.735, 51.07336
4207.664, 51.37461
4209.592, 51.46232
4211.521, 50.56985
4213.449, 50.03634
4215.377, 50.02618
4217.306, 49.82085
4219.234, 51.06682
4221.163, 50.49874
4223.091, 50.88819
4225.020, 52.05856
4226.948, 52.17377
4228.876, 51.46515
4230.805, 49.74186
4232.733, 49.71959
4234.662, 50.83829
4236.590, 50.82701
4238.519, 50.61289
4240.447, 50.59203
4242.376, 49.95576
4244.304, 50.26558
4246.233, 49.99922
4248.161, 50.91640
4250.090, 51.69814
4252.018, 52.66039
4253.947, 53.12559
4255.875, 53.30533
4257.804, 51.12284
4259.732, 52.82953
4261.661, 52.06288
4263.589, 50.92938
4265.518, 51.33174
4267.446, 52.10341
4269.375, 52.91268
4271.303, 52.47509
4273.231, 51.80096
4275.160, 51.41108
4277.088, 51.36104
4279.017, 51.55500
4280.945, 51.86760
4282.874, 52.00490
4284.802, 51.87493
4286.730, 51.10003
4288.659, 50.18416
4290.587, 49.87297
4292.516, 49.96186
4294.444, 50.40179
4296.373, 50.83834
4298.301, 51.30619
4300.230, 51.88834
4302.158, 52.33284
4304.087, 52.58422
4306.015, 52.29756
4307.944, 52.23558
4309.872, 52.97184
4311.801, 52.25135
4313.729, 52.36730
4315.658, 51.47984
4317.586, 52.02294
4319.515, 52.09441
4321.443, 52.21943
4323.372, 52.23623
4325.300, 51.89319
4327.229, 51.50994
4329.157, 51.18126
4331.085, 51.03146
4333.014, 51.42240
4334.942, 52.71721
4336.871, 52.99251
4338.799, 52.58076
4340.728, 52.50812
4342.656, 52.46001
4344.584, 52.34389
4346.513, 51.83984
4348.441, 51.59980
4350.370, 52.68716
4352.298, 52.94661
4354.227, 52.40435
4356.155, 52.26336
4358.084, 52.53446
4360.012, 53.43937
4361.941, 53.25949
4363.869, 52.53378
4365.798, 52.42093
4367.726, 52.05959
4369.655, 51.25020
4371.583, 50.45240
4373.512, 50.26925
4375.440, 51.69431
4377.369, 52.65108
4379.297, 53.04032
4381.226, 52.80441
4383.154, 52.53851
4385.083, 52.45919
4387.011, 52.23618
4388.939, 52.20633
4390.868, 52.13776
4392.796, 53.04345
4394.725, 52.31116
4396.653, 52.09110
4398.582, 52.64153
4400.510, 51.78167
4402.438, 53.13194
4404.367, 51.16566
4406.295, 51.16052
4408.224, 51.65077
4410.152, 52.27446
4412.081, 52.84498
4414.009, 52.88976
4415.938, 52.06658
4417.866, 51.04473
4419.795, 50.50581
4421.723, 52.07076
4423.652, 52.72628
4425.580, 51.99561
4427.509, 52.42764
4429.437, 52.54810
4431.366, 52.49028
4433.294, 52.45183
4435.223, 52.68153
4437.151, 52.25051
4439.080, 52.05340
4441.008, 52.50229
4442.937, 52.13363
4444.865, 51.69039
4446.793, 51.65050
4448.722, 51.07352
4450.650, 50.53489
4452.579, 51.17343
4454.507, 52.53484
4456.436, 54.19931
4458.364, 54.27531
4460.292, 53.58857
4462.221, 52.45615
4464.149, 51.75986
4466.078, 51.60886
4468.006, 51.34054
4469.935, 52.65485
4471.863, 51.84328
4473.792, 53.18574
4475.720, 54.04598
4477.649, 53.08562
4479.577, 51.94672
4481.506, 51.05872
4483.434, 50.86999
4485.363, 50.89977
4487.291, 51.09780
4489.220, 51.64129
4491.148, 52.39737
4493.077, 53.31842
4495.005, 53.23330
4496.934, 52.51997
4498.862, 53.03910
4500.791, 51.44233
4502.719, 53.03735
4504.647, 52.24939
4506.576, 52.05687
4508.504, 53.11293
4510.433, 51.66301
4512.361, 50.05230
4514.290, 49.58327
4516.218, 50.89362
4518.146, 52.53805
4520.075, 52.22145
4522.003, 51.93475
4523.932, 51.97608
4525.860, 52.23158
4527.789, 52.48810
4529.717, 52.66050
4531.646, 53.01965
4533.574, 52.81001
4535.503, 53.34917
4537.431, 53.25180
4539.360, 53.77263
4541.288, 53.14906
4543.217, 52.40810
4545.145, 52.05509
4547.074, 51.61395
4549.002, 51.67148
4550.931, 52.65094
4552.859, 53.22245
4554.788, 53.29560
4556.716, 52.62476
4558.645, 51.98112
4560.573, 51.47122
4562.501, 51.14414
4564.430, 51.19091
4566.358, 51.51830
4568.287, 50.94656
4570.215, 51.09507
4572.144, 52.83642
4574.072, 53.45190
4576.000, 53.63318
4577.929, 54.49694
4579.857, 54.18371
4581.786, 53.18208
4583.714, 52.83107
4585.643, 52.54449
4587.571, 52.23739
4589.500, 52.34083
4591.428, 51.98354
4593.357, 50.84620
4595.285, 51.73885
4597.214, 52.71753
4599.142, 51.46028
4601.071, 51.51883
4602.999, 52.10221
4604.928, 51.52340
4606.856, 51.43830
4608.785, 51.90131
4610.713, 52.23433
4612.642, 52.38969
4614.570, 52.35852
4616.499, 52.21920
4618.427, 51.80147
4620.355, 50.73653
4622.284, 51.08313
4624.212, 51.40274
4626.141, 49.71899
4628.069, 51.26657
4629.998, 53.81500
4631.926, 51.23777
4633.854, 50.57207
4635.783, 52.04664
4637.711, 50.43164
4639.640, 50.20894
4641.568, 52.94514
4643.497, 50.97746
4645.425, 49.36943
4647.354, 50.84198
4649.282, 51.52973
4651.211, 51.74455
4653.139, 52.25990
4655.068, 51.52870
4656.996, 50.25649
4658.925, 49.63464
4660.853, 50.14242
4662.782, 51.34468
4664.710, 51.70430
4666.639, 51.39631
4668.567, 50.71343
4670.496, 51.25706
4672.424, 51.51407
4674.353, 50.61321
4676.281, 51.17063
4678.209, 51.78216
4680.138, 51.48588
4682.066, 50.83254
4683.995, 50.38106
4685.923, 50.74071
4687.852, 51.46539
4689.780, 51.97623
4691.708, 51.93340
4693.637, 52.15911
4695.565, 51.81593
4697.494, 52.05632
4699.422, 52.19172
4701.351, 52.30943
4703.279, 51.86095
4705.208, 51.26306
4707.136, 50.67058
4709.065, 50.74864
4710.993, 51.23134
4712.922, 51.99337
4714.850, 51.28025
4716.779, 50.46012
4718.707, 50.90999
4720.636, 50.45948
4722.564, 50.02628
4724.493, 51.07855
4726.421, 51.52437
4728.350, 51.48939
4730.278, 51.32662
4732.207, 51.97075
4734.135, 52.78714
4736.063, 51.37642
4737.992, 50.73514
4739.920, 51.18517
4741.849, 51.15403
4743.777, 51.59086
4745.706, 51.43944
4747.634, 51.70311
4749.563, 51.02395
4751.491, 51.15226
4753.419, 50.73741
4755.348, 50.01950
4757.276, 49.13666
4759.205, 49.75349
4761.133, 50.63918
4763.062, 50.87227
4764.990, 50.55110
4766.919, 50.30713
4768.847, 50.75880
4770.776, 51.15121
4772.704, 51.44198
4774.633, 52.04306
4776.561, 50.49281
4778.490, 51.05130
4780.418, 50.23046
4782.347, 50.85070
4784.275, 50.62982
4786.204, 50.69073
4788.132, 51.13491
4790.061, 51.66528
4791.989, 51.29616
4793.917, 51.35525
4795.846, 51.81848
4797.774, 51.66472
4799.703, 51.63802
4801.631, 51.57776
4803.560, 51.24032
4805.488, 50.85016
4807.417, 50.70019
4809.345, 50.34812
4811.273, 50.40628
4813.202, 50.32839
4815.130, 50.11845
4817.059, 50.30181
4818.987, 49.85176
4820.916, 49.56331
4822.844, 49.52211
4824.773, 49.79387
4826.701, 51.45004
4828.630, 52.52271
4830.558, 51.95188
4832.487, 50.16287
4834.415, 49.47844
4836.344, 51.03540
4838.272, 51.41761
4840.201, 50.98762
4842.129, 49.91445
4844.058, 50.40729
4845.986, 50.75782
4847.915, 49.81829
4849.843, 50.96288
4851.771, 51.66739
4853.700, 49.57616
4855.628, 49.88609
4857.557, 50.58349
4859.485, 50.05355
4861.414, 50.54279
4863.342, 51.07152
4865.271, 50.70252
4867.199, 50.39424
4869.127, 49.81115
4871.056, 48.53316
4872.984, 48.47064
4874.913, 48.88694
4876.841, 49.07412
4878.770, 49.57518
4880.698, 49.81898
4882.627, 49.17725
4884.555, 49.89138
4886.484, 50.19989
4888.412, 48.37526
4890.341, 48.63155
4892.269, 49.69532
4894.198, 50.53417
4896.126, 50.01159
4898.055, 49.49141
4899.983, 50.07750
4901.912, 49.83704
4903.840, 49.16879
4905.769, 48.13736
4907.697, 49.29856
4909.625, 50.40425
4911.554, 49.94389
4913.482, 48.49615
4915.411, 47.94526
4917.339, 49.90519
4919.268, 50.88549
4921.196, 50.89585
4923.125, 49.99621
4925.053, 49.60408
4926.981, 49.14290
4928.910, 48.21294
4930.838, 49.68168
4932.767, 50.60336
4934.695, 49.86024
4936.624, 51.02357
4938.552, 51.54712
4940.481, 50.40837
4942.409, 47.93734
4944.338, 47.43153
4946.266, 49.60534
4948.195, 49.75165
4950.123, 49.86117
4952.052, 50.32965
4953.980, 50.20729
4955.909, 49.28603
4957.837, 48.01880
4959.766, 48.82393
4961.694, 49.12206
4963.623, 48.74933
4965.551, 48.91670
4967.479, 48.64351
4969.408, 48.36104
4971.336, 50.02953
4973.265, 50.11087
4975.193, 49.30116
4977.122, 49.98700
4979.050, 49.41018
4980.979, 48.41555
4982.907, 48.46812
4984.835, 48.16037
4986.764, 50.06579
4988.692, 48.54265
4990.621, 49.08126
4992.549, 50.01656
4994.478, 49.54214
4996.406, 48.94177
4998.335, 49.15332
5000.263, 48.63005
5002.192, 48.64609
5004.120, 48.40432
5006.049, 48.70412
5007.977, 49.24694
5009.906, 49.48959
5011.834, 49.30103
5013.763, 49.17952
5015.691, 48.85555
5017.620, 48.32029
5019.548, 47.73812
5021.477, 47.01594
5023.405, 46.52563
5025.333, 47.36808
5027.262, 48.30962
5029.190, 48.65258
5031.119, 47.30207
5033.047, 47.10463
5034.976, 47.42342
5036.904, 47.20451
5038.833, 47.40362
5040.761, 48.00160
5042.689, 48.94551
5044.618, 49.52891
5046.546, 50.22870
5048.475, 51.22211
5050.403, 49.03465
5052.332, 47.68309
5054.260, 48.17973
5056.189, 47.54311
5058.117, 47.94503
5060.046, 47.84896
5061.974, 48.45139
5063.903, 47.89539
5065.831, 47.66505
5067.760, 47.86032
5069.688, 47.81874
5071.617, 47.81574
5073.545, 48.23653
5075.474, 48.70115
5077.402, 48.59579
5079.331, 47.33659
5081.259, 47.64683
5083.188, 48.18940
5085.116, 48.48766
5087.044, 49.30779
5088.973, 49.76717
5090.901, 49.53909
5092.830, 48.04555
5094.758, 46.97544
5096.687, 46.93340
5098.615, 48.73022
5100.543, 49.05291
5102.472, 48.89948
5104.400, 49.80244
5106.329, 49.26570
5108.257, 48.48218
5110.186, 48.23615
5112.114, 47.82686
5114.043, 47.63354
5115.971, 47.52161
5117.900, 47.63587
5119.828, 47.91030
5121.757, 48.23607
5123.685, 47.93464
5125.614, 48.73840
5127.542, 47.35617
5129.471, 46.79218
5131.399, 46.53510
5133.328, 46.85755
5135.256, 47.97927
5137.185, 48.42842
5139.113, 48.36248
5141.042, 47.87916
5142.970, 46.58748
5144.898, 47.15200
5146.827, 48.80982
5148.755, 49.11772
5150.684, 47.85019
5152.612, 46.76828
5154.541, 47.97249
5156.469, 48.52759
5158.397, 48.27800
5160.326, 47.39630
5162.254, 47.57484
5164.183, 48.02360
5166.111, 48.44730
5168.040, 48.91071
5169.968, 48.77094
5171.897, 48.44218
5173.825, 48.75050
5175.754, 48.21706
5177.682, 47.58425
5179.611, 47.49370
5181.539, 47.23227
5183.468, 47.29430
5185.396, 46.81568
5187.325, 46.86342
5189.253, 46.12616
5191.182, 45.76393
5193.110, 45.84830
5195.039, 45.61878
5196.967, 45.87439
5198.896, 46.01546
5200.824, 46.43157
5202.752, 47.17573
5204.681, 47.35640
5206.609, 47.56252
5208.538, 47.93204
5210.466, 48.03096
5212.395, 46.64238
5214.323, 46.79079
5216.251, 46.99768
5218.180, 45.78658
5220.108, 46.60381
5222.037, 47.31943
5223.965, 47.38557
5225.894, 48.23740
5227.822, 48.00210
5229.751, 47.30550
5231.679, 47.86852
5233.608, 47.23669
5235.536, 46.66776
5237.465, 47.04563
5239.393, 47.88231
5241.322, 48.03668
5243.250, 47.34635
5245.179, 45.98380
5247.107, 45.48817
5249.036, 46.31590
5250.964, 46.19463
5252.893, 47.87847
5254.821, 46.96145
5256.750, 48.52020
5258.678, 47.59921
5260.606, 46.78814
5262.535, 46.40589
5264.463, 45.87622
5266.392, 45.59242
5268.320, 45.40397
5270.249, 45.21913
5272.177, 45.31390
5274.105, 45.56656
5276.034, 45.64639
5277.962, 46.19395
5279.891, 46.40326
5281.819, 46.27563
5283.748, 46.17743
5285.676, 45.33139
5287.605, 45.47469
5289.533, 46.62806
5291.462, 45.34179
5293.390, 45.71907
5295.319, 46.58432
5297.247, 45.17385
5299.176, 46.72786
5301.104, 47.62703
5303.033, 46.31357
5304.961, 46.47388
5306.890, 47.33381
5308.818, 47.75872
5310.747, 46.11682
5312.675, 46.26391
5314.604, 47.19225
5316.532, 47.93381
5318.460, 46.25457
5320.389, 44.93410
5322.317, 44.84755
5324.246, 46.53538
5326.174, 46.34816
5328.103, 45.67671
5330.031, 45.57942
5331.959, 45.66997
5333.888, 45.01356
5335.816, 44.21899
5337.745, 44.99038
5339.673, 44.11109
5341.602, 46.10132
5343.530, 43.95898
5345.459, 44.78493
5347.387, 46.01001
5349.316, 46.75325
5351.244, 46.70818
5353.173, 45.26675
5355.101, 44.42086
5357.030, 45.19857
5358.958, 45.99400
5360.887, 45.63305
5362.815, 44.96531
5364.744, 45.68708
5366.672, 44.70367
5368.601, 44.41552
5370.529, 45.51619
5372.458, 43.65157
5374.386, 43.31172
5376.314, 44.20226
5378.243, 44.96265
5380.171, 45.22793
5382.100, 45.72825
5384.028, 43.99925
5385.957, 45.76586
5387.885, 45.04978
5389.813, 44.03688
5391.742, 45.39783
5393.670, 44.46167
5395.599, 45.29074
5397.527, 47.41077
5399.456, 46.31367
5401.384, 44.69959
5403.313, 44.28196
5405.241, 45.68086
5407.170, 47.42785
5409.098, 45.97866
5411.027, 43.47861
5412.955, 44.77489
5414.884, 44.18280
5416.812, 43.65705
5418.741, 43.98869
5420.669, 44.50327
5422.598, 44.23228
5424.526, 44.34841
5426.455, 45.81143
5428.383, 44.91285
5430.312, 44.57609
5432.240, 44.87588
5434.168, 43.61229
5436.097, 44.27058
5438.025, 45.51376
5439.954, 46.34908
5441.882, 45.86527
5443.811, 45.45769
5445.739, 45.41310
5447.667, 44.78163
5449.596, 44.48545
5451.524, 43.79547
5453.453, 43.79642
5455.381, 43.37551
5457.310, 42.58979
5459.238, 42.33733
5461.167, 42.95298
5463.095, 43.78983
5465.024, 43.45874
5466.952, 44.13339
5468.881, 43.58254
5470.809, 44.50779
5472.738, 44.58146
5474.666, 44.28535
5476.595, 45.50254
5478.523, 45.40788
5480.452, 44.33258
5482.380, 42.99952
5484.309, 43.60581
5486.237, 43.38098
5488.166, 43.11370
5490.094, 43.62795
5492.022, 43.87947
5493.951, 43.45121
5495.879, 43.46380
5497.808, 45.76408
5499.736, 43.72905
##END=



