##NAMES=Lavinskyite
##RRUFFID=R120057
##IDEAL CHEMISTRY=K(LiCu)Cu_6_(Si_4_O_11_)_2_(OH)_4_
##LOCALITY=Wessels mine, Kalahari manganese field, Northern Cape Province, South Africa
##OWNER=RRUFF
##SOURCE=William W. Pinch, Robert Lavinsky, and Marcus Origlieri
##DESCRIPTION=Light blue plates, associated with R120019 wesselsite, and R120077 scottyite. This is the type sample.
##STATUS=The identification of this mineral is confirmed by single-crystal X-ray diffraction and chemical analysis
##URL=https://www.rruff.net/odr/rruff_sample/R120057
##MEASURED CHEMISTRY=(K_0.99_Ba_0.01_)(Li_1.04_Cu_0.50_Mg_0.43_Na_0.10_Mn_0.01_)Cu_6.00_Si_7.99_O_22_(OH)_4.00_ ; (Lavinskyite is the darkest material in the image)
##DIFFRACTION SAMPLE DESCRIPTION=Single crystal, powder profile is calculated
##CELL PARAMETERS=a: 19.046 b: 20.377 c: 5.2497 alpha: 90 beta: 90 gamma: 90 volume: 2037.4 crystal system: orthorhombic
##FILETYPE=Raman RAW
##RAMAN WAVELENGTH=780

7.931860e+001, 0.000000e+000
8.124707e+001, 2.721083e+003
8.317554e+001, 2.229373e+003
8.510400e+001, 2.345313e+003
8.703247e+001, 3.116852e+003
8.896094e+001, 4.123900e+003
9.088940e+001, 5.437162e+003
9.281787e+001, 6.811029e+003
9.474634e+001, 8.071991e+003
9.667480e+001, 8.577762e+003
9.860327e+001, 8.842261e+003
1.005317e+002, 8.978943e+003
1.024602e+002, 8.997593e+003
1.043887e+002, 8.906136e+003
1.063171e+002, 8.775364e+003
1.082456e+002, 8.588212e+003
1.101741e+002, 8.388934e+003
1.121025e+002, 8.201483e+003
1.140310e+002, 8.016657e+003
1.159595e+002, 7.860476e+003
1.178879e+002, 7.723579e+003
1.198164e+002, 7.604430e+003
1.217449e+002, 7.501223e+003
1.236733e+002, 7.406702e+003
1.256018e+002, 7.312792e+003
1.275303e+002, 7.218285e+003
1.294587e+002, 7.139447e+003
1.313872e+002, 7.074908e+003
1.333157e+002, 7.024821e+003
1.352441e+002, 6.995010e+003
1.371726e+002, 6.973870e+003
1.391011e+002, 6.958651e+003
1.410295e+002, 6.946991e+003
1.429580e+002, 6.921028e+003
1.448865e+002, 6.879317e+003
1.468149e+002, 6.830002e+003
1.487434e+002, 6.773966e+003
1.506719e+002, 6.712307e+003
1.526003e+002, 6.645867e+003
1.545288e+002, 6.573593e+003
1.564573e+002, 6.493257e+003
1.583857e+002, 6.404224e+003
1.603142e+002, 6.311249e+003
1.622427e+002, 6.209211e+003
1.641711e+002, 6.110380e+003
1.660996e+002, 6.020232e+003
1.680281e+002, 5.938077e+003
1.699565e+002, 5.860970e+003
1.718850e+002, 5.788638e+003
1.738135e+002, 5.723534e+003
1.757419e+002, 5.668040e+003
1.776704e+002, 5.618240e+003
1.795989e+002, 5.572867e+003
1.815273e+002, 5.532771e+003
1.834558e+002, 5.500326e+003
1.853843e+002, 5.474760e+003
1.873127e+002, 5.450448e+003
1.892412e+002, 5.424488e+003
1.911697e+002, 5.403747e+003
1.930981e+002, 5.388632e+003
1.950266e+002, 5.380003e+003
1.969551e+002, 5.379809e+003
1.988835e+002, 5.386853e+003
2.008120e+002, 5.400399e+003
2.027405e+002, 5.426499e+003
2.046689e+002, 5.444273e+003
2.065974e+002, 5.453454e+003
2.085259e+002, 5.451514e+003
2.104543e+002, 5.433864e+003
2.123828e+002, 5.404446e+003
2.143113e+002, 5.369329e+003
2.162397e+002, 5.327719e+003
2.181682e+002, 5.284829e+003
2.200967e+002, 5.238098e+003
2.220251e+002, 5.193928e+003
2.239536e+002, 5.155208e+003
2.258821e+002, 5.119662e+003
2.278105e+002, 5.085695e+003
2.297390e+002, 5.053237e+003
2.316675e+002, 5.018909e+003
2.335959e+002, 4.981212e+003
2.355244e+002, 4.943392e+003
2.374529e+002, 4.908372e+003
2.393813e+002, 4.870408e+003
2.413098e+002, 4.823871e+003
2.432383e+002, 4.772376e+003
2.451667e+002, 4.723336e+003
2.470952e+002, 4.677347e+003
2.490237e+002, 4.632550e+003
2.509521e+002, 4.588628e+003
2.528806e+002, 4.546476e+003
2.548091e+002, 4.506577e+003
2.567375e+002, 4.468779e+003
2.586660e+002, 4.432986e+003
2.605945e+002, 4.399146e+003
2.625229e+002, 4.366515e+003
2.644514e+002, 4.334331e+003
2.663799e+002, 4.304854e+003
2.683083e+002, 4.279124e+003
2.702368e+002, 4.254984e+003
2.721653e+002, 4.232604e+003
2.740938e+002, 4.210513e+003
2.760222e+002, 4.186582e+003
2.779507e+002, 4.160802e+003
2.798792e+002, 4.134720e+003
2.818076e+002, 4.107247e+003
2.837361e+002, 4.082987e+003
2.856646e+002, 4.064531e+003
2.875930e+002, 4.048112e+003
2.895215e+002, 4.031547e+003
2.914500e+002, 4.015011e+003
2.933784e+002, 3.999157e+003
2.953069e+002, 3.983906e+003
2.972354e+002, 3.968766e+003
2.991638e+002, 3.953759e+003
3.010923e+002, 3.938684e+003
3.030208e+002, 3.924163e+003
3.049492e+002, 3.909065e+003
3.068777e+002, 3.891840e+003
3.088062e+002, 3.873503e+003
3.107346e+002, 3.857347e+003
3.126631e+002, 3.843229e+003
3.145916e+002, 3.830026e+003
3.165200e+002, 3.816894e+003
3.184485e+002, 3.805833e+003
3.203770e+002, 3.800037e+003
3.223054e+002, 3.793870e+003
3.242339e+002, 3.781680e+003
3.261624e+002, 3.765438e+003
3.280908e+002, 3.751700e+003
3.300193e+002, 3.740587e+003
3.319477e+002, 3.731085e+003
3.338762e+002, 3.724693e+003
3.358047e+002, 3.717235e+003
3.377331e+002, 3.706071e+003
3.396616e+002, 3.694828e+003
3.415901e+002, 3.687449e+003
3.435185e+002, 3.682115e+003
3.454470e+002, 3.673671e+003
3.473755e+002, 3.661925e+003
3.493039e+002, 3.651073e+003
3.512324e+002, 3.643332e+003
3.531609e+002, 3.633594e+003
3.550893e+002, 3.619056e+003
3.570178e+002, 3.603913e+003
3.589463e+002, 3.591088e+003
3.608747e+002, 3.580082e+003
3.628032e+002, 3.570053e+003
3.647317e+002, 3.561033e+003
3.666601e+002, 3.551458e+003
3.685886e+002, 3.540336e+003
3.705171e+002, 3.530106e+003
3.724455e+002, 3.521079e+003
3.743740e+002, 3.512842e+003
3.763025e+002, 3.504641e+003
3.782309e+002, 3.497252e+003
3.801594e+002, 3.492052e+003
3.820879e+002, 3.488812e+003
3.840163e+002, 3.485142e+003
3.859448e+002, 3.481565e+003
3.878733e+002, 3.476239e+003
3.898017e+002, 3.466472e+003
3.917302e+002, 3.458501e+003
3.936587e+002, 3.455228e+003
3.955871e+002, 3.454888e+003
3.975156e+002, 3.456435e+003
3.994441e+002, 3.459235e+003
4.013725e+002, 3.460845e+003
4.033010e+002, 3.460972e+003
4.052295e+002, 3.460082e+003
4.071579e+002, 3.455121e+003
4.090864e+002, 3.453611e+003
4.110149e+002, 3.460146e+003
4.129433e+002, 3.467346e+003
4.148718e+002, 3.469667e+003
4.168003e+002, 3.469865e+003
4.187287e+002, 3.472280e+003
4.206572e+002, 3.477025e+003
4.225857e+002, 3.483191e+003
4.245141e+002, 3.492087e+003
4.264426e+002, 3.499251e+003
4.283711e+002, 3.502858e+003
4.302995e+002, 3.507368e+003
4.322280e+002, 3.517235e+003
4.341565e+002, 3.526713e+003
4.360849e+002, 3.532594e+003
4.380134e+002, 3.534243e+003
4.399419e+002, 3.529244e+003
4.418703e+002, 3.516792e+003
4.437988e+002, 3.501860e+003
4.457273e+002, 3.485313e+003
4.476557e+002, 3.462960e+003
4.495842e+002, 3.429375e+003
4.515127e+002, 3.396447e+003
4.534411e+002, 3.370271e+003
4.553696e+002, 3.347220e+003
4.572981e+002, 3.323552e+003
4.592265e+002, 3.299787e+003
4.611550e+002, 3.277800e+003
4.630835e+002, 3.257342e+003
4.650119e+002, 3.242648e+003
4.669404e+002, 3.236615e+003
4.688689e+002, 3.227209e+003
4.707973e+002, 3.206970e+003
4.727258e+002, 3.188103e+003
4.746543e+002, 3.176068e+003
4.765827e+002, 3.168106e+003
4.785112e+002, 3.161858e+003
4.804397e+002, 3.157258e+003
4.823681e+002, 3.153946e+003
4.842966e+002, 3.151890e+003
4.862251e+002, 3.151250e+003
4.881535e+002, 3.152952e+003
4.900820e+002, 3.152405e+003
4.920105e+002, 3.146735e+003
4.939389e+002, 3.140133e+003
4.958674e+002, 3.135574e+003
4.977959e+002, 3.128961e+003
4.997243e+002, 3.116604e+003
5.016528e+002, 3.099259e+003
5.035813e+002, 3.078501e+003
5.055097e+002, 3.054754e+003
5.074382e+002, 3.029235e+003
5.093667e+002, 3.001484e+003
5.112951e+002, 2.975245e+003
5.132236e+002, 2.952381e+003
5.151521e+002, 2.929479e+003
5.170806e+002, 2.903591e+003
5.190090e+002, 2.879546e+003
5.209375e+002, 2.861541e+003
5.228660e+002, 2.846492e+003
5.247944e+002, 2.830426e+003
5.267229e+002, 2.813652e+003
5.286514e+002, 2.796925e+003
5.305798e+002, 2.780255e+003
5.325083e+002, 2.765103e+003
5.344368e+002, 2.751440e+003
5.363652e+002, 2.740309e+003
5.382937e+002, 2.732217e+003
5.402222e+002, 2.726314e+003
5.421506e+002, 2.724479e+003
5.440791e+002, 2.722488e+003
5.460076e+002, 2.715947e+003
5.479360e+002, 2.707033e+003
5.498645e+002, 2.699008e+003
5.517930e+002, 2.691699e+003
5.537214e+002, 2.683941e+003
5.556499e+002, 2.676689e+003
5.575784e+002, 2.665954e+003
5.595068e+002, 2.649213e+003
5.614353e+002, 2.633496e+003
5.633638e+002, 2.619469e+003
5.652922e+002, 2.607152e+003
5.672207e+002, 2.598088e+003
5.691492e+002, 2.589096e+003
5.710776e+002, 2.577083e+003
5.730061e+002, 2.563727e+003
5.749345e+002, 2.552086e+003
5.768630e+002, 2.542046e+003
5.787914e+002, 2.531979e+003
5.807199e+002, 2.522196e+003
5.826484e+002, 2.511082e+003
5.845768e+002, 2.497266e+003
5.865053e+002, 2.486429e+003
5.884338e+002, 2.481324e+003
5.903622e+002, 2.476280e+003
5.922907e+002, 2.468153e+003
5.942192e+002, 2.459882e+003
5.961476e+002, 2.453342e+003
5.980761e+002, 2.447768e+003
6.000046e+002, 2.441888e+003
6.019330e+002, 2.436118e+003
6.038615e+002, 2.433032e+003
6.057900e+002, 2.432981e+003
6.077184e+002, 2.428042e+003
6.096469e+002, 2.417087e+003
6.115754e+002, 2.409054e+003
6.135038e+002, 2.406797e+003
6.154323e+002, 2.403028e+003
6.173608e+002, 2.393667e+003
6.192892e+002, 2.384628e+003
6.212177e+002, 2.380764e+003
6.231462e+002, 2.375862e+003
6.250746e+002, 2.362558e+003
6.270031e+002, 2.346276e+003
6.289316e+002, 2.335965e+003
6.308600e+002, 2.330636e+003
6.327885e+002, 2.326338e+003
6.347170e+002, 2.322970e+003
6.366454e+002, 2.318646e+003
6.385739e+002, 2.312995e+003
6.405024e+002, 2.308469e+003
6.424308e+002, 2.305383e+003
6.443593e+002, 2.303868e+003
6.462878e+002, 2.304265e+003
6.482162e+002, 2.305761e+003
6.501447e+002, 2.307869e+003
6.520732e+002, 2.311143e+003
6.540016e+002, 2.315110e+003
6.559301e+002, 2.321102e+003
6.578586e+002, 2.330797e+003
6.597870e+002, 2.344022e+003
6.617155e+002, 2.359685e+003
6.636440e+002, 2.378200e+003
6.655724e+002, 2.401694e+003
6.675009e+002, 2.430290e+003
6.694294e+002, 2.465180e+003
6.713578e+002, 2.510818e+003
6.732863e+002, 2.551751e+003
6.752148e+002, 2.589974e+003
6.771432e+002, 2.617228e+003
6.790717e+002, 2.634185e+003
6.810002e+002, 2.636246e+003
6.829286e+002, 2.619861e+003
6.848571e+002, 2.588938e+003
6.867856e+002, 2.540051e+003
6.887141e+002, 2.483559e+003
6.906425e+002, 2.429295e+003
6.925710e+002, 2.378663e+003
6.944995e+002, 2.335063e+003
6.964279e+002, 2.298488e+003
6.983564e+002, 2.267906e+003
7.002849e+002, 2.244266e+003
7.022133e+002, 2.222378e+003
7.041418e+002, 2.200503e+003
7.060703e+002, 2.183747e+003
7.079987e+002, 2.175006e+003
7.099272e+002, 2.166113e+003
7.118557e+002, 2.155353e+003
7.137841e+002, 2.144423e+003
7.157126e+002, 2.132760e+003
7.176411e+002, 2.122759e+003
7.195695e+002, 2.118147e+003
7.214980e+002, 2.113673e+003
7.234265e+002, 2.103379e+003
7.253549e+002, 2.091383e+003
7.272834e+002, 2.084510e+003
7.292119e+002, 2.081161e+003
7.311403e+002, 2.075745e+003
7.330688e+002, 2.068433e+003
7.349973e+002, 2.062932e+003
7.369257e+002, 2.059370e+003
7.388542e+002, 2.057039e+003
7.407827e+002, 2.056237e+003
7.427111e+002, 2.054706e+003
7.446396e+002, 2.051818e+003
7.465681e+002, 2.049494e+003
7.484965e+002, 2.049012e+003
7.504250e+002, 2.046999e+003
7.523535e+002, 2.041281e+003
7.542819e+002, 2.035318e+003
7.562104e+002, 2.029916e+003
7.581389e+002, 2.026034e+003
7.600673e+002, 2.026198e+003
7.619958e+002, 2.026554e+003
7.639243e+002, 2.022946e+003
7.658527e+002, 2.016962e+003
7.677812e+002, 2.010901e+003
7.697097e+002, 2.004537e+003
7.716381e+002, 1.996296e+003
7.735666e+002, 1.986951e+003
7.754951e+002, 1.982575e+003
7.774235e+002, 1.982480e+003
7.793520e+002, 1.978205e+003
7.812805e+002, 1.969021e+003
7.832089e+002, 1.962014e+003
7.851374e+002, 1.958475e+003
7.870659e+002, 1.955269e+003
7.889943e+002, 1.952962e+003
7.909228e+002, 1.948326e+003
7.928513e+002, 1.937634e+003
7.947797e+002, 1.929313e+003
7.967082e+002, 1.926848e+003
7.986367e+002, 1.924979e+003
8.005651e+002, 1.922235e+003
8.024936e+002, 1.918560e+003
8.044221e+002, 1.912448e+003
8.063505e+002, 1.907023e+003
8.082790e+002, 1.906220e+003
8.102075e+002, 1.906632e+003
8.121359e+002, 1.903472e+003
8.140644e+002, 1.899262e+003
8.159929e+002, 1.898452e+003
8.179213e+002, 1.899409e+003
8.198498e+002, 1.898994e+003
8.217783e+002, 1.896941e+003
8.237067e+002, 1.891909e+003
8.256352e+002, 1.884037e+003
8.275637e+002, 1.877324e+003
8.294921e+002, 1.872036e+003
8.314206e+002, 1.866311e+003
8.333491e+002, 1.859416e+003
8.352775e+002, 1.854332e+003
8.372060e+002, 1.852956e+003
8.391345e+002, 1.850398e+003
8.410629e+002, 1.846359e+003
8.429914e+002, 1.841892e+003
8.449199e+002, 1.835637e+003
8.468483e+002, 1.831877e+003
8.487768e+002, 1.833253e+003
8.507053e+002, 1.834070e+003
8.526337e+002, 1.830915e+003
8.545622e+002, 1.828807e+003
8.564907e+002, 1.832191e+003
8.584191e+002, 1.834216e+003
8.603476e+002, 1.828519e+003
8.622761e+002, 1.822359e+003
8.642045e+002, 1.822719e+003
8.661330e+002, 1.823221e+003
8.680615e+002, 1.816567e+003
8.699899e+002, 1.808174e+003
8.719184e+002, 1.805030e+003
8.738469e+002, 1.804595e+003
8.757753e+002, 1.802656e+003
8.777038e+002, 1.800059e+003
8.796323e+002, 1.798500e+003
8.815607e+002, 1.797964e+003
8.834892e+002, 1.798842e+003
8.854177e+002, 1.800733e+003
8.873461e+002, 1.801776e+003
8.892746e+002, 1.801798e+003
8.912031e+002, 1.798253e+003
8.931315e+002, 1.791329e+003
8.950600e+002, 1.788067e+003
8.969885e+002, 1.788605e+003
8.989169e+002, 1.788984e+003
9.008454e+002, 1.788916e+003
9.027739e+002, 1.789488e+003
9.047023e+002, 1.791062e+003
9.066308e+002, 1.789833e+003
9.085593e+002, 1.784540e+003
9.104877e+002, 1.782240e+003
9.124162e+002, 1.785679e+003
9.143447e+002, 1.785805e+003
9.162731e+002, 1.778685e+003
9.182016e+002, 1.775057e+003
9.201301e+002, 1.779583e+003
9.220585e+002, 1.783020e+003
9.239870e+002, 1.782089e+003
9.259155e+002, 1.781303e+003
9.278439e+002, 1.782223e+003
9.297724e+002, 1.782111e+003
9.317009e+002, 1.779480e+003
9.336293e+002, 1.776254e+003
9.355578e+002, 1.773040e+003
9.374863e+002, 1.769546e+003
9.394147e+002, 1.765091e+003
9.413432e+002, 1.761347e+003
9.432717e+002, 1.759014e+003
9.452001e+002, 1.758321e+003
9.471286e+002, 1.761320e+003
9.490571e+002, 1.763855e+003
9.509855e+002, 1.762114e+003
9.529140e+002, 1.759721e+003
9.548425e+002, 1.758411e+003
9.567709e+002, 1.758978e+003
9.586994e+002, 1.764087e+003
9.606279e+002, 1.769152e+003
9.625563e+002, 1.768396e+003
9.644848e+002, 1.766335e+003
9.664133e+002, 1.766916e+003
9.683417e+002, 1.769557e+003
9.702702e+002, 1.776076e+003
9.721987e+002, 1.782125e+003
9.741271e+002, 1.780794e+003
9.760556e+002, 1.776712e+003
9.779841e+002, 1.776914e+003
9.799125e+002, 1.778753e+003
9.818410e+002, 1.777420e+003
9.837695e+002, 1.774874e+003
9.856979e+002, 1.775037e+003
9.876264e+002, 1.776400e+003
9.895549e+002, 1.775454e+003
9.914833e+002, 1.773428e+003
9.934118e+002, 1.772509e+003
9.953403e+002, 1.773139e+003
9.972687e+002, 1.778069e+003
9.991972e+002, 1.784911e+003
1.001126e+003, 1.787404e+003
1.003054e+003, 1.786165e+003
1.004983e+003, 1.781797e+003
1.006911e+003, 1.775636e+003
1.008840e+003, 1.771540e+003
1.010768e+003, 1.769419e+003
1.012696e+003, 1.769106e+003
1.014625e+003, 1.770334e+003
1.016553e+003, 1.772483e+003
1.018482e+003, 1.775295e+003
1.020410e+003, 1.777766e+003
1.022339e+003, 1.780240e+003
1.024267e+003, 1.785196e+003
1.026196e+003, 1.791422e+003
1.028124e+003, 1.793600e+003
1.030053e+003, 1.793063e+003
1.031981e+003, 1.794594e+003
1.033910e+003, 1.797750e+003
1.035838e+003, 1.801076e+003
1.037767e+003, 1.804162e+003
1.039695e+003, 1.805001e+003
1.041624e+003, 1.804208e+003
1.043552e+003, 1.804018e+003
1.045480e+003, 1.804176e+003
1.047409e+003, 1.804127e+003
1.049337e+003, 1.803913e+003
1.051266e+003, 1.802880e+003
1.053194e+003, 1.802212e+003
1.055123e+003, 1.806151e+003
1.057051e+003, 1.812926e+003
1.058980e+003, 1.817413e+003
1.060908e+003, 1.820649e+003
1.062837e+003, 1.825729e+003
1.064765e+003, 1.831566e+003
1.066694e+003, 1.834706e+003
1.068622e+003, 1.836803e+003
1.070550e+003, 1.842115e+003
1.072479e+003, 1.849134e+003
1.074407e+003, 1.854578e+003
1.076336e+003, 1.859234e+003
1.078264e+003, 1.866159e+003
1.080193e+003, 1.872540e+003
1.082121e+003, 1.872624e+003
1.084050e+003, 1.868804e+003
1.085978e+003, 1.863666e+003
1.087907e+003, 1.858828e+003
1.089835e+003, 1.858163e+003
1.091764e+003, 1.858363e+003
1.093692e+003, 1.853062e+003
1.095620e+003, 1.847000e+003
1.097549e+003, 1.846211e+003
1.099477e+003, 1.848744e+003
1.101406e+003, 1.854677e+003
1.103334e+003, 1.860047e+003
1.105263e+003, 1.859111e+003
1.107191e+003, 1.856927e+003
1.109120e+003, 1.858743e+003
1.111048e+003, 1.861197e+003
1.112977e+003, 1.861377e+003
1.114905e+003, 1.860984e+003
1.116834e+003, 1.861482e+003
1.118762e+003, 1.861747e+003
1.120691e+003, 1.859908e+003
1.122619e+003, 1.859166e+003
1.124547e+003, 1.861790e+003
1.126476e+003, 1.865395e+003
1.128404e+003, 1.868958e+003
1.130333e+003, 1.872580e+003
1.132261e+003, 1.877055e+003
1.134190e+003, 1.880108e+003
1.136118e+003, 1.880601e+003
1.138047e+003, 1.879917e+003
1.139975e+003, 1.877316e+003
1.141904e+003, 1.877106e+003
1.143832e+003, 1.881860e+003
1.145761e+003, 1.885809e+003
1.147689e+003, 1.887009e+003
1.149618e+003, 1.888583e+003
1.151546e+003, 1.891515e+003
1.153474e+003, 1.893470e+003
1.155403e+003, 1.893833e+003
1.157331e+003, 1.894521e+003
1.159260e+003, 1.896186e+003
1.161188e+003, 1.895441e+003
1.163117e+003, 1.891584e+003
1.165045e+003, 1.890818e+003
1.166974e+003, 1.893712e+003
1.168902e+003, 1.896434e+003
1.170831e+003, 1.898648e+003
1.172759e+003, 1.902186e+003
1.174688e+003, 1.906818e+003
1.176616e+003, 1.910471e+003
1.178545e+003, 1.913325e+003
1.180473e+003, 1.916231e+003
1.182401e+003, 1.919787e+003
1.184330e+003, 1.925979e+003
1.186258e+003, 1.934032e+003
1.188187e+003, 1.942953e+003
1.190115e+003, 1.951237e+003
1.192044e+003, 1.954686e+003
1.193972e+003, 1.956663e+003
1.195901e+003, 1.962106e+003
1.197829e+003, 1.968419e+003
1.199758e+003, 1.972408e+003
1.201686e+003, 1.976016e+003
1.203615e+003, 1.980202e+003
1.205543e+003, 1.985979e+003
1.207472e+003, 1.994768e+003
1.209400e+003, 2.004672e+003
1.211328e+003, 2.016285e+003
1.213257e+003, 2.026204e+003
1.215185e+003, 2.031887e+003
1.217114e+003, 2.037785e+003
1.219042e+003, 2.044963e+003
1.220971e+003, 2.053360e+003
1.222899e+003, 2.063615e+003
1.224828e+003, 2.072776e+003
1.226756e+003, 2.079646e+003
1.228685e+003, 2.087870e+003
1.230613e+003, 2.098673e+003
1.232542e+003, 2.106325e+003
1.234470e+003, 2.109879e+003
1.236399e+003, 2.116380e+003
1.238327e+003, 2.125836e+003
1.240255e+003, 2.135464e+003
1.242184e+003, 2.145424e+003
1.244112e+003, 2.157563e+003
1.246041e+003, 2.170647e+003
1.247969e+003, 2.180176e+003
1.249898e+003, 2.187914e+003
1.251826e+003, 2.196056e+003
1.253755e+003, 2.206085e+003
1.255683e+003, 2.220642e+003
1.257612e+003, 2.237221e+003
1.259540e+003, 2.254897e+003
1.261469e+003, 2.271121e+003
1.263397e+003, 2.283911e+003
1.265326e+003, 2.294839e+003
1.267254e+003, 2.302394e+003
1.269182e+003, 2.312680e+003
1.271111e+003, 2.329175e+003
1.273039e+003, 2.344531e+003
1.274968e+003, 2.357351e+003
1.276896e+003, 2.368505e+003
1.278825e+003, 2.377766e+003
1.280753e+003, 2.388446e+003
1.282682e+003, 2.400692e+003
1.284610e+003, 2.411493e+003
1.286539e+003, 2.420467e+003
1.288467e+003, 2.426386e+003
1.290396e+003, 2.429984e+003
1.292324e+003, 2.434368e+003
1.294253e+003, 2.438409e+003
1.296181e+003, 2.438934e+003
1.298109e+003, 2.438142e+003
1.300038e+003, 2.438016e+003
1.301966e+003, 2.439316e+003
1.303895e+003, 2.442501e+003
1.305823e+003, 2.447581e+003
1.307752e+003, 2.457323e+003
1.309680e+003, 2.464177e+003
1.311609e+003, 2.461157e+003
1.313537e+003, 2.461341e+003
1.315466e+003, 2.472001e+003
1.317394e+003, 2.478156e+003
1.319323e+003, 2.475805e+003
1.321251e+003, 2.475394e+003
1.323180e+003, 2.477672e+003
1.325108e+003, 2.477389e+003
1.327036e+003, 2.474599e+003
1.328965e+003, 2.472122e+003
1.330893e+003, 2.469371e+003
1.332822e+003, 2.462539e+003
1.334750e+003, 2.454975e+003
1.336679e+003, 2.454953e+003
1.338607e+003, 2.455418e+003
1.340536e+003, 2.448155e+003
1.342464e+003, 2.438715e+003
1.344393e+003, 2.428590e+003
1.346321e+003, 2.421297e+003
1.348250e+003, 2.420389e+003
1.350178e+003, 2.416439e+003
1.352107e+003, 2.405606e+003
1.354035e+003, 2.398281e+003
1.355964e+003, 2.396931e+003
1.357892e+003, 2.392968e+003
1.359820e+003, 2.385716e+003
1.361749e+003, 2.380510e+003
1.363677e+003, 2.376869e+003
1.365606e+003, 2.372312e+003
1.367534e+003, 2.367033e+003
1.369463e+003, 2.361243e+003
1.371391e+003, 2.355384e+003
1.373320e+003, 2.351044e+003
1.375248e+003, 2.345448e+003
1.377177e+003, 2.335789e+003
1.379105e+003, 2.325211e+003
1.381034e+003, 2.315456e+003
1.382962e+003, 2.303173e+003
1.384891e+003, 2.286477e+003
1.386819e+003, 2.273873e+003
1.388747e+003, 2.266767e+003
1.390676e+003, 2.254276e+003
1.392604e+003, 2.237091e+003
1.394533e+003, 2.226460e+003
1.396461e+003, 2.220039e+003
1.398390e+003, 2.209076e+003
1.400318e+003, 2.196727e+003
1.402247e+003, 2.186924e+003
1.404175e+003, 2.179147e+003
1.406104e+003, 2.175840e+003
1.408032e+003, 2.169473e+003
1.409961e+003, 2.152138e+003
1.411889e+003, 2.138087e+003
1.413818e+003, 2.133033e+003
1.415746e+003, 2.127428e+003
1.417674e+003, 2.120293e+003
1.419603e+003, 2.116611e+003
1.421531e+003, 2.116152e+003
1.423460e+003, 2.112698e+003
1.425388e+003, 2.107717e+003
1.427317e+003, 2.105982e+003
1.429245e+003, 2.105552e+003
1.431174e+003, 2.104823e+003
1.433102e+003, 2.102735e+003
1.435031e+003, 2.097072e+003
1.436959e+003, 2.092632e+003
1.438888e+003, 2.090854e+003
1.440816e+003, 2.092316e+003
1.442745e+003, 2.099425e+003
1.444673e+003, 2.100572e+003
1.446601e+003, 2.094829e+003
1.448530e+003, 2.091047e+003
1.450458e+003, 2.088837e+003
1.452387e+003, 2.087299e+003
1.454315e+003, 2.085156e+003
1.456244e+003, 2.079329e+003
1.458172e+003, 2.072961e+003
1.460101e+003, 2.068822e+003
1.462029e+003, 2.064802e+003
1.463958e+003, 2.060392e+003
1.465886e+003, 2.054953e+003
1.467815e+003, 2.048114e+003
1.469743e+003, 2.042801e+003
1.471672e+003, 2.039206e+003
1.473600e+003, 2.032723e+003
1.475528e+003, 2.024130e+003
1.477457e+003, 2.016515e+003
1.479385e+003, 2.009291e+003
1.481314e+003, 2.000830e+003
1.483242e+003, 1.993304e+003
1.485171e+003, 1.989959e+003
1.487099e+003, 1.985004e+003
1.489028e+003, 1.975159e+003
1.490956e+003, 1.969154e+003
1.492885e+003, 1.968751e+003
1.494813e+003, 1.964426e+003
1.496742e+003, 1.956307e+003
1.498670e+003, 1.948676e+003
1.500599e+003, 1.943017e+003
1.502527e+003, 1.943823e+003
1.504455e+003, 1.945766e+003
1.506384e+003, 1.941911e+003
1.508312e+003, 1.939174e+003
1.510241e+003, 1.943061e+003
1.512169e+003, 1.945357e+003
1.514098e+003, 1.944362e+003
1.516026e+003, 1.941790e+003
1.517955e+003, 1.937816e+003
1.519883e+003, 1.939348e+003
1.521812e+003, 1.944115e+003
1.523740e+003, 1.947238e+003
1.525669e+003, 1.946894e+003
1.527597e+003, 1.938807e+003
1.529526e+003, 1.930629e+003
1.531454e+003, 1.926669e+003
1.533382e+003, 1.924434e+003
1.535311e+003, 1.923481e+003
1.537239e+003, 1.924681e+003
1.539168e+003, 1.928303e+003
1.541096e+003, 1.924820e+003
1.543025e+003, 1.916914e+003
1.544953e+003, 1.913620e+003
1.546882e+003, 1.911379e+003
1.548810e+003, 1.905679e+003
1.550739e+003, 1.900910e+003
1.552667e+003, 1.899861e+003
1.554596e+003, 1.898359e+003
1.556524e+003, 1.895467e+003
1.558453e+003, 1.890295e+003
1.560381e+003, 1.882963e+003
1.562309e+003, 1.879156e+003
1.564238e+003, 1.876650e+003
1.566166e+003, 1.870597e+003
1.568095e+003, 1.862786e+003
1.570023e+003, 1.853904e+003
1.571952e+003, 1.845947e+003
1.573880e+003, 1.839927e+003
1.575809e+003, 1.833957e+003
1.577737e+003, 1.827800e+003
1.579666e+003, 1.819311e+003
1.581594e+003, 1.809261e+003
1.583523e+003, 1.800485e+003
1.585451e+003, 1.793114e+003
1.587380e+003, 1.788456e+003
1.589308e+003, 1.783420e+003
1.591236e+003, 1.776109e+003
1.593165e+003, 1.767782e+003
1.595093e+003, 1.758741e+003
1.597022e+003, 1.745795e+003
1.598950e+003, 1.729854e+003
1.600879e+003, 1.719697e+003
1.602807e+003, 1.711942e+003
1.604736e+003, 1.701554e+003
1.606664e+003, 1.688288e+003
1.608593e+003, 1.670321e+003
1.610521e+003, 1.652665e+003
1.612450e+003, 1.636872e+003
1.614378e+003, 1.621151e+003
1.616307e+003, 1.605394e+003
1.618235e+003, 1.590137e+003
1.620163e+003, 1.575593e+003
1.622092e+003, 1.563010e+003
1.624020e+003, 1.550145e+003
1.625949e+003, 1.534134e+003
1.627877e+003, 1.518951e+003
1.629806e+003, 1.505988e+003
1.631734e+003, 1.494197e+003
1.633663e+003, 1.483536e+003
1.635591e+003, 1.472070e+003
1.637520e+003, 1.460212e+003
1.639448e+003, 1.449870e+003
1.641377e+003, 1.438618e+003
1.643305e+003, 1.424111e+003
1.645234e+003, 1.409367e+003
1.647162e+003, 1.394841e+003
1.649090e+003, 1.383118e+003
1.651019e+003, 1.374330e+003
1.652947e+003, 1.366299e+003
1.654876e+003, 1.358617e+003
1.656804e+003, 1.350582e+003
1.658733e+003, 1.342253e+003
1.660661e+003, 1.333461e+003
1.662590e+003, 1.325082e+003
1.664518e+003, 1.317395e+003
1.666447e+003, 1.311328e+003
1.668375e+003, 1.306714e+003
1.670304e+003, 1.299938e+003
1.672232e+003, 1.292581e+003
1.674161e+003, 1.286668e+003
1.676089e+003, 1.282316e+003
1.678017e+003, 1.280306e+003
1.679946e+003, 1.276815e+003
1.681874e+003, 1.271076e+003
1.683803e+003, 1.265785e+003
1.685731e+003, 1.260970e+003
1.687660e+003, 1.255683e+003
1.689588e+003, 1.250799e+003
1.691517e+003, 1.247908e+003
1.693445e+003, 1.244804e+003
1.695374e+003, 1.240758e+003
1.697302e+003, 1.235981e+003
1.699231e+003, 1.230626e+003
1.701159e+003, 1.226712e+003
1.703088e+003, 1.223720e+003
1.705016e+003, 1.220931e+003
1.706944e+003, 1.217888e+003
1.708873e+003, 1.214307e+003
1.710801e+003, 1.210279e+003
1.712730e+003, 1.205737e+003
1.714658e+003, 1.202235e+003
1.716587e+003, 1.199715e+003
1.718515e+003, 1.197180e+003
1.720444e+003, 1.195630e+003
1.722372e+003, 1.198411e+003
1.724301e+003, 1.197926e+003
1.726229e+003, 1.189038e+003
1.728158e+003, 1.181555e+003
1.730086e+003, 1.175704e+003
1.732015e+003, 1.171708e+003
1.733943e+003, 1.169218e+003
1.735871e+003, 1.168418e+003
1.737800e+003, 1.167484e+003
1.739728e+003, 1.165410e+003
1.741657e+003, 1.163735e+003
1.743585e+003, 1.162813e+003
1.745514e+003, 1.159944e+003
1.747442e+003, 1.156213e+003
1.749371e+003, 1.154156e+003
1.751299e+003, 1.152179e+003
1.753228e+003, 1.148805e+003
1.755156e+003, 1.147533e+003
1.757085e+003, 1.149221e+003
1.759013e+003, 1.149369e+003
1.760942e+003, 1.148440e+003
1.762870e+003, 1.148603e+003
1.764798e+003, 1.148053e+003
1.766727e+003, 1.145059e+003
1.768655e+003, 1.141705e+003
1.770584e+003, 1.138344e+003
1.772512e+003, 1.138544e+003
1.774441e+003, 1.141087e+003
1.776369e+003, 1.142033e+003
1.778298e+003, 1.141823e+003
1.780226e+003, 1.140582e+003
1.782155e+003, 1.138530e+003
1.784083e+003, 1.135545e+003
1.786012e+003, 1.134895e+003
1.787940e+003, 1.135969e+003
1.789869e+003, 1.136824e+003
1.791797e+003, 1.136579e+003
1.793725e+003, 1.134287e+003
1.795654e+003, 1.130657e+003
1.797582e+003, 1.125590e+003
1.799511e+003, 1.122453e+003
1.801439e+003, 1.120910e+003
1.803368e+003, 1.119687e+003
1.805296e+003, 1.118626e+003
1.807225e+003, 1.118246e+003
1.809153e+003, 1.116714e+003
1.811082e+003, 1.113686e+003
1.813010e+003, 1.109228e+003
1.814939e+003, 1.104635e+003
1.816867e+003, 1.105034e+003
1.818796e+003, 1.104639e+003
1.820724e+003, 1.097225e+003
1.822652e+003, 1.094404e+003
1.824581e+003, 1.099038e+003
1.826509e+003, 1.096760e+003
1.828438e+003, 1.091041e+003
1.830366e+003, 1.089396e+003
1.832295e+003, 1.088243e+003
1.834223e+003, 1.085800e+003
1.836152e+003, 1.083343e+003
1.838080e+003, 1.081125e+003
1.840009e+003, 1.081043e+003
1.841937e+003, 1.082402e+003
1.843866e+003, 1.085872e+003
1.845794e+003, 1.086816e+003
1.847723e+003, 1.083295e+003
1.849651e+003, 1.079603e+003
1.851579e+003, 1.076408e+003
1.853508e+003, 1.074106e+003
1.855436e+003, 1.073557e+003
1.857365e+003, 1.077836e+003
1.859293e+003, 1.078338e+003
1.861222e+003, 1.073062e+003
1.863150e+003, 1.071755e+003
1.865079e+003, 1.073102e+003
1.867007e+003, 1.072602e+003
1.868936e+003, 1.071610e+003
1.870864e+003, 1.071139e+003
1.872793e+003, 1.069480e+003
1.874721e+003, 1.066812e+003
1.876650e+003, 1.068310e+003
1.878578e+003, 1.070341e+003
1.880506e+003, 1.066773e+003
1.882435e+003, 1.063977e+003
1.884363e+003, 1.064671e+003
1.886292e+003, 1.062069e+003
1.888220e+003, 1.057523e+003
1.890149e+003, 1.058012e+003
1.892077e+003, 1.058076e+003
1.894006e+003, 1.051793e+003
1.895934e+003, 1.047690e+003
1.897863e+003, 1.046841e+003
1.899791e+003, 1.045966e+003
1.901720e+003, 1.044254e+003
1.903648e+003, 1.040144e+003
1.905577e+003, 1.036001e+003
1.907505e+003, 1.032606e+003
1.909433e+003, 1.030131e+003
1.911362e+003, 1.028496e+003
1.913290e+003, 1.027604e+003
1.915219e+003, 1.026877e+003
1.917147e+003, 1.026471e+003
1.919076e+003, 1.024112e+003
1.921004e+003, 1.019528e+003
1.922933e+003, 1.018191e+003
1.924861e+003, 1.017986e+003
1.926790e+003, 1.015350e+003
1.928718e+003, 1.014817e+003
1.930647e+003, 1.018212e+003
1.932575e+003, 1.018120e+003
1.934504e+003, 1.015614e+003
1.936432e+003, 1.013692e+003
1.938360e+003, 1.012375e+003
1.940289e+003, 1.011744e+003
1.942217e+003, 1.011346e+003
1.944146e+003, 1.010994e+003
1.946074e+003, 1.009638e+003
1.948003e+003, 1.008540e+003
1.949931e+003, 1.009653e+003
1.951860e+003, 1.008956e+003
1.953788e+003, 1.006058e+003
1.955717e+003, 1.004330e+003
1.957645e+003, 1.003547e+003
1.959574e+003, 1.004169e+003
1.961502e+003, 1.003218e+003
1.963431e+003, 9.998235e+002
1.965359e+003, 9.982723e+002
1.967287e+003, 9.982369e+002
1.969216e+003, 9.998318e+002
1.971144e+003, 9.991641e+002
1.973073e+003, 9.927706e+002
1.975001e+003, 9.917809e+002
1.976930e+003, 9.939720e+002
1.978858e+003, 9.887097e+002
1.980787e+003, 9.836118e+002
1.982715e+003, 9.856113e+002
1.984644e+003, 9.849459e+002
1.986572e+003, 9.812541e+002
1.988501e+003, 9.760683e+002
1.990429e+003, 9.716388e+002
1.992358e+003, 9.704095e+002
1.994286e+003, 9.691468e+002
1.996214e+003, 9.673633e+002
1.998143e+003, 9.635087e+002
2.000071e+003, 9.601500e+002
2.002000e+003, 9.601782e+002
2.003928e+003, 9.606260e+002
2.005857e+003, 9.608452e+002
2.007785e+003, 9.568474e+002
2.009714e+003, 9.519686e+002
2.011642e+003, 9.512205e+002
2.013571e+003, 9.506791e+002
2.015499e+003, 9.492792e+002
2.017428e+003, 9.492330e+002
2.019356e+003, 9.492474e+002
2.021285e+003, 9.457841e+002
2.023213e+003, 9.441064e+002
2.025141e+003, 9.458371e+002
2.027070e+003, 9.438489e+002
2.028998e+003, 9.405778e+002
2.030927e+003, 9.422973e+002
2.032855e+003, 9.428135e+002
2.034784e+003, 9.400137e+002
2.036712e+003, 9.397187e+002
2.038641e+003, 9.408621e+002
2.040569e+003, 9.408289e+002
2.042498e+003, 9.401967e+002
2.044426e+003, 9.392189e+002
2.046355e+003, 9.380587e+002
2.048283e+003, 9.367307e+002
2.050212e+003, 9.353452e+002
2.052140e+003, 9.333502e+002
2.054068e+003, 9.304035e+002
2.055997e+003, 9.281602e+002
2.057925e+003, 9.263717e+002
2.059854e+003, 9.241051e+002
2.061782e+003, 9.226205e+002
2.063711e+003, 9.229464e+002
2.065639e+003, 9.207725e+002
2.067568e+003, 9.170970e+002
2.069496e+003, 9.133666e+002
2.071425e+003, 9.106390e+002
2.073353e+003, 9.096985e+002
2.075281e+003, 9.078414e+002
2.077210e+003, 9.049958e+002
2.079138e+003, 9.005628e+002
2.081067e+003, 8.968873e+002
2.082995e+003, 8.950408e+002
2.084924e+003, 8.931303e+002
2.086852e+003, 8.912351e+002
2.088781e+003, 8.897288e+002
2.090709e+003, 8.870640e+002
2.092638e+003, 8.825844e+002
2.094566e+003, 8.815236e+002
2.096495e+003, 8.818532e+002
2.098423e+003, 8.819241e+002
2.100352e+003, 8.788626e+002
2.102280e+003, 8.725138e+002
2.104208e+003, 8.740232e+002
2.106137e+003, 8.765795e+002
2.108065e+003, 8.733202e+002
2.109994e+003, 8.701407e+002
2.111922e+003, 8.682792e+002
2.113851e+003, 8.696520e+002
2.115779e+003, 8.710154e+002
2.117708e+003, 8.701747e+002
2.119636e+003, 8.675407e+002
2.121565e+003, 8.644709e+002
2.123493e+003, 8.663392e+002
2.125422e+003, 8.675344e+002
2.127350e+003, 8.648497e+002
2.129279e+003, 8.639509e+002
2.131207e+003, 8.643189e+002
2.133135e+003, 8.641486e+002
2.135064e+003, 8.635743e+002
2.136992e+003, 8.627274e+002
2.138921e+003, 8.601506e+002
2.140849e+003, 8.569474e+002
2.142778e+003, 8.545273e+002
2.144706e+003, 8.524401e+002
2.146635e+003, 8.505905e+002
2.148563e+003, 8.517729e+002
2.150492e+003, 8.521143e+002
2.152420e+003, 8.472761e+002
2.154349e+003, 8.424082e+002
2.156277e+003, 8.382821e+002
2.158206e+003, 8.364979e+002
2.160134e+003, 8.350482e+002
2.162063e+003, 8.328045e+002
2.163991e+003, 8.305706e+002
2.165919e+003, 8.284874e+002
2.167848e+003, 8.265769e+002
2.169776e+003, 8.255901e+002
2.171705e+003, 8.259241e+002
2.173633e+003, 8.255052e+002
2.175562e+003, 8.245632e+002
2.177490e+003, 8.239603e+002
2.179419e+003, 8.201623e+002
2.181347e+003, 8.133538e+002
2.183276e+003, 8.094189e+002
2.185204e+003, 8.078779e+002
2.187133e+003, 8.086821e+002
2.189061e+003, 8.070312e+002
2.190990e+003, 8.044706e+002
2.192918e+003, 8.073155e+002
2.194846e+003, 8.077341e+002
2.196775e+003, 8.036525e+002
2.198703e+003, 7.997719e+002
2.200632e+003, 7.972180e+002
2.202560e+003, 7.979613e+002
2.204489e+003, 7.979599e+002
2.206417e+003, 7.971469e+002
2.208346e+003, 7.977462e+002
2.210274e+003, 7.983918e+002
2.212203e+003, 7.984739e+002
2.214131e+003, 7.972965e+002
2.216060e+003, 7.950475e+002
2.217988e+003, 7.913727e+002
2.219917e+003, 7.893475e+002
2.221845e+003, 7.893475e+002
2.223773e+003, 7.874207e+002
2.225702e+003, 7.850981e+002
2.227630e+003, 7.838773e+002
2.229559e+003, 7.814916e+002
2.231487e+003, 7.785678e+002
2.233416e+003, 7.774871e+002
2.235344e+003, 7.764505e+002
2.237273e+003, 7.748943e+002
2.239201e+003, 7.727230e+002
2.241130e+003, 7.721404e+002
2.243058e+003, 7.763937e+002
2.244987e+003, 7.755127e+002
2.246915e+003, 7.702115e+002
2.248844e+003, 7.671697e+002
2.250772e+003, 7.640679e+002
2.252700e+003, 7.600497e+002
2.254629e+003, 7.568457e+002
2.256557e+003, 7.541531e+002
2.258486e+003, 7.518256e+002
2.260414e+003, 7.484083e+002
2.262343e+003, 7.444356e+002
2.264271e+003, 7.428019e+002
2.266200e+003, 7.418754e+002
2.268128e+003, 7.409208e+002
2.270057e+003, 7.397675e+002
2.271985e+003, 7.386165e+002
2.273914e+003, 7.379688e+002
2.275842e+003, 7.367264e+002
2.277771e+003, 7.349086e+002
2.279699e+003, 7.328526e+002
2.281627e+003, 7.311544e+002
2.283556e+003, 7.299904e+002
2.285484e+003, 7.298342e+002
2.287413e+003, 7.300546e+002
2.289341e+003, 7.303962e+002
2.291270e+003, 7.292648e+002
2.293198e+003, 7.272752e+002
2.295127e+003, 7.266837e+002
2.297055e+003, 7.258948e+002
2.298984e+003, 7.244342e+002
2.300912e+003, 7.235189e+002
2.302841e+003, 7.221556e+002
2.304769e+003, 7.189211e+002
2.306698e+003, 7.170104e+002
2.308626e+003, 7.157410e+002
2.310554e+003, 7.128825e+002
2.312483e+003, 7.118157e+002
2.314411e+003, 7.129122e+002
2.316340e+003, 7.097753e+002
2.318268e+003, 7.064645e+002
2.320197e+003, 7.052875e+002
2.322125e+003, 7.037170e+002
2.324054e+003, 7.021575e+002
2.325982e+003, 7.013449e+002
2.327911e+003, 7.007762e+002
2.329839e+003, 6.998720e+002
2.331768e+003, 6.963059e+002
2.333696e+003, 6.929531e+002
2.335625e+003, 6.906993e+002
2.337553e+003, 6.876819e+002
2.339481e+003, 6.851246e+002
2.341410e+003, 6.840689e+002
2.343338e+003, 6.835889e+002
2.345267e+003, 6.825921e+002
2.347195e+003, 6.787460e+002
2.349124e+003, 6.735338e+002
2.351052e+003, 6.699814e+002
2.352981e+003, 6.824863e+002
2.354909e+003, 6.922092e+002
2.356838e+003, 6.921876e+002
2.358766e+003, 6.796238e+002
2.360695e+003, 6.671064e+002
2.362623e+003, 6.674134e+002
2.364552e+003, 6.664197e+002
2.366480e+003, 6.645765e+002
2.368408e+003, 6.644551e+002
2.370337e+003, 6.627125e+002
2.372265e+003, 6.599672e+002
2.374194e+003, 6.632216e+002
2.376122e+003, 6.637968e+002
2.378051e+003, 6.576110e+002
2.379979e+003, 6.579860e+002
2.381908e+003, 6.590400e+002
2.383836e+003, 6.554478e+002
2.385765e+003, 6.565412e+002
2.387693e+003, 6.582314e+002
2.389622e+003, 6.535211e+002
2.391550e+003, 6.508547e+002
2.393479e+003, 6.506508e+002
2.395407e+003, 6.512123e+002
2.397335e+003, 6.497711e+002
2.399264e+003, 6.457357e+002
2.401192e+003, 6.416389e+002
2.403121e+003, 6.401613e+002
2.405049e+003, 6.425280e+002
2.406978e+003, 6.395785e+002
2.408906e+003, 6.352706e+002
2.410835e+003, 6.334406e+002
2.412763e+003, 6.324523e+002
2.414692e+003, 6.310672e+002
2.416620e+003, 6.264401e+002
2.418549e+003, 6.242673e+002
2.420477e+003, 6.238861e+002
2.422406e+003, 6.196351e+002
2.424334e+003, 6.172843e+002
2.426262e+003, 6.174740e+002
2.428191e+003, 6.144119e+002
2.430119e+003, 6.109180e+002
2.432048e+003, 6.083320e+002
2.433976e+003, 6.081441e+002
2.435905e+003, 6.075751e+002
2.437833e+003, 6.038530e+002
2.439762e+003, 6.005196e+002
2.441690e+003, 5.981496e+002
2.443619e+003, 5.977811e+002
2.445547e+003, 5.965764e+002
2.447476e+003, 5.948166e+002
2.449404e+003, 5.934328e+002
2.451333e+003, 5.928967e+002
2.453261e+003, 5.931304e+002
2.455189e+003, 5.943093e+002
2.457118e+003, 5.941727e+002
2.459046e+003, 5.920331e+002
2.460975e+003, 5.878799e+002
2.462903e+003, 5.853864e+002
2.464832e+003, 5.864528e+002
2.466760e+003, 5.844902e+002
2.468689e+003, 5.815903e+002
2.470617e+003, 5.792558e+002
2.472546e+003, 5.778103e+002
2.474474e+003, 5.755251e+002
2.476403e+003, 5.701918e+002
2.478331e+003, 5.699843e+002
2.480260e+003, 5.714117e+002
2.482188e+003, 5.666345e+002
2.484116e+003, 5.707543e+002
2.486045e+003, 5.790408e+002
2.487973e+003, 5.773519e+002
2.489902e+003, 5.700598e+002
2.491830e+003, 5.603405e+002
2.493759e+003, 5.549705e+002
2.495687e+003, 5.526715e+002
2.497616e+003, 5.522310e+002
2.499544e+003, 5.500891e+002
2.501473e+003, 5.481261e+002
2.503401e+003, 5.467910e+002
2.505330e+003, 5.447494e+002
2.507258e+003, 5.423953e+002
2.509187e+003, 5.398812e+002
2.511115e+003, 5.395523e+002
2.513043e+003, 5.386076e+002
2.514972e+003, 5.351563e+002
2.516900e+003, 5.305071e+002
2.518829e+003, 5.271458e+002
2.520757e+003, 5.275370e+002
2.522686e+003, 5.287228e+002
2.524614e+003, 5.285609e+002
2.526543e+003, 5.242176e+002
2.528471e+003, 5.254561e+002
2.530400e+003, 5.276464e+002
2.532328e+003, 5.247503e+002
2.534257e+003, 5.222600e+002
2.536185e+003, 5.209477e+002
2.538114e+003, 5.214380e+002
2.540042e+003, 5.201323e+002
2.541970e+003, 5.176539e+002
2.543899e+003, 5.152067e+002
2.545827e+003, 5.153163e+002
2.547756e+003, 5.166791e+002
2.549684e+003, 5.155262e+002
2.551613e+003, 5.149023e+002
2.553541e+003, 5.142574e+002
2.555470e+003, 5.104238e+002
2.557398e+003, 5.070968e+002
2.559327e+003, 5.051964e+002
2.561255e+003, 5.060058e+002
2.563184e+003, 5.050676e+002
2.565112e+003, 5.024253e+002
2.567041e+003, 5.013932e+002
2.568969e+003, 4.996108e+002
2.570897e+003, 4.969737e+002
2.572826e+003, 4.947653e+002
2.574754e+003, 4.931515e+002
2.576683e+003, 4.919385e+002
2.578611e+003, 4.900529e+002
2.580540e+003, 4.893056e+002
2.582468e+003, 4.891456e+002
2.584397e+003, 4.832496e+002
2.586325e+003, 4.799870e+002
2.588254e+003, 4.804446e+002
2.590182e+003, 4.773320e+002
2.592111e+003, 4.760814e+002
2.594039e+003, 4.770009e+002
2.595968e+003, 4.706203e+002
2.597896e+003, 4.669998e+002
2.599824e+003, 4.677238e+002
2.601753e+003, 4.652359e+002
2.603681e+003, 4.637525e+002
2.605610e+003, 4.638094e+002
2.607538e+003, 4.611434e+002
2.609467e+003, 4.606565e+002
2.611395e+003, 4.622945e+002
2.613324e+003, 4.589008e+002
2.615252e+003, 4.553003e+002
2.617181e+003, 4.528447e+002
2.619109e+003, 4.517779e+002
2.621038e+003, 4.509838e+002
2.622966e+003, 4.499947e+002
2.624895e+003, 4.478152e+002
2.626823e+003, 4.472208e+002
2.628751e+003, 4.474373e+002
2.630680e+003, 4.436187e+002
2.632608e+003, 4.417694e+002
2.634537e+003, 4.417728e+002
2.636465e+003, 4.399283e+002
2.638394e+003, 4.389162e+002
2.640322e+003, 4.383977e+002
2.642251e+003, 4.367816e+002
2.644179e+003, 4.337018e+002
2.646108e+003, 4.302939e+002
2.648036e+003, 4.288911e+002
2.649965e+003, 4.275465e+002
2.651893e+003, 4.260508e+002
2.653822e+003, 4.247826e+002
2.655750e+003, 4.216130e+002
2.657678e+003, 4.183315e+002
2.659607e+003, 4.175738e+002
2.661535e+003, 4.163029e+002
2.663464e+003, 4.146289e+002
2.665392e+003, 4.129189e+002
2.667321e+003, 4.123739e+002
2.669249e+003, 4.115534e+002
2.671178e+003, 4.092299e+002
2.673106e+003, 4.077726e+002
2.675035e+003, 4.062551e+002
2.676963e+003, 4.040147e+002
2.678892e+003, 4.017870e+002
2.680820e+003, 4.000231e+002
2.682749e+003, 3.988121e+002
2.684677e+003, 3.975901e+002
2.686605e+003, 3.951401e+002
2.688534e+003, 3.914527e+002
2.690462e+003, 3.886339e+002
2.692391e+003, 3.875288e+002
2.694319e+003, 3.875380e+002
2.696248e+003, 3.852692e+002
2.698176e+003, 3.833954e+002
2.700105e+003, 3.820819e+002
2.702033e+003, 3.794200e+002
2.703962e+003, 3.794126e+002
2.705890e+003, 3.796419e+002
2.707819e+003, 3.727389e+002
2.709747e+003, 3.721312e+002
2.711676e+003, 3.737159e+002
2.713604e+003, 3.693607e+002
2.715532e+003, 3.675582e+002
2.717461e+003, 3.667130e+002
2.719389e+003, 3.648411e+002
2.721318e+003, 3.611130e+002
2.723246e+003, 3.582036e+002
2.725175e+003, 3.579510e+002
2.727103e+003, 3.556767e+002
2.729032e+003, 3.545224e+002
2.730960e+003, 3.556157e+002
2.732889e+003, 3.555158e+002
2.734817e+003, 3.536118e+002
2.736746e+003, 3.504437e+002
2.738674e+003, 3.486603e+002
2.740603e+003, 3.473506e+002
2.742531e+003, 3.462426e+002
2.744459e+003, 3.454850e+002
2.746388e+003, 3.425758e+002
2.748316e+003, 3.395558e+002
2.750245e+003, 3.396637e+002
2.752173e+003, 3.380577e+002
2.754102e+003, 3.351999e+002
2.756030e+003, 3.317142e+002
2.757959e+003, 3.298823e+002
2.759887e+003, 3.287347e+002
2.761816e+003, 3.276471e+002
2.763744e+003, 3.251245e+002
2.765673e+003, 3.234755e+002
2.767601e+003, 3.228974e+002
2.769530e+003, 3.220926e+002
2.771458e+003, 3.209749e+002
2.773386e+003, 3.197750e+002
2.775315e+003, 3.192066e+002
2.777243e+003, 3.179071e+002
2.779172e+003, 3.154922e+002
2.781100e+003, 3.115257e+002
2.783029e+003, 3.088705e+002
2.784957e+003, 3.072139e+002
2.786886e+003, 3.062096e+002
2.788814e+003, 3.034811e+002
2.790743e+003, 3.030890e+002
2.792671e+003, 3.049132e+002
2.794600e+003, 3.022159e+002
2.796528e+003, 2.992659e+002
2.798457e+003, 2.977964e+002
2.800385e+003, 3.001135e+002
2.802313e+003, 2.980605e+002
2.804242e+003, 2.945492e+002
2.806170e+003, 2.926058e+002
2.808099e+003, 2.914655e+002
2.810027e+003, 2.914314e+002
2.811956e+003, 2.917026e+002
2.813884e+003, 2.857884e+002
2.815813e+003, 2.825335e+002
2.817741e+003, 2.832425e+002
2.819670e+003, 2.861794e+002
2.821598e+003, 2.843880e+002
2.823527e+003, 2.801651e+002
2.825455e+003, 2.771059e+002
2.827384e+003, 2.759948e+002
2.829312e+003, 2.755287e+002
2.831240e+003, 2.748507e+002
2.833169e+003, 2.707903e+002
2.835097e+003, 2.684802e+002
2.837026e+003, 2.683440e+002
2.838954e+003, 2.669957e+002
2.840883e+003, 2.656011e+002
2.842811e+003, 2.640487e+002
2.844740e+003, 2.618959e+002
2.846668e+003, 2.610040e+002
2.848597e+003, 2.597994e+002
2.850525e+003, 2.572904e+002
2.852454e+003, 2.552026e+002
2.854382e+003, 2.533100e+002
2.856311e+003, 2.517251e+002
2.858239e+003, 2.512344e+002
2.860167e+003, 2.494710e+002
2.862096e+003, 2.483164e+002
2.864024e+003, 2.500034e+002
2.865953e+003, 2.443477e+002
2.867881e+003, 2.405867e+002
2.869810e+003, 2.418132e+002
2.871738e+003, 2.400902e+002
2.873667e+003, 2.381617e+002
2.875595e+003, 2.364051e+002
2.877524e+003, 2.337795e+002
2.879452e+003, 2.324689e+002
2.881381e+003, 2.322106e+002
2.883309e+003, 2.326172e+002
2.885238e+003, 2.329989e+002
2.887166e+003, 2.314031e+002
2.889094e+003, 2.282092e+002
2.891023e+003, 2.270229e+002
2.892951e+003, 2.240054e+002
2.894880e+003, 2.207842e+002
2.896808e+003, 2.198272e+002
2.898737e+003, 2.202746e+002
2.900665e+003, 2.196703e+002
2.902594e+003, 2.173368e+002
2.904522e+003, 2.170688e+002
2.906451e+003, 2.156507e+002
2.908379e+003, 2.136325e+002
2.910308e+003, 2.127275e+002
2.912236e+003, 2.111658e+002
2.914165e+003, 2.102372e+002
2.916093e+003, 2.104032e+002
2.918021e+003, 2.090621e+002
2.919950e+003, 2.072344e+002
2.921878e+003, 2.052446e+002
2.923807e+003, 2.031296e+002
2.925735e+003, 2.017179e+002
2.927664e+003, 2.004708e+002
2.929592e+003, 1.990644e+002
2.931521e+003, 1.980583e+002
2.933449e+003, 1.968508e+002
2.935378e+003, 1.955562e+002
2.937306e+003, 1.951466e+002
2.939235e+003, 1.924607e+002
2.941163e+003, 1.904128e+002
2.943092e+003, 1.909443e+002
2.945020e+003, 1.903781e+002
2.946948e+003, 1.902687e+002
2.948877e+003, 1.899013e+002
2.950805e+003, 1.869489e+002
2.952734e+003, 1.838804e+002
2.954662e+003, 1.820108e+002
2.956591e+003, 1.818656e+002
2.958519e+003, 1.798476e+002
2.960448e+003, 1.779176e+002
2.962376e+003, 1.767967e+002
2.964305e+003, 1.770423e+002
2.966233e+003, 1.752895e+002
2.968162e+003, 1.740065e+002
2.970090e+003, 1.742205e+002
2.972019e+003, 1.719229e+002
2.973947e+003, 1.698503e+002
2.975875e+003, 1.692749e+002
2.977804e+003, 1.710603e+002
2.979732e+003, 1.691395e+002
2.981661e+003, 1.663519e+002
2.983589e+003, 1.645329e+002
2.985518e+003, 1.655527e+002
2.987446e+003, 1.638941e+002
2.989375e+003, 1.620083e+002
2.991303e+003, 1.626729e+002
2.993232e+003, 1.590850e+002
2.995160e+003, 1.584453e+002
2.997089e+003, 1.600720e+002
2.999017e+003, 1.576229e+002
3.000946e+003, 1.553160e+002
3.002874e+003, 1.538562e+002
3.004802e+003, 1.533448e+002
3.006731e+003, 1.524404e+002
3.008659e+003, 1.525131e+002
3.010588e+003, 1.524522e+002
3.012516e+003, 1.504277e+002
3.014445e+003, 1.507800e+002
3.016373e+003, 1.493960e+002
3.018302e+003, 1.460779e+002
3.020230e+003, 1.453955e+002
3.022159e+003, 1.448846e+002
3.024087e+003, 1.446670e+002
3.026016e+003, 1.448120e+002
3.027944e+003, 1.426756e+002
3.029873e+003, 1.406047e+002
3.031801e+003, 1.394861e+002
3.033729e+003, 1.396864e+002
3.035658e+003, 1.409186e+002
3.037586e+003, 1.404678e+002
3.039515e+003, 1.384259e+002
3.041443e+003, 1.384455e+002
3.043372e+003, 1.353956e+002
3.045300e+003, 1.326810e+002
3.047229e+003, 1.323011e+002
3.049157e+003, 1.316991e+002
3.051086e+003, 1.298575e+002
3.053014e+003, 1.279855e+002
3.054943e+003, 1.275906e+002
3.056871e+003, 1.287255e+002
3.058800e+003, 1.276268e+002
3.060728e+003, 1.251957e+002
3.062656e+003, 1.247334e+002
3.064585e+003, 1.297205e+002
3.066513e+003, 1.313804e+002
3.068442e+003, 1.269109e+002
3.070370e+003, 1.220875e+002
3.072299e+003, 1.210203e+002
3.074227e+003, 1.212778e+002
3.076156e+003, 1.206784e+002
3.078084e+003, 1.187425e+002
3.080013e+003, 1.175781e+002
3.081941e+003, 1.175709e+002
3.083870e+003, 1.183823e+002
3.085798e+003, 1.153482e+002
3.087727e+003, 1.137745e+002
3.089655e+003, 1.137443e+002
3.091583e+003, 1.127907e+002
3.093512e+003, 1.118320e+002
3.095440e+003, 1.109919e+002
3.097369e+003, 1.103408e+002
3.099297e+003, 1.104488e+002
3.101226e+003, 1.077534e+002
3.103154e+003, 1.062049e+002
3.105083e+003, 1.068644e+002
3.107011e+003, 1.057784e+002
3.108940e+003, 1.061345e+002
3.110868e+003, 1.059341e+002
3.112797e+003, 1.038012e+002
3.114725e+003, 1.014245e+002
3.116654e+003, 1.010230e+002
3.118582e+003, 1.016373e+002
3.120510e+003, 1.020372e+002
3.122439e+003, 9.964424e+001
3.124367e+003, 9.766560e+001
3.126296e+003, 9.716386e+001
3.128224e+003, 9.836862e+001
3.130153e+003, 9.844469e+001
3.132081e+003, 9.774197e+001
3.134010e+003, 9.641807e+001
3.135938e+003, 9.463593e+001
3.137867e+003, 9.469282e+001
3.139795e+003, 9.468127e+001
3.141724e+003, 9.366907e+001
3.143652e+003, 9.130836e+001
3.145581e+003, 9.129809e+001
3.147509e+003, 9.166543e+001
3.149438e+003, 9.166721e+001
3.151366e+003, 9.149126e+001
3.153294e+003, 8.930366e+001
3.155223e+003, 8.761266e+001
3.157151e+003, 8.713900e+001
3.159080e+003, 8.789732e+001
3.161008e+003, 8.626970e+001
3.162937e+003, 8.587196e+001
3.164865e+003, 8.665182e+001
3.166794e+003, 8.541457e+001
3.168722e+003, 8.535429e+001
3.170651e+003, 8.439079e+001
3.172579e+003, 8.265180e+001
3.174508e+003, 8.228522e+001
3.176436e+003, 8.197261e+001
3.178365e+003, 8.102893e+001
3.180293e+003, 7.974301e+001
3.182221e+003, 7.911763e+001
3.184150e+003, 7.861168e+001
3.186078e+003, 7.855336e+001
3.188007e+003, 7.837124e+001
3.189935e+003, 7.677658e+001
3.191864e+003, 7.505370e+001
3.193792e+003, 7.510481e+001
3.195721e+003, 7.548586e+001
3.197649e+003, 7.261040e+001
3.199578e+003, 7.310220e+001
3.201506e+003, 7.414988e+001
3.203435e+003, 7.392892e+001
3.205363e+003, 7.128239e+001
3.207292e+003, 7.053670e+001
3.209220e+003, 6.945468e+001
3.211148e+003, 6.831258e+001
3.213077e+003, 6.842212e+001
3.215005e+003, 6.950257e+001
3.216934e+003, 6.821603e+001
3.218862e+003, 6.558730e+001
3.220791e+003, 6.357581e+001
3.222719e+003, 6.280317e+001
3.224648e+003, 6.360592e+001
3.226576e+003, 6.449476e+001
3.228505e+003, 6.421951e+001
3.230433e+003, 6.366636e+001
3.232362e+003, 6.391930e+001
3.234290e+003, 6.312472e+001
3.236219e+003, 6.062566e+001
3.238147e+003, 6.052036e+001
3.240075e+003, 5.876533e+001
3.242004e+003, 5.801000e+001
3.243932e+003, 5.888437e+001
3.245861e+003, 5.802281e+001
3.247789e+003, 5.781895e+001
3.249718e+003, 5.780339e+001
3.251646e+003, 5.770562e+001
3.253575e+003, 5.755885e+001
3.255503e+003, 5.746458e+001
3.257432e+003, 5.666102e+001
3.259360e+003, 5.547227e+001
3.261289e+003, 5.466969e+001
3.263217e+003, 5.433606e+001
3.265146e+003, 5.353595e+001
3.267074e+003, 5.280369e+001
3.269002e+003, 5.278524e+001
3.270931e+003, 5.316679e+001
3.272859e+003, 5.248003e+001
3.274788e+003, 5.206353e+001
3.276716e+003, 5.232843e+001
3.278645e+003, 5.103815e+001
3.280573e+003, 4.950512e+001
3.282502e+003, 4.916512e+001
3.284430e+003, 4.983102e+001
3.286359e+003, 5.010098e+001
3.288287e+003, 4.934412e+001
3.290216e+003, 4.979773e+001
3.292144e+003, 4.998335e+001
3.294073e+003, 4.789975e+001
3.296001e+003, 4.589732e+001
3.297929e+003, 4.596977e+001
3.299858e+003, 4.684069e+001
3.301786e+003, 4.718682e+001
3.303715e+003, 4.607376e+001
3.305643e+003, 4.644605e+001
3.307572e+003, 4.699909e+001
3.309500e+003, 4.684041e+001
3.311429e+003, 4.556213e+001
3.313357e+003, 4.383183e+001
3.315286e+003, 4.413477e+001
3.317214e+003, 4.487317e+001
3.319143e+003, 4.415202e+001
3.321071e+003, 4.383303e+001
3.323000e+003, 4.401954e+001
3.324928e+003, 4.475126e+001
3.326856e+003, 4.479987e+001
3.328785e+003, 4.127680e+001
3.330713e+003, 4.125709e+001
3.332642e+003, 4.063132e+001
3.334570e+003, 3.979050e+001
3.336499e+003, 4.057740e+001
3.338427e+003, 4.044423e+001
3.340356e+003, 4.082721e+001
3.342284e+003, 3.987321e+001
3.344213e+003, 3.766223e+001
3.346141e+003, 3.749474e+001
3.348070e+003, 3.862206e+001
3.349998e+003, 3.898673e+001
3.351927e+003, 3.911953e+001
3.353855e+003, 4.002267e+001
3.355783e+003, 3.769899e+001
3.357712e+003, 3.775346e+001
3.359640e+003, 3.802456e+001
3.361569e+003, 3.748816e+001
3.363497e+003, 3.865805e+001
3.365426e+003, 3.697367e+001
3.367354e+003, 3.564524e+001
3.369283e+003, 3.529444e+001
3.371211e+003, 3.548002e+001
3.373140e+003, 3.574139e+001
3.375068e+003, 3.703401e+001
3.376997e+003, 3.650308e+001
3.378925e+003, 3.504972e+001
3.380854e+003, 3.653563e+001
3.382782e+003, 3.246960e+001
3.384710e+003, 4.597432e+001
3.386639e+003, 5.117820e+001
3.388567e+003, 3.522761e+001
3.390496e+003, 3.297853e+001
3.392424e+003, 3.334405e+001
3.394353e+003, 3.319943e+001
3.396281e+003, 3.278161e+001
3.398210e+003, 3.311837e+001
3.400138e+003, 3.344131e+001
3.402067e+003, 3.193621e+001
3.403995e+003, 3.154454e+001
3.405924e+003, 3.281088e+001
3.407852e+003, 3.402339e+001
3.409781e+003, 3.401384e+001
3.411709e+003, 3.316409e+001
3.413637e+003, 3.283309e+001
3.415566e+003, 3.331845e+001
3.417494e+003, 3.295396e+001
3.419423e+003, 3.248343e+001
3.421351e+003, 3.171476e+001
3.423280e+003, 3.118480e+001
3.425208e+003, 3.117085e+001
3.427137e+003, 3.056738e+001
3.429065e+003, 2.923151e+001
3.430994e+003, 2.877322e+001
3.432922e+003, 2.947567e+001
3.434851e+003, 3.061700e+001
3.436779e+003, 3.032520e+001
3.438708e+003, 3.019542e+001
3.440636e+003, 3.036290e+001
3.442564e+003, 3.037005e+001
3.444493e+003, 2.965848e+001
3.446421e+003, 2.794225e+001
3.448350e+003, 2.857448e+001
3.450278e+003, 2.940156e+001
3.452207e+003, 2.942157e+001
3.454135e+003, 2.936941e+001
3.456064e+003, 2.777669e+001
##END=



