##NAMES=Lazulite
##RRUFFID=R050269
##IDEAL CHEMISTRY=MgAl_2_(PO_4_)_2_(OH)_2_
##LOCALITY=Horsjoberg, Varmland, Sweden
##OWNER=RRUFF
##SOURCE=Marcus Origlieri
##DESCRIPTION=Deep-blue indistinct crystals
##STATUS=The identification of this mineral has been confirmed by X-ray diffraction and chemical analysis
##URL=https://www.rruff.net/odr/rruff_sample/R050269
##MEASURED CHEMISTRY=(Mg_0.69_Fe_0.25_Mn_0.01_)Al_2.00_(P_1.00_O_4_)_2_(OH)_2_
##DIFFRACTION SAMPLE DESCRIPTION=Powder
##CELL PARAMETERS=a: 7.1489 b: 7.2841 c: 7.2349 alpha: 90 beta: 120.527 gamma: 90 volume: 324.53 crystal system: monoclinic
##FILETYPE=Raman RAW
##RAMAN WAVELENGTH=532

86.41943, 9.235637
88.34790, 9.832458
90.27637, 11.60928
92.20483, 15.06581
94.13330, 19.15794
96.06177, 23.49488
97.99023, 27.96340
99.91870, 32.97692
101.8472, 38.37200
103.7756, 44.28074
105.7041, 51.06540
107.6326, 59.01241
109.5610, 67.67366
111.4895, 76.68190
113.4180, 85.26714
115.3464, 95.06087
117.2749, 106.7179
119.2034, 120.1040
121.1318, 133.8814
123.0603, 148.2999
124.9888, 162.9240
126.9172, 177.0787
128.8457, 182.6315
130.7742, 185.8564
132.7026, 190.1582
134.6311, 195.3583
136.5596, 201.8068
138.4880, 210.3748
140.4165, 219.9557
142.3450, 228.1419
144.2734, 235.2700
146.2019, 240.9397
148.1304, 245.2157
150.0588, 248.1784
151.9873, 249.5558
153.9158, 248.3931
155.8442, 245.5282
157.7727, 243.2400
159.7012, 241.4234
161.6296, 240.4063
163.5581, 240.4613
165.4866, 241.0197
167.4150, 243.3831
169.3435, 248.5031
171.2720, 256.0933
173.2004, 263.7953
175.1289, 271.0439
177.0574, 278.5108
178.9858, 286.4110
180.9143, 293.3347
182.8428, 303.3077
184.7712, 316.9586
186.6997, 334.6587
188.6282, 355.4952
190.5566, 390.1276
192.4851, 422.9012
194.4136, 439.4415
196.3420, 432.5240
198.2705, 415.5636
200.1990, 389.7745
202.1274, 352.1624
204.0559, 319.0407
205.9844, 291.7671
207.9128, 269.6518
209.8413, 252.2548
211.7698, 241.9485
213.6983, 234.3934
215.6267, 229.2705
217.5552, 226.5031
219.4837, 224.4991
221.4121, 223.6149
223.3406, 223.2499
225.2691, 222.1698
227.1975, 220.0418
229.1260, 217.5802
231.0545, 214.8142
232.9829, 211.6037
234.9114, 209.0164
236.8399, 206.6420
238.7683, 204.9892
240.6968, 205.1712
242.6253, 207.2749
244.5537, 211.0037
246.4822, 216.0099
248.4107, 222.3696
250.3391, 230.0720
252.2676, 241.3057
254.1961, 253.4704
256.1245, 262.0514
258.0530, 266.8425
259.9814, 267.7322
261.9099, 264.4699
263.8384, 253.9143
265.7668, 245.1210
267.6953, 237.7369
269.6238, 232.4377
271.5522, 229.7677
273.4807, 230.6053
275.4092, 233.6480
277.3376, 239.3643
279.2661, 248.7248
281.1946, 256.5346
283.1230, 263.5258
285.0515, 268.3023
286.9800, 268.5950
288.9084, 259.7586
290.8369, 250.3541
292.7654, 242.1919
294.6938, 235.2237
296.6223, 229.2701
298.5508, 224.0728
300.4792, 219.9989
302.4077, 217.7966
304.3362, 218.1093
306.2646, 219.5587
308.1931, 222.1238
310.1216, 225.6921
312.0500, 230.2208
313.9785, 235.6350
315.9070, 242.0777
317.8354, 250.0673
319.7639, 260.3729
321.6924, 270.7619
323.6208, 281.2789
325.5493, 291.8324
327.4778, 300.4731
329.4063, 305.8211
331.3347, 310.1148
333.2632, 314.7979
335.1917, 319.8492
337.1201, 325.0849
339.0486, 330.1089
340.9771, 335.0885
342.9055, 341.3100
344.8340, 352.0965
346.7625, 361.3427
348.6909, 366.0238
350.6194, 366.5280
352.5479, 363.0482
354.4763, 353.0984
356.4048, 339.5282
358.3333, 328.2849
360.2617, 318.3760
362.1902, 311.3285
364.1187, 308.4034
366.0471, 309.4512
367.9756, 311.4175
369.9041, 313.5978
371.8326, 316.5475
373.7610, 321.5345
375.6895, 329.9678
377.6180, 337.1049
379.5464, 342.2392
381.4749, 345.4821
383.4034, 344.5214
385.3318, 336.5165
387.2603, 326.6166
389.1888, 317.4720
391.1172, 308.6462
393.0457, 301.9626
394.9742, 298.0610
396.9026, 296.5193
398.8311, 296.9794
400.7596, 297.7915
402.6880, 301.8239
404.6165, 308.5683
406.5450, 317.4463
408.4734, 336.7105
410.4019, 376.5531
412.3304, 423.4185
414.2588, 466.0905
416.1873, 519.4769
418.1158, 547.7611
420.0442, 528.1947
421.9727, 473.7464
423.9012, 422.6801
425.8296, 374.9803
427.7581, 333.7087
429.6866, 302.4088
431.6150, 282.6388
433.5435, 264.9361
435.4720, 248.0587
437.4004, 232.5876
439.3289, 219.6010
441.2574, 209.7915
443.1858, 202.0898
445.1143, 197.0359
447.0428, 194.5152
448.9712, 192.5075
450.8997, 190.5364
452.8282, 189.4243
454.7566, 189.6975
456.6851, 192.8834
458.6136, 195.3068
460.5420, 196.8849
462.4705, 197.5832
464.3990, 197.4310
466.3274, 195.3698
468.2559, 194.0941
470.1844, 194.6256
472.1128, 197.2512
474.0413, 199.9344
475.9698, 203.1689
477.8982, 206.1025
479.8267, 208.6452
481.7552, 211.5169
483.6836, 211.4290
485.6121, 206.6745
487.5406, 198.8987
489.4690, 191.7426
491.3975, 184.4741
493.3260, 178.6980
495.2544, 175.2754
497.1829, 174.0042
499.1114, 173.5120
501.0398, 174.0250
502.9683, 174.9935
504.8968, 176.0479
506.8252, 177.0612
508.7537, 178.6066
510.6822, 181.2609
512.6106, 184.4239
514.5391, 187.2155
516.4675, 189.5137
518.3960, 191.5203
520.3245, 193.4340
522.2529, 195.1072
524.1814, 195.9537
526.1099, 195.6497
528.0383, 194.7318
529.9668, 193.4593
531.8953, 191.6162
533.8237, 189.9081
535.7522, 188.6953
537.6807, 187.4594
539.6091, 185.6326
541.5376, 183.1208
543.4661, 180.3751
545.3945, 177.1611
547.3230, 173.7231
549.2515, 171.1919
551.1799, 170.0228
553.1084, 169.1615
555.0369, 168.0302
556.9653, 166.7041
558.8938, 166.2148
560.8223, 167.0121
562.7507, 168.5305
564.6792, 170.6238
566.6077, 173.8317
568.5361, 176.5631
570.4646, 178.7247
572.3931, 180.3799
574.3215, 181.5501
576.2500, 181.6745
578.1785, 182.4240
580.1069, 184.8461
582.0355, 188.4473
583.9639, 190.4920
585.8924, 189.8267
587.8209, 189.0003
589.7493, 188.5964
591.6778, 188.5603
593.6063, 190.2977
595.5347, 194.6189
597.4632, 200.2170
599.3917, 206.3420
601.3201, 212.8681
603.2486, 220.4711
605.1771, 229.9222
607.1055, 240.3012
609.0340, 250.7795
610.9625, 262.4901
612.8909, 272.2728
614.8194, 279.3401
616.7479, 284.0775
618.6763, 287.7682
620.6048, 289.9991
622.5333, 291.9481
624.4617, 294.5700
626.3902, 297.7870
628.3187, 299.0300
630.2471, 297.0981
632.1756, 294.2502
634.1041, 291.3837
636.0325, 288.5079
637.9610, 285.2648
639.8895, 281.1782
641.8179, 277.0176
643.7464, 273.5291
645.6749, 271.8538
647.6033, 268.3668
649.5318, 263.4495
651.4603, 256.4382
653.3887, 246.0281
655.3172, 231.1758
657.2457, 216.4545
659.1741, 202.8517
661.1026, 190.3147
663.0311, 179.0451
664.9595, 168.4726
666.8880, 159.8251
668.8165, 154.2215
670.7449, 151.1199
672.6734, 147.8072
674.6019, 143.8874
676.5303, 140.1772
678.4588, 137.0556
680.3873, 134.6155
682.3157, 132.0497
684.2442, 128.5371
686.1727, 125.5438
688.1011, 124.2600
690.0296, 124.6110
691.9581, 124.9009
693.8865, 124.2550
695.8150, 123.9114
697.7435, 124.7838
699.6719, 127.7134
701.6004, 130.4158
703.5289, 132.6091
705.4573, 134.6793
707.3858, 137.2231
709.3143, 140.5145
711.2427, 143.1435
713.1712, 144.2493
715.0997, 144.6450
717.0281, 145.4857
718.9566, 146.8778
720.8851, 148.6570
722.8135, 150.9309
724.7420, 153.6170
726.6705, 156.4728
728.5989, 159.6195
730.5274, 162.6668
732.4559, 165.2505
734.3843, 167.5201
736.3128, 170.3271
738.2413, 174.7995
740.1697, 178.5407
742.0982, 181.1359
744.0267, 182.4323
745.9551, 182.1047
747.8836, 179.9018
749.8121, 176.2705
751.7405, 171.1472
753.6690, 164.4306
755.5975, 158.2506
757.5259, 152.6564
759.4544, 147.4353
761.3829, 142.4088
763.3113, 137.5892
765.2398, 133.4156
767.1683, 129.7343
769.0967, 126.9811
771.0252, 125.5055
772.9537, 125.6875
774.8821, 125.6402
776.8106, 125.3066
778.7391, 124.8397
780.6675, 124.1652
782.5960, 123.2844
784.5245, 122.9277
786.4529, 123.7300
788.3814, 124.6465
790.3099, 125.0548
792.2383, 124.8797
794.1668, 124.3204
796.0953, 122.7619
798.0237, 121.2796
799.9522, 120.9392
801.8807, 121.8032
803.8091, 122.4103
805.7376, 122.4872
807.6661, 122.2369
809.5945, 121.7364
811.5230, 120.7872
813.4515, 120.1806
815.3799, 120.1514
817.3084, 120.3013
819.2369, 120.1271
821.1653, 119.4819
823.0938, 119.5392
825.0223, 121.1638
826.9507, 123.0842
828.8792, 124.3426
830.8077, 124.7969
832.7361, 125.0533
834.6646, 124.7940
836.5931, 124.6489
838.5215, 125.2843
840.4500, 126.8446
842.3785, 128.2769
844.3069, 129.2887
846.2354, 130.2292
848.1639, 131.4128
850.0923, 132.9556
852.0208, 134.1759
853.9493, 135.0948
855.8777, 135.6150
857.8062, 135.6825
859.7347, 135.3116
861.6631, 134.2628
863.5916, 132.1773
865.5201, 129.6128
867.4485, 126.8392
869.3770, 123.8165
871.3055, 121.0561
873.2339, 119.0461
875.1624, 116.9997
877.0909, 114.3270
879.0193, 110.7582
880.9478, 107.9111
882.8763, 106.2050
884.8047, 104.8637
886.7332, 103.4782
888.6617, 102.0526
890.5901, 100.6907
892.5186, 99.18328
894.4471, 97.98239
896.3755, 97.43819
898.3040, 97.64137
900.2325, 97.50684
902.1609, 96.52980
904.0894, 95.76430
906.0179, 96.06866
907.9464, 97.07448
909.8748, 97.10157
911.8033, 95.13885
913.7318, 93.45842
915.6602, 92.98163
917.5887, 93.56921
919.5172, 94.21754
921.4456, 95.23769
923.3741, 95.95335
925.3026, 96.07201
927.2310, 95.77321
929.1595, 95.59698
931.0880, 95.63165
933.0164, 95.62167
934.9449, 95.33443
936.8734, 94.98636
938.8018, 94.94788
940.7303, 95.20097
942.6588, 95.83264
944.5872, 97.22218
946.5157, 98.82873
948.4442, 99.79079
950.3726, 99.87782
952.3011, 100.2339
954.2296, 101.2464
956.1580, 102.5061
958.0865, 103.6024
960.0150, 104.4448
961.9434, 105.6578
963.8719, 107.1756
965.8004, 109.2051
967.7288, 112.0202
969.6573, 115.8262
971.5858, 119.4315
973.5142, 122.5476
975.4427, 125.7293
977.3712, 129.1370
979.2996, 132.7975
981.2281, 137.0124
983.1566, 142.3260
985.0850, 147.4170
987.0135, 151.3190
988.9420, 154.4630
990.8704, 159.0273
992.7989, 165.0423
994.7274, 172.4334
996.6558, 181.6424
998.5843, 192.1941
1000.513, 202.8821
1002.441, 213.2497
1004.370, 225.4535
1006.298, 240.3891
1008.227, 257.4420
1010.155, 276.2986
1012.084, 297.5201
1014.012, 318.6038
1015.940, 341.5216
1017.869, 362.3122
1019.797, 378.9902
1021.726, 391.3130
1023.654, 397.1357
1025.583, 391.7978
1027.511, 384.9815
1029.440, 379.6434
1031.368, 376.2929
1033.297, 376.9579
1035.225, 379.7993
1037.154, 390.6317
1039.082, 411.5401
1041.010, 440.9045
1042.939, 475.0648
1044.867, 513.8804
1046.796, 557.8787
1048.724, 606.5278
1050.653, 660.6646
1052.581, 724.8116
1054.510, 800.1801
1056.438, 867.5449
1058.367, 937.8548
1060.295, 983.1985
1062.224, 988.3104
1064.152, 952.2891
1066.081, 894.2791
1068.009, 792.7184
1069.938, 693.0397
1071.866, 604.1186
1073.794, 526.8898
1075.723, 465.8353
1077.651, 422.2952
1079.580, 389.2886
1081.508, 367.8474
1083.437, 355.2286
1085.365, 348.6972
1087.294, 348.9567
1089.222, 350.6872
1091.151, 352.6114
1093.079, 356.0191
1095.008, 362.5800
1096.936, 372.8300
1098.865, 380.3054
1100.793, 385.7928
1102.722, 388.0157
1104.650, 386.6243
1106.578, 381.4423
1108.507, 371.9933
1110.435, 356.4328
1112.364, 342.1277
1114.292, 330.1267
1116.221, 321.2464
1118.149, 316.4930
1120.078, 316.2291
1122.006, 318.3042
1123.935, 322.3911
1125.863, 328.8170
1127.792, 338.1691
1129.720, 350.3586
1131.649, 363.7491
1133.577, 381.9099
1135.505, 396.5680
1137.434, 408.2194
1139.362, 413.7819
1141.291, 408.8174
1143.219, 392.0646
1145.148, 371.7641
1147.076, 346.7827
1149.005, 321.5943
1150.933, 298.7219
1152.862, 278.2038
1154.790, 260.4522
1156.719, 245.7912
1158.647, 233.6679
1160.576, 224.7866
1162.504, 218.2713
1164.432, 211.8339
1166.361, 205.2109
1168.289, 199.2019
1170.218, 194.4184
1172.146, 189.9311
1174.075, 184.5567
1176.003, 178.4015
1177.932, 173.9455
1179.860, 173.0196
1181.789, 171.6510
1183.717, 167.5255
1185.646, 161.8404
1187.574, 158.1333
1189.503, 158.0586
1191.431, 157.4113
1193.359, 155.2748
1195.288, 152.8498
1197.216, 151.1893
1199.145, 150.3406
1201.073, 149.5476
1203.002, 148.6521
1204.930, 147.9489
1206.859, 147.7344
1208.787, 147.7590
1210.716, 147.7395
1212.644, 147.9593
1214.573, 147.0994
1216.501, 144.1603
1218.430, 140.5633
1220.358, 137.2114
1222.286, 134.1521
1224.215, 130.9150
1226.143, 127.3445
1228.072, 123.8153
1230.000, 120.5375
1231.929, 117.3314
1233.857, 113.7041
1235.786, 109.3498
1237.714, 105.7036
1239.643, 103.4613
1241.571, 101.5267
1243.500, 99.05630
1245.428, 96.28450
1247.357, 94.25739
1249.285, 93.30890
1251.214, 92.55340
1253.142, 91.72500
1255.070, 90.94650
1256.999, 90.40797
1258.927, 90.25108
1260.856, 89.81066
1262.784, 88.66347
1264.713, 87.67474
1266.641, 87.18520
1268.570, 87.10491
1270.498, 87.25007
1272.427, 87.89902
1274.355, 88.05643
1276.284, 87.08160
1278.212, 85.97733
1280.141, 85.49940
1282.069, 85.55663
1283.997, 85.83220
1285.926, 86.56462
1287.854, 86.96669
1289.783, 86.42107
1291.711, 85.58578
1293.640, 85.22108
1295.568, 85.43231
1297.497, 85.52870
1299.425, 85.40873
1301.354, 85.20399
1303.282, 84.63190
1305.211, 84.02550
1307.139, 84.35937
1309.068, 86.64568
1310.996, 87.93981
1312.924, 87.31572
1314.853, 86.38851
1316.781, 86.22145
1318.710, 86.66188
1320.638, 86.91339
1322.567, 86.84956
1324.495, 86.89763
1326.424, 87.40764
1328.352, 87.90691
1330.281, 87.95090
1332.209, 87.57134
1334.138, 87.30357
1336.066, 87.27332
1337.995, 87.24376
1339.923, 87.11124
1341.851, 86.96475
1343.780, 86.91174
1345.708, 86.95613
1347.637, 87.07528
1349.565, 87.16058
1351.494, 87.42065
1353.422, 88.03672
1355.351, 88.84499
1357.279, 89.57817
1359.208, 90.39091
1361.136, 90.61720
1363.065, 89.54424
1364.993, 88.56446
1366.922, 88.58685
1368.850, 89.20155
1370.778, 89.34426
1372.707, 88.86110
1374.635, 88.55029
1376.564, 88.47852
1378.492, 88.76612
1380.421, 89.75102
1382.349, 91.16488
1384.278, 91.94742
1386.206, 91.90328
1388.135, 91.67570
1390.063, 91.25066
1391.992, 90.84171
1393.920, 90.64761
1395.849, 90.64143
1397.777, 90.43929
1399.705, 89.57899
1401.634, 89.18773
1403.562, 89.65851
1405.491, 90.38448
1407.419, 90.79046
1409.348, 90.91550
1411.276, 91.60674
1413.205, 93.68269
1415.133, 94.87971
1417.062, 94.23030
1418.990, 92.94701
1420.919, 91.89869
1422.847, 91.10401
1424.776, 90.67136
1426.704, 90.59946
1428.632, 90.93075
1430.561, 92.18735
1432.489, 93.43531
1434.418, 93.92442
1436.346, 93.72887
1438.275, 93.34875
1440.203, 92.66153
1442.132, 92.12811
1444.060, 91.92120
1445.989, 91.87309
1447.917, 91.93658
1449.846, 92.10448
1451.774, 92.04221
1453.703, 91.41127
1455.631, 91.17959
1457.559, 91.64016
1459.488, 92.44923
1461.416, 93.55551
1463.345, 94.91105
1465.273, 95.70454
1467.202, 95.73898
1469.130, 95.49311
1471.059, 94.51026
1472.987, 93.67192
1474.916, 93.78116
1476.844, 94.63277
1478.773, 95.09186
1480.701, 95.02866
1482.630, 94.95564
1484.558, 95.07521
1486.486, 95.11692
1488.415, 94.67241
1490.343, 94.06160
1492.272, 94.26274
1494.200, 95.52754
1496.129, 96.23926
1498.057, 95.68714
1499.986, 94.96894
1501.914, 94.77853
1503.843, 94.79533
1505.771, 94.33716
1507.700, 93.30286
1509.628, 92.90916
1511.557, 93.98413
1513.485, 94.75954
1515.413, 94.02813
1517.342, 92.81542
1519.270, 92.64510
1521.199, 93.61191
1523.127, 94.23273
1525.056, 94.18814
1526.984, 94.09121
1528.913, 94.04622
1530.841, 94.06862
1532.770, 94.33044
1534.698, 94.85236
1536.627, 94.64082
1538.555, 92.65994
1540.484, 91.63676
1542.412, 92.89274
1544.340, 94.28471
1546.269, 94.06100
1548.197, 92.63488
1550.126, 91.97492
1552.054, 92.30910
1553.983, 93.05603
1555.911, 95.18731
1557.840, 96.62125
1559.768, 95.78844
1561.697, 93.81454
1563.625, 92.93416
1565.554, 93.49861
1567.482, 93.61341
1569.411, 92.70714
1571.339, 92.10121
1573.267, 92.58380
1575.196, 93.24443
1577.124, 92.89635
1579.053, 91.66950
1580.981, 91.26672
1582.910, 92.19444
1584.838, 92.69617
1586.767, 91.91467
1588.695, 91.02916
1590.624, 90.99801
1592.552, 91.37112
1594.481, 90.95879
1596.409, 89.62451
1598.338, 88.71449
1600.266, 88.46324
1602.194, 88.62221
1604.123, 89.62901
1606.051, 90.63134
1607.980, 90.55231
1609.908, 89.54369
1611.837, 88.68224
1613.765, 87.96660
1615.694, 87.66310
1617.622, 88.26959
1619.551, 88.84647
1621.479, 88.63683
1623.408, 87.97777
1625.336, 87.54472
1627.265, 87.34776
1629.193, 87.44441
1631.121, 88.06413
1633.050, 88.58623
1634.978, 88.83395
1636.907, 88.79727
1638.835, 88.29209
1640.764, 87.43008
1642.692, 86.96106
1644.621, 87.00491
1646.549, 87.16579
1648.478, 87.55095
1650.406, 87.77777
1652.335, 87.50513
1654.263, 87.01435
1656.192, 86.77156
1658.120, 86.77486
1660.048, 86.98949
1661.977, 87.39978
1663.905, 88.04623
1665.834, 89.78257
1667.762, 90.96425
1669.691, 89.90247
1671.619, 87.38616
1673.548, 86.31996
1675.476, 86.98314
1677.405, 87.62879
1679.333, 88.29893
1681.262, 88.49741
1683.190, 87.41129
1685.119, 86.30323
1687.047, 86.64594
1688.975, 88.20235
1690.904, 88.89879
1692.832, 88.51387
1694.761, 87.96513
1696.689, 87.16197
1698.618, 86.54897
1700.546, 86.49809
1702.475, 86.60209
1704.403, 86.29057
1706.332, 85.58319
1708.260, 85.13200
1710.189, 84.93958
1712.117, 85.02872
1714.046, 85.68306
1715.974, 86.28848
1717.902, 86.41506
1719.831, 86.43115
1721.759, 87.19109
1723.688, 88.69713
1725.616, 88.65244
1727.545, 86.13892
1729.473, 84.19865
1731.402, 83.77128
1733.330, 83.72670
1735.259, 83.42947
1737.187, 83.22890
1739.116, 83.98060
1741.044, 85.67521
1742.973, 86.18419
1744.901, 84.88737
1746.829, 83.81541
1748.758, 83.61874
1750.686, 83.51726
1752.615, 83.11443
1754.543, 82.56995
1756.472, 82.08426
1758.400, 81.66115
1760.329, 81.41437
1762.257, 81.37387
1764.186, 81.43876
1766.114, 81.62220
1768.043, 81.86005
1769.971, 82.31430
1771.900, 82.67909
1773.828, 82.47764
1775.756, 81.78358
1777.685, 81.13319
1779.613, 80.52749
1781.542, 80.11951
1783.470, 80.03693
1785.399, 80.02277
1787.327, 79.94096
1789.256, 79.87749
1791.184, 80.06433
1793.113, 80.35052
1795.041, 79.98298
1796.970, 78.76222
1798.898, 78.12449
1800.827, 78.60159
1802.755, 79.14088
1804.683, 79.27849
1806.612, 79.32681
1808.540, 79.72873
1810.469, 80.21373
1812.397, 80.08179
1814.326, 79.30621
1816.254, 78.30980
1818.183, 76.82520
1820.111, 75.84619
1822.040, 75.83076
1823.968, 76.24379
1825.897, 77.15952
1827.825, 78.09250
1829.754, 77.96194
1831.682, 76.86122
1833.610, 76.57339
1835.539, 77.59452
1837.467, 78.21438
1839.396, 77.95045
1841.324, 77.48518
1843.253, 76.82055
1845.181, 76.30406
1847.110, 76.62189
1849.038, 77.46193
1850.967, 77.22167
1852.895, 75.18733
1854.824, 74.26257
1856.752, 75.12259
1858.681, 76.09505
1860.609, 77.20569
1862.537, 77.93314
1864.466, 77.86043
1866.394, 77.22161
1868.323, 76.26537
1870.251, 74.97441
1872.180, 74.24346
1874.108, 74.24754
1876.037, 74.45386
1877.965, 74.88520
1879.894, 75.43932
1881.822, 76.62633
1883.751, 77.41902
1885.679, 76.47295
1887.608, 74.52510
1889.536, 73.75346
1891.464, 74.21715
1893.393, 74.73490
1895.321, 75.39984
1897.250, 75.59892
1899.178, 74.79336
1901.107, 74.08862
1903.035, 74.29038
1904.964, 74.62910
1906.892, 74.20287
1908.821, 73.33890
1910.749, 72.97504
1912.678, 73.14078
1914.606, 73.57841
1916.535, 74.54932
1918.463, 74.93394
1920.391, 73.82338
1922.320, 72.79588
1924.248, 72.92509
1926.177, 73.37300
1928.105, 73.07676
1930.034, 72.26875
1931.962, 71.91156
1933.891, 72.07812
1935.819, 72.27258
1937.748, 72.70839
1939.676, 72.79649
1941.605, 72.07201
1943.533, 71.44004
1945.462, 71.54867
1947.390, 71.80580
1949.318, 71.28302
1951.247, 70.33201
1953.175, 70.54719
1955.104, 72.38851
1957.032, 73.16720
1958.961, 72.28324
1960.889, 71.55650
1962.818, 71.31055
1964.746, 71.24397
1966.675, 71.47170
1968.603, 71.60924
1970.532, 71.14708
1972.460, 70.39217
1974.389, 69.97919
1976.317, 69.92805
1978.245, 70.67597
1980.174, 72.65480
1982.102, 73.37326
1984.031, 71.45796
1985.959, 69.83586
1987.888, 69.92715
1989.816, 70.46288
1991.745, 70.71562
1993.673, 70.72939
1995.602, 70.44109
1997.530, 69.92203
1999.459, 69.81750
2001.387, 70.30050
2003.316, 70.68651
2005.244, 71.20805
2007.172, 71.25702
2009.101, 70.32104
2011.029, 69.39485
2012.958, 68.81128
2014.886, 68.57191
2016.815, 68.83012
2018.743, 69.40676
2020.672, 69.86461
2022.600, 70.20487
2024.529, 70.12975
2026.457, 69.54201
2028.386, 68.95318
2030.314, 68.28453
2032.243, 68.00181
2034.171, 68.51727
2036.099, 69.15972
2038.028, 69.56816
2039.956, 69.81631
2041.885, 69.92314
2043.813, 69.94586
2045.742, 70.07497
2047.670, 70.31255
2049.599, 70.68701
2051.527, 71.55395
2053.456, 71.85316
2055.384, 71.05519
2057.313, 70.33244
2059.241, 69.98074
2061.169, 69.82246
2063.098, 69.84134
2065.027, 69.90310
2066.955, 69.68420
2068.884, 69.35080
2070.812, 69.73746
2072.740, 70.84723
2074.669, 71.63722
2076.597, 72.04104
2078.526, 72.13322
2080.454, 71.67458
2082.383, 71.50386
2084.311, 72.43941
2086.240, 73.13298
2088.168, 72.26003
2090.097, 71.19237
2092.025, 71.74523
2093.954, 73.21213
2095.882, 73.72136
2097.811, 73.25679
2099.739, 72.80058
2101.667, 72.10440
2103.596, 72.02739
2105.524, 72.98416
2107.453, 73.86433
2109.381, 74.51895
2111.310, 75.01574
2113.238, 75.60088
2115.167, 75.79575
2117.095, 74.86684
2119.024, 73.55108
2120.952, 72.87917
2122.881, 72.77287
2124.809, 73.08816
2126.738, 73.83250
2128.666, 74.16972
2130.594, 73.85960
2132.523, 73.74932
2134.451, 73.95815
2136.380, 74.37552
2138.308, 75.23911
2140.237, 75.96722
2142.165, 76.15273
2144.094, 76.16463
2146.022, 76.31020
2147.951, 76.53395
2149.879, 76.84665
2151.808, 77.16383
2153.736, 76.84483
2155.665, 75.87894
2157.593, 75.80785
2159.521, 77.09370
2161.450, 77.59631
2163.378, 76.51134
2165.307, 75.44869
2167.235, 74.58864
2169.164, 74.28104
2171.092, 74.95884
2173.021, 75.99184
2174.949, 76.98693
2176.878, 77.86802
2178.806, 78.52641
2180.735, 78.96230
2182.663, 79.10152
2184.592, 78.94177
2186.520, 79.19199
2188.448, 80.05461
2190.377, 79.88860
2192.305, 77.89704
2194.234, 76.72804
2196.162, 77.86059
2198.091, 78.65490
2200.019, 77.43087
2201.948, 76.26389
2203.876, 76.81976
2205.805, 77.83290
2207.733, 77.76010
2209.662, 77.16684
2211.590, 77.21317
2213.519, 77.84888
2215.447, 78.88576
2217.375, 80.35901
2219.304, 81.17821
2221.232, 81.29652
2223.161, 80.58871
2225.089, 78.60565
2227.018, 77.11629
2228.946, 76.67607
2230.875, 76.75150
2232.803, 77.41591
2234.732, 78.17684
2236.660, 78.91418
2238.589, 79.40170
2240.517, 79.17944
2242.446, 78.66765
2244.374, 78.76926
2246.302, 79.31064
2248.231, 79.34238
2250.159, 78.90076
2252.088, 78.52098
2254.016, 78.23642
2255.945, 77.85418
2257.873, 77.16376
2259.802, 76.97275
2261.730, 78.04932
2263.659, 78.68345
2265.587, 78.16867
2267.516, 77.47448
2269.444, 76.79936
2271.373, 76.39957
2273.301, 76.61694
2275.229, 77.08980
2277.158, 77.54700
2279.086, 77.87504
2281.015, 77.84520
2282.943, 77.47276
2284.872, 76.67553
2286.800, 75.49013
2288.729, 74.86297
2290.657, 74.95860
2292.586, 75.08815
2294.514, 75.12785
2296.443, 75.40166
2298.371, 76.28368
2300.300, 76.82903
2302.228, 76.87798
2304.156, 76.52888
2306.085, 75.50768
2308.013, 74.48623
2309.942, 73.84287
2311.870, 73.41248
2313.799, 72.77344
2315.727, 72.47946
2317.656, 73.79414
2319.584, 75.91502
2321.513, 76.75332
2323.441, 76.43838
2325.370, 75.93802
2327.298, 75.22873
2329.227, 74.71114
2331.155, 74.44578
2333.083, 73.64769
2335.012, 72.02244
2336.940, 70.89262
2338.869, 70.59087
2340.797, 70.62103
2342.726, 71.32137
2344.654, 71.65224
2346.583, 70.95256
2348.511, 70.23763
2350.440, 69.99940
2352.368, 69.96996
2354.297, 70.31298
2356.225, 70.41789
2358.154, 69.15530
2360.082, 67.54294
2362.010, 67.29513
2363.939, 67.87222
2365.867, 67.79326
2367.796, 67.21598
2369.724, 67.39960
2371.653, 68.44666
2373.581, 68.97829
2375.510, 69.06537
2377.438, 68.07593
2379.367, 65.55869
2381.295, 64.30446
2383.224, 65.08681
2385.152, 65.75992
2387.081, 65.69559
2389.009, 65.65851
2390.938, 66.02447
2392.866, 66.23148
2394.794, 66.00234
2396.723, 65.63866
2398.651, 65.11972
2400.580, 64.75357
2402.508, 64.97967
2404.437, 65.27539
2406.365, 65.02675
2408.294, 64.60572
2410.222, 64.53773
2412.151, 64.66844
2414.079, 64.64133
2416.008, 64.51669
2417.936, 64.70577
2419.865, 65.15804
2421.793, 64.61292
2423.721, 63.07610
2425.650, 62.69324
2427.578, 63.64402
2429.507, 63.77174
2431.435, 62.56874
2433.364, 62.09346
2435.292, 63.34479
2437.221, 63.85928
2439.149, 62.44605
2441.078, 61.85493
2443.006, 63.23183
2444.935, 64.08751
2446.863, 63.40988
2448.792, 62.69370
2450.720, 62.73204
2452.648, 62.74038
2454.577, 62.06523
2456.505, 61.46312
2458.434, 61.41046
2460.362, 61.76421
2462.291, 62.72009
2464.219, 63.70836
2466.148, 64.03786
2468.076, 63.93731
2470.005, 63.48198
2471.933, 63.02028
2473.862, 63.63674
2475.790, 64.75504
2477.719, 64.12659
2479.647, 62.11351
2481.575, 61.47104
2483.504, 62.20907
2485.432, 63.00740
2487.361, 63.85163
2489.289, 63.24894
2491.218, 61.00274
2493.146, 60.25372
2495.075, 61.78917
2497.003, 62.58620
2498.932, 61.56959
2500.860, 61.35991
2502.789, 62.52100
2504.717, 63.21983
2506.646, 63.12623
2508.574, 62.84297
2510.502, 62.27961
2512.431, 62.11572
2514.359, 63.07743
2516.288, 63.70817
2518.216, 63.20179
2520.145, 62.71409
2522.073, 62.74659
2524.002, 62.89440
2525.930, 62.97549
2527.859, 63.09733
2529.787, 63.55248
2531.716, 63.80479
2533.644, 63.26205
2535.573, 62.53380
2537.501, 62.16917
2539.429, 61.93475
2541.358, 61.41642
2543.286, 60.99450
2545.215, 61.29318
2547.143, 61.94300
2549.072, 62.50743
2551.000, 62.95135
2552.929, 63.23881
2554.857, 63.34178
2556.786, 63.05873
2558.714, 62.55063
2560.643, 62.54770
2562.571, 62.84861
2564.500, 62.20893
2566.428, 60.98704
2568.356, 61.25699
2570.285, 62.93153
2572.213, 63.98489
2574.142, 64.40204
2576.070, 64.42668
2577.999, 64.04428
2579.927, 63.30915
2581.856, 62.21371
2583.784, 62.02113
2585.713, 62.92767
2587.641, 63.35623
2589.570, 63.04925
2591.498, 62.69440
2593.427, 62.26482
2595.355, 61.83658
2597.283, 61.29247
2599.212, 61.42954
2601.140, 62.61793
2603.069, 63.09480
2604.997, 62.29003
2606.926, 61.48351
2608.854, 60.35894
2610.783, 60.25703
2612.711, 61.90673
2614.640, 63.00866
2616.568, 63.05129
2618.497, 62.82281
2620.425, 62.28318
2622.354, 62.06365
2624.282, 62.57291
2626.210, 63.06958
2628.139, 63.69133
2630.067, 63.72387
2631.996, 62.43446
2633.924, 61.77275
2635.853, 62.94304
2637.781, 63.81557
2639.710, 63.10432
2641.638, 62.59858
2643.567, 63.34254
2645.495, 63.88014
2647.424, 63.61971
2649.352, 63.16030
2651.281, 62.62987
2653.209, 62.15593
2655.137, 61.51066
2657.066, 61.35377
2658.994, 62.91742
2660.923, 63.79793
2662.851, 61.87095
2664.780, 60.14736
2666.708, 60.15688
2668.637, 60.63665
2670.565, 60.99479
2672.494, 61.38387
2674.422, 61.97973
2676.351, 62.52471
2678.279, 62.85020
2680.208, 63.08889
2682.136, 63.68722
2684.064, 63.69397
2685.993, 61.77290
2687.921, 60.01531
2689.850, 59.80889
2691.778, 60.28569
2693.707, 61.68137
2695.635, 62.48325
2697.564, 61.09488
2699.492, 59.78099
2701.421, 60.26269
2703.349, 61.10879
2705.278, 61.44461
2707.206, 61.60408
2709.135, 61.65875
2711.063, 61.83010
2712.991, 62.81809
2714.920, 63.18154
2716.848, 60.90740
2718.777, 59.06133
2720.705, 60.44970
2722.634, 62.06551
2724.562, 61.80200
2726.491, 61.24892
2728.419, 61.22177
2730.348, 61.36833
2732.276, 61.52594
2734.205, 61.70919
2736.133, 62.12230
2738.062, 62.30046
2739.990, 61.59345
2741.918, 61.09395
2743.847, 61.74009
2745.775, 62.15155
2747.704, 61.17199
2749.632, 60.28614
2751.561, 60.67471
2753.489, 60.75887
2755.418, 59.27386
2757.346, 58.28903
2759.275, 59.19219
2761.203, 60.09288
2763.132, 60.11633
2765.060, 59.95963
2766.989, 59.63721
2768.917, 59.63001
2770.845, 60.33627
2772.774, 60.84917
2774.702, 60.87764
2776.631, 60.54753
2778.559, 59.35281
2780.488, 58.76593
2782.416, 59.53795
2784.345, 60.11677
2786.273, 60.14653
2788.202, 59.90664
2790.130, 59.10059
2792.059, 58.73605
2793.987, 59.23853
2795.916, 59.79168
2797.844, 60.36778
2799.772, 60.85525
2801.701, 61.46796
2803.629, 61.10665
2805.558, 58.35833
2807.486, 57.33602
2809.415, 58.88594
2811.343, 59.54050
2813.272, 58.80680
2815.200, 58.97628
2817.129, 60.61333
2819.057, 61.56001
2820.986, 61.65981
2822.914, 60.97102
2824.843, 59.39313
2826.771, 59.49776
2828.699, 61.36773
2830.628, 61.64967
2832.556, 60.14085
2834.485, 59.38732
2836.413, 59.37828
2838.342, 59.87684
2840.270, 60.67821
2842.199, 60.41040
2844.127, 59.36003
2846.056, 59.10041
2847.984, 59.36893
2849.913, 59.12402
2851.841, 58.54753
2853.770, 58.24677
2855.698, 57.97529
2857.626, 56.75845
2859.555, 55.60667
2861.483, 56.93136
2863.412, 58.96532
2865.340, 59.05154
2867.269, 58.32369
2869.197, 57.72546
2871.126, 57.35618
2873.054, 57.38317
2874.983, 57.61335
2876.911, 58.00717
2878.840, 58.37969
2880.768, 58.62183
2882.697, 58.79485
2884.625, 59.12739
2886.553, 59.10908
2888.482, 57.98079
2890.410, 57.30635
2892.339, 57.82277
2894.267, 58.26801
2896.196, 58.14219
2898.124, 57.95785
2900.053, 57.67699
2901.981, 57.70654
2903.910, 58.22599
2905.838, 58.47091
2907.767, 58.25494
2909.695, 57.99654
2911.624, 57.59517
2913.552, 57.75540
2915.480, 58.53434
2917.409, 58.34573
2919.337, 57.16287
2921.266, 57.27446
2923.194, 58.59712
2925.123, 58.94065
2927.051, 58.48878
2928.980, 58.39674
2930.908, 58.45047
2932.837, 57.95951
2934.765, 57.20136
2936.694, 56.47823
2938.622, 56.16925
2940.551, 57.60392
2942.479, 59.08014
2944.407, 58.22789
2946.336, 57.11077
2948.264, 58.14613
2950.193, 59.07263
2952.121, 58.00350
2954.050, 56.80915
2955.978, 56.21489
2957.907, 56.13688
2959.835, 56.88401
2961.764, 57.57821
2963.692, 58.22817
2965.621, 58.12266
2967.549, 56.72347
2969.478, 55.83705
2971.406, 55.95596
2973.334, 56.40244
2975.263, 57.29234
2977.191, 57.09643
2979.120, 55.72332
2981.048, 55.28730
2982.977, 55.77596
2984.905, 55.79677
2986.834, 55.45626
2988.762, 55.11431
2990.691, 54.98582
2992.619, 55.72258
2994.548, 56.86329
2996.476, 58.00551
2998.405, 58.60496
3000.333, 57.46912
3002.261, 56.13949
3004.190, 56.01101
3006.118, 56.05737
3008.047, 55.44912
3009.975, 55.06838
3011.904, 55.39703
3013.832, 55.69936
3015.761, 55.49169
3017.689, 55.63137
3019.618, 56.37751
3021.546, 57.16839
3023.475, 58.03884
3025.403, 58.10574
3027.332, 57.05421
3029.260, 56.61812
3031.188, 56.79448
3033.117, 56.66090
3035.045, 56.32796
3036.974, 56.21075
3038.902, 56.33934
3040.831, 57.07607
3042.759, 57.86367
3044.688, 57.45629
3046.616, 56.92374
3048.545, 57.66814
3050.473, 58.32046
3052.402, 57.68021
3054.330, 56.82555
3056.259, 55.92199
3058.187, 55.62286
3060.115, 56.81796
3062.044, 57.36626
3063.972, 56.51152
3065.901, 56.43435
3067.829, 57.46879
3069.758, 57.87957
3071.686, 57.45300
3073.615, 56.84989
3075.543, 56.14660
3077.472, 56.31739
3079.400, 56.93551
3081.329, 56.47010
3083.257, 55.77075
3085.186, 56.75128
3087.114, 58.00265
3089.042, 57.85647
3090.971, 57.44920
3092.899, 57.72837
3094.828, 57.80238
3096.756, 56.98918
3098.685, 56.40176
3100.613, 56.26824
3102.542, 56.59297
3104.470, 57.96527
3106.399, 58.36863
3108.327, 57.72130
3110.256, 57.16326
3112.184, 56.75202
3114.113, 56.28314
3116.041, 55.87635
3117.969, 56.34846
3119.898, 57.03220
3121.826, 56.32435
3123.755, 55.54998
3125.683, 56.63927
3127.612, 57.74676
3129.540, 57.21560
3131.469, 56.95834
3133.397, 58.41753
3135.326, 59.26058
3137.254, 58.66947
3139.183, 58.01042
3141.111, 57.35963
3143.040, 57.27334
3144.968, 57.85815
3146.896, 58.28593
3148.825, 58.54171
3150.753, 58.36142
3152.682, 57.99721
3154.610, 58.06277
3156.539, 58.22817
3158.467, 57.89408
3160.396, 57.64894
3162.324, 58.03223
3164.253, 58.46484
3166.181, 58.82566
3168.110, 58.86344
3170.038, 58.48126
3171.967, 57.94775
3173.895, 57.13807
3175.823, 57.28860
3177.752, 58.48553
3179.680, 58.98698
3181.609, 58.98107
3183.537, 59.31774
3185.466, 59.66505
3187.394, 58.94044
3189.323, 58.34584
3191.251, 59.64780
3193.180, 60.73311
3195.108, 59.84775
3197.037, 59.16267
3198.965, 59.41475
3200.894, 59.66773
3202.822, 59.74026
3204.750, 59.82061
3206.679, 59.92919
3208.607, 59.96091
3210.536, 59.93597
3212.464, 59.86799
3214.393, 59.89722
3216.321, 60.42016
3218.250, 61.11508
3220.178, 61.84263
3222.107, 62.26150
3224.035, 61.82999
3225.964, 61.60073
3227.892, 61.92164
3229.821, 62.34526
3231.749, 62.88007
3233.677, 62.83314
3235.606, 62.06096
3237.534, 63.17234
3239.463, 65.33646
3241.391, 65.36611
3243.320, 64.38108
3245.248, 63.96304
3247.177, 64.10771
3249.105, 65.20763
3251.034, 66.10942
3252.962, 66.14518
3254.891, 65.92247
3256.819, 65.43150
3258.748, 65.41291
3260.676, 66.07457
3262.604, 66.16520
3264.533, 65.81155
3266.461, 66.87794
3268.390, 68.50445
3270.318, 68.97924
3272.247, 68.86398
3274.175, 68.32166
3276.104, 68.19101
3278.032, 69.57722
3279.961, 70.19182
3281.889, 68.38556
3283.818, 68.60950
3285.746, 71.34613
3287.675, 72.61232
3289.603, 72.39157
3291.531, 72.56804
3293.460, 73.02970
3295.388, 73.47060
3297.317, 74.09032
3299.245, 75.49963
3301.174, 76.51718
3303.102, 76.27812
3305.031, 76.32095
3306.959, 77.58205
3308.888, 77.82850
3310.816, 76.85703
3312.745, 77.42150
3314.673, 79.26582
3316.602, 80.47768
3318.530, 81.31458
3320.458, 82.21783
3322.387, 83.06569
3324.315, 83.56793
3326.244, 84.30196
3328.172, 85.45982
3330.101, 87.07204
3332.029, 89.27772
3333.958, 91.07582
3335.886, 92.41345
3337.815, 93.48560
3339.743, 94.86501
3341.672, 98.24025
3343.600, 102.3937
3345.529, 106.0468
3347.457, 109.3709
3349.385, 111.3053
3351.314, 115.4167
3353.242, 123.2425
3355.171, 131.6471
3357.099, 140.4950
3359.028, 151.5042
3360.956, 164.6785
3362.885, 180.7673
3364.813, 198.4352
3366.742, 214.9767
3368.670, 233.1571
3370.599, 252.7556
3372.527, 279.4398
3374.456, 316.0897
3376.384, 353.2893
3378.313, 389.7606
3380.241, 425.7042
3382.169, 460.3929
3384.098, 491.4645
3386.026, 519.6188
3387.955, 544.8192
3389.883, 569.3900
3391.812, 594.4967
3393.740, 620.3029
3395.669, 649.1265
3397.597, 673.9935
3399.526, 694.5203
3401.454, 705.3157
3403.383, 705.2428
3405.311, 686.9760
3407.240, 654.7000
3409.168, 610.7237
3411.096, 562.9973
3413.025, 514.9713
3414.953, 467.2939
3416.882, 419.5491
3418.810, 374.3276
3420.739, 331.8190
3422.667, 292.1682
3424.596, 255.8147
3426.524, 222.8433
3428.453, 194.0248
3430.381, 170.5121
3432.310, 151.7314
3434.238, 138.0487
3436.167, 127.4603
3438.095, 119.6473
3440.023, 114.4357
3441.952, 111.3672
3443.880, 107.5013
3445.809, 103.7881
3447.737, 102.1765
3449.666, 101.4975
3451.594, 101.4125
3453.523, 101.1197
3455.451, 100.2989
3457.380, 99.70596
3459.308, 99.45005
3461.237, 100.6093
3463.165, 102.2728
3465.094, 101.0988
3467.022, 99.45052
3468.950, 99.55868
3470.879, 100.1649
3472.807, 101.1364
3474.736, 101.0684
3476.664, 99.47896
3478.593, 97.80461
3480.521, 96.18291
3482.450, 95.48061
3484.378, 94.86713
3486.307, 92.89522
3488.235, 91.20866
3490.164, 90.94258
3492.092, 90.07115
3494.021, 87.83223
3495.949, 86.74809
3497.877, 86.47221
3499.806, 84.70899
3501.734, 82.48190
3503.663, 81.45605
3505.591, 80.80243
3507.520, 80.34161
3509.448, 79.40768
3511.377, 77.76930
3513.305, 76.97323
3515.234, 76.90065
3517.162, 75.52782
3519.091, 73.79240
3521.019, 73.34451
3522.948, 73.14630
3524.876, 72.27626
3526.804, 72.25661
3528.733, 73.58998
3530.661, 73.01218
3532.590, 70.70964
3534.518, 69.62303
3536.447, 69.44001
3538.375, 70.21295
3540.304, 70.56313
3542.232, 69.17303
3544.161, 68.64491
3546.089, 69.86990
3548.018, 69.79440
3549.946, 68.49287
3551.875, 66.10197
3553.803, 64.16625
3555.731, 65.63562
3557.660, 66.77800
3559.588, 65.66074
3561.517, 64.79207
3563.445, 64.66710
3565.374, 64.91324
3567.302, 65.24782
3569.231, 64.36359
3571.159, 63.64000
3573.088, 65.51773
3575.016, 66.24712
3576.945, 62.76437
3578.873, 61.96432
3580.802, 63.98757
3582.730, 63.40342
3584.658, 61.52261
3586.587, 61.51606
3588.515, 61.85258
3590.444, 61.45847
3592.372, 60.97440
3594.301, 60.59664
3596.229, 59.79200
3598.158, 58.68071
3600.086, 58.12199
3602.015, 57.98666
3603.943, 58.32955
3605.872, 58.54774
3607.800, 58.05157
3609.729, 58.06918
3611.657, 58.69730
3613.585, 58.91611
3615.514, 58.71682
3617.442, 57.77765
3619.371, 56.98960
3621.299, 57.26536
3623.228, 57.51765
3625.156, 57.47121
3627.085, 57.64962
3629.013, 57.96456
3630.942, 57.36581
3632.870, 56.50288
3634.799, 56.09301
3636.727, 55.99305
3638.656, 56.38677
3640.584, 55.87971
3642.512, 54.27097
3644.441, 55.48588
3646.369, 57.98095
3648.298, 58.59067
3650.226, 58.30516
3652.155, 57.26810
3654.083, 56.53624
3656.012, 56.26040
3657.940, 56.99963
3659.869, 58.12769
3661.797, 56.55746
3663.726, 54.71605
3665.654, 54.85914
3667.583, 55.40662
3669.511, 56.00493
3671.439, 56.68544
3673.368, 57.32222
3675.296, 56.55003
3677.225, 55.58211
3679.153, 55.80805
3681.082, 56.60717
3683.010, 58.01905
3684.939, 58.25300
3686.867, 57.22296
3688.796, 56.50846
3690.724, 56.19357
3692.653, 56.77973
3694.581, 56.99736
3696.510, 56.15479
3698.438, 55.55210
3700.366, 55.38461
3702.295, 55.56954
3704.223, 55.85877
3706.152, 55.63167
3708.080, 55.70031
3710.009, 56.71465
3711.937, 57.13095
3713.866, 56.63050
3715.794, 56.56366
3717.723, 56.75555
3719.651, 56.91744
3721.580, 57.03532
3723.508, 57.12453
3725.437, 56.99706
3727.365, 56.54542
3729.293, 57.61585
3731.222, 59.13568
3733.150, 58.93272
3735.079, 58.16947
3737.007, 57.36118
3738.936, 56.75333
3740.864, 56.38850
3742.793, 56.56757
3744.721, 57.00628
3746.650, 57.00324
3748.578, 57.26981
3750.507, 58.63208
3752.435, 58.54609
3754.364, 56.51894
3756.292, 56.76574
3758.220, 58.01772
3760.149, 58.05836
3762.077, 57.94216
3764.006, 58.27401
3765.934, 58.08444
3767.863, 57.30642
3769.791, 57.89227
3771.720, 59.05579
3773.648, 59.95557
3775.577, 60.23965
3777.505, 59.70478
3779.434, 59.02797
3781.362, 58.26509
3783.291, 56.90963
3785.219, 55.82770
3787.147, 56.50223
3789.076, 56.59958
3791.004, 55.19913
3792.933, 55.87862
3794.861, 58.08791
3796.790, 57.82983
3798.718, 56.92453
3800.647, 57.02020
3802.575, 56.99410
3804.504, 56.59616
3806.432, 56.80128
3808.361, 57.39170
3810.289, 57.94220
3812.218, 58.07766
3814.146, 57.15173
3816.074, 56.67330
3818.003, 56.79652
3819.931, 57.49073
3821.860, 57.91755
3823.788, 56.02328
3825.717, 54.37930
3827.645, 54.15513
3829.574, 54.92419
3831.502, 56.40876
3833.431, 57.09762
3835.359, 57.38407
3837.288, 57.80273
3839.216, 57.65070
3841.145, 56.45747
3843.073, 56.97829
3845.001, 58.16046
3846.930, 56.29635
3848.858, 54.89867
3850.787, 56.49384
3852.715, 57.53101
3854.644, 57.56992
3856.572, 56.61248
3858.501, 55.56425
3860.429, 55.61973
3862.358, 56.38734
3864.286, 58.04992
3866.215, 58.48837
3868.143, 58.01313
3870.072, 57.55313
3872.000, 57.40110
3873.928, 57.84840
3875.857, 58.36023
3877.785, 58.95493
3879.714, 58.70725
3881.642, 58.09284
3883.571, 57.45625
3885.499, 57.54047
3887.428, 58.84464
3889.356, 58.16746
3891.285, 56.21436
3893.213, 56.44872
3895.142, 57.51647
3897.070, 59.38979
3898.999, 59.37153
3900.927, 57.29387
3902.855, 57.43121
3904.784, 58.48954
3906.712, 57.87672
3908.641, 57.05689
3910.569, 56.80170
3912.498, 57.50947
3914.426, 58.59209
3916.355, 59.29148
3918.283, 59.35307
3920.212, 58.45619
3922.140, 57.68800
3924.069, 56.99778
3925.997, 56.84999
3927.926, 56.87979
3929.854, 56.18920
3931.782, 56.64808
3933.711, 58.98317
3935.639, 58.92103
3937.568, 58.10750
3939.496, 57.20655
3941.425, 56.61073
3943.353, 57.53831
3945.282, 58.35189
3947.210, 58.38444
3949.139, 57.62965
3951.067, 57.20480
3952.996, 57.90061
3954.924, 58.43380
3956.853, 57.81108
3958.781, 57.10495
3960.709, 57.75800
3962.638, 58.79719
3964.566, 58.67304
3966.495, 58.54820
3968.423, 58.95480
3970.352, 58.80561
3972.280, 58.21822
3974.209, 57.49746
3976.137, 57.47640
3978.066, 58.03601
3979.994, 58.22869
3981.923, 57.88703
3983.851, 57.87151
3985.780, 59.45732
3987.708, 60.54429
3989.636, 60.83865
3991.565, 59.52769
3993.493, 58.51251
3995.422, 59.39169
3997.350, 59.81722
3999.279, 59.06044
4001.207, 58.29240
4003.136, 58.70950
4005.064, 59.35975
4006.993, 59.97191
4008.921, 60.55270
4010.850, 60.45437
4012.778, 60.01881
4014.707, 59.03100
4016.635, 58.95993
4018.563, 59.86729
4020.492, 59.30505
4022.420, 58.84313
4024.349, 59.89985
4026.277, 60.63261
4028.206, 60.11535
4030.134, 59.30354
4032.063, 59.58858
4033.991, 61.28283
4035.920, 62.00797
4037.848, 61.07876
4039.777, 60.97669
4041.705, 61.78245
4043.634, 61.33282
4045.562, 60.48673
4047.490, 60.62987
4049.419, 60.17146
4051.347, 59.69317
4053.276, 60.56905
4055.204, 60.78049
4057.133, 60.82955
4059.061, 61.29708
4060.990, 60.94461
4062.918, 61.62139
4064.847, 61.96314
4066.775, 60.26122
4068.704, 59.16984
4070.632, 59.13387
4072.561, 59.95127
4074.489, 60.55355
4076.417, 60.73330
4078.346, 60.74282
4080.274, 60.48928
4082.203, 60.58426
4084.131, 60.23575
4086.060, 59.99763
4087.988, 60.50378
4089.917, 60.99763
4091.845, 61.21117
4093.774, 61.63990
4095.702, 62.35536
4097.631, 61.55922
4099.559, 61.18041
4101.488, 62.91271
4103.416, 63.65658
4105.345, 62.95584
4107.273, 63.96728
4109.202, 64.75635
4111.130, 63.29546
4113.059, 62.72111
4114.987, 62.19080
4116.916, 61.01849
4118.844, 61.02906
4120.772, 62.43898
4122.701, 64.05676
4124.629, 65.40757
4126.558, 64.36894
4128.486, 63.51716
4130.415, 64.38535
4132.343, 64.87752
4134.271, 65.08379
4136.200, 65.85307
4138.128, 65.95613
4140.057, 64.47911
4141.985, 64.77271
4143.914, 66.36729
4145.842, 66.09473
4147.771, 65.34147
4149.699, 64.80212
4151.628, 64.20107
4153.556, 63.75405
4155.485, 64.46333
4157.413, 64.77687
4159.342, 63.56945
4161.270, 62.97696
4163.199, 62.98105
4165.127, 63.38197
4167.056, 63.69742
4168.984, 63.32467
4170.913, 62.87466
4172.841, 62.56461
4174.770, 62.61349
4176.698, 63.16143
4178.626, 64.86460
4180.555, 65.33356
4182.483, 64.88094
4184.412, 64.98891
4186.340, 65.02030
4188.269, 64.50224
4190.197, 64.05125
4192.125, 63.88743
4194.054, 64.78557
4195.982, 65.19410
4197.911, 64.35467
4199.839, 63.95310
4201.768, 64.12016
4203.696, 65.45621
4205.625, 65.70211
4207.553, 64.06913
4209.482, 64.60493
4211.410, 65.76030
4213.339, 64.04072
4215.267, 63.59717
4217.196, 65.26239
4219.124, 65.52805
4221.053, 65.08174
4222.981, 64.45659
4224.910, 65.07424
4226.838, 66.96678
4228.767, 66.59493
4230.695, 65.75035
4232.624, 66.21471
4234.552, 66.71994
4236.480, 67.08437
4238.409, 67.69929
4240.337, 67.68616
4242.266, 65.79756
4244.194, 66.97118
4246.123, 70.43377
4248.051, 70.34067
4249.979, 70.52689
4251.908, 73.19093
4253.836, 73.93104
4255.765, 73.54044
4257.693, 74.20872
4259.622, 76.23552
4261.550, 79.95039
4263.479, 80.61043
4265.407, 80.88566
4267.336, 85.81017
4269.264, 89.57647
4271.193, 90.90504
4273.121, 92.44436
4275.050, 94.75811
4276.978, 98.97810
4278.907, 101.9445
4280.835, 103.1684
4282.764, 101.5737
4284.692, 99.47826
4286.621, 98.39926
4288.549, 95.68227
4290.478, 92.15321
4292.406, 91.72988
4294.334, 89.02919
4296.263, 81.72834
4298.191, 79.89243
4300.120, 80.48840
4302.048, 78.77686
4303.977, 78.02875
4305.905, 78.71061
4307.833, 76.37717
4309.762, 74.32410
4311.690, 75.63261
4313.619, 75.82666
4315.547, 74.77377
4317.476, 73.78816
4319.404, 73.13437
4321.333, 72.99664
4323.261, 71.66199
4325.190, 70.14232
4327.118, 70.51581
4329.047, 71.09781
4330.975, 71.46295
4332.904, 71.01741
4334.832, 70.52678
4336.761, 70.90477
4338.689, 70.00870
4340.618, 68.47237
4342.546, 69.43134
4344.475, 71.10005
4346.403, 72.74285
4348.332, 73.85262
4350.260, 73.88289
4352.188, 71.22341
4354.117, 70.13303
4356.045, 71.12377
4357.974, 70.02092
4359.902, 68.81730
4361.831, 69.16345
4363.759, 70.37187
4365.688, 71.41648
4367.616, 69.00112
4369.544, 66.96808
4371.473, 66.75670
4373.401, 68.31781
4375.330, 70.32912
4377.258, 70.95914
4379.187, 72.54732
4381.115, 74.69890
4383.044, 72.61736
4384.972, 70.67919
4386.901, 71.32738
4388.829, 70.58857
4390.758, 69.51100
4392.686, 70.06817
4394.615, 71.13000
4396.543, 72.34380
4398.472, 72.34422
4400.400, 71.94964
4402.329, 71.57812
4404.257, 71.72771
4406.186, 72.27055
4408.114, 73.22845
4410.042, 73.46037
4411.971, 72.80061
4413.899, 71.96748
4415.828, 71.60102
4417.756, 72.26250
4419.685, 73.51630
4421.613, 74.61057
4423.542, 73.66635
4425.470, 72.49520
4427.398, 71.62843
4429.327, 71.49789
4431.255, 71.72722
4433.184, 72.07773
4435.112, 72.56696
4437.041, 72.78353
4438.969, 70.41898
4440.898, 70.79802
4442.826, 75.31294
4444.755, 73.17425
4446.683, 70.73909
4448.612, 73.65867
4450.540, 74.38277
4452.469, 73.33926
4454.397, 73.07854
4456.326, 73.77383
4458.254, 75.24832
4460.183, 74.61657
4462.111, 73.68681
4464.040, 74.10464
4465.968, 74.45533
4467.896, 74.46576
4469.825, 73.30737
4471.753, 72.72008
4473.682, 73.10720
4475.610, 74.85702
4477.539, 75.90996
4479.467, 74.67992
4481.396, 75.98512
4483.324, 77.88325
4485.252, 76.51933
4487.181, 75.28810
4489.109, 74.87790
4491.038, 75.65303
4492.966, 77.12340
4494.895, 79.29913
4496.823, 78.07320
4498.752, 75.87389
4500.680, 75.76288
4502.609, 76.00249
4504.537, 76.38124
4506.466, 76.80444
4508.394, 77.49726
4510.323, 78.52107
4512.251, 79.18848
4514.180, 79.10808
4516.108, 77.80048
4518.037, 77.33537
4519.965, 77.58994
4521.894, 78.05874
4523.822, 78.92018
4525.750, 79.97250
4527.679, 79.54721
4529.607, 79.28027
4531.536, 80.26502
4533.464, 80.12624
4535.393, 79.37886
4537.321, 78.22296
4539.250, 78.41763
4541.178, 79.66809
4543.106, 81.38963
4545.035, 82.15668
4546.963, 81.69347
4548.892, 79.28994
4550.820, 78.29321
4552.749, 81.54165
4554.677, 81.65958
4556.606, 80.79564
4558.534, 81.98753
4560.463, 83.06876
4562.391, 83.54994
4564.320, 81.96656
4566.248, 81.65340
4568.177, 83.06050
4570.105, 82.71970
4572.034, 82.84411
4573.962, 85.05058
4575.891, 83.92979
4577.819, 81.97055
4579.748, 82.62535
4581.676, 83.24155
4583.604, 83.76228
4585.533, 84.62328
4587.461, 85.79438
4589.390, 87.31162
4591.318, 90.01563
4593.247, 91.96031
4595.175, 92.20461
4597.104, 94.17299
4599.032, 96.24659
4600.960, 95.89485
4602.889, 98.35338
4604.817, 101.9440
4606.746, 102.5224
4608.674, 104.6704
4610.603, 108.4896
4612.531, 110.8032
4614.460, 113.6814
4616.388, 117.6804
4618.317, 120.4821
4620.245, 123.1437
4622.174, 126.3698
4624.102, 130.1823
4626.031, 134.2489
4627.959, 137.9043
4629.888, 143.5107
4631.816, 150.4929
4633.745, 158.0823
4635.673, 163.8320
4637.602, 166.9938
4639.530, 166.6093
4641.458, 164.3658
4643.387, 160.9365
4645.315, 153.4438
4647.244, 145.0464
4649.172, 137.4882
4651.101, 129.7228
4653.029, 122.2691
4654.958, 115.3110
4656.886, 110.4009
4658.814, 107.0500
4660.743, 104.2040
4662.671, 102.7513
4664.600, 101.9029
4666.528, 97.45983
4668.457, 94.15022
4670.385, 93.02122
4672.314, 92.93016
4674.242, 92.43116
4676.171, 90.66180
4678.099, 89.82486
4680.028, 89.21677
4681.956, 88.35640
4683.885, 87.27751
4685.813, 86.46135
4687.742, 86.80805
4689.670, 86.09392
4691.599, 84.79289
4693.527, 83.93236
4695.456, 84.07263
4697.384, 84.77885
4699.313, 84.01064
4701.241, 83.99234
4703.169, 84.92487
4705.098, 85.05975
4707.026, 85.09380
4708.955, 85.35142
4710.883, 82.68199
4712.812, 81.72061
4714.740, 85.01875
4716.668, 83.94585
4718.597, 81.74688
4720.525, 81.06406
4722.454, 83.89528
4724.382, 86.28758
4726.311, 82.41136
4728.239, 80.40079
4730.168, 80.29575
4732.096, 81.06730
4734.025, 82.34071
4735.953, 83.53072
4737.882, 83.32214
4739.810, 82.37879
4741.739, 81.28631
4743.667, 82.64648
4745.596, 83.14845
4747.524, 82.23939
4749.453, 81.65919
4751.381, 81.95860
4753.310, 83.37148
4755.238, 84.38588
4757.167, 84.77206
4759.095, 84.43150
4761.023, 84.22742
4762.952, 84.46958
4764.880, 85.82984
4766.809, 84.40652
4768.737, 82.74443
4770.666, 83.24274
4772.594, 83.96259
4774.522, 84.31206
4776.451, 83.54091
4778.379, 83.31859
4780.308, 83.56749
4782.236, 84.14314
4784.165, 84.18526
4786.093, 84.07442
4788.022, 85.12368
4789.950, 84.54403
4791.879, 83.16363
4793.807, 84.47974
4795.736, 85.14904
4797.664, 84.83947
4799.593, 84.18790
4801.521, 84.10216
4803.450, 84.58438
4805.378, 84.93187
4807.307, 84.80449
4809.235, 84.25072
4811.164, 84.05813
4813.092, 84.67580
4815.021, 85.90225
4816.949, 85.37433
4818.877, 85.42463
4820.806, 86.84517
4822.734, 85.62009
4824.663, 85.18794
4826.591, 86.60593
4828.520, 85.79338
4830.448, 86.34633
4832.376, 90.35870
4834.305, 88.55585
4836.233, 86.28749
4838.162, 86.19460
4840.090, 88.32159
4842.019, 89.57504
4843.947, 87.83720
4845.876, 88.21083
4847.804, 88.48697
4849.733, 87.35329
4851.661, 87.92835
4853.590, 88.21641
4855.518, 86.47986
4857.447, 86.54335
4859.375, 87.58266
4861.304, 89.07640
4863.232, 88.21765
4865.161, 87.00908
4867.089, 87.12575
4869.018, 86.47924
4870.946, 86.49973
4872.875, 88.39306
4874.803, 88.14436
4876.731, 87.53673
4878.660, 88.12076
4880.588, 89.24718
4882.517, 89.12881
4884.445, 86.16902
4886.374, 86.87425
4888.302, 88.15083
4890.230, 87.39645
4892.159, 87.69777
4894.087, 88.35216
4896.016, 88.88731
4897.944, 87.72355
4899.873, 86.43392
4901.801, 86.12075
4903.730, 86.47951
4905.658, 87.24016
4907.587, 88.45431
4909.515, 87.74376
4911.444, 87.01249
4913.372, 87.38296
4915.301, 87.52217
4917.229, 87.29305
4919.158, 86.44557
4921.086, 88.15972
4923.015, 89.99973
4924.943, 90.76555
4926.872, 90.79569
4928.800, 90.16847
4930.729, 88.87837
4932.657, 90.11378
4934.585, 91.08484
4936.514, 90.82079
4938.442, 90.74266
4940.371, 90.14554
4942.299, 89.03661
4944.228, 90.74034
4946.156, 91.48867
4948.084, 90.27383
4950.013, 87.85179
4951.941, 87.56123
4953.870, 89.48322
4955.798, 90.82396
4957.727, 91.18696
4959.655, 90.69733
4961.584, 89.81835
4963.512, 89.36360
4965.441, 89.24054
4967.369, 88.81853
4969.298, 88.70470
4971.226, 88.74846
4973.155, 88.50961
4975.083, 87.63929
4977.012, 87.38191
4978.940, 90.40129
4980.869, 90.55896
4982.797, 89.54285
4984.726, 90.16237
4986.654, 89.50388
4988.583, 87.96973
4990.511, 85.94270
4992.439, 87.03975
4994.368, 89.35931
4996.296, 91.58736
4998.225, 92.40968
5000.153, 92.06698
5002.082, 90.78542
5004.010, 89.49972
5005.938, 89.44332
5007.867, 90.82852
5009.795, 90.47858
5011.724, 90.00918
5013.652, 89.86540
5015.581, 89.47269
5017.509, 89.54340
5019.438, 89.92093
5021.366, 89.49736
5023.295, 90.55129
5025.223, 91.60475
5027.152, 88.35620
5029.080, 87.68523
5031.009, 89.02727
5032.937, 90.87410
5034.866, 91.11742
5036.794, 90.31483
5038.723, 88.77349
5040.651, 89.17445
5042.580, 89.68840
5044.508, 89.22798
5046.437, 89.34558
5048.365, 89.32115
5050.293, 88.78703
5052.222, 87.15371
5054.150, 87.44153
5056.079, 89.44551
5058.007, 88.16922
5059.936, 88.07646
5061.864, 88.76542
5063.792, 86.92308
5065.721, 86.45805
5067.649, 87.48573
5069.578, 89.93285
5071.506, 88.61181
5073.435, 87.19890
5075.363, 89.47594
5077.292, 89.24535
5079.220, 88.19543
5081.149, 87.46053
5083.077, 87.82034
5085.006, 87.80269
5086.934, 87.40045
5088.863, 89.73550
5090.791, 89.56891
5092.720, 87.49160
5094.648, 88.40320
5096.577, 89.16118
5098.505, 89.57341
5100.434, 90.10868
5102.362, 89.11373
5104.291, 88.60017
5106.219, 90.69015
5108.147, 89.92509
5110.076, 89.10710
5112.004, 89.59990
5113.933, 89.19709
5115.861, 89.59651
5117.790, 90.61177
5119.718, 89.70571
5121.646, 89.34881
5123.575, 89.52709
5125.503, 89.32622
5127.432, 89.64473
5129.360, 89.75626
5131.289, 88.85153
5133.217, 91.47405
5135.146, 92.97630
5137.074, 90.67765
5139.003, 90.84692
5140.931, 90.58357
5142.860, 89.59623
5144.788, 90.69545
5146.717, 90.50928
5148.645, 89.47726
5150.574, 89.37242
5152.502, 88.34275
5154.431, 87.89368
5156.359, 89.47327
5158.288, 90.97517
5160.216, 92.00691
5162.145, 92.27513
5164.073, 90.03239
5166.001, 90.24046
5167.930, 92.18245
5169.858, 89.89478
5171.787, 89.08408
5173.715, 89.36224
5175.644, 89.36853
5177.572, 89.98730
5179.500, 90.16436
5181.429, 89.30582
5183.357, 89.70393
5185.286, 89.68410
5187.214, 88.96832
5189.143, 88.61061
5191.071, 87.57269
5193.000, 87.18645
5194.928, 89.94965
5196.857, 89.74564
5198.785, 89.56508
5200.714, 91.86845
5202.642, 92.91420
5204.571, 92.61152
5206.499, 91.75612
5208.428, 93.84380
5210.356, 94.22660
5212.285, 93.19429
5214.213, 92.15504
5216.142, 90.15184
5218.070, 89.52336
5219.999, 91.67754
5221.927, 93.33229
5223.855, 93.06344
5225.784, 91.57853
5227.712, 92.47599
5229.641, 92.68835
5231.569, 91.81134
5233.498, 89.28243
5235.426, 88.78442
5237.354, 89.76616
5239.283, 91.57296
5241.211, 92.66827
5243.140, 90.89188
5245.068, 88.13243
5246.997, 90.56611
5248.925, 91.02357
5250.854, 89.96001
5252.782, 88.27369
5254.711, 91.39375
5256.639, 92.35719
5258.568, 89.79655
5260.496, 89.42983
5262.425, 90.76492
5264.353, 91.89246
5266.282, 89.77983
5268.210, 88.52547
5270.139, 88.37818
5272.067, 89.29927
5273.996, 91.10118
5275.924, 92.02935
5277.853, 91.69600
5279.781, 89.40233
5281.709, 90.31639
5283.638, 91.56125
5285.566, 90.29254
5287.495, 91.94713
5289.423, 92.32920
5291.352, 90.71932
5293.280, 88.66841
5295.208, 89.11756
5297.137, 90.70827
5299.065, 91.80070
5300.994, 91.41753
5302.922, 91.27969
5304.851, 91.72105
5306.779, 90.56492
5308.708, 90.37103
5310.636, 90.49954
5312.565, 89.53336
5314.493, 90.07068
5316.422, 90.36688
5318.350, 89.70157
5320.279, 89.80355
5322.207, 89.44264
5324.136, 88.91935
5326.064, 88.96180
5327.993, 89.95588
5329.921, 90.54388
5331.850, 90.16005
5333.778, 89.53698
5335.707, 89.77164
5337.635, 89.75128
5339.563, 86.63588
5341.492, 89.62074
5343.420, 91.17360
5345.349, 88.50732
5347.277, 89.43593
5349.206, 88.90166
5351.134, 88.05293
5353.063, 90.20297
5354.991, 89.42178
5356.919, 89.23938
5358.848, 90.94502
5360.776, 91.55985
5362.705, 91.14071
5364.633, 90.48512
5366.562, 90.50261
5368.490, 88.79946
5370.419, 88.33701
5372.347, 89.87669
5374.276, 91.34803
5376.204, 90.73901
5378.133, 89.89351
5380.061, 90.88913
5381.990, 90.94254
5383.918, 90.12823
5385.847, 88.72025
5387.775, 86.68079
5389.704, 87.62190
5391.632, 88.75514
5393.561, 87.70555
5395.489, 91.21635
5397.417, 91.76844
5399.346, 89.59517
5401.274, 88.68300
5403.203, 89.63541
5405.131, 90.46442
5407.060, 90.53233
5408.988, 93.17439
5410.917, 92.69875
5412.845, 90.96088
5414.773, 91.99544
5416.702, 89.65878
5418.630, 89.36903
5420.559, 91.27631
5422.487, 89.60602
5424.416, 89.10502
5426.344, 88.99234
5428.273, 88.37019
5430.201, 88.92923
5432.130, 89.83592
5434.058, 90.52975
5435.987, 90.71736
5437.915, 88.54568
5439.844, 87.72526
5441.772, 88.91994
5443.701, 88.10897
5445.629, 87.96285
5447.558, 87.63518
5449.486, 86.36255
5451.415, 88.70879
5453.343, 90.26089
5455.271, 90.21792
5457.200, 89.29440
5459.128, 87.62407
5461.057, 88.12269
5462.985, 90.37218
5464.914, 86.76485
5466.842, 90.38992
5468.771, 93.37247
5470.699, 88.82397
5472.627, 88.21597
5474.556, 88.98019
5476.484, 89.57774
5478.413, 88.76235
5480.341, 87.94614
5482.270, 87.82170
5484.198, 88.33105
5486.127, 88.70337
5488.055, 87.05780
5489.984, 87.35707
5491.912, 91.26668
5493.841, 92.79281
5495.769, 92.32881
5497.698, 90.72267
5499.626, 88.47139
5501.555, 89.70290
5503.483, 89.98473
5505.412, 89.16681
5507.340, 89.57163
5509.269, 89.75862
5511.197, 90.80354
5513.125, 92.13324
5515.054, 90.06471
5516.982, 88.47124
5518.911, 87.66084
5520.839, 87.67175
5522.768, 90.83015
5524.696, 90.26116
5526.625, 87.76960
5528.553, 86.43724
5530.481, 88.47002
5532.410, 89.76127
5534.338, 89.92534
5536.267, 90.03800
5538.195, 91.58534
5540.124, 91.40586
5542.052, 89.61400
5543.981, 89.41849
5545.909, 88.79580
5547.838, 87.44817
5549.766, 86.06986
5551.695, 88.55373
5553.623, 88.12127
5555.552, 86.98167
5557.480, 87.18890
5559.409, 88.54907
5561.337, 88.98743
5563.266, 88.72324
5565.194, 88.38013
5567.123, 89.20232
5569.051, 89.07587
5570.979, 88.56900
5572.908, 88.93079
5574.836, 88.94977
5576.765, 89.15233
5578.693, 89.14470
5580.622, 88.03719
5582.550, 88.35554
5584.479, 89.29994
5586.407, 89.96684
5588.335, 89.29660
5590.264, 90.54574
5592.192, 90.67596
5594.121, 89.72839
5596.049, 91.93854
5597.978, 91.41427
5599.906, 89.36681
5601.835, 87.07425
5603.763, 85.82237
5605.692, 86.13416
5607.620, 88.51836
5609.549, 91.54276
5611.477, 89.07552
5613.406, 86.81721
5615.334, 86.30677
5617.263, 87.28233
5619.191, 86.59492
5621.120, 87.36814
5623.048, 88.30775
5624.977, 88.40229
5626.905, 88.57210
5628.833, 88.41211
5630.762, 87.64937
5632.690, 86.43191
5634.619, 87.02397
5636.547, 87.08315
5638.476, 86.41916
5640.404, 85.37484
5642.333, 84.69686
5644.261, 86.23165
5646.189, 87.90266
5648.118, 87.99116
5650.046, 86.79108
5651.975, 86.29423
5653.903, 86.13452
5655.832, 85.90908
5657.760, 87.17317
5659.689, 87.65702
5661.617, 86.54192
5663.546, 84.50813
5665.474, 89.97665
5667.403, 89.58453
5669.331, 87.28918
5671.260, 87.20860
5673.188, 87.31282
5675.117, 86.25485
5677.045, 86.28576
5678.974, 88.04321
5680.902, 86.75762
5682.831, 86.75786
5684.759, 85.77970
5686.688, 83.32384
5688.616, 85.81466
5690.544, 83.94707
5692.473, 82.50475
5694.401, 83.71959
5696.330, 84.52245
5698.258, 86.10494
5700.187, 86.28790
5702.115, 84.97916
5704.043, 84.57726
5705.972, 84.83556
5707.900, 84.71320
5709.829, 84.49618
5711.757, 85.60707
5713.686, 85.62570
5715.614, 86.64799
5717.543, 87.32226
5719.471, 83.31032
5721.400, 85.70323
5723.328, 87.43746
5725.257, 86.39496
5727.185, 82.61504
5729.114, 82.63139
5731.042, 84.21294
5732.971, 85.27165
5734.899, 84.68410
5736.828, 85.59230
5738.756, 86.91374
5740.685, 87.42297
5742.613, 86.53642
5744.542, 84.32082
5746.470, 85.76711
5748.398, 85.57143
5750.327, 82.24222
5752.255, 82.14943
5754.184, 82.52547
5756.112, 84.44135
5758.041, 86.66290
5759.969, 85.24413
5761.897, 82.47665
5763.826, 81.48990
5765.754, 82.40000
5767.683, 84.00343
5769.611, 84.65976
5771.540, 83.34892
5773.468, 82.40527
5775.397, 83.66811
5777.325, 84.11708
5779.254, 83.08270
5781.182, 82.61607
5783.111, 83.35246
5785.039, 82.69784
5786.968, 83.36314
5788.896, 84.30305
5790.825, 84.33233
5792.753, 81.90308
5794.682, 83.15601
5796.610, 84.91359
5798.539, 85.06297
5800.467, 82.46489
5802.396, 81.71343
5804.324, 84.15079
5806.252, 83.76377
5808.181, 78.93497
5810.109, 83.62981
5812.038, 85.78429
5813.966, 84.39980
5815.895, 81.81405
5817.823, 81.80894
5819.751, 82.43240
5821.680, 83.09295
5823.608, 83.37160
5825.537, 83.02338
5827.465, 82.39995
5829.394, 82.61546
5831.322, 82.66566
5833.251, 81.96605
5835.179, 81.26441
5837.108, 80.25319
5839.036, 80.84480
5840.965, 81.96276
5842.893, 79.99696
5844.822, 82.14891
5846.750, 83.18462
5848.679, 82.11454
5850.607, 79.90157
5852.536, 80.37143
5854.464, 82.50502
5856.393, 82.46474
5858.321, 80.67751
5860.250, 81.58099
5862.178, 80.43912
5864.106, 80.85674
5866.035, 81.41439
5867.963, 80.11746
5869.892, 80.12663
5871.820, 82.84261
5873.749, 82.66945
5875.677, 79.62514
5877.605, 80.60214
5879.534, 81.59233
5881.462, 80.10059
5883.391, 79.04526
5885.319, 81.14907
5887.248, 80.58546
5889.176, 78.53185
5891.105, 78.03490
5893.033, 79.47790
5894.962, 80.35500
5896.890, 80.72713
5898.819, 79.70269
5900.747, 79.77724
5902.676, 82.59125
5904.604, 80.94106
5906.533, 81.73000
5908.461, 81.39814
5910.390, 79.60862
5912.318, 79.37151
5914.247, 82.00603
5916.175, 80.56663
5918.104, 78.63049
5920.032, 79.56744
5921.960, 80.58425
5923.889, 79.74606
5925.817, 75.46992
5927.746, 78.65492
5929.674, 80.42809
5931.603, 80.86523
5933.531, 75.96494
5935.459, 77.95686
5937.388, 77.18668
5939.316, 76.30325
5941.245, 79.26521
5943.173, 75.14124
5945.102, 78.04221
5947.030, 78.13896
5948.959, 79.51912
5950.887, 78.12016
5952.816, 77.57957
5954.744, 79.81903
5956.673, 80.51915
5958.601, 78.80026
5960.530, 80.26202
5962.458, 76.04096
5964.387, 76.80664
5966.315, 79.72390
5968.244, 78.14473
5970.172, 79.65731
5972.101, 79.99236
5974.029, 74.97620
5975.958, 79.26637
5977.886, 79.53185
5979.814, 75.66486
5981.743, 79.63615
5983.671, 76.33887
5985.600, 75.63602
5987.528, 76.88567
5989.457, 76.09989
5991.385, 78.52319
5993.313, 77.85498
5995.242, 76.91054
5997.170, 77.17152
5999.099, 74.01675
6001.027, 77.19887
6002.956, 76.05235
6004.884, 77.05751
6006.813, 78.55035
6008.741, 76.30888
6010.670, 78.02086
6012.598, 76.32221
6014.527, 75.37025
6016.455, 75.36487
6018.384, 75.89031
6020.312, 75.22866
6022.241, 71.05644
6024.169, 71.94972
6026.098, 74.49718
6028.026, 76.77031
6029.955, 77.28394
6031.883, 74.23880
6033.812, 74.27800
6035.740, 75.33254
6037.668, 75.96257
6039.597, 75.31264
6041.525, 72.51402
6043.454, 74.44405
6045.382, 75.87954
6047.311, 76.26883
6049.239, 76.12498
6051.167, 74.37349
6053.096, 74.66981
6055.024, 73.65245
6056.953, 74.96643
6058.881, 78.61436
6060.810, 72.79129
6062.738, 71.90553
6064.667, 73.50041
6066.595, 73.74337
6068.524, 72.35106
6070.452, 75.05070
6072.381, 74.71397
6074.309, 74.05116
6076.238, 73.95358
6078.166, 73.75814
6080.095, 71.41646
6082.023, 73.32619
6083.952, 73.58729
6085.880, 73.48024
6087.809, 74.27446
6089.737, 74.70357
6091.666, 71.15681
6093.594, 72.56044
6095.522, 74.63783
6097.451, 74.09340
6099.379, 71.65667
6101.308, 72.01247
6103.236, 72.00559
6105.165, 70.73624
6107.093, 69.54688
6109.021, 70.37309
6110.950, 70.44032
6112.878, 72.25777
6114.807, 71.44811
6116.735, 70.04926
6118.664, 71.88623
6120.592, 73.28255
6122.521, 71.74433
6124.449, 71.49552
6126.378, 72.49285
6128.306, 72.87971
6130.235, 70.12457
6132.163, 72.48497
6134.092, 71.21734
6136.020, 69.83966
6137.949, 70.64106
6139.877, 69.82034
6141.806, 69.06229
6143.734, 69.71990
6145.663, 70.65192
6147.591, 71.20770
6149.520, 71.61109
6151.448, 74.13335
6153.376, 71.64359
6155.305, 71.46850
6157.233, 71.67056
6159.162, 68.80772
6161.090, 67.66557
6163.019, 66.64178
6164.947, 68.93276
6166.875, 70.15370
6168.804, 68.53465
6170.732, 67.33222
6172.661, 67.86061
6174.589, 66.62199
6176.518, 67.50705
6178.446, 69.07656
6180.375, 68.15490
6182.303, 67.96613
6184.232, 68.11208
6186.160, 67.38991
6188.089, 66.11703
6190.017, 65.73269
6191.946, 67.94786
6193.874, 69.22876
6195.803, 67.73248
6197.731, 68.32219
6199.660, 70.00096
6201.588, 69.30699
6203.517, 67.95518
6205.445, 65.77739
6207.374, 65.87727
6209.302, 67.14406
6211.230, 67.74038
6213.159, 67.00065
6215.087, 66.46690
6217.016, 66.11996
6218.944, 65.03487
6220.873, 64.52695
6222.801, 65.36134
6224.729, 64.85194
6226.658, 67.57356
6228.586, 65.91100
6230.515, 66.88490
6232.443, 68.64774
6234.372, 63.89362
6236.300, 64.02067
6238.229, 65.69035
6240.157, 65.81454
6242.086, 64.80840
6244.014, 63.99116
6245.943, 64.19335
6247.871, 65.81726
6249.800, 67.69362
6251.728, 65.42239
6253.657, 63.96039
6255.585, 66.34050
6257.514, 64.26382
6259.442, 64.64535
6261.371, 64.18040
6263.299, 65.52165
6265.228, 66.06799
6267.156, 62.72422
6269.084, 61.00470
6271.013, 63.85201
6272.941, 66.17424
6274.870, 67.60579
6276.798, 66.75378
6278.727, 62.66630
6280.655, 64.01440
6282.583, 63.39746
6284.512, 62.93135
6286.440, 62.61260
6288.369, 62.63207
6290.297, 63.26769
6292.226, 61.15033
6294.154, 61.10673
6296.083, 61.84735
6298.011, 62.35176
6299.940, 62.86524
6301.868, 63.94718
6303.797, 64.64327
6305.725, 62.72495
6307.654, 62.15129
6309.582, 62.61816
6311.511, 63.65495
6313.439, 64.90450
6315.368, 62.75513
6317.296, 63.25100
6319.225, 62.78439
6321.153, 62.65962
6323.082, 62.12212
6325.010, 59.82967
6326.938, 61.65210
6328.867, 62.05286
6330.795, 60.41766
6332.724, 59.92421
6334.652, 60.86376
6336.581, 61.89404
6338.509, 63.89347
6340.438, 60.98919
6342.366, 62.43250
6344.294, 61.28934
6346.223, 59.07732
6348.151, 59.99714
6350.080, 62.16022
6352.008, 61.36431
6353.937, 64.67023
6355.865, 63.09575
6357.794, 60.72079
6359.722, 60.86554
6361.651, 59.22274
6363.579, 60.74528
6365.508, 61.92854
6367.436, 61.62953
6369.365, 60.90243
6371.293, 60.23439
6373.222, 59.15194
6375.150, 57.24449
6377.079, 58.47549
6379.007, 60.93118
6380.936, 60.75591
6382.864, 59.31270
6384.792, 59.54985
6386.721, 61.78740
6388.649, 60.92520
6390.578, 57.89737
6392.506, 60.58378
6394.435, 62.28365
6396.363, 60.32945
6398.292, 59.45043
6400.220, 58.52535
6402.148, 57.25367
6404.077, 57.66927
6406.005, 58.25734
6407.934, 59.91689
6409.862, 61.87222
6411.791, 59.40194
6413.719, 58.31893
6415.648, 58.90937
6417.576, 60.03150
6419.505, 61.07769
6421.433, 61.04726
6423.362, 59.32786
6425.290, 57.50391
6427.219, 58.79101
6429.147, 58.61916
6431.076, 58.66655
6433.004, 57.66180
6434.933, 56.18489
6436.861, 57.32300
6438.790, 58.87563
6440.718, 57.95485
6442.646, 57.44427
6444.575, 58.47742
6446.503, 57.87514
6448.432, 55.89809
6450.360, 57.60771
6452.289, 57.53722
6454.217, 55.98037
6456.146, 57.74066
6458.074, 58.96902
6460.002, 57.04734
6461.931, 54.74059
6463.859, 56.78429
6465.788, 55.41377
6467.716, 54.76963
6469.645, 54.59492
6471.573, 56.62443
6473.502, 57.46879
6475.430, 55.58720
6477.359, 56.03269
6479.287, 55.82116
6481.216, 52.48099
6483.144, 56.66935
6485.073, 56.65903
6487.001, 55.22988
6488.930, 56.94034
6490.858, 55.35064
6492.787, 52.56568
6494.715, 54.74685
6496.644, 53.92737
6498.572, 54.37205
6500.500, 55.15372
6502.429, 55.18644
6504.357, 56.82090
6506.286, 58.97908
6508.214, 56.34879
6510.143, 53.49866
6512.071, 53.24252
6514.000, 52.77045
6515.928, 52.69904
6517.856, 55.09164
6519.785, 53.73323
6521.713, 56.19890
6523.642, 55.04069
6525.570, 52.80487
6527.499, 52.48728
6529.427, 51.78269
6531.356, 50.85747
6533.284, 54.79045
6535.213, 54.56536
6537.141, 53.23859
6539.070, 52.76525
6540.998, 53.45518
6542.927, 53.38872
6544.855, 53.01181
6546.784, 53.87577
6548.712, 52.54980
6550.641, 53.18234
6552.569, 53.71450
6554.498, 54.46703
6556.426, 54.65695
6558.354, 54.55930
6560.283, 54.29210
6562.211, 53.36655
6564.140, 53.43501
6566.068, 53.02436
6567.997, 52.29972
6569.925, 52.00001
6571.854, 50.71268
6573.782, 50.28711
6575.710, 52.17800
6577.639, 53.18817
6579.567, 47.84426
6581.496, 52.29121
6583.424, 51.23352
6585.353, 50.01968
6587.281, 51.91218
6589.210, 51.74041
6591.138, 47.87868
6593.067, 49.23031
6594.995, 52.27534
6596.924, 50.75567
6598.852, 51.45250
6600.781, 51.55700
6602.709, 51.63515
6604.638, 51.34811
6606.566, 50.17439
6608.495, 50.30943
6610.423, 50.83593
6612.352, 50.91962
6614.280, 51.09955
6616.208, 50.46147
6618.137, 50.95512
6620.065, 51.78235
6621.994, 51.04041
6623.922, 49.03485
6625.851, 47.55499
6627.779, 48.52682
##END=



