##NAMES=Magnetite
##RRUFFID=R060191
##IDEAL CHEMISTRY=Fe^2+^Fe^3+^_2_O_4_
##LOCALITY=Merry Widow mine, Vancouver Island, British Columbia, Canada
##OWNER=RRUFF
##SOURCE=Lloyd Twaites
##DESCRIPTION=Grayish-black octahedral crystals
##STATUS=The identification of this mineral has been confirmed by X-ray diffraction and chemical analysis
##URL=https://www.rruff.net/odr/rruff_sample/R060191
##MEASURED CHEMISTRY=(Fe^2+^_0.97_Mg_0.03_)(Fe^3+^_0.97_Al_0.03_)_2_O_4_
##DIFFRACTION SAMPLE DESCRIPTION=Powder
##CELL PARAMETERS=a: 8.3961 b: 8.3961 c: 8.3961 alpha: 90 beta: 90 gamma: 90 volume: 591.9 crystal system: cubic
##FILETYPE=Raman Processed
##RAMAN WAVELENGTH=532

163.2696, 184.4747
165.1980, 182.7416
167.1265, 180.6919
169.0550, 178.8771
170.9834, 177.0633
172.9119, 175.6909
174.8404, 174.9144
176.7688, 174.9394
178.6973, 174.8941
180.6258, 174.6528
182.5542, 174.2863
184.4827, 173.9930
186.4112, 174.0499
188.3396, 173.7750
190.2681, 172.8455
192.1966, 170.8913
194.1250, 168.8997
196.0535, 166.9184
197.9820, 164.8580
199.9104, 162.6426
201.8389, 159.9719
203.7674, 157.4135
205.6958, 155.1230
207.6243, 153.0621
209.5528, 151.4033
211.4812, 150.2079
213.4097, 149.3944
215.3382, 148.9875
217.2666, 149.0791
219.1951, 149.4347
221.1236, 149.9859
223.0520, 150.7026
224.9805, 151.4812
226.9090, 152.3269
228.8374, 153.2312
230.7659, 154.0265
232.6944, 154.5267
234.6228, 155.1219
236.5513, 156.0297
238.4798, 157.4666
240.4082, 158.5886
242.3367, 159.0636
244.2652, 159.4110
246.1936, 160.1806
248.1221, 161.6387
250.0506, 163.0790
251.9790, 164.3207
253.9075, 165.3315
255.8360, 166.5661
257.7644, 167.8996
259.6929, 169.5777
261.6214, 171.6484
263.5498, 174.6777
265.4783, 177.3546
267.4068, 179.2137
269.3352, 180.4736
271.2637, 182.2545
273.1922, 184.8722
275.1206, 187.8819
277.0491, 191.0896
278.9776, 194.6761
280.9060, 198.2829
282.8345, 201.9345
284.7630, 205.4123
286.6914, 208.3386
288.6199, 210.2593
290.5484, 212.0086
292.4768, 214.1170
294.4053, 216.7796
296.3338, 218.6425
298.2622, 219.0426
300.1907, 218.6828
302.1192, 218.3117
304.0476, 217.9998
305.9761, 217.4932
307.9046, 216.8304
309.8330, 215.9563
311.7615, 214.5229
313.6900, 212.2769
315.6184, 209.6862
317.5469, 207.0359
319.4754, 204.1871
321.4038, 201.3787
323.3323, 198.9630
325.2608, 196.9826
327.1892, 194.8669
329.1177, 192.0279
331.0462, 189.1569
332.9747, 187.1568
334.9031, 186.1722
336.8316, 185.1819
338.7601, 183.5743
340.6885, 181.7013
342.6170, 180.3589
344.5455, 180.1515
346.4739, 179.7279
348.4024, 178.4034
350.3309, 176.2246
352.2593, 174.4991
354.1878, 173.6303
356.1163, 173.1577
358.0447, 172.8134
359.9732, 172.7325
361.9017, 172.6418
363.8301, 172.2627
365.7586, 171.6767
367.6871, 171.3117
369.6155, 171.1862
371.5440, 171.1072
373.4725, 171.1391
375.4009, 171.3116
377.3294, 171.6258
379.2579, 172.1079
381.1863, 172.5620
383.1148, 172.7989
385.0433, 172.5448
386.9717, 172.6385
388.9002, 173.2617
390.8287, 174.1824
392.7571, 174.8067
394.6856, 174.9760
396.6141, 175.3331
398.5425, 176.2041
400.4710, 177.6958
402.3995, 178.7971
404.3279, 178.7612
406.2564, 178.1141
408.1849, 177.9380
410.1133, 179.2802
412.0418, 180.5606
413.9703, 181.0262
415.8987, 180.8395
417.8272, 180.9497
419.7557, 181.5163
421.6841, 182.0356
423.6126, 182.4676
425.5411, 182.9678
427.4695, 183.5619
429.3980, 183.9631
431.3265, 184.3843
433.2549, 185.1441
435.1834, 186.7224
437.1119, 187.8461
439.0403, 188.1736
440.9688, 187.8565
442.8973, 188.1021
444.8257, 188.9508
446.7542, 189.9783
448.6827, 191.0869
450.6111, 192.6750
452.5396, 193.6954
454.4681, 193.6645
456.3965, 193.4899
458.3250, 194.1533
460.2535, 195.6123
462.1819, 197.0006
464.1104, 198.5503
466.0389, 200.4085
467.9673, 202.3924
469.8958, 203.9023
471.8243, 205.6430
473.7527, 208.0513
475.6812, 211.2033
477.6097, 214.4338
479.5381, 217.4133
481.4666, 220.2511
483.3951, 223.1680
485.3235, 226.4535
487.2520, 229.8983
489.1805, 233.0194
491.1089, 236.1127
493.0374, 240.1502
494.9659, 245.7619
496.8943, 251.7620
498.8228, 257.8639
500.7513, 264.1491
502.6797, 270.9087
504.6082, 277.9836
506.5367, 285.3097
508.4651, 292.9216
510.3936, 301.0687
512.3221, 309.4529
514.2505, 318.1622
516.1790, 326.8944
518.1075, 335.4086
520.0359, 343.7145
521.9644, 351.4476
523.8929, 358.5175
525.8214, 364.5474
527.7498, 369.1232
529.6783, 372.8889
531.6068, 375.3423
533.5352, 376.2665
535.4637, 375.5213
537.3922, 372.7628
539.3206, 367.2923
541.2491, 360.4601
543.1776, 352.6381
545.1060, 344.5298
547.0345, 336.3483
548.9630, 328.0056
550.8914, 319.5089
552.8199, 310.8340
554.7484, 301.8863
556.6768, 293.5179
558.6053, 286.2480
560.5338, 280.1146
562.4622, 274.4933
564.3907, 268.1693
566.3192, 262.5546
568.2476, 258.3665
570.1761, 255.8136
572.1046, 253.5069
574.0330, 250.9629
575.9615, 248.9832
577.8900, 248.0151
579.8184, 247.5819
581.7469, 247.1387
583.6754, 246.9398
585.6038, 247.3344
587.5323, 248.5104
589.4608, 250.1740
591.3892, 252.1188
593.3177, 254.3308
595.2462, 256.8391
597.1746, 259.5913
599.1031, 262.4874
601.0316, 266.0359
602.9600, 270.2301
604.8885, 275.3761
606.8170, 281.7005
608.7454, 289.1741
610.6739, 296.9097
612.6024, 304.1643
614.5308, 311.8437
616.4593, 321.8892
618.3878, 334.3714
620.3162, 348.0150
622.2447, 362.3150
624.1732, 378.3248
626.1016, 396.4223
628.0301, 415.9172
629.9586, 436.9561
631.8870, 459.5620
633.8155, 484.6780
635.7440, 512.6458
637.6724, 543.9103
639.6009, 576.0639
641.5294, 608.3127
643.4578, 640.8777
645.3863, 674.3303
647.3148, 710.0816
649.2432, 744.7795
651.1717, 777.2276
653.1002, 807.4642
655.0286, 832.7482
656.9571, 852.6862
658.8856, 866.3672
660.8140, 874.7668
662.7425, 878.2942
664.6710, 874.6364
666.5994, 863.3799
668.5279, 845.4622
670.4564, 820.5868
672.3848, 789.3142
674.3133, 757.1204
676.2418, 724.5408
678.1702, 691.7460
680.0987, 658.4941
682.0272, 624.1368
683.9556, 590.9298
685.8841, 559.2769
687.8126, 529.2415
689.7410, 500.4547
691.6695, 472.8568
693.5980, 446.6268
695.5264, 421.9341
697.4549, 398.4894
699.3834, 375.8246
701.3118, 353.6399
703.2403, 333.0695
705.1688, 314.7673
707.0972, 298.1863
709.0257, 282.2228
710.9542, 266.5209
712.8826, 252.2197
714.8111, 239.8369
716.7396, 228.8834
718.6680, 218.6381
720.5965, 209.1562
722.5250, 200.4737
724.4534, 192.7424
726.3819, 185.7048
728.3104, 179.0024
730.2388, 172.6160
732.1673, 166.6010
734.0958, 161.0383
736.0242, 155.9560
737.9527, 151.3282
739.8812, 147.2141
741.8096, 143.5215
743.7381, 140.2880
745.6666, 137.4297
747.5950, 134.6901
749.5235, 132.0567
751.4520, 129.5309
753.3804, 127.0938
755.3089, 124.7362
757.2374, 122.4912
759.1658, 120.2218
761.0943, 118.1911
763.0228, 116.6189
764.9512, 115.5092
766.8797, 114.2951
768.8082, 112.7604
770.7366, 111.2439
772.6651, 109.9162
774.5936, 108.8061
776.5220, 107.7368
778.4505, 106.8143
780.3790, 105.8385
782.3074, 104.6729
784.2359, 103.2932
786.1644, 101.9999
788.0928, 100.6971
790.0213, 99.59120
791.9498, 98.84135
793.8782, 98.45720
795.8067, 97.94980
797.7352, 97.30174
799.6636, 96.50906
801.5921, 95.45493
803.5206, 94.10081
805.4490, 93.20377
807.3775, 93.28197
809.3060, 93.41085
811.2344, 93.09472
813.1629, 92.24937
815.0914, 91.57349
817.0198, 91.19805
818.9483, 90.95635
820.8768, 90.73367
822.8052, 90.51168
824.7337, 90.24876
826.6622, 89.98082
828.5906, 89.62749
830.5191, 89.09217
832.4476, 88.43008
834.3760, 87.92235
836.3045, 87.66795
838.2330, 87.41984
840.1614, 87.07407
842.0899, 86.62840
844.0184, 86.21496
845.9468, 85.74780
847.8753, 85.47301
849.8038, 85.47012
851.7322, 85.80477
853.6607, 86.10509
855.5892, 86.45825
857.5176, 86.51620
859.4461, 85.99599
861.3746, 85.04886
863.3030, 84.32098
865.2315, 83.99935
867.1600, 83.76664
869.0884, 83.50666
871.0169, 83.53323
872.9454, 83.50418
874.8738, 83.09405
876.8023, 82.69768
878.7308, 82.78899
880.6592, 83.28749
882.5877, 83.48203
884.5162, 83.11720
886.4446, 82.75014
888.3731, 82.62240
890.3016, 82.43003
892.2300, 82.04649
894.1585, 81.36033
896.0870, 80.76646
898.0154, 80.42031
899.9439, 80.41396
901.8724, 80.27088
903.8008, 79.77917
905.7293, 79.27116
907.6578, 79.04982
909.5862, 78.96479
911.5147, 78.71462
913.4432, 78.33378
915.3716, 78.12207
917.3001, 78.16904
919.2286, 78.39624
921.1570, 78.60334
923.0855, 78.56959
925.0140, 78.37548
926.9424, 78.06541
928.8709, 77.74435
930.7994, 77.33973
932.7278, 76.91209
934.6563, 76.69844
936.5848, 76.82018
938.5132, 76.98504
940.4417, 76.86218
942.3702, 76.75665
944.2986, 76.75405
946.2271, 76.74950
948.1556, 76.55462
950.0840, 76.40700
952.0125, 76.54395
953.9410, 76.62066
955.8694, 76.46438
957.7979, 76.29628
959.7264, 76.33127
961.6548, 76.30459
963.5833, 76.19094
965.5118, 76.07103
967.4402, 75.97308
969.3687, 75.73244
971.2972, 75.70953
973.2256, 75.99043
975.1541, 76.27110
977.0826, 76.23504
979.0110, 75.82180
980.9395, 75.52739
982.8680, 75.67677
984.7964, 76.20756
986.7249, 76.38280
988.6534, 75.96838
990.5818, 75.60335
992.5103, 75.84236
994.4388, 76.05129
996.3672, 75.99928
998.2957, 75.84581
1000.224, 75.99662
1002.153, 76.25474
1004.081, 75.97726
1006.010, 75.64114
1007.938, 75.61467
1009.867, 75.91068
1011.795, 76.40050
1013.723, 76.73544
1015.652, 76.68659
1017.580, 76.36588
1019.509, 76.14792
1021.437, 76.22599
1023.366, 76.24889
1025.294, 76.17509
1027.223, 76.35331
1029.151, 76.63830
1031.080, 76.78133
1033.008, 76.67961
1034.937, 76.88045
1036.865, 77.58191
1038.794, 77.95052
1040.722, 77.78238
1042.651, 77.39334
1044.579, 77.10979
1046.507, 76.86733
1048.436, 76.82667
1050.364, 77.12585
1052.293, 77.56570
1054.221, 77.99564
1056.150, 78.49236
1058.078, 79.01882
1060.007, 78.95137
1061.935, 78.66636
1063.864, 78.62097
1065.792, 79.43092
1067.721, 80.29917
1069.649, 80.22062
1071.578, 79.84727
1073.506, 79.83685
1075.434, 80.25912
1077.363, 80.31025
1079.291, 79.67461
1081.220, 79.11897
1083.148, 78.97276
1085.077, 79.09660
1087.005, 79.31460
1088.934, 79.57484
1090.862, 79.65957
1092.791, 79.47449
1094.719, 79.29363
1096.648, 79.30453
1098.576, 79.50445
1100.505, 79.66602
1102.433, 79.78484
1104.361, 79.78911
1106.290, 79.83576
1108.218, 79.95830
1110.147, 79.92143
1112.075, 79.39992
1114.004, 78.96136
1115.932, 78.83286
1117.861, 78.86460
1119.789, 78.95356
1121.718, 79.42097
1123.646, 79.67582
1125.575, 78.87057
1127.503, 78.18498
1129.432, 78.93812
1131.360, 81.16654
1133.288, 82.29197
1135.217, 81.11293
1137.145, 79.81247
1139.074, 79.74459
1141.002, 80.44204
1142.931, 80.93612
1144.859, 81.10793
1146.788, 81.13714
1148.716, 80.73133
1150.645, 80.15447
1152.573, 79.97674
1154.502, 80.60139
1156.430, 81.43671
1158.359, 81.86442
1160.287, 81.87003
1162.215, 81.86424
1164.144, 81.89397
1166.072, 81.80355
1168.001, 81.57164
1169.929, 81.57932
1171.858, 81.68742
1173.786, 81.91041
1175.715, 82.25928
1177.643, 82.70364
1179.572, 82.91777
1181.500, 83.04407
1183.429, 83.26426
1185.357, 83.47165
1187.286, 83.61342
1189.214, 83.77370
1191.142, 84.09135
1193.071, 84.40627
1194.999, 84.51894
1196.928, 84.58541
1198.856, 84.85109
1200.785, 85.29453
1202.713, 85.40402
1204.642, 85.04524
1206.570, 84.90117
1208.499, 85.29259
1210.427, 86.13551
1212.356, 86.64363
1214.284, 86.26123
1216.213, 85.92311
1218.141, 86.67180
1220.069, 88.00872
1221.998, 88.77347
1223.926, 88.56976
1225.855, 88.28284
1227.783, 88.06907
1229.712, 88.01620
1231.640, 88.12138
1233.569, 88.51418
1235.497, 89.05093
1237.426, 89.64710
1239.354, 90.03750
1241.283, 90.51670
1243.211, 91.03306
1245.140, 91.25912
1247.068, 91.17297
1248.996, 91.02337
1250.925, 90.56375
1252.853, 90.44551
1254.782, 91.23241
1256.710, 92.46355
1258.639, 93.13436
1260.567, 92.75564
1262.496, 92.56270
1264.424, 92.62705
1266.353, 92.82100
1268.281, 93.36825
1270.210, 94.26771
1272.138, 94.66962
1274.067, 94.17786
1275.995, 93.85828
1277.923, 94.31680
1279.852, 95.05122
1281.780, 95.38853
1283.709, 95.29424
1285.637, 95.45844
1287.566, 96.16052
1289.494, 96.90393
1291.423, 97.58260
1293.351, 98.14364
1295.280, 98.45654
1297.208, 98.43260
1299.137, 98.32259
1301.065, 97.95531
1302.994, 97.75524
1304.922, 98.01140
1306.850, 98.64453
1308.779, 99.02678
1310.707, 98.89499
1312.636, 98.98008
1314.564, 99.73950
1316.493, 100.7072
1318.421, 101.2701
1320.350, 101.3432
1322.278, 101.1632
1324.207, 100.4884
1326.135, 100.2248
1328.064, 101.0125
1329.992, 102.1376
1331.921, 102.6984
1333.849, 102.5601
1335.777, 102.5691
1337.706, 103.1179
1339.634, 103.5392
1341.563, 103.3198
1343.491, 102.7851
1345.420, 102.7237
1347.348, 103.6322
1349.277, 104.1865
1351.205, 104.1721
1353.134, 104.1297
1355.062, 104.3241
1356.991, 104.6545
1358.919, 104.9936
1360.848, 105.5025
1362.776, 105.7615
1364.704, 105.3354
1366.633, 104.8166
1368.561, 104.9631
1370.490, 105.6339
1372.418, 105.7300
1374.347, 104.7733
1376.275, 104.0946
1378.204, 104.3461
1380.132, 104.9619
1382.061, 104.6177
1383.989, 105.6672
1385.918, 106.2434
1387.846, 106.3718
1389.775, 104.7113
1391.703, 105.3609
1393.631, 105.0846
1395.560, 104.7704
1397.488, 105.7451
1399.417, 104.3448
1401.345, 105.2991
1403.274, 105.3134
1405.202, 105.7579
1407.131, 105.2709
1409.059, 105.0717
1410.988, 105.8042
1412.916, 106.0208
1414.845, 105.4266
1416.773, 105.8984
1418.702, 104.4656
1420.630, 104.7041
1422.558, 104.7531
1424.487, 105.1728
1426.415, 105.4265
1428.344, 105.3360
1430.272, 105.2006
1432.201, 105.0577
1434.129, 104.9627
1436.058, 105.0930
1437.986, 105.4842
1439.915, 105.5939
1441.843, 105.2325
1443.772, 104.7770
1445.700, 104.3480
1447.629, 103.9370
1449.557, 103.4706
1451.485, 102.8294
1453.414, 102.5177
1455.342, 102.7095
1457.271, 103.0717
1459.199, 103.6448
1461.128, 104.2042
1463.056, 104.4549
1464.985, 104.3114
1466.913, 103.9125
1468.842, 102.9456
1470.770, 102.1829
1472.699, 102.1814
1474.627, 102.3320
1476.556, 101.6734
1478.484, 100.0668
1480.412, 99.18149
1482.341, 99.75420
1484.269, 100.0999
1486.198, 99.16376
1488.126, 98.03963
1490.055, 98.13055
1491.983, 99.19968
1493.912, 99.87606
1495.840, 100.0611
1497.769, 99.97726
1499.697, 99.55873
1501.626, 98.97075
1503.554, 98.26120
1505.483, 97.54263
1507.411, 97.23293
1509.339, 97.45788
1511.268, 97.62828
1513.196, 97.50793
1515.125, 97.38786
1517.053, 97.33535
1518.982, 97.34939
1520.910, 97.64889
1522.839, 98.49248
1524.767, 98.89145
1526.696, 98.39743
1528.624, 97.63781
1530.553, 96.76115
1532.481, 95.95548
1534.410, 95.41378
1536.338, 95.03123
1538.266, 94.91628
1540.195, 95.23164
1542.123, 95.64841
1544.052, 96.35435
1545.980, 97.02227
1547.909, 97.02174
1549.837, 96.07049
1551.766, 95.31713
1553.694, 95.10527
1555.623, 94.84357
1557.551, 94.11839
1559.480, 93.41934
1561.408, 93.43221
1563.337, 94.08652
1565.265, 94.18017
1567.193, 93.25465
1569.122, 92.73426
1571.050, 93.22504
1572.979, 93.70506
1574.907, 93.42509
1576.836, 92.70974
1578.764, 92.42751
1580.693, 92.70838
1582.621, 92.83928
1584.550, 92.56442
1586.478, 92.32320
1588.407, 92.39822
1590.335, 92.53151
1592.264, 92.29880
1594.192, 91.82571
1596.120, 91.74873
1598.049, 92.21513
1599.977, 92.55862
1601.906, 92.82545
1603.834, 92.77718
1605.763, 91.85195
1607.691, 90.50926
1609.620, 90.00441
1611.548, 90.47494
1613.477, 90.86341
1615.405, 91.03757
1617.334, 91.00973
1619.262, 90.64370
1621.191, 90.10958
1623.119, 89.54134
1625.047, 88.98553
1626.976, 88.71602
1628.904, 88.80078
1630.833, 89.05418
1632.761, 89.61655
1634.690, 90.14761
1636.618, 90.51073
1638.547, 90.66896
1640.475, 90.45242
1642.404, 89.80120
1644.332, 89.25078
1646.261, 88.84995
1648.189, 88.61298
1650.118, 88.61089
1652.046, 88.73830
1653.974, 89.03604
1655.903, 89.43154
1657.831, 89.33238
1659.760, 88.45755
1661.688, 88.03687
1663.617, 88.62862
1665.545, 89.32437
1667.474, 89.85755
1669.402, 90.12136
1671.331, 89.77762
1673.259, 88.81918
1675.188, 88.38567
1677.116, 88.77107
1679.045, 89.21803
1680.973, 89.75388
1682.901, 90.06579
1684.830, 89.86838
1686.758, 89.32140
1688.687, 88.75597
1690.615, 88.11256
1692.544, 87.88793
1694.472, 88.29414
1696.401, 88.81339
1698.329, 89.58627
1700.258, 90.13338
1702.186, 89.93958
1704.115, 89.19386
1706.043, 88.69833
1707.972, 88.47168
1709.900, 88.44772
1711.828, 88.78996
1713.757, 89.05410
1715.685, 88.90398
1717.614, 88.74040
1719.542, 89.12168
1721.471, 89.87012
1723.399, 89.83897
1725.328, 88.75315
1727.256, 88.03831
1729.185, 88.00962
1731.113, 88.26815
1733.042, 88.99065
1734.970, 89.66860
1736.899, 89.71827
1738.827, 89.22914
1740.755, 88.67719
1742.684, 87.91921
1744.612, 87.80809
1746.541, 89.02841
1748.469, 90.07726
1750.398, 90.27072
1752.326, 90.03730
1754.255, 89.70888
1756.183, 89.31361
1758.112, 88.98708
1760.040, 88.75587
1761.969, 88.45007
1763.897, 87.78667
1765.826, 87.47337
1767.754, 88.34861
1769.682, 89.27281
1771.611, 88.87296
1773.539, 87.62884
1775.468, 87.43232
1777.396, 88.51689
1779.325, 89.19106
1781.253, 88.95313
1783.182, 88.72630
1785.110, 88.98394
1787.039, 89.32680
1788.967, 89.40639
1790.896, 89.32923
1792.824, 89.38264
1794.753, 89.58701
1796.681, 89.61342
1798.609, 89.37705
1800.538, 89.03747
1802.466, 88.29166
1804.395, 87.81780
1806.323, 88.42368
1808.252, 89.50314
1810.180, 89.84639
1812.109, 89.48042
1814.037, 89.34249
1815.966, 89.64915
1817.894, 89.78825
1819.823, 89.45457
1821.751, 89.07938
1823.680, 88.81827
1825.608, 88.66836
1827.536, 88.63719
1829.465, 88.72371
1831.393, 88.93818
1833.322, 89.41189
1835.250, 89.63346
1837.179, 89.36047
1839.107, 89.09228
1841.036, 88.91236
1842.964, 88.87508
1844.893, 89.21684
1846.821, 89.71914
1848.750, 89.62254
1850.678, 88.68556
1852.607, 88.18649
1854.535, 88.35531
1856.464, 88.60854
1858.392, 89.06760
1860.320, 89.37460
1862.249, 88.98471
1864.177, 88.53264
1866.106, 89.26772
1868.034, 91.06953
1869.963, 91.42156
1871.891, 89.58547
1873.820, 88.38181
1875.748, 88.25273
1877.677, 88.49499
1879.605, 89.35851
1881.534, 90.08522
1883.462, 89.96864
1885.391, 89.35976
1887.319, 89.02284
1889.247, 88.94852
1891.176, 88.98036
1893.104, 89.16700
1895.033, 89.22359
1896.961, 89.01859
1898.890, 88.80583
1900.818, 88.61568
1902.747, 88.56735
1904.675, 88.91444
1906.604, 89.44190
1908.532, 89.56323
1910.461, 89.26260
1912.389, 89.11829
1914.318, 89.23168
1916.246, 89.34801
1918.174, 89.27502
1920.103, 89.35006
1922.031, 90.06804
1923.960, 90.74584
1925.888, 90.45642
1927.817, 89.49996
1929.745, 88.98180
1931.674, 88.98998
1933.602, 89.03201
1935.531, 89.34728
1937.459, 89.32889
1939.388, 88.30309
1941.316, 87.70459
1943.245, 88.64442
1945.173, 89.95396
1947.101, 90.41597
1949.030, 90.19180
1950.958, 89.78430
1952.887, 89.07872
1954.815, 88.98232
1956.744, 89.97660
1958.672, 90.39858
1960.601, 89.39101
1962.529, 88.54776
1964.458, 88.91222
1966.386, 89.39223
1968.315, 88.77493
1970.243, 87.70626
1972.172, 87.80062
1974.100, 88.95493
1976.028, 89.41306
1977.957, 88.85249
1979.885, 88.52364
1981.814, 88.87968
1983.742, 89.13465
1985.671, 88.82327
1987.599, 88.46721
1989.528, 88.57211
1991.456, 88.81799
1993.385, 88.51060
1995.313, 87.74843
1997.242, 87.68162
1999.170, 88.70033
2001.099, 89.37466
2003.027, 89.70350
2004.955, 89.68014
2006.884, 89.14561
2008.812, 88.44942
2010.741, 87.26798
2012.669, 86.43954
2014.598, 87.35721
2016.526, 89.27763
2018.455, 89.69308
2020.383, 88.64356
2022.312, 87.99417
2024.240, 87.88106
2026.169, 88.04002
2028.097, 88.66499
2030.026, 89.01065
2031.954, 88.52931
2033.882, 87.96964
2035.811, 87.75820
2037.739, 87.79935
2039.668, 88.08664
2041.596, 88.52503
2043.525, 88.69241
2045.453, 88.53939
2047.382, 88.38757
2049.310, 88.13777
2051.239, 88.04801
2053.167, 88.24834
2055.096, 88.45365
2057.024, 88.67923
2058.953, 88.78020
2060.881, 88.47815
2062.810, 88.11745
2064.738, 88.41152
2066.667, 89.09753
2068.595, 88.73730
2070.523, 87.29923
2072.452, 86.64404
2074.380, 87.12968
2076.309, 87.50849
2078.237, 87.53004
2080.166, 87.37894
2082.094, 86.81735
2084.023, 86.45607
2085.951, 87.01830
2087.880, 87.74572
2089.808, 87.55107
2091.737, 86.73631
2093.665, 86.28907
2095.594, 86.21949
2097.522, 86.43372
2099.450, 87.16069
2101.379, 87.62490
2103.307, 87.63869
2105.236, 87.65755
2107.164, 87.86507
2109.093, 87.98988
2111.021, 87.94385
2112.950, 87.71690
2114.878, 87.06893
2116.807, 86.35708
2118.735, 86.36678
2120.664, 86.90457
2122.592, 86.83285
2124.521, 86.00806
2126.449, 85.87104
2128.377, 87.20206
2130.306, 87.71976
2132.234, 86.24735
2134.163, 85.17163
2136.091, 85.52827
2138.020, 86.06837
2139.948, 86.04395
2141.877, 85.82626
2143.805, 85.77444
2145.734, 85.86967
2147.662, 86.13220
2149.591, 86.51913
2151.519, 86.71348
2153.448, 86.69897
2155.376, 86.46079
2157.304, 85.88206
2159.233, 85.47614
2161.161, 85.39603
2163.090, 85.45567
2165.018, 85.88307
2166.947, 86.09912
2168.875, 85.52892
2170.804, 84.79501
2172.732, 84.43598
2174.661, 84.44023
2176.589, 84.97659
2178.518, 85.93922
2180.446, 86.16391
2182.375, 85.59264
2184.303, 85.56550
2186.231, 86.36787
2188.160, 86.73267
2190.088, 86.21826
2192.017, 85.77083
2193.945, 85.71381
2195.874, 85.76840
2197.802, 85.88258
2199.731, 85.95964
2201.659, 85.89408
2203.588, 85.76445
2205.516, 85.61837
2207.445, 85.52450
2209.373, 85.80083
2211.302, 86.44242
2213.230, 86.54140
2215.158, 86.03735
2217.087, 85.62549
2219.015, 85.33559
2220.944, 85.26762
2222.872, 85.57537
2224.801, 85.77204
2226.729, 85.44268
2228.658, 85.27617
2230.586, 85.92026
2232.515, 86.52666
2234.443, 86.18234
2236.372, 85.58871
2238.300, 85.84586
2240.229, 86.58524
2242.157, 86.75047
2244.085, 86.38612
2246.014, 85.83653
2247.942, 85.08505
2249.871, 84.80595
2251.799, 85.10896
2253.728, 85.55330
2255.656, 86.26340
2257.585, 86.64200
2259.513, 86.06478
2261.442, 85.83618
2263.370, 86.92973
2265.299, 87.90685
2267.227, 87.83009
2269.156, 87.31688
2271.084, 86.77269
2273.012, 86.29444
2274.941, 86.06044
2276.869, 86.00868
2278.798, 85.95998
2280.726, 85.92714
2282.655, 86.13277
2284.583, 86.64885
2286.512, 86.54896
2288.440, 85.26721
2290.369, 84.65132
2292.297, 85.21043
2294.226, 85.80574
2296.154, 86.66647
2298.083, 86.98633
2300.011, 85.94567
2301.939, 85.11430
2303.868, 85.56846
2305.796, 86.18847
2307.725, 86.05534
2309.653, 85.64468
2311.582, 85.44917
2313.510, 85.44707
2315.439, 85.57386
2317.367, 83.79288
2319.296, 85.81397
2321.224, 86.97305
2323.153, 87.31648
2325.081, 84.40118
2327.010, 85.69384
2328.938, 85.30013
2330.866, 84.83726
2332.795, 86.72217
2334.723, 84.28082
2336.652, 86.12850
2338.580, 85.11816
2340.509, 85.49037
2342.437, 86.08952
2344.366, 86.41480
2346.294, 86.53076
2348.223, 86.37816
2350.151, 86.13228
2352.080, 85.82594
2354.008, 85.63317
2355.937, 85.96436
2357.865, 86.55917
2359.793, 86.75117
2361.722, 86.64542
2363.650, 86.88801
2365.579, 87.50794
2367.507, 87.78842
2369.436, 87.57877
2371.364, 87.61985
2373.293, 88.05277
2375.221, 88.13889
2377.150, 87.62676
2379.078, 87.35214
2381.007, 87.67204
2382.935, 87.82557
2384.864, 87.33076
2386.792, 86.96599
2388.720, 87.02728
2390.649, 87.32775
2392.577, 88.30642
2394.506, 88.87878
2396.434, 87.52264
2398.363, 85.96305
2400.291, 86.19389
2402.220, 87.26904
2404.148, 88.03884
2406.077, 88.49992
2408.005, 88.45708
2409.934, 88.10072
2411.862, 88.43452
2413.791, 89.39938
2415.719, 89.37576
2417.647, 88.21877
2419.576, 87.47176
2421.504, 87.17811
2423.433, 87.16149
2425.361, 87.45311
2427.290, 87.80368
2429.218, 88.26038
2431.147, 88.54754
2433.075, 88.45332
2435.004, 88.43529
2436.932, 88.67147
2438.861, 88.84426
2440.789, 88.61930
2442.718, 88.64223
2444.646, 89.41055
2446.574, 90.15716
2448.503, 90.72169
2450.431, 90.72740
2452.360, 89.14210
2454.288, 87.59404
2456.217, 88.24196
2458.145, 89.59875
2460.074, 89.53490
2462.002, 88.70472
2463.931, 88.21960
2465.859, 88.04154
2467.788, 88.12712
2469.716, 88.42837
2471.645, 88.86996
2473.573, 89.40041
2475.501, 89.41390
2477.430, 88.85898
2479.358, 88.48702
2481.287, 88.28295
2483.215, 88.45443
2485.144, 89.07678
2487.072, 89.37864
2489.001, 89.21616
2490.929, 89.06782
2492.858, 88.95220
2494.786, 89.00244
2496.715, 89.38012
2498.643, 89.68307
2500.572, 89.93342
2502.500, 89.95799
2504.428, 89.66430
2506.357, 89.23748
2508.285, 88.43764
2510.214, 88.04956
2512.142, 88.86414
2514.071, 89.60873
2515.999, 89.33955
2517.928, 89.11682
2519.856, 89.95736
2521.785, 90.71936
2523.713, 90.43385
2525.642, 89.76472
2527.570, 88.97646
2529.499, 88.41109
2531.427, 88.55015
2533.355, 89.06926
2535.284, 89.80782
2537.212, 90.41386
2539.141, 89.82626
2541.069, 88.82439
2542.998, 89.53459
2544.926, 91.12289
2546.855, 91.34486
2548.783, 90.59780
2550.712, 90.42843
2552.640, 90.71146
2554.569, 90.62078
2556.497, 90.18408
2558.426, 89.73174
2560.354, 89.29955
2562.282, 89.39050
2564.211, 89.99372
2566.139, 90.44233
2568.068, 90.67702
2569.996, 90.81679
2571.925, 90.82951
2573.853, 90.83329
2575.782, 90.84573
2577.710, 90.73610
2579.639, 90.47074
2581.567, 90.43014
2583.496, 90.78120
2585.424, 90.90074
2587.353, 90.45670
2589.281, 90.27928
2591.209, 90.47762
2593.138, 90.84262
2595.066, 91.51684
2596.995, 91.77106
2598.923, 91.24670
2600.852, 90.85465
2602.780, 90.84561
2604.709, 91.03208
2606.637, 91.54877
2608.566, 91.99870
2610.494, 92.44257
2612.423, 92.55363
2614.351, 92.06774
2616.280, 91.61516
2618.208, 91.34355
2620.136, 91.31576
2622.065, 91.78256
2623.993, 92.14246
2625.922, 92.02953
2627.850, 91.87853
2629.779, 91.87332
2631.707, 91.86852
2633.636, 91.74243
2635.564, 91.68227
2637.493, 91.76392
2639.421, 92.00571
2641.350, 92.85268
2643.278, 93.30789
2645.207, 92.23087
2647.135, 91.18628
2649.063, 91.12053
2650.992, 91.43333
2652.920, 91.84891
2654.849, 92.28659
2656.777, 92.78609
2658.706, 93.17175
2660.634, 93.27340
2662.563, 93.24857
2664.491, 93.31923
2666.420, 93.20537
2668.348, 92.22379
2670.277, 91.45681
2672.205, 92.22215
2674.134, 93.27869
2676.062, 93.40410
2677.990, 93.30273
2679.919, 93.92594
2681.847, 94.32665
2683.776, 93.27238
2685.704, 91.98766
2687.633, 91.71645
2689.561, 91.83669
2691.490, 91.66298
2693.418, 91.56958
2695.347, 92.09132
2697.275, 92.71265
2699.204, 92.90311
2701.132, 92.99658
2703.061, 93.42739
2704.989, 93.87314
2706.917, 94.00137
2708.846, 93.95608
2710.774, 93.72667
2712.703, 93.55613
2714.631, 93.75867
2716.560, 94.03429
2718.488, 94.02382
2720.417, 93.98103
2722.345, 94.46099
2724.274, 94.72746
2726.202, 93.56467
2728.131, 92.48021
2730.059, 93.29595
2731.988, 94.28443
2733.916, 93.42538
2735.844, 92.40858
2737.773, 92.96371
2739.701, 93.84801
2741.630, 94.10009
2743.558, 94.19910
2745.487, 94.47881
2747.415, 94.84899
2749.344, 95.49780
2751.272, 95.89598
2753.201, 95.38229
2755.129, 94.80184
2757.058, 94.94450
2758.986, 94.89037
2760.915, 93.37461
2762.843, 92.30662
2764.771, 93.43409
2766.700, 94.72659
2768.628, 95.15076
2770.557, 95.23673
2772.485, 95.13628
2774.414, 94.96476
2776.342, 94.59526
2778.271, 94.43970
2780.199, 94.84618
2782.128, 95.30026
2784.056, 95.81391
2785.985, 95.97634
2787.913, 95.29149
2789.842, 94.75891
2791.770, 94.85087
2793.698, 94.95365
2795.627, 94.80473
2797.555, 94.84738
2799.484, 95.33073
2801.412, 95.63437
2803.341, 95.32290
2805.269, 95.20304
2807.198, 95.37478
2809.126, 95.93720
2811.055, 97.21031
2812.983, 97.77306
2814.912, 97.13255
2816.840, 96.57215
2818.769, 96.27476
2820.697, 96.19545
2822.625, 96.42409
2824.554, 96.28571
2826.482, 95.61043
2828.411, 95.59798
2830.339, 96.65114
2832.268, 96.95510
2834.196, 96.28494
2836.125, 96.03382
2838.053, 96.21193
2839.982, 96.47157
2841.910, 96.78040
2843.839, 96.74939
2845.767, 96.41780
2847.696, 96.95103
2849.624, 98.13383
2851.552, 97.86771
2853.481, 96.74963
2855.409, 97.40287
2857.338, 99.02926
2859.266, 98.90695
2861.195, 97.78886
2863.123, 97.65749
2865.052, 97.97825
2866.980, 97.67302
2868.909, 97.24111
2870.837, 97.55650
2872.766, 98.06936
2874.694, 98.10891
2876.623, 97.88874
2878.551, 97.42863
2880.479, 97.04902
2882.408, 96.93001
2884.336, 97.10249
2886.265, 97.93728
2888.193, 98.56367
2890.122, 98.48827
2892.050, 98.17822
2893.979, 97.46004
2895.907, 97.23965
2897.836, 98.24001
2899.764, 99.19689
2901.693, 99.99022
2903.621, 100.1770
2905.550, 99.31133
2907.478, 98.82240
2909.406, 99.37954
2911.335, 99.58365
2913.263, 99.29875
2915.192, 99.00466
2917.120, 98.71797
2919.049, 98.95173
2920.977, 99.87146
2922.906, 100.4203
2924.834, 100.5942
2926.763, 100.1948
2928.691, 99.45260
2930.620, 100.1474
2932.548, 101.7156
2934.477, 101.6004
2936.405, 100.5526
2938.333, 100.9414
2940.262, 101.8113
2942.190, 101.2545
2944.119, 100.2887
2946.047, 100.3385
2947.976, 100.6341
2949.904, 100.1470
2951.833, 99.77821
2953.761, 100.5076
2955.690, 101.1065
2957.618, 100.4736
2959.547, 100.0264
2961.475, 100.6774
2963.404, 101.1240
2965.332, 100.8258
2967.260, 100.7512
2969.189, 101.6850
2971.117, 101.8555
2973.046, 100.8487
2974.974, 100.1350
2976.903, 99.84555
2978.831, 99.90986
2980.760, 100.3913
2982.688, 100.6351
2984.617, 100.6338
2986.545, 100.6308
2988.474, 100.6173
2990.402, 100.5023
2992.331, 100.4041
2994.259, 100.9514
2996.188, 101.5737
2998.116, 100.7361
3000.044, 99.71525
3001.973, 100.1659
3003.901, 101.0275
3005.830, 101.5020
3007.758, 101.7116
3009.687, 101.6919
3011.615, 101.5162
3013.544, 100.8128
3015.472, 100.6427
3017.401, 102.0948
3019.329, 102.5958
3021.258, 101.4080
3023.186, 100.9150
3025.115, 101.7232
3027.043, 102.1279
3028.971, 101.9076
3030.900, 102.0340
3032.828, 102.4512
3034.757, 102.4637
3036.685, 102.0643
3038.614, 100.9967
3040.542, 99.77245
3042.471, 99.93759
3044.399, 100.7628
3046.328, 101.3790
3048.256, 101.7475
3050.185, 101.6233
3052.113, 101.5201
3054.042, 101.8587
3055.970, 102.2655
3057.898, 102.7101
3059.827, 102.9440
3061.755, 102.7889
3063.684, 102.5348
3065.612, 102.0915
3067.541, 102.2126
3069.469, 103.0978
3071.398, 104.0206
3073.326, 105.0060
3075.255, 104.9482
3077.183, 104.1167
3079.112, 103.9811
3081.040, 104.2655
3082.969, 104.2691
3084.897, 104.0677
3086.825, 103.5859
3088.754, 103.1915
3090.682, 103.5514
3092.611, 103.6638
3094.539, 102.1019
3096.468, 101.3715
3098.396, 102.8029
3100.325, 104.0506
3102.253, 104.5474
3104.182, 104.3245
3106.110, 103.0753
3108.039, 102.9719
3109.967, 104.1091
3111.896, 104.3693
3113.824, 103.8082
3115.752, 103.8814
3117.681, 104.2348
3119.609, 103.4223
3121.538, 102.3670
3123.466, 102.5584
3125.395, 103.0812
3127.323, 102.8219
3129.252, 102.8194
3131.180, 104.0152
3133.109, 104.9104
3135.037, 104.8136
3136.966, 104.3974
3138.894, 103.5922
3140.823, 103.4314
3142.751, 104.1502
3144.679, 104.4401
3146.608, 104.2704
3148.536, 105.2655
3150.465, 106.7411
3152.393, 106.0586
3154.322, 104.4654
3156.250, 104.1206
3158.179, 104.1305
3160.107, 103.4187
3162.036, 102.9020
3163.964, 103.3117
3165.893, 103.7886
3167.821, 103.9462
3169.750, 104.4153
3171.678, 105.4460
3173.606, 105.9368
3175.535, 105.6860
3177.463, 105.1052
3179.392, 104.3322
3181.320, 104.7600
3183.249, 105.7379
3185.177, 105.5022
3187.106, 104.7532
3189.034, 104.1894
3190.963, 104.0463
3192.891, 104.7219
3194.820, 105.5018
3196.748, 106.4527
3198.677, 106.4995
3200.605, 105.1373
3202.533, 104.3218
3204.462, 104.4614
3206.390, 104.9757
3208.319, 105.7970
3210.247, 106.0709
3212.176, 105.8845
3214.104, 105.2234
3216.033, 104.6341
3217.961, 104.8795
3219.890, 105.6959
3221.818, 107.6943
3223.747, 108.8479
3225.675, 107.6926
3227.604, 106.3797
3229.532, 105.0469
3231.460, 104.7873
3233.389, 105.9869
3235.317, 106.6662
3237.246, 106.8689
3239.174, 107.0184
3241.103, 106.9244
3243.031, 105.8190
3244.960, 104.6775
3246.888, 104.8109
3248.817, 105.2015
3250.745, 105.3758
3252.674, 105.4991
3254.602, 105.4638
3256.531, 105.8956
3258.459, 106.9220
3260.387, 107.7448
3262.316, 108.2808
3264.244, 107.6755
3266.173, 106.4162
3268.101, 105.6670
3270.030, 105.5510
3271.958, 107.0067
3273.887, 108.0509
3275.815, 106.8624
3277.744, 106.1377
3279.672, 107.7807
3281.601, 108.0937
3283.529, 106.4149
3285.458, 106.1331
3287.386, 107.3225
3289.314, 107.8391
3291.243, 107.7859
3293.171, 107.2124
3295.100, 106.6918
3297.028, 106.9194
3298.957, 107.4357
3300.885, 108.2644
3302.814, 108.6207
3304.742, 108.0727
3306.671, 107.9825
3308.599, 108.8985
3310.528, 108.7178
3312.456, 107.6884
3314.385, 107.2322
3316.313, 107.2882
3318.241, 108.3126
3320.170, 108.9742
3322.098, 107.4019
3324.027, 106.0955
3325.955, 106.3928
3327.884, 107.3612
3329.812, 109.0943
3331.741, 109.6738
3333.669, 108.8289
3335.598, 108.9192
3337.526, 109.6275
3339.455, 109.7348
3341.383, 109.5711
3343.312, 109.3294
3345.240, 109.3436
3347.168, 110.1455
3349.097, 110.4533
3351.025, 109.5736
3352.954, 108.8399
3354.882, 108.3461
3356.811, 108.3461
3358.739, 108.7594
3360.668, 109.3415
3362.596, 109.7514
3364.525, 108.9068
3366.453, 108.3249
3368.382, 109.5759
3370.310, 110.4568
3372.239, 110.1005
3374.167, 110.1325
3376.095, 110.8348
3378.024, 110.4130
3379.952, 109.1533
3381.881, 109.1985
3383.809, 109.9353
3385.738, 110.9724
3387.666, 111.3640
3389.595, 109.6318
3391.523, 108.6022
3393.452, 109.5009
3395.380, 109.9871
3397.309, 109.7274
3399.237, 110.9241
3401.166, 112.8275
3403.094, 112.0769
3405.022, 110.3316
3406.951, 109.9382
3408.879, 109.8859
3410.808, 109.3641
3412.736, 109.5193
3414.665, 110.8241
3416.593, 111.6783
3418.522, 111.9143
3420.450, 111.2014
3422.379, 110.0535
3424.307, 110.1474
3426.236, 110.6206
3428.164, 110.2474
3430.093, 110.6491
3432.021, 113.2794
3433.949, 114.1016
3435.878, 111.6916
3437.806, 110.8195
3439.735, 111.3715
3441.663, 111.5631
3443.592, 111.6641
3445.520, 112.4779
3447.449, 112.8355
3449.377, 111.4350
3451.306, 110.7124
3453.234, 112.2248
3455.163, 112.8525
3457.091, 112.5499
3459.020, 111.6823
3460.948, 110.8417
3462.876, 112.1719
3464.805, 113.4312
3466.733, 111.9733
3468.662, 110.8024
3470.590, 111.5287
3472.519, 112.1443
3474.447, 112.4883
3476.376, 112.9959
3478.304, 113.5280
3480.233, 113.1715
3482.161, 112.7911
3484.090, 113.8961
3486.018, 114.4563
3487.947, 113.0108
3489.875, 112.1730
3491.803, 112.4736
3493.732, 112.4305
3495.660, 112.1117
3497.589, 112.5099
3499.517, 113.0721
3501.446, 113.0488
3503.374, 112.8649
3505.303, 112.6023
3507.231, 112.7254
3509.160, 113.7557
3511.088, 113.3588
3513.017, 112.0218
3514.945, 112.4148
3516.874, 113.6424
3518.802, 114.9342
3520.730, 115.6335
3522.659, 115.2878
3524.587, 114.5428
3526.516, 113.3156
3528.444, 113.2685
3530.373, 114.0775
3532.301, 113.9232
3534.230, 113.4324
3536.158, 113.2806
3538.087, 113.5538
3540.015, 115.1202
3541.944, 115.0642
3543.872, 112.9774
3545.801, 112.1993
3547.729, 112.4934
3549.657, 112.0399
3551.586, 111.9150
3553.514, 113.7713
3555.443, 115.3465
3557.371, 115.6523
3559.300, 115.2641
3561.228, 114.2477
3563.157, 114.5060
3565.085, 115.4293
3567.014, 114.7946
3568.942, 114.2717
3570.871, 116.1533
3572.799, 116.5934
3574.728, 114.1464
3576.656, 114.1549
3578.584, 116.8570
3580.513, 117.0822
3582.441, 116.1029
3584.370, 115.9132
3586.298, 115.8689
3588.227, 115.4934
3590.155, 115.3508
3592.084, 115.5497
3594.012, 116.2023
3595.941, 117.0562
3597.869, 116.4546
3599.798, 115.9425
3601.726, 118.2677
3603.655, 118.9880
3605.583, 115.9848
3607.511, 114.7275
3609.440, 115.8055
3611.368, 116.6045
3613.297, 117.1515
3615.225, 117.5892
3617.154, 117.5987
3619.082, 116.6011
3621.011, 116.4049
3622.939, 117.8716
3624.868, 117.8197
3626.796, 116.8065
3628.725, 116.8171
3630.653, 117.0845
3632.582, 116.6658
3634.510, 116.5577
3636.438, 117.2424
3638.367, 117.6856
3640.295, 117.8541
3642.224, 117.8370
3644.152, 117.8398
3646.081, 118.3738
3648.009, 118.6505
3649.938, 118.1074
3651.866, 117.9813
3653.795, 118.4149
3655.723, 118.9033
3657.652, 119.2610
3659.580, 119.1451
3661.509, 118.6866
3663.437, 117.6974
3665.365, 117.4309
3667.294, 118.4380
3669.222, 118.0954
3671.151, 117.1945
3673.079, 118.4098
3675.008, 119.8342
3676.936, 119.9742
3678.865, 119.4832
3680.793, 117.9220
3682.722, 118.1446
3684.650, 119.4698
3686.579, 119.0954
3688.507, 118.2942
3690.436, 118.4017
3692.364, 118.6426
3694.292, 118.8160
3696.221, 118.9615
3698.149, 119.1310
3700.078, 119.5471
3702.006, 120.1105
3703.935, 120.9893
3705.863, 121.3720
3707.792, 120.8244
3709.720, 119.7412
3711.649, 118.5014
3713.577, 120.0242
3715.506, 121.8684
3717.434, 120.2659
3719.363, 118.8485
3721.291, 118.9214
3723.219, 119.5372
3725.148, 120.5172
3727.076, 121.4228
3729.005, 121.8089
3730.933, 120.2413
3732.862, 119.5824
3734.790, 121.4200
3736.719, 121.7933
3738.647, 120.8339
3740.576, 121.0593
3742.504, 121.4583
3744.433, 120.5300
3746.361, 119.9056
3748.290, 120.2663
3750.218, 120.2138
3752.146, 119.8240
3754.075, 119.9301
3756.003, 120.1889
3757.932, 120.1802
3759.860, 120.3070
3761.789, 120.7160
3763.717, 120.8725
3765.646, 120.9205
3767.574, 121.9336
3769.503, 122.6976
3771.431, 121.5422
3773.360, 121.0685
3775.288, 121.9666
3777.217, 122.1866
3779.145, 122.0401
3781.073, 122.8306
3783.002, 123.3512
3784.930, 122.3703
3786.859, 122.0281
3788.787, 122.7423
3790.716, 122.7172
3792.644, 122.3267
3794.573, 122.0768
3796.501, 122.2730
3798.430, 123.3293
3800.358, 123.7443
3802.287, 123.3655
3804.215, 122.3377
3806.144, 121.5154
3808.072, 122.1042
3810.000, 122.8323
3811.929, 123.3303
3813.857, 123.6429
3815.786, 123.7238
3817.714, 123.1255
3819.643, 122.5182
3821.571, 122.3841
3823.500, 122.6394
3825.428, 123.2474
3827.357, 123.8216
3829.285, 124.1861
3831.214, 123.5540
3833.142, 123.2714
3835.071, 124.8420
3836.999, 124.6870
3838.927, 122.9864
3840.856, 122.7950
3842.784, 123.4015
3844.713, 124.3565
3846.641, 124.5841
3848.570, 123.2937
3850.498, 122.5240
3852.427, 122.3270
3854.355, 123.0741
3856.284, 123.5822
3858.212, 122.7623
3860.141, 123.0736
3862.069, 124.9323
3863.998, 124.2833
3865.926, 123.0883
3867.854, 124.7857
3869.783, 125.5089
3871.711, 123.7227
3873.640, 123.4008
3875.568, 124.3963
3877.497, 125.3530
3879.425, 126.0360
3881.354, 126.2850
3883.282, 126.2656
3885.211, 125.9776
3887.139, 125.2490
3889.068, 124.8186
3890.996, 126.2662
3892.925, 126.9913
3894.853, 126.0249
3896.781, 125.8949
3898.710, 126.4071
3900.638, 126.4308
3902.567, 126.4054
3904.495, 126.7443
3906.424, 127.4419
3908.352, 128.2673
3910.281, 128.4180
3912.209, 128.4174
3914.138, 128.8446
3916.066, 129.0004
3917.995, 128.8794
3919.923, 128.6268
3921.852, 128.6097
3923.780, 130.6878
3925.708, 131.4959
3927.637, 129.4961
3929.565, 129.3766
3931.494, 130.7188
3933.422, 130.4069
3935.351, 129.8809
3937.279, 130.5534
3939.208, 130.8557
3941.136, 130.6444
3943.065, 131.0530
3944.993, 131.3104
3946.922, 130.4206
3948.850, 130.9503
3950.779, 133.0264
3952.707, 134.0344
3954.635, 134.1368
3956.564, 132.4208
3958.492, 131.4607
3960.421, 132.7082
3962.349, 133.0437
3964.278, 132.6938
3966.206, 132.2775
3968.135, 132.1754
3970.063, 132.9251
3971.992, 133.7064
3973.920, 134.2212
3975.849, 134.4485
3977.777, 134.7299
3979.706, 135.2231
3981.634, 135.5958
3983.563, 135.8442
3985.491, 135.8350
3987.419, 135.9248
3989.348, 136.5826
3991.276, 137.0067
3993.205, 137.1326
3995.133, 136.6407
3997.062, 135.9394
3998.990, 135.6293
4000.919, 135.7435
4002.847, 136.3744
4004.776, 137.2782
4006.704, 138.0323
4008.633, 137.0191
4010.561, 136.3797
4012.490, 137.4962
4014.418, 138.5191
4016.346, 139.1416
4018.275, 139.1205
4020.203, 139.2193
4022.132, 139.7758
4024.060, 138.9826
4025.989, 137.2157
4027.917, 138.2920
4029.846, 140.1363
4031.774, 140.3872
4033.703, 139.5626
4035.631, 138.6596
4037.560, 139.5320
4039.488, 140.6885
4041.417, 140.3824
4043.345, 140.3927
4045.273, 141.2315
4047.202, 141.3864
4049.130, 141.3362
4051.059, 141.7812
4052.987, 142.3365
4054.916, 142.9790
4056.844, 142.1389
4058.773, 141.0950
4060.701, 141.8202
4062.630, 142.6465
4064.558, 143.3749
4066.487, 143.9184
4068.415, 144.5140
4070.344, 143.8809
4072.272, 142.6145
4074.200, 142.5713
4076.129, 143.0420
4078.057, 143.4286
4079.986, 143.9430
4081.914, 144.4445
4083.843, 145.3506
4085.771, 145.1091
4087.700, 144.0664
4089.628, 144.2711
4091.557, 144.8659
4093.485, 144.8405
4095.414, 144.2795
4097.342, 143.8323
4099.271, 144.9751
4101.199, 146.4630
4103.127, 147.5986
4105.056, 147.6192
4106.984, 146.1342
4108.913, 146.1205
4110.841, 146.7166
4112.770, 147.2730
4114.698, 148.1466
4116.627, 148.6306
4118.555, 147.3592
4120.484, 145.9828
4122.412, 147.1353
4124.341, 148.1691
4126.269, 148.3374
4128.198, 148.2984
4130.126, 148.5811
4132.055, 149.5455
4133.983, 149.9236
4135.912, 149.0460
4137.840, 148.3743
4139.769, 148.3179
4141.697, 148.0203
4143.625, 148.3979
4145.554, 149.6101
4147.482, 151.1241
4149.411, 152.9123
4151.339, 151.9858
4153.268, 150.4495
4155.196, 151.4118
4157.125, 152.0982
4159.053, 151.7470
4160.981, 152.3226
4162.910, 152.4500
4164.838, 152.1917
4166.767, 152.1416
4168.695, 151.6136
4170.624, 152.9330
4172.552, 154.5232
4174.481, 154.8766
4176.409, 154.5139
4178.338, 154.1977
4180.266, 154.0007
4182.195, 153.4405
4184.123, 154.2626
4186.052, 155.4052
4187.980, 155.7673
4189.909, 155.7616
4191.837, 156.1258
4193.766, 156.7250
4195.694, 156.5777
4197.623, 156.2328
4199.551, 156.6553
4201.479, 157.3996
4203.408, 158.0546
4205.336, 157.6349
4207.265, 157.2076
4209.193, 157.4632
4211.122, 157.8374
4213.050, 158.7641
4214.979, 159.8416
4216.907, 160.4066
4218.835, 159.9634
4220.764, 159.9429
4222.692, 160.5142
4224.621, 160.6852
4226.549, 160.8411
4228.478, 161.9252
4230.406, 162.1250
4232.335, 161.2083
4234.263, 161.0204
4236.192, 161.7398
4238.120, 164.1947
4240.049, 165.1023
4241.977, 164.5364
4243.906, 164.8018
4245.834, 165.1402
4247.763, 165.0795
4249.691, 164.3141
4251.620, 163.5296
4253.548, 165.3303
4255.477, 166.5297
4257.405, 165.6107
4259.333, 164.9162
4261.262, 164.5541
4263.190, 164.5355
4265.119, 165.3101
4267.047, 167.1453
4268.976, 166.8475
4270.904, 166.3275
4272.833, 168.6313
4274.761, 168.7869
4276.689, 166.5229
4278.618, 165.7175
4280.546, 165.7229
4282.475, 166.2730
4284.403, 167.0056
4286.332, 168.0429
4288.260, 170.4117
4290.189, 172.0399
4292.117, 171.9321
4294.046, 170.4199
4295.974, 168.6786
4297.903, 169.0370
4299.831, 169.3692
4301.760, 169.2088
4303.688, 169.2181
4305.617, 169.3718
4307.545, 169.7762
4309.474, 169.5616
4311.402, 168.9234
4313.331, 170.1636
4315.259, 170.7321
4317.188, 168.9015
4319.116, 169.2796
4321.044, 170.7766
4322.973, 170.8709
4324.901, 170.0917
4326.830, 168.5099
4328.758, 168.4394
4330.687, 169.0578
4332.615, 169.6940
4334.543, 170.2998
4336.472, 170.9168
4338.400, 171.8941
4340.329, 172.8723
4342.257, 173.7897
4344.186, 172.7795
4346.114, 171.2146
4348.043, 172.1279
4349.971, 172.6700
4351.900, 172.3173
4353.828, 172.6314
4355.757, 173.3333
4357.685, 174.3407
4359.614, 174.7658
4361.542, 174.5230
4363.471, 173.2169
4365.399, 172.3595
4367.328, 172.5258
4369.256, 173.2361
4371.185, 173.9772
4373.113, 174.0990
4375.042, 174.2076
4376.970, 174.3616
4378.898, 174.0745
4380.827, 173.8787
4382.755, 174.2510
4384.684, 174.3136
4386.612, 174.2469
4388.541, 174.7894
4390.469, 174.3326
4392.397, 172.5159
4394.326, 173.8776
4396.254, 175.1560
4398.183, 173.0107
4400.111, 174.2373
4402.040, 176.9906
4403.968, 173.7922
4405.897, 172.0757
4407.825, 173.9678
4409.754, 172.3492
4411.682, 170.6103
4413.611, 172.0591
4415.539, 173.5829
4417.468, 174.7792
4419.396, 175.9977
4421.325, 176.1994
4423.253, 175.1127
4425.182, 174.7898
4427.110, 174.6241
4429.039, 173.7660
4430.967, 173.2363
4432.896, 173.0430
4434.824, 172.8378
4436.752, 172.7138
4438.681, 172.6581
4440.609, 173.6006
4442.538, 174.4163
4444.466, 173.7600
4446.395, 172.7458
4448.323, 171.9610
4450.251, 173.5932
4452.180, 174.9215
4454.108, 175.0671
4456.037, 173.6154
4457.965, 172.3917
4459.894, 173.0958
4461.822, 174.6046
4463.751, 175.6644
4465.679, 172.1671
4467.608, 170.9135
4469.536, 173.7681
4471.465, 174.8582
4473.393, 174.8589
4475.322, 174.0900
4477.250, 173.6263
4479.179, 173.1858
4481.107, 171.3132
4483.036, 171.3276
4484.964, 173.7420
4486.893, 173.2305
4488.821, 172.4550
4490.750, 172.8816
4492.678, 173.8740
4494.606, 174.6087
4496.535, 173.7987
4498.463, 173.0148
4500.392, 172.3889
4502.320, 171.0272
4504.249, 170.2486
4506.177, 170.7828
4508.105, 171.0566
4510.034, 171.3831
4511.962, 172.1731
4513.891, 172.9155
4515.819, 173.4827
4517.748, 173.8035
4519.676, 173.3345
4521.605, 172.1255
4523.533, 171.5249
4525.462, 171.5347
4527.390, 172.2630
4529.319, 171.6538
4531.247, 170.6517
4533.176, 170.7592
4535.104, 170.9645
4537.033, 171.1120
4538.961, 171.2789
4540.890, 170.9260
4542.818, 169.8417
4544.747, 171.2026
4546.675, 172.0489
4548.604, 170.0997
4550.532, 169.0951
4552.460, 169.2363
4554.389, 170.8209
4556.317, 171.5702
4558.246, 171.4038
4560.174, 171.8067
4562.103, 171.6744
4564.031, 170.4912
4565.959, 170.1700
4567.888, 170.1074
4569.816, 169.8893
4571.745, 169.5861
4573.673, 169.2265
4575.602, 168.6036
4577.530, 168.6832
4579.459, 169.4450
4581.387, 170.9411
4583.316, 170.8811
4585.244, 168.4361
4587.173, 168.1634
4589.101, 169.1671
4591.030, 171.2386
4592.958, 170.1589
4594.887, 168.0581
4596.815, 167.6615
4598.744, 168.1097
4600.672, 168.5887
4602.601, 166.6325
4604.529, 166.8173
4606.458, 169.7154
4608.386, 168.5503
4610.314, 167.3194
4612.243, 167.7829
4614.171, 171.2105
4616.100, 172.9758
4618.028, 168.3808
4619.957, 168.4113
4621.885, 170.1708
4623.813, 166.5707
4625.742, 165.5098
4627.670, 166.9702
4629.599, 167.1037
4631.527, 166.4172
4633.456, 165.2226
4635.384, 165.4203
4637.313, 165.1448
4639.241, 163.5107
4641.170, 163.5874
4643.098, 164.3737
4645.027, 164.9328
4646.955, 165.1244
4648.884, 165.3076
4650.812, 166.5127
4652.741, 165.5613
4654.669, 163.0606
4656.598, 161.1459
4658.526, 160.9045
4660.455, 162.3664
4662.383, 164.6287
4664.312, 165.1884
4666.240, 162.8954
4668.168, 162.2338
4670.097, 163.0155
4672.025, 165.3205
4673.954, 163.7175
4675.882, 161.1201
4677.811, 161.1046
4679.739, 161.0235
4681.667, 161.1956
4683.596, 162.9993
4685.524, 163.2793
4687.453, 162.5054
4689.381, 163.9378
4691.310, 164.0686
4693.238, 162.6765
4695.167, 164.2449
4697.095, 164.2823
4699.024, 160.9248
4700.952, 160.5410
4702.881, 161.1839
4704.809, 161.8682
4706.738, 162.5807
4708.666, 162.6896
4710.595, 160.8818
4712.523, 161.7480
4714.452, 163.0715
4716.380, 161.6039
4718.309, 161.6991
4720.237, 162.4491
4722.166, 161.2184
4724.094, 159.9367
4726.022, 159.1418
4727.951, 159.6693
4729.879, 160.3618
4731.808, 160.7809
4733.736, 159.2837
4735.665, 159.1719
4737.593, 160.9217
4739.521, 160.0562
4741.450, 159.7617
4743.378, 161.8184
4745.307, 160.6692
4747.235, 159.1863
4749.164, 158.9201
4751.092, 159.0382
4753.021, 159.2713
4754.949, 159.7427
4756.878, 158.4186
4758.806, 157.5155
4760.735, 159.7304
4762.663, 161.0609
4764.592, 160.9472
4766.520, 158.4444
4768.449, 157.3237
4770.377, 157.1785
4772.306, 156.0866
4774.234, 157.5546
4776.163, 160.2882
4778.091, 159.5738
4780.020, 159.3603
4781.948, 159.9127
4783.876, 159.4755
4785.805, 158.6947
4787.733, 157.8537
4789.662, 157.5950
4791.590, 157.5786
4793.519, 157.6521
4795.447, 157.3440
4797.375, 157.6039
4799.304, 158.6787
4801.232, 158.2136
4803.161, 157.0360
4805.089, 155.6221
4807.018, 155.2872
4808.946, 156.1322
4810.875, 158.3394
4812.803, 159.0688
4814.732, 158.7756
4816.660, 157.7294
4818.589, 154.8150
4820.517, 153.2858
4822.446, 155.9707
4824.374, 156.9197
4826.303, 156.7984
4828.231, 156.1043
4830.160, 155.8717
4832.088, 155.6672
4834.017, 155.1148
4835.945, 153.3641
4837.874, 152.8132
4839.802, 156.0018
4841.730, 155.7698
4843.659, 154.4724
4845.587, 155.3870
4847.516, 155.9633
4849.444, 155.5605
4851.373, 153.2331
4853.301, 153.6709
4855.229, 155.2630
4857.158, 156.0101
4859.086, 154.1931
4861.015, 152.2767
4862.943, 153.4919
4864.872, 154.1125
4866.800, 154.2393
4868.729, 154.4619
4870.657, 154.6908
4872.586, 154.6645
4874.514, 153.9072
4876.443, 153.9420
4878.371, 153.8589
4880.300, 151.8114
4882.228, 151.8147
4884.157, 152.6325
4886.085, 152.4256
4888.014, 151.6834
4889.942, 151.3981
4891.871, 153.0127
4893.799, 153.8691
4895.728, 153.8363
4897.656, 152.7233
4899.584, 152.3962
4901.513, 152.4572
4903.441, 151.6384
4905.370, 153.5386
4907.298, 154.5769
4909.227, 154.7995
4911.155, 151.7634
4913.083, 152.9352
4915.012, 152.4206
4916.940, 151.8370
4918.869, 153.6010
4920.797, 151.0389
4922.726, 152.7657
4924.654, 152.7805
4926.583, 153.5788
4928.511, 152.6804
4930.440, 152.3061
4932.368, 153.6290
4934.297, 154.0122
4936.225, 152.9184
4938.154, 153.7666
4940.082, 151.1452
4942.011, 151.5683
4943.939, 153.3051
4945.868, 152.2967
4947.796, 153.1759
4949.725, 153.3361
4951.653, 151.3403
4953.582, 151.7232
4955.510, 151.7752
4957.438, 149.9775
4959.367, 148.8193
4961.295, 149.0241
4963.224, 149.5940
4965.152, 149.8172
4967.081, 149.6274
4969.009, 149.3999
4970.938, 149.3387
4972.866, 149.4627
4974.794, 149.8430
4976.723, 150.1435
4978.651, 149.8293
4980.580, 146.9250
4982.508, 146.3444
4984.437, 147.5775
4986.365, 149.2130
4988.294, 149.7119
4990.222, 148.9949
4992.151, 146.8365
4994.079, 147.1134
4996.008, 148.1895
4997.936, 148.1039
4999.865, 147.2734
5001.793, 146.8378
5003.722, 147.5807
5005.650, 149.0885
5007.579, 149.5596
5009.507, 148.0552
5011.436, 148.5697
5013.364, 149.2868
5015.292, 149.3186
5017.221, 147.4616
5019.149, 146.3014
5021.078, 146.2231
5023.006, 145.4512
5024.935, 145.7623
5026.863, 146.5059
5028.792, 144.0314
5030.720, 143.7847
5032.648, 145.1422
5034.577, 145.7683
5036.505, 144.9483
5038.434, 143.8441
5040.362, 143.9214
5042.291, 143.9682
5044.219, 144.3357
5046.148, 145.3276
5048.076, 145.4842
5050.005, 145.0735
5051.933, 144.2856
5053.862, 145.6751
5055.790, 145.1006
5057.719, 142.1757
5059.647, 145.2832
5061.576, 145.9464
5063.504, 143.7069
5065.433, 143.2901
5067.361, 143.2342
5069.290, 143.3328
5071.218, 143.6720
5073.146, 144.5081
5075.075, 145.1256
5077.003, 144.7182
5078.932, 143.4910
5080.860, 142.9693
5082.789, 144.3701
5084.717, 144.9700
5086.646, 144.0994
5088.574, 142.1394
5090.502, 143.4408
5092.431, 144.1434
5094.359, 143.3911
5096.288, 141.8313
5098.216, 140.7319
5100.145, 140.4523
5102.073, 141.1597
5104.002, 144.2295
5105.930, 145.9421
5107.859, 141.4141
5109.787, 144.2980
5111.716, 146.3030
5113.644, 142.7823
5115.573, 142.5502
5117.501, 142.3590
5119.430, 141.5974
5121.358, 143.4563
5123.287, 142.3893
5125.215, 139.5556
5127.144, 139.7971
5129.072, 141.7069
5131.000, 142.9534
5132.929, 141.1298
5134.857, 140.9456
5136.786, 140.9884
5138.714, 140.1295
5140.643, 139.3541
5142.571, 139.5875
5144.500, 140.8316
5146.428, 142.0060
5148.356, 142.0634
5150.285, 141.3396
5152.213, 140.6200
5154.142, 140.0558
5156.070, 139.6005
5157.999, 139.1996
5159.927, 139.0421
5161.856, 139.3322
5163.784, 139.9193
5165.713, 139.0089
5167.641, 137.5183
5169.570, 136.3676
5171.498, 137.7184
5173.427, 138.9321
5175.355, 139.5560
5177.284, 139.5074
5179.212, 139.6571
5181.141, 139.3408
5183.069, 138.1657
5184.998, 138.7373
5186.926, 139.5103
5188.854, 140.0962
5190.783, 141.8239
5192.711, 139.9952
5194.640, 137.0780
5196.568, 137.8749
5198.497, 138.9157
5200.425, 139.3545
5202.354, 138.7790
5204.282, 137.6462
5206.210, 136.3980
5208.139, 135.8009
5210.067, 139.1126
5211.996, 139.9283
5213.924, 138.4983
5215.853, 135.9631
5217.781, 134.9656
5219.710, 135.8432
5221.638, 138.5497
5223.567, 137.4382
5225.495, 135.6804
5227.424, 134.7651
5229.352, 136.5608
5231.281, 136.8310
5233.209, 136.3757
5235.138, 136.8665
5237.066, 137.8551
5238.995, 137.7712
5240.923, 136.1750
5242.852, 135.4124
5244.780, 136.3080
5246.708, 137.5725
5248.637, 135.0276
5250.565, 137.1762
5252.494, 139.4294
5254.422, 137.2092
5256.351, 135.2498
5258.279, 134.7390
5260.208, 135.5452
5262.136, 136.1374
5264.064, 135.6251
5265.993, 134.6694
5267.921, 133.9952
5269.850, 135.6418
5271.778, 136.3350
5273.707, 134.7072
5275.635, 134.0183
5277.564, 134.6712
5279.492, 135.4566
5281.421, 133.2066
5283.349, 134.1155
5285.278, 135.3894
5287.206, 134.7007
5289.135, 134.2469
5291.063, 133.6083
5292.992, 133.0315
5294.920, 133.8312
5296.849, 132.5367
5298.777, 131.5471
5300.706, 133.8191
5302.634, 132.6735
5304.563, 131.2327
5306.491, 130.7732
5308.419, 131.5747
5310.348, 131.3817
5312.276, 130.7897
5314.205, 130.8110
5316.133, 130.6354
5318.062, 130.5210
5319.990, 130.7677
5321.918, 132.9734
5323.847, 131.8285
5325.775, 129.5938
5327.704, 129.9114
5329.632, 131.3053
5331.561, 132.0057
5333.489, 131.4736
5335.418, 130.1804
5337.346, 130.3497
5339.275, 131.5265
5341.203, 132.9840
5343.132, 131.3744
5345.060, 130.2682
5346.989, 130.7371
5348.917, 130.7032
5350.846, 129.9369
5352.774, 129.0919
5354.703, 128.9842
5356.631, 128.1361
5358.560, 128.2644
5360.488, 129.3382
5362.417, 128.2826
5364.345, 129.0466
5366.273, 129.6537
5368.202, 127.7946
5370.130, 127.4899
5372.059, 128.2040
5373.987, 129.0521
5375.916, 127.9024
5377.844, 128.6113
5379.772, 129.2509
5381.701, 128.1012
5383.629, 127.3590
5385.558, 127.1965
5387.486, 127.0538
5389.415, 125.5548
5391.343, 126.3349
5393.272, 126.8549
5395.200, 125.7048
5397.129, 126.3160
5399.057, 126.3118
5400.986, 125.5846
5402.914, 124.6189
5404.843, 126.4117
5406.771, 127.3348
5408.700, 126.4964
5410.628, 126.9894
5412.557, 125.8922
5414.485, 124.6441
5416.414, 124.8615
5418.342, 125.0547
5420.271, 126.4262
5422.199, 127.6961
5424.127, 125.6013
5426.056, 123.5732
5427.984, 123.5648
5429.913, 125.6803
5431.841, 125.8933
5433.770, 125.0345
5435.698, 123.7779
5437.626, 122.2960
5439.555, 124.8017
5441.483, 125.6330
5443.412, 124.2780
5445.340, 124.1195
5447.269, 125.1445
5449.197, 124.6866
5451.126, 121.8980
5453.054, 122.2177
5454.983, 121.8881
5456.911, 122.1295
5458.840, 126.2646
5460.768, 123.6726
5462.697, 120.8708
5464.625, 120.3378
5466.554, 122.6714
5468.482, 122.7231
5470.411, 121.9360
5472.339, 121.4803
5474.268, 120.7585
5476.196, 121.4957
5478.125, 122.2342
5480.053, 121.1149
5481.981, 120.2832
5483.910, 119.4893
5485.838, 119.0957
5487.767, 119.9597
5489.695, 119.0818
5491.624, 119.2084
5493.552, 120.5785
5495.480, 118.4937
5497.409, 119.4549
5499.337, 120.3849
5501.266, 118.7239
5503.194, 117.6789
5505.123, 117.9745
5507.051, 118.4795
5508.980, 117.7733
5510.908, 118.5601
5512.837, 119.4275
5514.765, 119.8113
5516.694, 119.5840
5518.622, 119.3785
5520.551, 118.7266
5522.479, 117.8547
5524.408, 118.5960
5526.336, 119.5050
5528.265, 119.0942
5530.193, 117.1098
5532.122, 118.2845
5534.050, 118.0522
5535.979, 118.1192
5537.907, 120.3768
5539.835, 119.0335
5541.764, 116.6829
5543.692, 115.3805
5545.621, 116.9407
5547.549, 117.9336
5549.478, 118.1589
5551.406, 117.8039
5553.334, 117.2337
5555.263, 116.8763
5557.191, 116.4954
5559.120, 116.2533
5561.048, 117.1077
5562.977, 115.5055
5564.905, 115.2019
5566.834, 117.3561
5568.762, 116.7935
5570.691, 115.1699
5572.619, 113.8233
5574.548, 113.5869
5576.476, 116.1118
5578.405, 116.4710
5580.333, 115.0613
5582.262, 113.2851
5584.190, 113.8317
5586.119, 114.0683
5588.047, 113.5475
5589.976, 112.5600
5591.904, 113.1786
5593.833, 114.2122
5595.761, 114.7364
5597.689, 113.9655
5599.618, 113.2442
5601.546, 113.1327
5603.475, 113.2154
5605.403, 112.5178
5607.332, 112.3944
5609.260, 113.2259
5611.188, 113.9461
5613.117, 112.5358
5615.045, 112.6597
5616.974, 113.1925
5618.902, 113.1306
5620.831, 111.3813
5622.759, 112.0840
5624.688, 111.5270
5626.616, 109.8535
5628.545, 112.1517
5630.473, 111.3703
5632.402, 110.6296
5634.330, 111.0756
5636.259, 111.8385
5638.187, 111.9124
5640.116, 110.1800
5642.044, 108.1055
5643.973, 110.2694
5645.901, 111.5926
5647.830, 110.9993
5649.758, 109.2993
5651.687, 109.1150
5653.615, 110.4970
5655.543, 110.6573
5657.472, 109.5074
5659.400, 110.7414
5661.329, 108.9614
5663.257, 107.5974
5665.186, 107.7402
5667.114, 108.0531
5669.042, 109.1351
5670.971, 109.4061
5672.899, 108.7905
5674.828, 108.5216
5676.756, 108.3041
5678.685, 107.9791
5680.613, 107.7752
5682.542, 108.3710
5684.470, 107.8811
5686.399, 107.8196
5688.327, 108.0279
5690.256, 107.0198
5692.184, 106.6097
5694.113, 107.3721
5696.041, 108.0587
5697.970, 106.7243
5699.898, 104.9298
5701.827, 105.0569
5703.755, 106.5625
5705.684, 107.8363
5707.612, 104.2542
5709.541, 104.7494
5711.469, 106.7056
5713.397, 105.8918
5715.326, 105.5765
5717.254, 103.2579
5719.183, 102.1527
5721.111, 104.5385
5723.040, 105.2747
5724.968, 103.4653
5726.896, 103.4566
5728.825, 106.4165
5730.753, 105.1453
5732.682, 103.8344
5734.610, 102.7614
5736.539, 102.3662
5738.467, 104.2079
5740.396, 104.6857
5742.324, 103.5739
5744.253, 102.1672
5746.181, 102.5403
5748.110, 103.2259
5750.038, 103.3614
5751.967, 102.7238
5753.895, 101.2868
5755.824, 101.8752
5757.752, 102.1387
5759.681, 102.3246
5761.609, 103.1331
5763.538, 103.7497
5765.466, 103.0239
5767.395, 102.1896
5769.323, 102.1886
5771.251, 103.1496
5773.180, 101.1563
5775.108, 99.22324
5777.037, 98.87789
5778.965, 99.65751
5780.894, 101.4914
5782.822, 101.1312
5784.750, 99.19054
5786.679, 97.89680
5788.607, 97.82639
5790.536, 100.2972
5792.464, 101.9003
5794.393, 100.0505
5796.321, 98.58770
5798.250, 99.43395
5800.178, 99.33898
5802.107, 97.82202
5804.035, 99.51636
5805.964, 100.0381
5807.892, 99.69656
5809.821, 98.70093
5811.749, 97.07374
5813.678, 98.13070
5815.606, 98.46912
5817.535, 98.08097
5819.463, 97.77726
5821.392, 98.27542
5823.320, 95.43044
5825.249, 93.80199
5827.177, 95.16282
5829.105, 96.85217
5831.034, 98.06991
5832.962, 97.84526
5834.891, 97.27071
5836.819, 98.06316
5838.748, 96.96927
5840.676, 97.04853
5842.604, 97.27271
5844.533, 96.59301
5846.461, 95.37691
5848.390, 95.46430
5850.318, 95.52342
5852.247, 95.30396
5854.175, 95.46656
5856.104, 94.43020
5858.032, 94.80363
5859.961, 95.04121
5861.889, 93.59525
5863.818, 92.04101
5865.746, 94.30472
5867.675, 95.00821
5869.603, 93.44790
5871.532, 93.54959
5873.460, 95.57085
5875.389, 94.88883
5877.317, 93.10131
5879.246, 92.65068
5881.174, 93.63433
5883.103, 94.01800
5885.031, 93.09585
5886.959, 92.03532
5888.888, 93.81911
5890.816, 93.13781
5892.745, 91.26208
5894.673, 91.29903
5896.602, 94.43328
5898.530, 95.44447
5900.458, 92.87508
5902.387, 90.76405
5904.315, 90.56484
5906.244, 91.72070
5908.172, 90.12705
5910.101, 89.69140
5912.029, 90.39413
5913.958, 91.38250
5915.886, 92.31840
5917.815, 89.51939
5919.743, 89.37259
5921.672, 90.95784
5923.600, 90.65316
5925.529, 91.12325
5927.457, 90.98229
5929.386, 89.53992
5931.314, 88.20460
5933.243, 90.08064
5935.171, 89.57638
5937.100, 89.77626
5939.028, 90.28914
5940.957, 90.00517
5942.885, 88.43378
5944.813, 88.21573
5946.742, 88.19536
5948.670, 88.37336
5950.599, 89.23045
5952.527, 85.78387
5954.456, 87.57572
5956.384, 88.50572
5958.313, 88.61990
5960.241, 85.47548
5962.169, 86.53904
5964.098, 85.91611
5966.026, 85.22417
5967.955, 86.87984
5969.883, 84.20942
5971.812, 85.82787
5973.740, 85.73431
5975.669, 86.42429
5977.597, 85.41754
5979.526, 84.93483
5981.454, 86.14948
5983.383, 86.42426
5985.311, 85.22219
5987.240, 85.96193
5989.168, 83.23225
5991.097, 83.54701
5993.025, 85.17551
5994.954, 84.05867
5996.882, 84.82957
5998.811, 84.88142
6000.739, 81.66629
6002.667, 84.13297
6004.596, 84.14234
6006.524, 81.62882
6008.453, 83.90073
6010.381, 81.73503
6012.310, 81.15321
6014.238, 81.76357
6016.167, 81.13112
6018.095, 82.45799
6020.023, 81.89744
6021.952, 81.16811
6023.880, 81.17487
6025.809, 79.09605
6027.737, 80.88626
6029.666, 80.03356
6031.594, 81.13478
6033.523, 83.27171
6035.451, 83.39320
6037.380, 81.43470
6039.308, 81.67966
6041.237, 81.84502
6043.165, 79.75330
6045.094, 81.26450
6047.022, 79.27298
6048.951, 78.58259
6050.879, 80.13979
6052.808, 82.30018
6054.736, 81.64806
6056.665, 80.22546
6058.593, 80.16436
6060.521, 80.65225
6062.450, 80.58390
6064.378, 81.51772
6066.307, 81.72387
6068.235, 79.40188
6070.164, 77.89619
6072.092, 79.47175
6074.021, 79.21164
6075.949, 79.30848
6077.877, 79.36271
6079.806, 78.64968
6081.734, 77.47083
6083.663, 78.87007
6085.591, 79.09302
6087.520, 77.68892
6089.448, 76.95752
6091.377, 77.88680
6093.305, 78.69736
6095.234, 77.07844
6097.162, 77.97697
6099.091, 79.11806
6101.019, 78.67827
6102.948, 77.29336
6104.876, 77.64922
6106.805, 78.41235
6108.733, 80.16240
6110.662, 81.11512
6112.590, 77.60777
6114.519, 78.34500
6116.447, 76.47051
6118.375, 75.63598
6120.304, 75.90269
6122.232, 74.90665
6124.161, 72.95752
6126.089, 73.66801
6128.018, 74.82820
6129.946, 74.58082
6131.875, 73.01431
6133.803, 73.82983
6135.731, 74.53885
6137.660, 73.36734
6139.588, 73.00801
6141.517, 74.07610
6143.445, 72.84821
6145.374, 73.24173
6147.302, 73.40723
6149.231, 74.22789
6151.159, 74.48457
6153.088, 71.94111
6155.016, 73.26295
6156.945, 73.44992
6158.873, 72.49960
6160.802, 72.44797
6162.730, 73.99329
6164.659, 73.64468
6166.587, 71.44779
6168.516, 71.34766
6170.444, 72.57975
6172.373, 73.10815
6174.301, 71.31067
6176.229, 72.52636
6178.158, 73.29509
6180.086, 72.41044
6182.015, 71.19588
6183.943, 71.03045
6185.872, 70.39478
6187.800, 69.96232
6189.729, 70.00231
6191.657, 70.14916
6193.585, 69.94804
6195.514, 69.16982
6197.442, 70.18637
6199.371, 70.14556
6201.299, 70.95093
6203.228, 71.73388
6205.156, 70.87856
6207.085, 69.29259
6209.013, 69.63806
6210.942, 69.89917
6212.870, 70.24974
6214.799, 70.42422
6216.727, 69.57817
6218.656, 69.96569
6220.584, 68.85974
6222.513, 68.19718
6224.441, 69.30692
6226.370, 70.99843
6228.298, 69.44791
6230.227, 67.02273
6232.155, 67.34252
6234.083, 68.78255
6236.012, 69.05656
6237.940, 67.63450
6239.869, 67.59790
6241.797, 67.25335
6243.726, 67.64500
6245.654, 67.82851
6247.583, 67.74049
6249.511, 68.23320
6251.439, 67.60139
6253.368, 67.34579
6255.296, 67.18305
6257.225, 67.83985
6259.153, 68.65926
6261.082, 67.20931
6263.010, 66.75686
6264.939, 66.12226
6266.867, 66.97008
6268.796, 66.61208
6270.724, 64.82841
6272.653, 68.90053
6274.581, 65.55341
6276.510, 64.53154
6278.438, 64.79949
6280.367, 64.98408
6282.295, 65.13908
6284.224, 66.26835
6286.152, 64.45442
6288.081, 64.95615
6290.009, 63.86029
6291.938, 62.98002
6293.866, 65.05898
6295.794, 65.07001
6297.723, 63.36333
6299.651, 65.21891
6301.580, 65.12882
6303.508, 63.61040
6305.437, 63.73518
6307.365, 63.53441
6309.293, 62.82964
6311.222, 62.57961
6313.150, 63.48693
6315.079, 64.39980
6317.007, 64.05553
6318.936, 62.90785
6320.864, 62.74396
6322.793, 63.20923
6324.721, 62.87047
6326.650, 61.90125
6328.578, 61.90326
6330.507, 64.47634
6332.435, 62.21706
6334.364, 59.38856
6336.292, 59.82330
6338.221, 61.67839
6340.149, 62.07424
6342.078, 60.29356
6344.006, 59.87928
6345.935, 61.69703
6347.863, 60.70007
6349.792, 60.97655
6351.720, 62.74064
6353.648, 60.77200
6355.577, 60.88075
6357.505, 61.73438
6359.434, 61.44695
6361.362, 60.31199
6363.291, 59.01384
6365.219, 58.11706
6367.147, 58.69883
6369.076, 58.43080
6371.004, 59.61668
6372.933, 58.61575
6374.861, 57.66039
6376.790, 58.79502
6378.718, 58.91992
6380.647, 57.22382
6382.575, 57.78487
6384.504, 59.36104
6386.432, 59.45044
6388.361, 58.94209
6390.289, 60.10179
6392.218, 59.58891
6394.146, 59.35914
6396.075, 59.58983
6398.003, 57.97071
6399.932, 56.51019
6401.860, 57.31303
6403.789, 58.95392
6405.717, 58.50380
6407.646, 57.88268
6409.574, 58.62268
6411.502, 58.58858
6413.431, 57.84646
6415.359, 57.89725
6417.288, 56.77609
6419.216, 55.69915
6421.145, 55.94876
6423.073, 56.42004
6425.001, 55.92329
6426.930, 55.61084
6428.858, 57.32576
6430.787, 56.83729
6432.715, 57.07091
6434.644, 57.74327
6436.572, 57.00901
6438.501, 55.50293
6440.429, 54.81379
6442.358, 55.47832
6444.286, 54.98230
6446.215, 54.98682
6448.143, 56.76652
6450.072, 56.47553
6452.000, 55.35343
6453.929, 55.72696
6455.857, 54.70891
6457.786, 54.74316
6459.714, 54.57677
6461.643, 54.35751
6463.571, 54.67086
6465.500, 54.70794
6467.428, 54.04626
6469.356, 54.37412
6471.285, 54.35290
6473.213, 52.70071
6475.142, 53.64337
6477.070, 54.21241
6478.999, 53.96534
6480.927, 54.40833
6482.855, 54.42166
6484.784, 53.44811
6486.712, 51.95173
6488.641, 53.06062
6490.569, 52.29121
6492.498, 51.00446
6494.426, 52.06453
6496.355, 53.08897
6498.283, 53.60665
6500.212, 51.87871
6502.140, 51.91787
6504.069, 51.71070
6505.997, 51.33644
6507.926, 51.43935
6509.854, 51.31666
6511.783, 52.16890
6513.711, 50.41172
6515.640, 52.48098
6517.568, 50.99070
6519.497, 50.14394
6521.425, 51.61127
6523.354, 51.47498
6525.282, 51.81974
6527.210, 50.19160
6529.139, 50.86267
6531.067, 50.31548
6532.996, 50.74547
6534.924, 50.55454
6536.853, 48.97396
6538.781, 50.23339
6540.709, 50.37797
6542.638, 49.98588
6544.566, 49.86340
6546.495, 49.93247
6548.423, 50.20518
6550.352, 50.25338
6552.280, 49.60816
6554.209, 48.73519
6556.137, 50.00389
6558.066, 49.17323
6559.994, 48.56657
6561.923, 47.98906
6563.851, 48.22903
6565.780, 48.71527
6567.708, 47.58525
6569.637, 47.07076
6571.565, 48.30924
6573.494, 46.01705
6575.422, 48.01852
6577.351, 49.13115
6579.279, 48.13559
6581.208, 47.65493
6583.136, 47.61693
6585.064, 46.21348
6586.993, 49.65250
6588.921, 46.08680
6590.850, 47.21648
6592.778, 45.50349
6594.707, 44.35004
6596.635, 48.00726
6598.563, 48.27078
6600.492, 48.46812
6602.420, 46.14626
6604.349, 45.72572
6606.277, 44.71510
6608.206, 45.62030
6610.134, 47.00877
6612.063, 46.51319
6613.991, 45.45966
6615.920, 46.89962
6617.848, 44.76787
6619.777, 46.96110
6621.705, 47.61666
6623.634, 46.28142
6625.562, 46.52262
6627.491, 46.99456
6629.419, 44.91719
##END=



