##NAMES=Mattheddleite
##RRUFFID=R070490
##IDEAL CHEMISTRY=Pb_5_(SiO_4_)_1.5_(SO_4_)_1.5_Cl
##LOCALITY=Dry Smale Gill, Roughton Gill, Caldbeck Fells, Cumbria (Cumberland), England, United Kingdom
##OWNER=RRUFF
##SOURCE=Bob Jenkins
##DESCRIPTION=Radial aggregates of colorless hexagonal prisms associated with elongated bladed striated blue-green caledonite and creamy yellow barite
##STATUS=The identification of this mineral has been confirmed only by single crystal X-ray diffraction
##URL=https://www.rruff.net/odr/rruff_sample/R070490
##DIFFRACTION SAMPLE DESCRIPTION=Single crystal, powder profile is calculated
##CELL PARAMETERS=a: 9.936 b: 9.936 c: 7.485 alpha: 90 beta: 90 gamma: 120 volume: 633.9 crystal system: hexagonal
##FILETYPE=Raman Processed
##RAMAN WAVELENGTH=785

313.0390, 2199.822
314.9675, 2203.772
316.8960, 2210.491
318.8244, 2220.661
320.7529, 2229.100
322.6814, 2230.080
324.6098, 2231.428
326.5383, 2239.496
328.4668, 2253.692
330.3952, 2274.210
332.3237, 2307.479
334.2522, 2320.966
336.1806, 2298.732
338.1091, 2291.115
340.0376, 2320.346
341.9660, 2354.252
343.8945, 2378.858
345.8230, 2392.197
347.7514, 2385.760
349.6799, 2365.196
351.6084, 2375.197
353.5368, 2423.475
355.4653, 2439.581
357.3938, 2404.485
359.3222, 2370.469
361.2507, 2361.397
363.1792, 2353.603
365.1076, 2335.418
367.0361, 2310.770
368.9646, 2282.106
370.8930, 2249.641
372.8215, 2221.469
374.7500, 2198.059
376.6784, 2167.385
378.6069, 2123.986
380.5354, 2082.489
382.4638, 2050.949
384.3923, 2016.347
386.3208, 1965.274
388.2492, 1913.159
390.1777, 1881.414
392.1062, 1862.475
394.0346, 1837.326
395.9631, 1805.763
397.8916, 1780.795
399.8200, 1766.676
401.7485, 1753.720
403.6770, 1736.520
405.6054, 1725.531
407.5339, 1722.155
409.4624, 1729.510
411.3908, 1751.221
413.3193, 1784.275
415.2478, 1826.851
417.1762, 1878.475
419.1047, 1929.039
421.0332, 1968.050
422.9616, 2033.288
424.8901, 2141.989
426.8186, 2245.116
428.7470, 2330.868
430.6755, 2407.791
432.6040, 2486.908
434.5324, 2554.031
436.4609, 2589.026
438.3894, 2599.028
440.3178, 2611.003
442.2463, 2625.231
444.1748, 2622.005
446.1032, 2601.311
448.0317, 2564.753
449.9602, 2507.875
451.8886, 2443.908
453.8171, 2374.830
455.7456, 2306.588
457.6740, 2242.526
459.6025, 2178.520
461.5310, 2106.090
463.4594, 2027.877
465.3879, 1959.979
467.3164, 1900.059
469.2448, 1846.894
471.1733, 1801.780
473.1018, 1763.162
475.0302, 1732.201
476.9587, 1705.970
478.8872, 1683.871
480.8156, 1657.599
482.7441, 1624.834
484.6726, 1599.336
486.6010, 1587.589
488.5295, 1579.658
490.4580, 1569.351
492.3864, 1556.063
494.3149, 1537.662
496.2434, 1514.729
498.1718, 1504.166
500.1003, 1510.833
502.0288, 1513.993
503.9572, 1518.801
505.8857, 1519.502
507.8142, 1510.368
509.7426, 1501.649
511.6711, 1500.252
513.5996, 1498.003
515.5281, 1485.491
517.4565, 1471.662
519.3850, 1470.161
521.3135, 1477.753
523.2419, 1475.128
525.1703, 1459.873
527.0988, 1438.735
529.0273, 1414.108
530.9557, 1389.771
532.8842, 1360.790
534.8127, 1330.813
536.7411, 1310.839
538.6696, 1293.560
540.5981, 1269.997
542.5266, 1240.617
544.4550, 1207.251
546.3835, 1178.287
548.3120, 1161.585
550.2404, 1153.206
552.1689, 1143.938
554.0974, 1135.279
556.0258, 1126.183
557.9543, 1111.178
559.8828, 1090.782
561.8112, 1073.494
563.7397, 1073.166
565.6682, 1086.570
567.5966, 1091.321
569.5251, 1083.688
571.4536, 1082.254
573.3820, 1091.071
575.3105, 1102.720
577.2390, 1112.075
579.1674, 1119.203
581.0959, 1131.295
583.0244, 1149.967
584.9528, 1171.098
586.8813, 1192.971
588.8098, 1217.867
590.7382, 1247.755
592.6667, 1280.883
594.5952, 1313.933
596.5236, 1342.310
598.4521, 1374.824
600.3806, 1417.682
602.3090, 1461.928
604.2375, 1493.182
606.1660, 1501.277
608.0944, 1493.037
610.0229, 1486.237
611.9514, 1482.599
613.8798, 1469.440
615.8083, 1437.131
617.7368, 1391.201
619.6652, 1344.942
621.5937, 1305.494
623.5222, 1263.562
625.4506, 1211.887
627.3791, 1160.089
629.3076, 1120.262
631.2360, 1089.847
633.1645, 1060.302
635.0930, 1031.068
637.0214, 1003.513
638.9499, 977.8514
640.8784, 960.9833
642.8068, 942.9127
644.7353, 921.1793
646.6638, 911.5826
648.5922, 913.2942
650.5207, 913.6140
652.4492, 908.6503
654.3776, 900.9005
656.3061, 892.2650
658.2346, 882.3298
660.1630, 872.8127
662.0915, 868.7171
664.0200, 870.8501
665.9484, 873.1415
667.8769, 869.9672
669.8054, 859.8806
671.7338, 858.2800
673.6623, 872.5560
675.5908, 877.1344
677.5192, 872.4310
679.4477, 871.4703
681.3762, 863.7169
683.3046, 850.9143
685.2331, 851.8743
687.1616, 863.4972
689.0900, 865.6672
691.0185, 854.8978
692.9470, 849.7150
694.8754, 855.2648
696.8039, 859.1329
698.7324, 858.1450
700.6608, 855.9730
702.5893, 852.3796
704.5178, 850.4781
706.4462, 852.0095
708.3747, 848.7378
710.3032, 841.6890
712.2316, 840.8260
714.1601, 839.1622
716.0886, 834.7578
718.0170, 833.5016
719.9455, 832.1504
721.8740, 831.2120
723.8024, 834.1031
725.7309, 838.5811
727.6594, 840.8602
729.5878, 838.3976
731.5163, 835.0679
733.4448, 834.9468
735.3732, 833.3120
737.3017, 830.3398
739.2302, 829.4828
741.1586, 831.9656
743.0871, 837.8403
745.0156, 841.0920
746.9440, 839.8015
748.8725, 840.2681
750.8010, 842.3074
752.7294, 843.7554
754.6579, 848.1213
756.5864, 856.4759
758.5148, 864.8528
760.4433, 871.8675
762.3718, 877.5555
764.3002, 885.9252
766.2287, 903.1139
768.1572, 919.2397
770.0856, 921.9424
772.0141, 920.2302
773.9426, 927.9795
775.8710, 943.8175
777.7995, 959.4488
779.7280, 974.6117
781.6564, 989.4662
783.5849, 1002.811
785.5134, 1016.041
787.4418, 1033.217
789.3703, 1063.798
791.2988, 1099.891
793.2272, 1118.604
795.1557, 1123.258
797.0842, 1133.513
799.0126, 1152.517
800.9411, 1188.655
802.8696, 1244.671
804.7980, 1290.697
806.7265, 1314.476
808.6550, 1338.713
810.5834, 1372.787
812.5119, 1424.477
814.4404, 1494.598
816.3688, 1549.443
818.2973, 1585.102
820.2258, 1632.727
822.1542, 1698.950
824.0827, 1751.880
826.0112, 1784.217
827.9396, 1812.037
829.8681, 1836.375
831.7966, 1862.348
833.7250, 1898.259
835.6535, 1921.158
837.5820, 1917.308
839.5104, 1911.896
841.4389, 1907.520
843.3674, 1907.769
845.2958, 1932.797
847.2243, 1944.029
849.1528, 1911.550
851.0812, 1875.520
853.0097, 1854.606
854.9382, 1839.872
856.8666, 1829.461
858.7951, 1817.106
860.7236, 1807.137
862.6520, 1788.305
864.5805, 1736.378
866.5090, 1678.838
868.4374, 1648.437
870.3659, 1628.768
872.2944, 1600.423
874.2228, 1569.226
876.1513, 1542.577
878.0798, 1518.724
880.0082, 1495.689
881.9367, 1473.083
883.8652, 1448.587
885.7936, 1425.313
887.7221, 1410.759
889.6506, 1400.707
891.5790, 1385.328
893.5075, 1368.381
895.4360, 1363.148
897.3644, 1363.411
899.2929, 1344.180
901.2214, 1312.181
903.1498, 1298.929
905.0783, 1301.444
907.0068, 1300.055
908.9352, 1293.468
910.8637, 1276.816
912.7922, 1254.385
914.7206, 1255.605
916.6491, 1277.036
918.5776, 1285.997
920.5060, 1282.706
922.4345, 1291.100
924.3630, 1313.313
926.2914, 1341.437
928.2199, 1375.497
930.1484, 1439.221
932.0768, 1533.290
934.0053, 1620.441
935.9338, 1701.686
937.8622, 1802.632
939.7907, 1926.961
941.7192, 2072.994
943.6476, 2241.558
945.5761, 2427.216
947.5046, 2621.988
949.4330, 2855.603
951.3615, 3131.431
953.2900, 3405.041
955.2184, 3670.837
957.1469, 3961.437
959.0754, 4273.757
961.0038, 4540.770
962.9323, 4770.200
964.8608, 4929.143
966.7892, 5021.329
968.7177, 4982.005
970.6462, 4823.067
972.5746, 4585.149
974.5031, 4265.750
976.4316, 3933.226
978.3600, 3570.694
980.2885, 3208.899
982.2170, 2855.012
984.1454, 2549.169
986.0739, 2296.554
988.0024, 2069.408
989.9308, 1868.761
991.8593, 1700.778
993.7878, 1565.016
995.7162, 1461.724
997.6447, 1395.777
999.5732, 1348.354
1001.502, 1314.268
1003.430, 1291.148
1005.359, 1274.497
1007.287, 1263.493
1009.216, 1261.755
1011.144, 1250.789
1013.072, 1227.219
1015.001, 1216.995
1016.929, 1217.583
1018.858, 1222.484
1020.786, 1237.589
1022.715, 1245.960
1024.643, 1242.343
1026.572, 1243.916
1028.500, 1247.019
1030.429, 1238.797
1032.357, 1230.332
1034.286, 1234.571
1036.214, 1236.953
1038.142, 1224.218
1040.071, 1212.571
1041.999, 1211.754
1043.928, 1210.311
1045.856, 1204.319
1047.785, 1195.390
1049.713, 1191.134
1051.642, 1199.755
1053.570, 1217.461
1055.499, 1228.654
1057.427, 1222.797
1059.356, 1206.813
1061.284, 1188.936
1063.213, 1172.792
1065.141, 1152.861
1067.069, 1133.012
1068.998, 1118.751
1070.926, 1109.124
1072.855, 1115.991
1074.783, 1130.156
1076.712, 1132.670
1078.640, 1131.770
1080.569, 1137.999
1082.497, 1134.474
1084.426, 1111.339
1086.354, 1095.824
1088.283, 1096.489
1090.211, 1098.220
1092.140, 1101.440
1094.068, 1099.202
1095.996, 1084.056
1097.925, 1068.520
1099.853, 1060.152
1101.782, 1055.957
1103.710, 1051.061
1105.639, 1037.495
1107.567, 1015.881
1109.496, 1005.189
1111.424, 1009.752
1113.353, 1007.324
1115.281, 993.1005
1117.210, 989.1543
1119.138, 995.1226
1121.067, 988.4193
1122.995, 975.7606
1124.923, 962.1306
1126.852, 941.3147
1128.780, 931.9445
1130.709, 934.9368
1132.637, 924.0278
1134.566, 904.5515
1136.494, 899.0695
1138.423, 901.1984
1140.351, 898.0141
1142.280, 889.8820
1144.208, 879.8871
1146.137, 870.8404
1148.065, 858.7475
1149.994, 845.5092
1151.922, 836.9769
1153.850, 830.6910
1155.779, 826.2001
1157.707, 823.7712
1159.636, 827.3259
1161.564, 825.4863
1163.493, 808.6245
1165.421, 788.0515
1167.350, 765.1012
1169.278, 749.6428
1171.207, 749.5748
1173.135, 750.5992
1175.064, 744.5934
1176.992, 737.3197
1178.921, 734.8524
1180.849, 732.0836
1182.777, 724.2905
1184.706, 726.5947
1186.634, 741.2985
1188.563, 737.1692
1190.491, 717.9962
1192.420, 710.7626
1194.348, 711.6174
1196.277, 719.4896
1198.205, 732.4473
1200.134, 739.8348
1202.062, 741.7830
1203.991, 738.4088
1205.919, 733.3712
1207.848, 730.7311
1209.776, 728.4961
1211.704, 725.7637
1213.633, 721.7552
1215.561, 715.4327
1217.490, 710.9892
1219.418, 707.5748
1221.347, 705.8325
1223.275, 710.6499
1225.204, 708.0349
1227.132, 693.0031
1229.061, 690.1889
1230.989, 701.0251
1232.918, 702.8120
1234.846, 696.7272
1236.775, 694.6360
1238.703, 693.0682
1240.631, 682.1326
1242.560, 670.2051
1244.488, 672.1595
1246.417, 677.4782
1248.345, 674.7486
1250.274, 674.1853
1252.202, 685.9858
1254.131, 691.6869
1256.059, 679.2157
1257.988, 668.9719
1259.916, 662.9861
1261.845, 666.6151
1263.773, 686.9391
1265.702, 688.9791
1267.630, 668.1994
1269.558, 662.6194
1271.487, 671.7058
1273.415, 665.4682
1275.344, 649.7236
1277.272, 646.2885
1279.201, 651.7428
1281.129, 664.5762
1283.058, 677.3134
1284.986, 681.1055
1286.915, 679.9225
1288.843, 674.7134
1290.772, 671.2881
1292.700, 674.5404
1294.629, 674.2319
1296.557, 663.6043
1298.485, 658.3720
1300.414, 660.5054
1302.342, 667.2744
1304.271, 679.2736
1306.199, 682.6055
1308.128, 678.6135
1310.056, 670.3188
1311.985, 663.9323
1313.913, 678.9204
1315.842, 697.5240
1317.770, 701.2430
1319.699, 698.4092
1321.627, 690.0383
1323.556, 685.9156
1325.484, 692.0080
1327.412, 698.0325
1329.341, 702.3950
1331.269, 703.0978
1333.198, 699.2953
1335.126, 693.9738
1337.055, 687.7651
1338.983, 690.1115
1340.912, 696.5142
1342.840, 691.0497
1344.769, 684.8044
1346.697, 699.1151
1348.626, 710.7580
1350.554, 698.7759
1352.483, 690.5001
1354.411, 698.3231
1356.339, 705.4391
1358.268, 708.1432
1360.196, 707.2222
1362.125, 702.7148
1364.053, 698.9229
1365.982, 695.7939
1367.910, 690.3775
1369.839, 686.9251
1371.767, 699.7758
1373.696, 713.1218
1375.624, 706.0980
1377.553, 698.7205
1379.481, 704.3978
1381.410, 705.7241
1383.338, 695.9201
1385.266, 696.2851
1387.195, 710.2214
1389.123, 706.5134
1391.052, 687.2029
1392.980, 678.8989
1394.909, 680.1065
1396.837, 693.3533
1398.766, 705.3821
1400.694, 698.7443
1402.623, 687.7451
1404.551, 681.0084
1406.480, 671.6942
1408.408, 654.6948
1410.337, 649.5964
1412.265, 658.8020
1414.193, 661.2750
1416.122, 657.1802
1418.050, 652.4612
1419.979, 648.6650
1421.907, 649.0493
1423.836, 650.6506
1425.764, 651.3274
1427.693, 651.1150
1429.621, 650.5023
1431.550, 648.2253
1433.478, 645.4312
1435.407, 632.0936
1437.335, 608.8932
1439.264, 616.1834
1441.192, 640.1026
1443.120, 634.0205
1445.049, 619.5353
1446.977, 623.3208
1448.906, 627.7709
1450.834, 618.3555
1452.763, 613.5665
1454.691, 624.3955
1456.620, 626.1473
1458.548, 616.2492
1460.477, 614.5919
1462.405, 618.3201
1464.334, 614.6923
1466.262, 607.6643
1468.191, 599.7869
1470.119, 595.7238
1472.047, 600.8986
1473.976, 604.3854
1475.904, 602.0817
1477.833, 600.3375
1479.761, 599.8583
1481.690, 597.6617
1483.618, 593.1277
1485.547, 580.0428
1487.475, 567.5419
1489.404, 568.0150
1491.332, 573.1807
1493.261, 579.2074
1495.189, 590.6843
1497.118, 612.4928
1499.046, 611.2008
1500.974, 586.1251
1502.903, 583.3008
1504.831, 593.8249
1506.760, 600.8885
1508.688, 601.9186
1510.617, 591.9896
1512.545, 578.2147
1514.474, 558.8586
1516.402, 557.4707
1518.331, 578.6790
1520.259, 581.3374
1522.188, 569.6664
1524.116, 570.4653
1526.045, 575.4316
1527.973, 573.1754
1529.901, 568.9173
1531.830, 563.0591
1533.758, 563.3112
1535.687, 571.9315
1537.615, 576.9481
1539.544, 576.8852
1541.472, 566.0941
1543.401, 554.2488
1545.329, 563.6699
1547.258, 572.6779
1549.186, 559.4188
1551.115, 552.9879
1553.043, 562.0465
1554.972, 564.4276
1556.900, 558.9547
1558.828, 548.7151
1560.757, 540.7131
1562.685, 554.0693
1564.614, 566.8519
1566.542, 556.2971
1568.471, 549.6385
1570.399, 556.6516
1572.328, 559.4849
1574.256, 557.1613
1576.185, 549.0054
1578.113, 539.6592
1580.042, 539.2845
1581.970, 539.4815
1583.899, 530.0347
1585.827, 527.1473
1587.755, 541.4866
1589.684, 542.5264
1591.612, 530.9225
1593.541, 519.8098
1595.469, 512.3140
1597.398, 515.1813
1599.326, 519.8071
1601.255, 521.4383
1603.183, 521.7753
1605.112, 519.5930
1607.040, 522.6754
1608.969, 530.0801
1610.897, 538.4675
1612.826, 543.7792
1614.754, 540.3470
1616.682, 534.0958
1618.611, 526.8516
1620.539, 519.8438
1622.468, 513.0711
1624.396, 509.4803
1626.325, 508.1249
1628.253, 505.9593
1630.182, 505.3193
1632.110, 510.3075
1634.039, 509.5511
1635.967, 497.5522
1637.896, 495.4791
1639.824, 502.3918
1641.753, 497.8701
1643.681, 491.3709
1645.609, 500.8722
1647.538, 506.8566
1649.466, 499.6198
1651.395, 495.3163
1653.323, 496.7054
1655.252, 505.2907
1657.180, 514.2007
1659.109, 501.0625
1661.037, 489.9416
1662.966, 504.6181
1664.894, 506.9521
1666.823, 488.4015
1668.751, 484.7267
1670.680, 492.1016
1672.608, 485.7166
1674.536, 475.9171
1676.465, 469.9579
1678.393, 474.0360
1680.322, 492.9413
1682.250, 492.1145
1684.179, 474.7693
1686.107, 475.5579
1688.036, 484.1550
1689.964, 491.4409
1691.893, 491.7150
1693.821, 480.6667
1695.750, 469.7086
1697.678, 460.3509
1699.607, 454.6035
1701.535, 455.8340
1703.464, 479.9370
1705.392, 493.2426
1707.320, 464.0368
1709.249, 457.5740
1711.177, 475.3843
1713.106, 469.9700
1715.034, 456.6133
1716.963, 464.4878
1718.891, 470.2027
1720.820, 455.8099
1722.748, 449.8527
1724.677, 454.2696
1726.605, 456.7040
1728.534, 456.6797
1730.462, 451.2182
1732.391, 448.0785
1734.319, 453.1284
1736.247, 456.5972
1738.176, 457.7215
1740.104, 452.8564
1742.033, 449.0131
1743.961, 460.0849
1745.890, 469.0462
1747.818, 467.9524
1749.747, 464.0952
1751.675, 458.4071
1753.604, 452.5116
1755.532, 447.0730
1757.461, 443.0576
1759.389, 439.3752
1761.318, 435.1515
1763.246, 435.4442
1765.174, 439.5208
1767.103, 445.7539
1769.031, 446.5661
1770.960, 428.6437
1772.888, 421.6679
1774.817, 434.6251
1776.745, 438.1895
1778.674, 434.8193
1780.602, 438.8637
1782.531, 437.7713
1784.459, 418.9338
1786.388, 411.3607
1788.316, 419.3209
1790.245, 418.4087
1792.173, 414.2050
1794.101, 421.3405
1796.030, 423.4518
1797.958, 413.0232
1799.887, 402.1992
1801.815, 394.7877
1803.744, 408.6754
1805.672, 423.2762
1807.601, 408.6389
1809.529, 402.9158
1811.458, 415.1256
1813.386, 412.6445
1815.315, 401.4490
1817.243, 400.6827
1819.172, 403.1384
1821.100, 407.1257
1823.028, 403.9991
1824.957, 394.5116
1826.885, 395.6747
1828.814, 397.9646
1830.742, 384.5901
1832.671, 378.1694
1834.599, 387.5586
1836.528, 388.7338
1838.456, 384.7908
1840.385, 385.6635
1842.313, 388.4240
1844.242, 395.3379
1846.170, 389.9513
1848.099, 373.2928
1850.027, 383.8047
1851.955, 400.0854
1853.884, 399.3517
1855.812, 394.6168
1857.741, 388.9417
1859.669, 380.4273
1861.598, 371.9484
1863.526, 369.0146
1865.455, 370.6953
1867.383, 380.6787
1869.312, 379.5888
1871.240, 368.9172
1873.169, 355.9720
1875.097, 350.2810
1877.026, 365.1462
1878.954, 367.0270
1880.882, 349.9358
1882.811, 353.3291
1884.739, 363.5890
1886.668, 364.0102
1888.596, 362.3595
1890.525, 360.0334
1892.453, 361.0815
1894.382, 364.0357
1896.310, 365.2384
1898.239, 363.1653
1900.167, 356.9632
1902.096, 354.5825
1904.024, 356.1313
1905.953, 363.3034
1907.881, 366.2578
1909.809, 358.5895
1911.738, 346.9042
1913.666, 335.0164
1915.595, 343.1863
1917.523, 351.0109
1919.452, 329.5992
1921.380, 320.6997
1923.309, 329.3240
1925.237, 334.1859
1927.166, 336.0339
1929.094, 333.6678
1931.023, 330.4804
1932.951, 327.6602
1934.880, 328.4329
1936.808, 331.9653
1938.736, 333.8434
1940.665, 329.2128
1942.593, 316.5324
1944.522, 318.9791
1946.450, 327.8306
1948.379, 321.8499
1950.307, 316.7910
1952.236, 322.1764
1954.164, 323.7337
1956.093, 321.3401
1958.021, 326.1476
1959.950, 329.5172
1961.878, 319.8506
1963.807, 317.9813
1965.735, 321.0008
1967.663, 325.3125
1969.592, 328.0812
1971.520, 323.5010
1973.449, 321.9339
1975.377, 319.4896
1977.306, 308.7126
1979.234, 303.6100
1981.163, 314.6122
1983.091, 312.6693
1985.020, 300.9568
1986.948, 298.7216
1988.877, 299.6232
1990.805, 300.3282
1992.734, 301.4678
1994.662, 303.9435
1996.590, 304.0988
1998.519, 303.1875
2000.447, 302.9711
2002.376, 302.5364
2004.304, 300.0453
2006.233, 296.2414
2008.161, 298.1404
2010.090, 305.8495
2012.018, 304.7313
2013.947, 300.7018
2015.875, 294.4315
2017.804, 293.6995
2019.732, 307.1335
2021.661, 304.9791
2023.589, 290.7141
2025.517, 286.5707
2027.446, 280.7328
2029.374, 267.8782
2031.303, 282.1707
2033.231, 299.1797
2035.160, 285.1716
2037.088, 278.4252
2039.017, 282.4810
2040.945, 275.7182
2042.874, 270.9053
2044.802, 287.6436
2046.731, 284.7554
2048.659, 266.9810
2050.587, 277.9338
2052.516, 289.9839
2054.444, 283.4977
2056.373, 282.2662
2058.301, 289.7320
2060.230, 289.2276
2062.158, 279.7042
2064.087, 263.1676
2066.015, 263.4881
2067.944, 272.5073
2069.872, 268.0768
2071.801, 263.4716
2073.729, 263.3355
2075.657, 262.6011
2077.586, 264.6541
2079.514, 270.3859
2081.443, 267.9531
2083.371, 254.7707
2085.300, 259.6837
2087.228, 265.4385
2089.157, 252.3857
2091.085, 247.3488
2093.014, 251.8177
2094.942, 256.4605
2096.871, 258.9309
2098.799, 255.7915
2100.728, 258.7091
2102.656, 263.8361
2104.584, 266.1298
2106.513, 263.2473
2108.441, 251.4105
2110.370, 246.3271
2112.298, 243.6311
2114.227, 238.7354
2116.155, 236.3431
2118.084, 234.5328
2120.012, 232.0106
2121.941, 232.7729
2123.869, 238.1172
2125.798, 241.7742
2127.726, 242.9258
2129.655, 240.4541
2131.583, 240.9687
2133.511, 243.6198
2135.440, 240.0801
2137.368, 234.1649
2139.297, 227.4171
2141.225, 226.5630
2143.154, 229.6228
2145.082, 227.1135
2147.011, 225.9694
2148.939, 231.0706
2150.868, 235.3901
2152.796, 237.5383
2154.725, 244.1030
2156.653, 240.9779
2158.582, 226.9201
2160.510, 212.4827
2162.438, 204.3191
2164.367, 214.3360
2166.295, 217.9758
2168.224, 216.7950
2170.152, 216.5916
2172.081, 217.1488
2174.009, 217.3788
2175.938, 205.3569
2177.866, 197.4478
2179.795, 206.1232
2181.723, 213.7241
2183.652, 217.6695
2185.580, 211.8073
2187.509, 205.4836
2189.437, 200.9854
2191.365, 200.5946
2193.294, 202.5175
2195.222, 206.0819
2197.151, 206.0501
2199.079, 203.1903
2201.008, 199.9428
2202.936, 199.4613
2204.865, 202.8161
2206.793, 200.7144
2208.722, 198.4905
2210.650, 201.8645
2212.579, 197.0247
2214.507, 187.7142
2216.436, 188.2487
2218.364, 192.3190
2220.292, 197.4225
2222.221, 195.6934
2224.149, 192.2526
2226.078, 191.4126
2228.006, 185.7838
2229.935, 179.4855
2231.863, 181.5536
2233.792, 186.1999
2235.720, 192.5853
2237.649, 191.3002
2239.577, 185.6111
2241.506, 177.8199
2243.434, 186.6902
2245.363, 198.7442
2247.291, 192.6477
2249.219, 187.7046
2251.148, 185.1217
2253.076, 179.0503
2255.005, 176.4384
2256.933, 181.3850
2258.862, 178.4795
2260.790, 173.9756
2262.719, 177.7460
2264.647, 181.3973
2266.576, 181.8064
2268.504, 182.6522
2270.433, 181.2688
2272.361, 176.3385
2274.290, 178.1882
2276.218, 180.6796
2278.146, 177.8614
2280.075, 173.0865
2282.003, 169.4586
2283.932, 169.5914
2285.860, 174.1315
2287.789, 179.7146
2289.717, 176.0253
2291.646, 172.4724
2293.574, 176.2259
2295.503, 179.7598
2297.431, 177.1701
2299.360, 170.5757
2301.288, 172.9619
2303.217, 176.5766
2305.145, 171.8785
2307.073, 169.1307
2309.002, 168.3576
2310.930, 163.8959
2312.859, 162.9259
2314.787, 165.1759
2316.716, 164.1123
2318.644, 164.5142
2320.573, 168.0554
2322.501, 167.3525
2324.430, 165.0361
2326.358, 167.5151
2328.287, 164.0747
2330.215, 155.3254
2332.144, 157.5008
2334.072, 158.0719
2336.000, 156.4857
2337.929, 156.1052
2339.857, 155.9508
2341.786, 155.3309
2343.714, 157.7542
2345.643, 158.2056
2347.571, 151.4986
2349.500, 152.6856
2351.428, 151.9050
2353.357, 143.4972
2355.285, 142.7939
2357.214, 147.8234
2359.142, 146.3244
2361.071, 146.2108
2362.999, 151.9974
2364.927, 138.8946
2366.856, 133.4601
2368.784, 140.2765
2370.713, 137.6523
2372.641, 136.8766
2374.570, 148.5999
2376.498, 141.2161
2378.427, 132.0779
2380.355, 139.4459
2382.284, 135.3819
2384.212, 127.8850
2386.141, 135.1754
2388.069, 135.7603
2389.998, 135.1031
2391.926, 140.3150
2393.854, 131.4763
2395.783, 124.0774
2397.711, 124.5095
2399.640, 123.5057
2401.568, 130.0334
2403.497, 139.4152
2405.425, 131.6627
2407.354, 120.6035
2409.282, 123.5031
2411.211, 133.2425
2413.139, 136.4179
2415.068, 132.3792
2416.996, 127.4944
2418.925, 125.2800
2420.853, 126.4691
2422.781, 122.5839
2424.710, 121.8568
2426.638, 123.5188
2428.567, 120.5582
2430.495, 120.3771
2432.424, 124.3941
2434.352, 125.4133
2436.281, 128.2370
2438.209, 128.6781
2440.138, 120.7783
2442.066, 114.4150
2443.995, 113.8553
2445.923, 120.1980
2447.852, 119.7239
2449.780, 116.8265
2451.708, 113.8197
2453.637, 110.8573
2455.565, 118.9401
2457.494, 123.1407
2459.422, 111.9966
2461.351, 111.2115
2463.279, 112.0751
2465.208, 104.9489
2467.136, 110.2812
2469.065, 113.2527
2470.993, 107.3091
2472.922, 106.7698
2474.850, 114.6573
2476.779, 115.8763
2478.707, 110.8827
2480.635, 105.0300
2482.564, 106.6233
2484.492, 111.6223
2486.421, 114.4048
2488.349, 107.7803
2490.278, 105.8636
2492.206, 110.2374
2494.135, 105.6239
2496.063, 101.2412
2497.992, 98.13708
2499.920, 95.10095
2501.849, 97.15060
2503.777, 102.6080
2505.706, 96.65074
2507.634, 97.17245
2509.563, 102.6177
2511.491, 98.52074
2513.419, 92.72321
2515.348, 87.36877
2517.276, 92.67396
2519.205, 96.05778
2521.133, 102.4165
2523.062, 98.49113
2524.990, 89.86750
2526.919, 87.49432
2528.847, 90.55549
2530.776, 94.07353
2532.704, 93.55167
2534.633, 89.53754
2536.561, 87.35233
2538.490, 83.92849
2540.418, 86.81670
2542.346, 88.20084
2544.275, 78.59096
2546.203, 78.25375
2548.132, 82.87144
2550.060, 86.81380
2551.989, 86.08765
2553.917, 86.32155
2555.846, 87.34456
2557.774, 81.58176
2559.703, 79.38733
2561.631, 82.65345
2563.560, 80.75024
2565.488, 79.46198
2567.417, 76.60528
2569.345, 80.30878
2571.273, 84.67497
2573.202, 83.67577
2575.130, 81.06683
2577.059, 79.58041
2578.987, 78.91354
2580.916, 77.89713
2582.844, 79.65800
2584.773, 85.03217
2586.701, 84.26028
2588.630, 81.89540
2590.558, 80.83891
2592.487, 82.27508
2594.415, 77.58025
2596.344, 68.57275
2598.272, 74.73395
2600.200, 74.00029
2602.129, 66.33308
2604.057, 69.04308
2605.986, 74.31113
2607.914, 78.63665
2609.843, 77.28436
2611.771, 70.93279
2613.700, 64.20326
2615.628, 66.57128
2617.557, 71.67097
2619.485, 74.67949
2621.414, 67.13782
2623.342, 66.04878
2625.271, 69.09816
2627.199, 71.33970
2629.127, 68.82166
2631.056, 66.44479
2632.984, 69.04655
2634.913, 72.30571
2636.841, 71.36359
2638.770, 63.39800
2640.698, 64.34914
2642.627, 65.59192
2644.555, 65.69695
2646.484, 63.50622
2648.412, 60.95010
2650.341, 61.35754
2652.269, 66.07579
2654.198, 67.15040
2656.126, 63.01870
2658.054, 65.35620
2659.983, 58.83193
2661.911, 52.65565
2663.840, 59.41395
2665.768, 57.33390
2667.697, 53.21080
2669.625, 55.26219
2671.554, 53.36795
2673.482, 52.09613
2675.411, 62.82765
2677.339, 63.63995
2679.268, 56.66680
2681.196, 49.64052
2683.125, 58.46991
2685.053, 59.86189
2686.981, 50.48877
2688.910, 53.96294
2690.838, 52.40117
2692.767, 50.72206
2694.695, 56.16541
2696.624, 53.93044
2698.552, 53.20313
2700.481, 56.19131
2702.409, 47.93387
2704.338, 42.49293
2706.266, 54.43027
2708.195, 54.35315
2710.123, 52.64762
2712.052, 54.36789
2713.980, 52.22243
2715.908, 53.69700
2717.837, 58.09256
2719.765, 57.26056
2721.694, 51.95155
2723.622, 50.34976
2725.551, 51.99106
2727.479, 49.14366
2729.408, 50.77736
2731.336, 53.42709
2733.265, 49.69967
2735.193, 49.14491
2737.122, 50.40591
2739.050, 45.55412
2740.979, 39.58250
2742.907, 40.17628
2744.835, 41.73624
2746.764, 44.72032
2748.692, 45.53893
2750.621, 43.20655
2752.549, 46.77739
2754.478, 52.64545
2756.406, 49.96933
2758.335, 46.38521
2760.263, 47.50970
2762.192, 43.46542
2764.120, 38.55068
2766.049, 38.10261
2767.977, 50.22493
2769.906, 49.72844
2771.834, 44.73043
2773.762, 45.27824
2775.691, 39.93600
2777.619, 43.45203
2779.548, 46.10913
2781.476, 38.76374
2783.405, 38.09873
2785.333, 44.16867
2787.262, 45.51713
2789.190, 37.74545
2791.119, 35.77146
2793.047, 40.61483
2794.976, 40.95171
2796.904, 41.18271
2798.833, 42.35493
2800.761, 37.71014
2802.689, 37.53048
2804.618, 40.17282
2806.546, 42.72554
2808.475, 42.20539
2810.403, 32.06820
2812.332, 25.36415
2814.260, 29.61707
2816.189, 28.90366
2818.117, 36.62348
2820.046, 36.91910
2821.974, 31.64285
2823.903, 32.00365
2825.831, 32.21253
2827.760, 38.09593
2829.688, 40.77910
2831.616, 37.66023
2833.545, 34.34675
2835.473, 30.16021
2837.402, 31.08822
2839.330, 31.17489
2841.259, 27.05705
2843.187, 28.30014
2845.116, 35.62762
2847.044, 40.37912
2848.973, 36.56624
2850.901, 26.72262
2852.830, 26.14808
2854.758, 25.25517
2856.687, 25.86574
2858.615, 29.37610
2860.543, 31.04673
2862.472, 27.55190
2864.400, 26.74008
2866.329, 27.27673
2868.257, 30.96676
2870.186, 31.88580
2872.114, 24.97207
2874.043, 23.93256
2875.971, 29.81163
2877.900, 30.03668
2879.828, 25.79567
2881.757, 24.99736
2883.685, 27.48438
2885.614, 25.52257
2887.542, 24.63179
2889.470, 24.99556
2891.399, 22.28105
2893.327, 21.48855
2895.256, 24.97034
2897.184, 30.13265
2899.113, 24.65304
2901.041, 26.40940
2902.970, 24.55230
2904.898, 21.70506
2906.827, 20.55840
2908.755, 18.59086
2910.684, 19.41638
2912.612, 18.59254
2914.541, 17.32748
2916.469, 17.60600
2918.397, 15.44763
2920.326, 13.89577
2922.254, 16.40289
2924.183, 23.15392
2926.111, 18.89553
2928.040, 15.71524
2929.968, 16.00011
2931.897, 25.33692
2933.825, 20.21729
2935.754, 14.92940
2937.682, 14.56091
2939.611, 19.74723
2941.539, 20.43263
2943.468, 19.00028
2945.396, 21.69894
2947.324, 21.25268
2949.253, 23.93324
2951.181, 23.04516
2953.110, 15.14663
2955.038, 14.44983
2956.967, 14.20549
2958.895, 12.78903
2960.824, 11.71229
2962.752, 15.42597
2964.681, 17.77734
2966.609, 14.17004
2968.538, 19.95506
2970.466, 17.83131
2972.395, 10.39211
2974.323, 16.55884
2976.251, 16.41737
2978.180, 14.08664
2980.108, 15.42535
2982.037, 21.89252
2983.965, 20.03274
2985.894, 15.63211
2987.822, 18.35571
2989.751, 17.38498
2991.679, 11.54948
2993.608, 8.137783
2995.536, 15.13568
2997.465, 14.28843
2999.393, 13.85967
3001.322, 16.20490
3003.250, 13.82884
3005.178, 12.69376
3007.107, 12.57847
3009.035, 12.44553
3010.964, 15.69544
3012.892, 15.43678
3014.821, 10.41509
3016.749, -0.8583742
3018.678, 4.419986
3020.606, 12.74012
3022.535, 17.73754
3024.463, 16.54699
3026.392, 13.41334
3028.320, 10.37315
3030.249, 8.432549
3032.177, 7.470575
3034.105, 10.59212
3036.034, 15.23598
3037.962, 20.09813
3039.891, 14.62409
3041.819, 10.08742
3043.748, 9.710792
3045.676, 15.77720
3047.605, 4.288606
3049.533, 7.385806
3051.462, 19.68418
3053.390, 14.39252
3055.319, 14.42733
3057.247, 11.57989
3059.176, 5.798093
3061.104, 10.61122
3063.032, 16.90394
3064.961, 18.51663
3066.889, 13.28141
3068.818, 17.10045
3070.746, 9.452449
3072.675, 0.2816027
3074.603, -2.144649
3076.532, 6.801735
3078.460, 8.083020
3080.389, 7.924621
3082.317, 15.34717
3084.246, 7.859706
3086.174, 3.268653
3088.103, 7.089022
3090.031, 18.17291
3091.959, 10.86497
3093.888, 2.710695
3095.816, 2.534051
3097.745, 8.063224
3099.673, -1.867588
3101.602, -4.738321
3103.530, 0.6629063
3105.459, 2.386732
3107.387, 1.800635
3109.316, 3.569620
3111.244, 5.004438
3113.173, 4.140193
3115.101, 6.202576
3117.030, 5.902883
3118.958, 4.020563
3120.886, 15.40662
3122.815, 4.187193
3124.743, 1.556294
3126.672, 6.487647
3128.600, -2.091233
3130.529, -3.933704
3132.457, 2.299862
3134.386, 9.656468
3136.314, 14.81720
3138.243, 10.85586
3140.171, 1.031686
3142.100, -3.554456
3144.028, 1.625416
3145.957, 5.753403
3147.885, 9.427998
3149.813, 10.20433
3151.742, 1.905637
3153.670, -0.9320737
3155.599, 0.6504630
3157.527, 2.879730
3159.456, 4.269545
3161.384, 5.389461
3163.313, 8.871921
3165.241, 11.18324
3167.170, 12.66014
3169.098, 16.20567
3171.027, 14.15257
3172.955, 9.055125
3174.884, 7.605943
3176.812, 1.243383
3178.740, -5.603170
3180.669, -5.706365
3182.597, 5.979945
3184.526, 7.000459
3186.454, 6.844050
3188.383, 7.772054
3190.311, 10.50080
3192.240, 6.609089
3194.168, 5.518835
3196.097, 7.282379
3198.025, 2.876803
3199.954, 5.443102
3201.882, 5.474331
3203.811, 5.536001
3205.739, 4.956450
3207.667, 0.7478590
3209.596, 3.627056
3211.524, 4.174026
3213.453, 2.397968
3215.381, -2.656217
3217.310, -2.701777
3219.238, 0.2005910
3221.167, 1.599793
3223.095, 4.129795
3225.024, 3.930110
3226.952, 4.749051
3228.881, 6.630893
3230.809, 6.851088
3232.738, -1.055055
3234.666, -3.204775
3236.594, 5.207049
3238.523, 13.28867
3240.451, 3.792980
3242.380, 1.276826
3244.308, 3.705374
3246.237, 7.226451
3248.165, 5.775990
3250.094, 4.091139
3252.022, 2.138630
3253.951, -9.1726951E-02
3255.879, 1.427211
3257.808, -1.763168
3259.736, 4.358829
3261.665, 7.080470
3263.593, 4.094506
3265.521, 11.62441
3267.450, 9.773016
3269.378, 5.795171
3271.307, 1.330353
3273.235, -2.050868
3275.164, 16.18291
3277.092, 20.42603
3279.021, 15.77045
3280.949, 9.624461
3282.878, 5.275077
3284.806, 4.144679
3286.735, 1.144029
3288.663, 2.010520
3290.592, 10.00531
3292.520, 7.955879
3294.448, 7.343577
3296.377, 9.211304
3298.305, 8.806191
3300.234, 0.1965169
3302.162, 2.039850
3304.091, -3.0668329E-02
3306.019, -3.834605
3307.948, -2.570868
3309.876, 4.616809
3311.805, 1.497280
3313.733, -2.098800
3315.662, -1.892565
3317.590, -0.1494441
3319.519, -2.157018
3321.447, -1.888588
3323.375, 4.159586
3325.304, 12.19133
3327.232, -1.147611
3329.161, 2.187384
3331.089, 7.908923
3333.018, 6.985694
3334.946, -0.3689959
3336.875, 2.070029
3338.803, -2.284213
3340.732, -4.203799
3342.660, 1.672938
3344.589, -8.234685
3346.517, -5.112767
3348.446, -5.120705
3350.374, -4.676935
3352.302, 5.580001
3354.231, -2.467763
3356.159, -2.391357
3358.088, -3.786423
3360.016, -3.278702
3361.945, 11.80148
3363.873, 7.756382
3365.802, -3.533844
3367.730, -6.246150
3369.659, 1.690681
3371.587, 2.650105
3373.516, -5.025756
3375.444, -6.184155
3377.373, -3.053654
3379.301, -1.880917
3381.229, 4.291852
3383.158, 2.527146
3385.086, -0.3087437
3387.015, -5.206065
3388.943, -14.76461
3390.872, -3.975726
3392.800, 4.709485
3394.729, 1.176333
3396.657, -7.022353
3398.586, -4.067809
3400.514, 0.4768561
3402.443, 3.147643
3404.371, 11.62809
3406.300, 15.04621
3408.228, -12.67789
3410.156, -0.8744777
3412.085, 1.252574
3414.013, -7.550215
3415.942, -14.21975
3417.870, -5.018966
3419.799, -5.756811
3421.727, 3.456561
3423.656, 6.209597
3425.584, -0.3522889
3427.513, 1.018065
3429.441, -2.525338
3431.370, -4.465541
3433.298, 3.121477
3435.227, 12.45954
3437.155, 3.712045
3439.083, -4.399996
3441.012, 8.185070
3442.940, 13.65521
3444.869, 3.237919
3446.797, -7.892092
3448.726, -15.54793
3450.654, -11.08195
3452.583, -10.76783
3454.511, -15.74715
3456.440, -13.62062
3458.368, 5.387176
3460.297, 1.201788
3462.225, -2.208936
3464.154, 2.555868
3466.082, 6.492601
3468.010, 0.8985155
3469.939, -1.710307
3471.867, -4.655174
3473.796, -4.718823
3475.724, 1.928236
3477.653, 11.64356
3479.581, 9.154885
3481.510, 4.348093
3483.438, 3.948897
3485.367, 7.314919
3487.295, 4.082971
3489.224, -2.988201
3491.152, -2.243328
3493.081, 1.656069
3495.009, 4.889983
3496.938, 8.675958
3498.866, -3.411475
3500.794, 2.771527
3502.723, 3.354510
3504.651, 0.4354016
3506.580, 9.352248
3508.508, 7.508932
3510.437, 11.27752
3512.365, 8.098643
3514.294, 5.731756
3516.222, 10.18150
3518.151, 12.28027
3520.079, 9.814078
3522.008, 1.991322
3523.936, 0.6860459
3525.865, 9.597749
3527.793, 20.58995
3529.721, 5.125103
3531.650, -0.2383334
3533.578, -0.7319872
3535.507, -1.507759
3537.435, -2.709482
3539.364, -0.5905655
3541.292, 2.374617
3543.221, -0.1175629
3545.149, 3.883660
3547.078, 11.91085
3549.006, 12.02825
3550.935, -4.985515
3552.863, 5.985921
3554.792, 3.113495
3556.720, 1.941353
3558.648, 11.19352
3560.577, 8.455635
3562.505, 2.934068
3564.434, -3.786562
3566.362, 7.086060
3568.291, 12.10568
3570.219, -3.352021
3572.148, 2.363971
3574.076, 8.376954
3576.005, 8.258288
3577.933, 1.240836
3579.862, 0.8043025
3581.790, 14.08788
3583.719, 6.638824
3585.647, 11.25607
3587.575, 2.029510
3589.504, 2.785448
3591.432, 12.85553
3593.361, 8.818318
3595.289, -0.8954085
3597.218, -1.918308
3599.146, -4.066459
3601.075, 0.5176604
3603.003, 6.071007
3604.932, -2.100659
3606.860, -2.809767
3608.789, -3.049737
3610.717, -2.334563
3612.646, 1.055346
3614.574, 1.186046
3616.502, -7.513762
3618.431, 0.3087383
3620.359, -5.420017
3622.288, -11.41175
3624.216, -6.392637
3626.145, 2.895856
3628.073, 3.103038
3630.002, -0.6040626
3631.930, 1.072214
3633.859, 1.384933
3635.787, 4.662550
3637.716, 5.509805
3639.644, -3.334116
3641.573, -10.32164
3643.501, -7.541353
3645.429, 1.365859
3647.358, 0.9295176
3649.286, -8.639000
3651.215, -14.38527
3653.143, 2.521829
3655.072, -4.534574
3657.000, -5.712674
3658.929, -3.986206
3660.857, -4.673016
3662.786, -8.203070
3664.714, -10.79685
3666.643, -1.016938
3668.571, -0.7151450
3670.500, 2.770447
3672.428, -7.101051
3674.356, -12.39342
3676.285, 7.867831
3678.213, -11.53135
3680.142, -15.28799
3682.070, -7.652050
3683.999, 2.234655
3685.927, 6.206344
3687.856, 4.120071
3689.784, 2.582262
3691.713, -5.890857
3693.641, -14.99326
3695.570, -15.77389
3697.498, -9.605403
3699.427, 0.5603161
3701.355, 9.424568
3703.283, 4.888358
3705.212, 1.009058
3707.140, -7.060510
3709.069, -8.636861
3710.997, -9.729018
3712.926, -9.907948
3714.854, -2.400839
3716.783, 2.125589
3718.711, 7.437071
3720.640, -7.561856
3722.568, -14.33472
3724.497, -10.86033
3726.425, -3.723184
3728.354, 5.481227
3730.282, -0.1580836
3732.210, 0.7336935
3734.139, -5.758337
3736.067, -7.819996
3737.996, -10.50749
3739.924, -14.60858
3741.853, -9.322356
3743.781, -1.203203
3745.710, -0.2225451
3747.638, 3.454530
3749.567, -9.120563
3751.495, -10.40736
3753.424, 1.276138
3755.352, -1.857105
3757.281, -2.867974
3759.209, -4.613451
3761.137, 1.898670
3763.066, -3.368029
3764.994, -6.828392
3766.923, -0.4413487
3768.851, 0.8960429
3770.780, -24.55177
3772.708, -22.41376
3774.637, -8.313715
3776.565, -6.872726
3778.494, -6.319180
3780.422, -6.272990
3782.351, -11.90905
3784.279, -17.34767
3786.208, -8.038002
3788.136, -1.721950
3790.064, -4.347775
3791.993, -4.579245
3793.921, -12.68472
3795.850, -18.42345
3797.778, -4.748400
3799.707, 5.747968
3801.635, -7.069097
3803.564, -5.998879
3805.492, -0.9275169
3807.421, -3.539129
3809.349, -3.690539
3811.278, -0.7812560
3813.206, -7.285080
3815.135, -13.48426
3817.063, -3.058196
3818.991, -12.61800
3820.920, -6.210758
3822.848, -4.039539
3824.777, -4.192819
3826.705, -2.815385
3828.634, -9.208951
3830.562, -3.067047
3832.491, 1.728400
3834.419, -1.222402
3836.348, 0.5483923
3838.276, -3.053041
3840.205, -0.2829895
3842.133, 3.048221
3844.062, -8.298014
3845.990, 8.587132
3847.918, -3.814835
3849.847, -5.874589
3851.775, -1.918783
3853.704, -4.443109
3855.632, -4.779080
3857.561, 4.796655
3859.489, 12.06556
3861.418, -4.900444
3863.346, -0.8726817
3865.275, -10.67500
3867.203, -1.642510
3869.132, 0.4442691
3871.060, -5.584063
3872.989, -6.403517
3874.917, -1.970057
3876.845, -3.631811
3878.774, -9.345448
3880.702, -3.066789
3882.631, -13.15091
3884.559, -13.81895
3886.488, -6.995780
3888.416, -3.630911
3890.345, 3.039488
3892.273, 1.238893
3894.202, -22.93094
3896.130, -2.057414
3898.059, 4.168952
3899.987, -11.24996
3901.916, -7.981451
3903.844, -7.264374
3905.772, -4.211729
3907.701, 5.644655
3909.629, 12.23793
3911.558, 5.913487
3913.486, -9.486616
3915.415, -4.405526
3917.343, -11.06752
3919.272, -1.681556
3921.200, -3.633884
3923.129, -6.761648
3925.057, -11.76698
3926.986, -8.284174
3928.914, 1.391888
3930.843, -15.23340
3932.771, 5.332108
3934.699, 4.259245
3936.628, -10.72126
3938.556, -14.75775
3940.485, -2.503045
3942.413, -8.771717
3944.342, -17.37774
3946.270, -12.33660
3948.199, -5.564747
3950.127, 5.918309
3952.056, -4.062214
3953.984, -3.224086
3955.913, -14.62572
3957.841, -3.327084
3959.770, 6.973078
3961.698, -2.761579
3963.626, -5.728607
3965.555, -3.019224
3967.483, -9.676196
3969.412, -4.025413
3971.340, -15.85341
3973.269, 5.514367
3975.197, 0.1902805
3977.126, -21.05749
3979.054, -13.71408
3980.983, -10.65679
3982.911, -16.87410
3984.840, -10.41370
3986.768, 4.101467
3988.697, 5.331833
3990.625, -0.6676401
3992.553, -3.541634
3994.482, -9.473131
3996.410, -12.94845
3998.339, 10.16054
4000.267, 1.385325
4002.196, -10.87503
4004.124, -13.99616
4006.053, -8.159505
4007.981, -6.346932
4009.910, -13.13303
4011.838, -8.751669
4013.767, -19.09766
4015.695, 6.295219
4017.624, -1.089413
4019.552, -13.94433
4021.480, -14.58688
4023.409, 0.2059041
4025.337, 4.243031
4027.266, 6.039086
4029.194, 9.600088
4031.123, 0.3360017
4033.051, -16.29428
4034.980, -13.10028
4036.908, -10.38953
4038.837, -14.89838
4040.765, -4.956038
4042.694, 5.972686
4044.622, 6.635316
4046.551, -1.270940
4048.479, -14.42370
4050.407, -15.83553
4052.336, -12.99587
4054.264, -12.19861
4056.193, -2.718951
4058.121, 9.025199
4060.050, 1.370458
4061.978, -0.6433944
4063.907, -11.38476
4065.835, -14.39718
4067.764, 6.843034
4069.692, -8.172707
4071.621, -1.735451
4073.549, -7.673819
4075.478, -7.419054
4077.406, -13.37802
4079.334, -8.439339
4081.263, 2.567162
4083.191, -7.803924
4085.120, -7.426270
4087.048, 2.373266
4088.977, -10.74301
4090.905, -16.68110
4092.834, -4.324986
4094.762, -1.859706
4096.690, -6.186837
4098.619, -4.010352
4100.547, -7.694829
4102.476, -1.157797
4104.404, 0.9914228
4106.333, 4.235294
4108.261, 1.660262
4110.190, -7.032804
4112.118, -6.335076
4114.047, -6.859239
4115.975, -6.3088578E-03
4117.904, -7.374028
4119.832, -7.925772
4121.761, -5.177198
4123.689, -0.1282917
4125.618, -4.482830
4127.546, -14.18771
4129.475, -1.587804
4131.403, -12.83603
4133.332, -1.677283
4135.260, 2.958357
4137.188, -7.816560
4139.117, -3.019435
4141.045, 1.262805
4142.974, -8.506474
4144.902, -7.872059
4146.831, -7.201203
4148.759, -3.153437
4150.688, -1.946705
4152.616, -11.43144
4154.544, -6.884749
4156.473, -8.383574
4158.401, -20.74866
4160.330, -3.504896
4162.258, -8.457208
4164.187, -15.63456
4166.115, -2.341701
4168.044, -1.404695
4169.972, 1.565722
4171.901, 0.4619960
4173.829, -1.696981
4175.758, -0.5619328
4177.686, -2.809021
4179.615, -3.458111
4181.543, -7.865376
4183.472, -16.51720
4185.400, 0.4696331
4187.329, -6.774487
4189.257, 0.7355401
4191.186, -4.863663
4193.114, -6.677795
4195.042, -18.28268
4196.971, -3.175730
4198.899, 2.454046
4200.828, -10.90241
4202.756, -12.11295
4204.685, -10.37110
4206.613, -3.944867
4208.542, 0.5192520
4210.470, -4.039752
4212.398, -8.890130
4214.327, -7.648267
4216.255, -17.20872
4218.184, -16.80014
4220.112, -5.913494
4222.041, -6.262621
4223.969, -6.029283
4225.898, -3.152241
4227.826, 0.6663141
4229.755, -8.754501
4231.683, 0.8747202
4233.612, -8.422862
4235.540, -7.591076
4237.469, 1.692186
4239.397, 2.652848
4241.326, -6.462897
4243.254, -11.50729
4245.183, 1.226893
4247.111, 3.769789
4249.040, 0.9362723
4250.968, -19.51583
4252.896, -13.93386
4254.825, -3.495581
4256.753, 5.910959
4258.682, 4.027467
4260.610, 2.105421
4262.539, -2.981070
4264.467, -0.2807068
4266.396, 1.817450
4268.324, -4.682923
4270.252, -4.063758
4272.181, -0.4945886
4274.109, -11.01168
4276.038, -9.640537
4277.966, -5.239559
4279.895, -10.67930
4281.823, -11.94104
4283.752, -10.00834
4285.680, -3.690429
4287.609, -11.70962
4289.537, -12.65082
4291.466, -1.129605
4293.394, -0.3861859
4295.323, -11.08645
4297.251, -12.24450
4299.180, -5.521210
4301.108, -9.668604
4303.037, -9.504602
4304.965, -4.463478
4306.894, -3.329865
4308.822, -5.293444
4310.750, -5.382710
4312.679, -3.339177
4314.607, -5.322549
4316.536, -2.916942
4318.464, -11.64215
4320.393, -3.383921
4322.321, -0.1678147
4324.250, 14.64567
4326.178, -13.94687
4328.106, -6.966153
4330.035, -7.538631
4331.963, -6.446819
4333.892, 11.08943
4335.820, 6.794163
4337.749, -12.25389
4339.677, -11.82545
4341.606, -1.070703
4343.534, -7.882816
4345.463, -8.663503
4347.391, -1.963175
4349.320, -14.22926
4351.248, -8.306012
4353.177, 3.005365
4355.105, 8.653250
4357.034, -18.16545
4358.962, -4.169017
4360.891, -13.76827
4362.819, -5.512735
##END=



