##NAMES=Meta-autunite
##RRUFFID=R060434
##IDEAL CHEMISTRY=Ca(UO_2_)_2_(PO_4_)_2_·6H_2_O
##LOCALITY=Hyverneresse, Creuse, France
##OWNER=RRUFF
##SOURCE=Michael Scott
##DESCRIPTION=Yellow thin tabular crystal
##STATUS=The identification of this mineral has been confirmed by X-ray diffraction and chemical analysis
##URL=https://www.rruff.net/odr/rruff_sample/R060434
##MEASURED CHEMISTRY=(Ca_0.88_Sr_0.10_)(UO_2_)_1.96_(PO_4_)_2.05_·3.60H_2_O
##DIFFRACTION SAMPLE DESCRIPTION=Single crystal, powder profile is calculated
##CELL PARAMETERS=a: 6.94 b: 6.94 c: 8.36 alpha: 90 beta: 90 gamma: 90 volume: 402.3 crystal system: tetragonal
##FILETYPE=Raman RAW
##RAMAN WAVELENGTH=780

195.7561, 663.8000
197.6846, 650.3030
199.6130, 631.5704
201.5415, 608.3411
203.4700, 579.2874
205.3984, 550.9078
207.3269, 521.2820
209.2554, 495.3275
211.1838, 475.2431
213.1123, 459.1498
215.0408, 445.9760
216.9692, 435.6133
218.8977, 425.7442
220.8262, 416.2863
222.7546, 407.4689
224.6831, 399.4412
226.6116, 392.0212
228.5400, 384.8452
230.4685, 379.0544
232.3970, 372.9409
234.3254, 369.2242
236.2539, 365.8131
238.1824, 362.6684
240.1108, 359.8310
242.0393, 356.9112
243.9678, 354.6275
245.8962, 354.0558
247.8247, 354.9081
249.7532, 354.6963
251.6816, 353.2184
253.6101, 352.0172
255.5386, 351.6263
257.4670, 351.3499
259.3955, 350.8862
261.3240, 350.3266
263.2524, 349.8143
265.1809, 349.3477
267.1094, 348.8253
269.0378, 348.0853
270.9663, 347.7881
272.8948, 348.8029
274.8232, 349.6384
276.7517, 349.0166
278.6802, 349.2333
280.6086, 349.0429
282.5371, 347.9130
284.4656, 347.7515
286.3940, 346.2614
288.3225, 344.0829
290.2510, 341.1674
292.1794, 337.8775
294.1079, 334.3613
296.0364, 330.7476
297.9648, 327.4440
299.8933, 324.5412
301.8218, 321.3827
303.7502, 317.4493
305.6787, 313.7729
307.6072, 310.5158
309.5356, 307.7316
311.4641, 305.5521
313.3926, 303.8785
315.3210, 302.5810
317.2495, 301.7344
319.1780, 300.9433
321.1064, 300.5336
323.0349, 299.6691
324.9634, 297.2699
326.8918, 294.9282
328.8203, 294.5869
330.7488, 295.6429
332.6772, 295.7500
334.6057, 294.3027
336.5342, 293.2379
338.4626, 292.7295
340.3911, 292.4917
342.3196, 292.3324
344.2480, 292.5068
346.1765, 293.2181
348.1050, 294.4070
350.0334, 295.8451
351.9619, 297.7512
353.8904, 299.3663
355.8188, 300.7844
357.7473, 301.7940
359.6758, 302.2523
361.6042, 302.3553
363.5327, 302.0428
365.4612, 301.5493
367.3896, 301.5737
369.3181, 302.1899
371.2466, 303.0689
373.1750, 304.2389
375.1035, 305.5456
377.0320, 307.1320
378.9604, 308.5612
380.8889, 309.7350
382.8174, 310.5172
384.7458, 310.7350
386.6743, 310.3822
388.6028, 309.1356
390.5313, 306.9624
392.4597, 304.1436
394.3882, 300.2320
396.3167, 296.5300
398.2451, 293.8154
400.1736, 291.4501
402.1021, 288.4839
404.0305, 285.2237
405.9590, 283.2857
407.8875, 282.6651
409.8159, 282.7163
411.7444, 283.8140
413.6729, 284.4366
415.6013, 283.4434
417.5298, 282.4685
419.4583, 282.7196
421.3867, 283.5294
423.3152, 283.6530
425.2437, 283.1844
427.1721, 282.6722
429.1006, 282.0520
431.0291, 281.9327
432.9575, 283.2527
434.8860, 283.9505
436.8145, 282.9740
438.7429, 281.5386
440.6714, 280.7637
442.5999, 280.2956
444.5283, 279.2128
446.4568, 277.5937
448.3853, 276.4115
450.3137, 275.9776
452.2422, 275.3678
454.1707, 274.3504
456.0991, 273.2001
458.0276, 271.9204
459.9561, 270.6244
461.8845, 269.5048
463.8130, 268.4238
465.7415, 267.0614
467.6699, 265.4129
469.5984, 263.8411
471.5269, 262.0084
473.4553, 261.0257
475.3838, 261.8294
477.3123, 262.3599
479.2407, 261.4369
481.1692, 260.2231
483.0977, 259.6960
485.0261, 259.6404
486.9546, 259.7192
488.8831, 259.9398
490.8115, 260.0943
492.7400, 260.2370
494.6685, 260.2062
496.5969, 259.5595
498.5254, 259.3983
500.4539, 260.5359
502.3823, 261.7963
504.3108, 262.3927
506.2393, 262.5457
508.1677, 262.4459
510.0962, 262.1241
512.0247, 262.2272
513.9531, 263.0002
515.8816, 263.4567
517.8101, 263.5265
519.7385, 263.4065
521.6670, 262.9411
523.5955, 262.6258
525.5239, 262.5167
527.4524, 262.8942
529.3809, 264.5944
531.3093, 264.6116
533.2378, 267.5150
535.1663, 266.1190
537.0947, 266.0023
539.0232, 267.2521
540.9517, 269.3821
542.8801, 273.1080
544.8086, 275.8255
546.7371, 276.2946
548.6655, 275.6088
550.5940, 273.9608
552.5225, 271.7516
554.4509, 269.3590
556.3794, 266.8354
558.3079, 264.2365
560.2363, 261.5827
562.1648, 259.6228
564.0933, 258.5775
566.0217, 257.1091
567.9502, 254.3612
569.8787, 252.2843
571.8071, 251.7122
573.7356, 251.6507
575.6641, 251.7689
577.5925, 251.9277
579.5210, 251.9336
581.4495, 251.8433
583.3779, 251.5902
585.3064, 251.2910
587.2349, 252.1031
589.1633, 254.3670
591.0918, 255.9666
593.0203, 255.9075
594.9487, 256.3788
596.8772, 258.1542
598.8057, 260.0612
600.7341, 261.7739
602.6626, 263.2295
604.5911, 264.2592
606.5195, 265.0548
608.4480, 265.9246
610.3765, 266.8192
612.3049, 267.4914
614.2334, 267.8949
616.1619, 268.6775
618.0903, 270.2708
620.0188, 271.3902
621.9473, 271.4802
623.8757, 271.8380
625.8042, 273.2797
627.7327, 274.3960
629.6611, 274.3680
631.5896, 273.7586
633.5181, 273.1818
635.4465, 272.2937
637.3750, 270.0252
639.3035, 269.6447
641.2319, 265.6080
643.1604, 267.0402
645.0889, 266.7486
647.0173, 263.9094
648.9458, 261.4557
650.8743, 259.4887
652.8027, 257.9889
654.7312, 257.2963
656.6597, 256.4537
658.5881, 255.0927
660.5166, 253.2500
662.4451, 250.5950
664.3735, 247.7854
666.3020, 245.8145
668.2305, 244.2982
670.1589, 242.0968
672.0874, 239.2652
674.0159, 236.6039
675.9443, 234.0610
677.8728, 232.2695
679.8013, 231.3236
681.7297, 230.8894
683.6582, 231.3112
685.5867, 231.0152
687.5151, 228.7811
689.4436, 226.8119
691.3721, 225.7403
693.3005, 225.5953
695.2290, 227.2900
697.1575, 229.1793
699.0859, 228.9495
701.0144, 227.6057
702.9429, 227.3509
704.8713, 227.9858
706.7998, 228.4041
708.7283, 228.6450
710.6567, 229.4081
712.5852, 230.8123
714.5137, 231.7573
716.4421, 231.8845
718.3706, 232.1590
720.2991, 232.8259
722.2275, 233.6358
724.1560, 234.4271
726.0845, 235.5065
728.0129, 237.2355
729.9414, 239.0506
731.8699, 240.4174
733.7983, 241.7311
735.7268, 243.6555
737.6553, 245.7214
739.5837, 246.5892
741.5122, 249.5963
743.4407, 249.9514
745.3691, 254.9829
747.2976, 258.9601
749.2261, 261.6012
751.1545, 264.1183
753.0830, 265.7353
755.0115, 269.3737
756.9399, 276.4054
758.8684, 283.3042
760.7969, 288.5351
762.7253, 295.3109
764.6538, 304.2592
766.5823, 315.3884
768.5107, 327.9258
770.4392, 343.5531
772.3677, 363.4628
774.2961, 387.1214
776.2246, 413.1207
778.1531, 443.0304
780.0815, 479.7254
782.0100, 521.9384
783.9385, 565.9341
785.8669, 612.1566
787.7954, 662.5451
789.7239, 716.8521
791.6523, 780.9998
793.5808, 852.1955
795.5093, 948.3324
797.4377, 1067.667
799.3662, 1223.205
801.2947, 1427.222
803.2231, 1629.574
805.1516, 1837.823
807.0801, 1990.743
809.0085, 2065.051
810.9370, 2089.178
812.8655, 2047.175
814.7939, 2000.501
816.7224, 1968.855
818.6509, 1954.554
820.5793, 1968.865
822.5078, 1990.703
824.4363, 2006.523
826.3647, 2013.484
828.2932, 2010.012
830.2217, 1993.828
832.1501, 1970.524
834.0786, 1928.149
836.0071, 1834.752
837.9355, 1691.279
839.8640, 1493.282
841.7925, 1250.808
843.7209, 1023.935
845.6494, 816.3670
847.5779, 649.5497
849.5063, 525.6029
851.4348, 432.7328
853.3633, 372.2499
855.2917, 328.4564
857.2202, 302.4666
859.1487, 282.7932
861.0771, 269.3796
863.0056, 258.6413
864.9341, 250.6081
866.8625, 244.0273
868.7910, 238.5943
870.7195, 234.6426
872.6479, 233.2684
874.5764, 232.0001
876.5049, 229.3032
878.4333, 226.9143
880.3618, 226.0915
882.2903, 225.6740
884.2188, 224.8223
886.1472, 223.9732
888.0757, 223.9216
890.0042, 223.6888
891.9326, 221.6365
893.8611, 219.2925
895.7896, 218.7050
897.7180, 219.0408
899.6465, 218.9580
901.5750, 218.6515
903.5034, 218.5330
905.4319, 218.5971
907.3604, 218.8647
909.2888, 219.2990
911.2173, 219.4348
913.1458, 220.8779
915.0742, 222.2642
917.0027, 223.9709
918.9312, 226.4492
920.8596, 228.2072
922.7881, 230.9859
924.7166, 234.7910
926.6450, 239.5871
928.5735, 245.3496
930.5020, 252.0108
932.4304, 259.2395
934.3589, 269.7880
936.2874, 284.0030
938.2158, 300.3304
940.1443, 318.0374
942.0728, 340.5663
944.0012, 367.4622
945.9297, 403.8402
947.8582, 449.4308
949.7866, 509.9727
951.7151, 586.1481
953.6436, 681.0648
955.5720, 802.5170
957.5005, 924.1141
959.4290, 1046.649
961.3574, 1149.273
963.2859, 1221.074
965.2144, 1281.276
967.1428, 1318.233
969.0713, 1372.725
970.9998, 1450.579
972.9282, 1557.023
974.8567, 1702.626
976.7852, 1864.088
978.7136, 2050.057
980.6421, 2223.938
982.5706, 2377.456
984.4990, 2503.500
986.4275, 2608.598
988.3560, 2670.755
990.2844, 2669.768
992.2129, 2635.043
994.1414, 2565.310
996.0698, 2491.508
997.9983, 2423.617
999.9268, 2369.196
1001.855, 2342.023
1003.784, 2317.638
1005.712, 2288.815
1007.641, 2244.899
1009.569, 2184.481
1011.498, 2098.817
1013.426, 1977.826
1015.354, 1834.679
1017.283, 1669.737
1019.211, 1498.526
1021.140, 1323.512
1023.068, 1158.211
1024.997, 1008.662
1026.925, 877.6158
1028.854, 768.0791
1030.782, 676.6675
1032.711, 604.0374
1034.639, 544.2362
1036.568, 495.0143
1038.496, 454.0699
1040.425, 421.3118
1042.353, 394.1847
1044.281, 372.3202
1046.210, 353.5587
1048.138, 336.5225
1050.067, 321.8546
1051.995, 310.6647
1053.924, 301.0916
1055.852, 292.0019
1057.781, 283.9034
1059.709, 277.1073
1061.638, 271.4438
1063.566, 267.1919
1065.495, 263.5569
1067.423, 260.4686
1069.352, 257.3124
1071.280, 253.3332
1073.208, 249.7190
1075.137, 246.9984
1077.065, 244.9796
1078.994, 244.3777
1080.922, 243.2293
1082.851, 239.8303
1084.779, 236.7571
1086.708, 236.0962
1088.636, 234.6314
1090.565, 230.1244
1092.493, 225.9757
1094.422, 223.6706
1096.350, 221.6112
1098.279, 219.1538
1100.207, 217.0074
1102.135, 215.8210
1104.064, 214.2135
1105.992, 211.4191
1107.921, 208.8847
1109.849, 207.2178
1111.778, 205.3274
1113.706, 202.6771
1115.635, 200.4324
1117.563, 199.2774
1119.492, 197.5059
1121.420, 194.3399
1123.349, 191.8207
1125.277, 189.4681
1127.206, 189.5052
1129.134, 194.9818
1131.063, 194.7468
1132.991, 185.7796
1134.919, 179.2762
1136.848, 175.7612
1138.776, 173.6651
1140.705, 173.4473
1142.633, 172.0568
1144.562, 169.3768
1146.490, 166.6573
1148.419, 163.9025
1150.347, 161.9472
1152.276, 159.6625
1154.204, 157.5310
1156.133, 155.9361
1158.061, 153.8522
1159.990, 152.3101
1161.918, 151.2369
1163.846, 150.4224
1165.775, 149.3107
1167.703, 148.0455
1169.632, 146.8316
1171.560, 145.7676
1173.489, 145.2730
1175.417, 144.7627
1177.346, 143.2007
1179.274, 141.5982
1181.203, 140.9353
1183.131, 140.7008
1185.060, 140.8588
1186.988, 140.7630
1188.917, 139.6573
1190.845, 138.6913
1192.773, 138.4564
1194.702, 138.4275
1196.630, 138.6842
1198.559, 138.5751
1200.487, 137.5715
1202.416, 137.1417
1204.344, 137.8538
1206.273, 138.2890
1208.201, 138.1440
1210.130, 138.0685
1212.058, 138.1842
1213.987, 137.9347
1215.915, 138.1403
1217.844, 137.3448
1219.772, 138.1656
1221.700, 138.2780
1223.629, 137.7185
1225.557, 137.0978
1227.486, 136.4366
1229.414, 135.5915
1231.343, 134.8043
1233.271, 134.6065
1235.200, 134.8905
1237.128, 135.8622
1239.057, 136.7892
1240.985, 136.5869
1242.914, 136.1970
1244.842, 136.7171
1246.771, 137.0040
1248.699, 136.1459
1250.627, 135.0370
1252.556, 133.7281
1254.484, 132.9597
1256.413, 133.1681
1258.341, 133.5992
1260.270, 134.3062
1262.198, 134.7038
1264.127, 134.7812
1266.055, 134.2412
1267.984, 134.4663
1269.912, 134.0252
1271.841, 133.7344
1273.769, 133.4118
1275.698, 131.8502
1277.626, 131.6320
1279.554, 132.4645
1281.483, 133.9072
1283.411, 135.2765
1285.340, 134.8856
1287.268, 134.0700
1289.197, 134.6707
1291.125, 135.3701
1293.054, 134.8941
1294.982, 134.4680
1296.911, 134.7869
1298.839, 135.1110
1300.768, 135.1837
1302.696, 135.2833
1304.625, 135.5968
1306.553, 135.0773
1308.481, 135.5980
1310.410, 135.5341
1312.338, 135.5604
1314.267, 135.7485
1316.195, 135.6133
1318.124, 135.4335
1320.052, 135.1634
1321.981, 134.7938
1323.909, 133.8607
1325.838, 133.3678
1327.766, 133.1497
1329.695, 133.2726
1331.623, 133.2280
1333.552, 132.2614
1335.480, 131.6272
1337.408, 132.2999
1339.337, 132.7289
1341.265, 132.3033
1343.194, 132.0720
1345.122, 132.1693
1347.051, 132.3547
1348.979, 132.6428
1350.908, 132.1529
1352.836, 131.0376
1354.765, 130.5332
1356.693, 130.5063
1358.622, 130.7570
1360.550, 131.0022
1362.479, 130.7764
1364.407, 130.4595
1366.335, 130.1274
1368.264, 130.2423
1370.192, 131.5371
1372.121, 132.2550
1374.049, 131.4694
1375.978, 131.0534
1377.906, 131.5711
1379.835, 131.4193
1381.763, 130.4136
1383.692, 130.3465
1385.620, 131.0472
1387.549, 131.3936
1389.477, 131.4174
1391.406, 130.9725
1393.334, 130.4903
1395.262, 130.6132
1397.191, 130.7823
1399.119, 130.6297
1401.048, 130.3912
1402.976, 130.0451
1404.905, 130.1205
1406.833, 130.9488
1408.762, 130.3030
1410.690, 127.9370
1412.619, 127.1216
1414.547, 127.7788
1416.476, 128.1414
1418.404, 128.4016
1420.333, 129.2449
1422.261, 129.0319
1424.189, 129.4528
1426.118, 128.7243
1428.046, 128.5487
1429.975, 128.1198
1431.903, 126.9494
1433.832, 126.1113
1435.760, 125.7082
1437.689, 126.4725
1439.617, 128.2236
1441.546, 127.4654
1443.474, 128.2736
1445.403, 126.2172
1447.331, 128.0348
1449.260, 127.4125
1451.188, 126.3394
1453.116, 126.4225
1455.045, 126.6632
1456.973, 126.3295
1458.902, 126.6537
1460.830, 128.4977
1462.759, 129.0445
1464.687, 128.1476
1466.616, 127.6435
1468.544, 127.3210
1470.473, 125.7962
1472.401, 124.0264
1474.330, 123.3692
1476.258, 123.3713
1478.187, 124.0453
1480.115, 124.5672
1482.043, 124.4326
1483.972, 124.6237
1485.900, 125.6213
1487.829, 125.2551
1489.757, 125.2849
1491.686, 125.4948
1493.614, 124.6967
1495.543, 125.1538
1497.471, 125.0733
1499.400, 124.2756
1501.328, 123.4842
1503.257, 123.0759
1505.185, 122.6840
1507.114, 122.1734
1509.042, 121.8804
1510.970, 121.8480
1512.899, 122.1338
1514.827, 122.5436
1516.756, 122.1449
1518.684, 122.3656
1520.613, 121.8484
1522.541, 122.1919
1524.470, 121.8730
1526.398, 121.6541
1528.327, 121.8284
1530.255, 121.5016
1532.184, 120.5939
1534.112, 120.9164
1536.041, 120.3033
1537.969, 121.2319
1539.897, 119.9771
1541.826, 120.3832
1543.754, 120.9279
1545.683, 120.1492
1547.611, 119.9117
1549.540, 121.1273
1551.468, 121.6725
1553.397, 121.3905
1555.325, 120.7959
1557.254, 120.1128
1559.182, 120.3042
1561.111, 120.4867
1563.039, 119.1822
1564.968, 118.1634
1566.896, 118.8278
1568.824, 119.3172
1570.753, 118.8154
1572.681, 119.1731
1574.610, 120.3609
1576.538, 121.1946
1578.467, 121.5303
1580.395, 120.5395
1582.324, 119.5930
1584.252, 120.1044
1586.181, 120.2390
1588.109, 118.9224
1590.038, 118.5677
1591.966, 119.7278
1593.895, 120.1590
1595.823, 120.1302
1597.751, 120.7478
1599.680, 121.6433
1601.608, 122.7990
1603.537, 123.1577
1605.465, 121.7960
1607.394, 121.3321
1609.322, 122.3845
1611.251, 123.1775
1613.179, 123.5682
1615.108, 123.2485
1617.036, 122.8211
1618.965, 123.1295
1620.893, 123.9720
1622.822, 125.7913
1624.750, 126.5586
1626.678, 125.7853
1628.607, 125.2685
1630.535, 125.0672
1632.464, 124.4202
1634.392, 123.8181
1636.321, 124.5168
1638.249, 124.9314
1640.178, 123.6422
1642.106, 122.5983
1644.035, 122.1881
1645.963, 121.6998
1647.892, 121.0930
1649.820, 120.2963
1651.749, 119.5344
1653.677, 119.3926
1655.605, 118.9592
1657.534, 117.1856
1659.462, 116.0773
1661.391, 116.1050
1663.319, 115.8304
1665.248, 115.2178
1667.176, 113.8623
1669.105, 112.6400
1671.033, 112.7870
1672.962, 112.9641
1674.890, 112.4994
1676.819, 112.0461
1678.747, 111.7035
1680.676, 110.9017
1682.604, 110.4607
1684.532, 109.5602
1686.461, 109.3418
1688.389, 108.7319
1690.318, 108.2861
1692.246, 108.2233
1694.175, 108.3207
1696.103, 108.4562
1698.032, 106.8480
1699.960, 107.5794
1701.889, 106.3687
1703.817, 107.6637
1705.746, 107.4170
1707.674, 106.8578
1709.603, 106.2083
1711.531, 105.6412
1713.459, 105.1688
1715.388, 104.8172
1717.316, 104.5798
1719.245, 104.7718
1721.173, 104.3074
1723.102, 102.7787
1725.030, 102.2492
1726.959, 102.6854
1728.887, 102.8261
1730.816, 102.7970
1732.744, 102.9318
1734.673, 102.6933
1736.601, 101.6594
1738.530, 100.7447
1740.458, 100.0965
1742.386, 100.7734
1744.315, 101.9004
1746.243, 101.9184
1748.172, 101.5542
1750.100, 101.2167
1752.029, 100.6661
1753.957, 99.84467
1755.886, 99.27513
1757.814, 99.07471
1759.743, 99.92863
1761.671, 100.5373
1763.600, 99.82700
1765.528, 98.81009
1767.457, 97.49828
1769.385, 96.83452
1771.313, 96.83101
1773.242, 98.10266
1775.170, 99.18692
1777.099, 98.88432
1779.027, 98.15439
1780.956, 96.83310
1782.884, 98.45313
1784.813, 97.52529
1786.741, 100.0372
1788.670, 97.62073
1790.598, 97.47066
1792.527, 97.65191
1794.455, 97.69643
1796.384, 97.56911
1798.312, 97.29057
1800.240, 95.95766
1802.169, 96.05710
1804.097, 101.0508
1806.026, 104.0722
1807.954, 103.6070
1809.883, 100.5864
1811.811, 96.54245
1813.740, 95.57815
1815.668, 95.51225
1817.597, 94.62780
1819.525, 94.29236
1821.454, 94.70098
1823.382, 94.16453
1825.311, 93.18208
1827.239, 93.10274
1829.167, 93.13719
1831.096, 92.67490
1833.024, 92.43171
1834.953, 92.44250
1836.881, 91.93101
1838.810, 91.34249
1840.738, 91.67951
1842.667, 91.80554
1844.595, 90.90432
1846.524, 90.25549
1848.452, 89.87559
1850.381, 89.38905
1852.309, 89.01723
1854.238, 89.04298
1856.166, 89.21922
1858.094, 88.71366
1860.023, 88.46073
1861.951, 88.00443
1863.880, 87.37247
1865.808, 87.12516
1867.737, 86.45422
1869.665, 87.10005
1871.594, 86.04472
1873.522, 86.03752
1875.451, 86.40184
1877.379, 85.72227
1879.308, 84.96655
1881.236, 84.46760
1883.165, 84.36425
1885.093, 84.60446
1887.021, 84.97937
1888.950, 85.18136
1890.878, 84.88161
1892.807, 84.24410
1894.735, 83.26492
1896.664, 83.86987
1898.592, 85.07467
1900.521, 84.21740
1902.449, 83.62639
1904.378, 84.63354
1906.306, 84.24902
1908.235, 82.60487
1910.163, 83.12491
1912.092, 83.71995
1914.020, 81.29978
1915.948, 80.18394
1917.877, 81.13840
1919.805, 81.70725
1921.734, 81.85041
1923.662, 81.94005
1925.591, 81.35927
1927.519, 81.12184
1929.448, 80.84492
1931.376, 80.15638
1933.305, 80.29966
1935.233, 80.14067
1937.162, 80.14941
1939.090, 80.27581
1941.019, 80.50560
1942.947, 80.90286
1944.875, 81.26254
1946.804, 81.48893
1948.732, 81.22380
1950.661, 80.97193
1952.589, 79.76370
1954.518, 79.84513
1956.446, 79.03043
1958.375, 78.33794
1960.303, 78.35444
1962.232, 78.12050
1964.160, 77.70979
1966.089, 77.79021
1968.017, 78.28087
1969.946, 79.49020
1971.874, 79.14536
1973.802, 79.28986
1975.731, 79.51374
1977.659, 78.64079
1979.588, 79.09307
1981.516, 78.83961
1983.445, 77.88643
1985.373, 77.53091
1987.302, 77.48520
1989.230, 77.28491
1991.159, 77.03294
1993.087, 76.73465
1995.016, 77.29208
1996.944, 78.16658
1998.873, 78.52568
2000.801, 77.86238
2002.729, 77.57581
2004.658, 75.34461
2006.586, 75.70789
2008.515, 74.36194
2010.443, 73.32547
2012.372, 73.91577
2014.300, 73.85249
2016.229, 73.28419
2018.157, 73.33619
2020.086, 73.40490
2022.014, 73.21571
2023.943, 72.27763
2025.871, 70.91283
2027.800, 70.87474
2029.728, 71.18383
2031.656, 71.40431
2033.585, 70.89621
2035.513, 69.79113
2037.442, 69.35462
2039.370, 69.15241
2041.299, 68.73237
2043.227, 69.06410
2045.156, 68.54815
2047.084, 69.06149
2049.013, 68.07844
2050.941, 68.52763
2052.870, 68.73305
2054.798, 68.51572
2056.727, 68.32911
2058.655, 68.26532
2060.583, 68.42897
2062.512, 68.52712
2064.440, 68.44526
2066.369, 67.48465
2068.297, 66.70536
2070.226, 66.94798
2072.154, 66.96497
2074.083, 66.72583
2076.011, 66.59211
2077.940, 67.61908
2079.868, 66.00103
2081.797, 64.92809
2083.725, 64.68584
2085.654, 65.44270
2087.582, 65.97378
2089.510, 65.36764
2091.439, 65.71622
2093.367, 66.47240
2095.296, 64.88767
2097.224, 63.64723
2099.153, 64.21632
2101.081, 65.17533
2103.010, 65.96459
2104.938, 65.33768
2106.867, 64.74403
2108.795, 64.82602
2110.724, 64.74883
2112.652, 64.57903
2114.581, 64.55689
2116.509, 64.38942
2118.438, 64.03697
2120.366, 62.44524
2122.294, 61.10713
2124.223, 62.32703
2126.151, 63.01897
2128.080, 62.56422
2130.008, 62.36617
2131.937, 62.06742
2133.865, 61.08500
2135.794, 61.32668
2137.722, 60.63338
2139.651, 61.18585
2141.579, 60.01310
2143.508, 60.87400
2145.436, 61.19305
2147.365, 60.72654
2149.293, 58.66500
2151.221, 57.56415
2153.150, 58.42408
2155.078, 59.12663
2157.007, 59.12126
2158.935, 58.85976
2160.864, 58.50645
2162.792, 57.52398
2164.721, 57.47190
2166.649, 56.98701
2168.578, 57.39303
2170.506, 58.01501
2172.435, 58.55279
2174.363, 58.20586
2176.292, 57.23466
2178.220, 57.40279
2180.148, 55.70715
2182.077, 56.73394
2184.005, 55.92760
2185.934, 55.37048
2187.862, 55.59718
2189.791, 55.25749
2191.719, 54.90139
2193.648, 55.51320
2195.576, 55.09725
2197.505, 54.98522
2199.433, 54.08612
2201.362, 54.31927
2203.290, 53.46962
2205.219, 52.78004
2207.147, 52.41919
2209.075, 52.76162
2211.004, 53.22033
2212.932, 53.64196
2214.861, 52.84801
2216.789, 51.75163
2218.718, 50.89071
2220.646, 51.32201
2222.575, 50.71777
2224.503, 51.51501
2226.432, 50.90828
2228.360, 51.46458
2230.289, 52.08044
2232.217, 52.26116
2234.146, 51.28050
2236.074, 50.44124
2238.002, 50.03420
2239.931, 49.76857
2241.859, 50.83101
2243.788, 50.00914
2245.716, 50.50920
2247.645, 51.12539
2249.573, 48.89585
2251.502, 48.51289
2253.430, 50.08725
2255.359, 49.12014
2257.287, 48.27427
2259.216, 49.35224
2261.144, 49.31757
2263.073, 48.53072
2265.001, 47.47171
2266.929, 47.68607
2268.858, 47.33514
2270.786, 47.10744
2272.715, 47.54966
2274.643, 47.06175
2276.572, 47.06668
2278.500, 47.24500
2280.429, 46.82363
2282.357, 47.22509
2284.286, 48.46670
2286.214, 48.12966
2288.143, 47.11876
2290.071, 45.62233
2292.000, 45.27479
2293.928, 45.33059
2295.856, 44.47910
2297.785, 44.54361
2299.713, 45.48853
2301.642, 45.10555
2303.570, 44.90823
2305.499, 45.61133
2307.427, 45.32615
2309.356, 44.80271
2311.284, 44.98741
2313.213, 44.90342
2315.141, 44.46105
2317.070, 44.50496
2318.998, 44.07047
2320.927, 43.99452
2322.855, 43.47229
2324.783, 42.78772
2326.712, 42.77883
2328.640, 43.38320
2330.569, 43.97879
2332.497, 43.21365
2334.426, 42.62120
2336.354, 42.46592
2338.283, 41.96305
2340.211, 42.72405
2342.140, 41.67959
2344.068, 41.81514
2345.997, 42.26645
2347.925, 41.83948
2349.854, 42.12970
2351.782, 42.74712
2353.710, 42.47461
2355.639, 42.15709
2357.567, 41.96912
2359.496, 41.29968
2361.424, 40.72072
2363.353, 40.54392
2365.281, 40.84168
2367.210, 41.20054
2369.138, 41.19593
2371.067, 41.05641
2372.995, 40.77372
2374.924, 39.94241
2376.852, 40.06145
2378.781, 41.24819
2380.709, 41.00769
2382.637, 40.11345
2384.566, 38.88560
2386.494, 39.56162
2388.423, 40.36160
2390.351, 39.59364
2392.280, 39.18156
2394.208, 39.05561
2396.137, 38.67457
2398.065, 38.39415
2399.994, 38.20708
2401.922, 37.77506
2403.851, 37.38262
2405.779, 37.16326
2407.708, 37.86166
2409.636, 38.09302
2411.564, 36.96306
2413.493, 35.92811
2415.421, 35.47605
2417.350, 36.55511
2419.278, 36.86732
2421.207, 36.62264
2423.135, 36.64437
2425.064, 36.50047
2426.992, 36.25737
2428.921, 36.67602
2430.849, 36.79087
2432.778, 36.31043
2434.706, 36.49438
2436.635, 36.18776
2438.563, 36.00827
2440.491, 35.64477
2442.420, 34.89275
2444.348, 34.43079
2446.277, 34.33642
2448.205, 34.23748
2450.134, 33.38405
2452.062, 33.57344
2453.991, 34.41264
2455.919, 34.30136
2457.848, 33.72248
2459.776, 33.01796
2461.705, 33.88278
2463.633, 34.08909
2465.562, 32.95137
2467.490, 32.14502
2469.418, 31.79778
2471.347, 31.93727
2473.275, 33.25529
2475.204, 33.88356
2477.132, 32.35794
2479.061, 31.45789
2480.989, 31.16173
2482.918, 31.29895
2484.846, 31.84962
2486.775, 32.23117
2488.703, 31.91772
2490.632, 31.76831
2492.560, 31.08864
2494.489, 30.65814
2496.417, 29.94981
2498.345, 29.27293
2500.274, 29.27200
2502.202, 29.72468
2504.131, 30.39888
2506.059, 30.23649
2507.988, 30.04007
2509.916, 30.10758
2511.845, 29.91845
2513.773, 29.81155
2515.702, 30.03651
2517.630, 29.64984
2519.559, 28.69037
2521.487, 28.95152
2523.416, 27.62768
2525.344, 28.68320
2527.272, 28.21024
2529.201, 27.77900
2531.129, 27.44104
2533.058, 27.07600
2534.986, 27.47958
2536.915, 27.96642
2538.843, 27.59514
2540.772, 27.31947
2542.700, 27.19528
2544.629, 27.11968
2546.557, 27.33491
2548.486, 27.63866
2550.414, 27.53985
2552.343, 27.50962
2554.271, 27.42461
2556.199, 26.46809
2558.128, 26.88509
2560.056, 28.09370
2561.985, 27.64632
2563.913, 26.59447
2565.842, 25.69860
2567.770, 26.83309
2569.699, 27.03204
2571.627, 26.18958
2573.556, 25.86848
2575.484, 25.96026
2577.413, 26.07487
2579.341, 25.82766
2581.270, 25.55936
2583.198, 25.40769
2585.126, 24.85127
2587.055, 24.32407
2588.983, 24.34399
2590.912, 24.99594
2592.840, 25.78816
2594.769, 26.41581
2596.697, 25.57720
2598.626, 24.65540
2600.554, 24.12896
2602.483, 24.95842
2604.411, 25.20200
2606.340, 24.53335
2608.268, 24.16047
2610.197, 24.16897
2612.125, 24.38284
2614.053, 23.74127
2615.982, 22.92459
2617.910, 22.31904
2619.839, 22.90573
2621.767, 23.34540
2623.696, 23.34266
2625.624, 23.25160
2627.553, 22.77454
2629.481, 22.10333
2631.410, 22.01425
2633.338, 22.37738
2635.267, 22.87026
2637.195, 22.76536
2639.124, 22.26133
2641.052, 21.60346
2642.980, 21.31354
2644.909, 20.66656
2646.837, 20.17496
2648.766, 20.25200
2650.694, 21.53884
2652.623, 20.48344
2654.551, 20.99897
2656.480, 21.18578
2658.408, 20.90677
2660.337, 20.04515
2662.265, 20.87241
2664.194, 21.95553
2666.122, 21.22881
2668.051, 20.80563
2669.979, 20.72326
2671.907, 20.84484
2673.836, 20.24548
2675.764, 19.82594
2677.693, 20.30846
2679.621, 20.63359
2681.550, 20.40448
2683.478, 19.51131
2685.407, 18.71768
2687.335, 19.14340
2689.264, 20.89540
2691.192, 20.42402
2693.121, 19.56803
2695.049, 19.03362
2696.978, 18.11385
2698.906, 17.55924
2700.834, 17.52030
2702.763, 17.68280
2704.691, 18.20532
2706.620, 18.78690
2708.548, 18.48636
2710.477, 18.58300
2712.405, 18.74502
2714.334, 17.87756
2716.262, 17.36256
2718.191, 17.09164
2720.119, 16.55755
2722.048, 17.21267
2723.976, 16.85840
2725.905, 18.08489
2727.833, 18.76252
2729.761, 18.92078
2731.690, 17.00410
2733.618, 17.76677
2735.547, 17.45567
2737.475, 17.10056
2739.404, 18.24033
2741.332, 16.62545
2743.261, 17.74151
2745.189, 17.76744
2747.118, 18.29229
2749.046, 17.73676
2750.975, 16.51699
2752.903, 15.64268
2754.832, 15.40930
2756.760, 14.94121
2758.688, 14.82909
2760.617, 15.12686
2762.545, 14.92078
2764.474, 16.05071
2766.402, 16.25717
2768.331, 15.18781
2770.259, 16.18798
2772.188, 16.07103
2774.116, 14.94329
2776.045, 15.75248
2777.973, 15.89123
2779.902, 15.25660
2781.830, 15.52018
2783.759, 14.18001
2785.687, 14.80692
2787.615, 14.99821
2789.544, 14.13604
2791.472, 14.05615
2793.401, 15.58267
2795.329, 15.45522
2797.258, 14.85346
2799.186, 14.36318
2801.115, 14.98980
2803.043, 14.83675
2804.972, 14.27417
2806.900, 14.28122
2808.829, 13.77839
2810.757, 13.50646
2812.686, 14.02096
2814.614, 13.91183
2816.542, 14.02139
2818.471, 13.96562
2820.399, 14.05543
2822.328, 13.63004
2824.256, 13.44380
2826.185, 13.31015
2828.113, 13.50457
2830.042, 13.65630
2831.970, 13.37390
2833.899, 12.40860
2835.827, 11.99160
2837.756, 12.57615
2839.684, 13.51222
2841.613, 13.55722
2843.541, 12.83525
2845.469, 12.23196
2847.398, 11.79280
2849.326, 11.82317
2851.255, 11.78086
2853.183, 12.44784
2855.112, 11.98547
2857.040, 12.73093
2858.969, 12.30196
2860.897, 12.24582
2862.826, 12.60344
2864.754, 12.61940
2866.683, 12.51552
2868.611, 12.54096
2870.540, 12.88438
2872.468, 12.36955
2874.396, 12.00661
2876.325, 12.08958
2878.253, 11.25961
2880.182, 11.65923
2882.110, 12.45237
2884.039, 11.59575
2885.967, 11.80594
2887.896, 11.70306
2889.824, 10.45992
2891.753, 9.524076
2893.681, 9.538464
2895.610, 10.18439
2897.538, 10.22793
2899.467, 10.15312
2901.395, 10.07384
2903.323, 10.04794
2905.252, 9.680546
2907.180, 9.770422
2909.109, 10.27506
2911.037, 9.501855
2912.966, 10.26601
2914.894, 11.87115
2916.823, 13.12877
2918.751, 12.39105
2920.680, 10.84893
2922.608, 9.442913
2924.537, 10.90303
2926.465, 10.81510
2928.394, 9.887903
2930.322, 10.45975
2932.250, 10.30321
2934.179, 9.822700
2936.107, 9.410296
2938.036, 9.512466
2939.964, 9.505976
2941.893, 9.368517
2943.821, 9.273108
2945.750, 9.666324
2947.678, 9.519650
2949.607, 9.378631
2951.535, 8.549581
2953.464, 8.802342
2955.392, 8.915719
2957.321, 8.475420
2959.249, 8.716208
2961.177, 8.964871
2963.106, 8.786959
2965.034, 9.136522
2966.963, 9.260563
2968.891, 9.361140
2970.820, 9.526799
2972.748, 9.229613
2974.677, 8.967682
2976.605, 8.894176
2978.534, 8.636690
2980.462, 8.706048
2982.391, 8.849675
2984.319, 8.701785
2986.248, 8.394622
2988.176, 8.123872
2990.104, 7.939085
2992.033, 7.768941
2993.961, 7.528297
2995.890, 7.546049
2997.818, 8.031077
2999.747, 8.012620
3001.675, 8.577447
3003.604, 8.307083
3005.532, 8.244912
3007.461, 7.809149
3009.389, 7.588413
3011.318, 7.364809
3013.246, 7.326198
3015.175, 6.929016
3017.103, 6.630071
3019.031, 6.948633
3020.960, 7.161814
3022.888, 6.776755
3024.817, 6.223961
3026.745, 7.002223
3028.674, 6.768340
3030.602, 6.365048
3032.531, 6.390455
3034.459, 6.881096
3036.388, 6.520910
3038.316, 6.119589
3040.245, 7.034277
3042.173, 7.126807
3044.102, 7.048201
3046.030, 7.073743
3047.958, 7.408629
3049.887, 6.836553
3051.815, 6.256823
3053.744, 6.255502
3055.672, 7.028747
3057.601, 7.261175
3059.529, 7.029162
3061.458, 6.582651
3063.386, 6.668238
3065.315, 5.464452
3067.243, 6.463279
3069.172, 7.259266
3071.100, 7.258460
3073.029, 6.584353
3074.957, 5.921916
3076.885, 7.241151
3078.814, 7.446626
3080.742, 7.230715
3082.671, 7.064898
3084.599, 6.345883
3086.528, 5.877841
3088.456, 5.980860
3090.385, 6.728945
3092.313, 7.134002
3094.242, 6.783924
3096.170, 6.219419
3098.099, 6.266325
3100.027, 6.593119
3101.956, 6.622347
3103.884, 6.398627
3105.813, 6.367681
3107.741, 6.104666
3109.669, 6.086609
3111.598, 6.219697
3113.526, 5.417291
3115.455, 6.903533
3117.383, 7.235879
3119.312, 5.253096
3121.240, 5.987234
3123.169, 6.239467
3125.097, 5.949577
3127.026, 5.486900
3128.954, 5.322696
3130.883, 5.328942
3132.811, 5.307387
3134.740, 5.185853
3136.668, 5.638285
3138.596, 5.765108
3140.525, 5.664045
3142.453, 5.659442
3144.382, 5.776670
3146.310, 5.381824
3148.239, 5.016077
3150.167, 5.563246
3152.096, 5.041275
3154.024, 5.519266
3155.953, 6.463519
3157.881, 6.347540
3159.810, 5.058836
3161.738, 4.264164
3163.667, 4.589095
3165.595, 6.362493
3167.523, 6.427222
3169.452, 6.252541
3171.380, 6.104836
3173.309, 5.527475
3175.237, 5.151037
3177.166, 5.307878
3179.094, 6.038193
3181.023, 7.212481
3182.951, 6.465185
3184.880, 6.821407
3186.808, 7.250845
3188.737, 7.073017
3190.665, 5.634151
3192.594, 6.809371
3194.522, 6.521620
3196.450, 5.148022
3198.379, 5.767591
3200.307, 5.038492
3202.236, 3.901199
3204.164, 5.326210
3206.093, 5.589735
3208.021, 5.879364
3209.950, 6.175803
3211.878, 5.875693
3213.807, 6.156765
3215.735, 7.094055
3217.664, 6.063529
3219.592, 6.103154
3221.521, 5.595379
3223.449, 6.474815
3225.377, 7.231364
3227.306, 6.256078
3229.234, 5.842917
3231.163, 6.347297
3233.091, 7.061179
3235.020, 7.358512
3236.948, 6.871072
3238.877, 5.864291
3240.805, 5.647368
3242.734, 6.417489
3244.662, 6.036763
3246.591, 6.400062
3248.519, 6.286469
3250.448, 5.545799
3252.376, 5.408505
3254.304, 4.935490
3256.233, 5.560761
3258.161, 4.283586
3260.090, 4.850112
3262.018, 5.031519
3263.947, 4.770609
3265.875, 4.720014
3267.804, 5.564380
3269.732, 5.617355
3271.661, 5.961922
3273.589, 5.996267
3275.518, 6.177229
3277.446, 5.966907
3279.375, 6.287001
3281.303, 6.089082
3283.231, 5.739316
3285.160, 6.153944
3287.088, 6.449186
3289.017, 6.840266
3290.945, 6.589667
3292.874, 4.580834
3294.802, 5.151277
3296.731, 5.474854
3298.659, 5.737532
3300.588, 6.546731
3302.516, 5.114123
3304.445, 5.675024
3306.373, 5.905230
3308.302, 4.880629
3310.230, 5.238177
3312.158, 5.585935
3314.087, 5.910444
3316.015, 6.086743
3317.944, 5.888117
3319.872, 5.273350
3321.801, 6.613647
3323.729, 8.531054
3325.658, 9.147875
3327.586, 6.639658
3329.515, 5.735707
3331.443, 5.372381
3333.372, 4.902915
3335.300, 4.776902
3337.229, 5.851938
3339.157, 6.246644
3341.085, 5.538537
3343.014, 4.098002
3344.942, 3.793572
3346.871, 5.232396
3348.799, 5.732288
3350.728, 4.732080
3352.656, 4.399196
3354.585, 4.738962
3356.513, 4.507286
3358.442, 4.632108
3360.370, 4.823199
3362.299, 4.755598
3364.227, 5.085241
3366.156, 4.780656
3368.084, 4.634631
3370.012, 4.464015
3371.941, 5.069828
3373.869, 4.669137
3375.798, 5.229102
3377.726, 6.230351
3379.655, 4.343132
3381.583, 3.719523
3383.512, 4.709426
3385.440, 5.661759
3387.369, 4.055546
3389.297, 3.520611
3391.226, 4.205691
3393.154, 5.453990
3395.083, 6.251387
3397.011, 4.915370
3398.939, 4.606483
3400.868, 4.942183
3402.796, 4.725148
3404.725, 4.927833
3406.653, 4.885539
3408.582, 5.341891
3410.510, 5.698137
3412.439, 5.965159
3414.367, 5.364018
3416.296, 5.819196
3418.224, 6.177999
3420.153, 5.477614
3422.081, 5.733152
3424.010, 4.921617
3425.938, 5.288238
3427.866, 5.057342
3429.795, 4.655770
3431.723, 4.601912
3433.652, 5.620681
3435.580, 5.167320
3437.509, 5.212908
3439.437, 5.320280
3441.366, 4.448204
3443.294, 4.543530
3445.223, 4.542692
3447.151, 4.915679
3449.080, 5.141208
3451.008, 4.397436
3452.937, 4.991587
3454.865, 4.944529
3456.793, 4.209804
3458.722, 3.703793
3460.650, 4.636162
##END=



