##NAMES=Milarite
##RRUFFID=R120135
##IDEAL CHEMISTRY=KCa_2_(Be_2_AlSi_12_)O_30_·H_2_O
##LOCALITY=Jaguaraçu, Minas Gerais, Brazil
##OWNER=RRUFF
##SOURCE=Luiz Menezes
##DESCRIPTION=Pale yellow hexagonal prisms, associated with minasgeraisite-(Y) R120134
##STATUS=The identification of this mineral has been confirmed only by single crystal X-ray diffraction
##URL=https://www.rruff.net/odr/rruff_sample/R120135
##DIFFRACTION SAMPLE DESCRIPTION=Single crystal, powder profile is calculated
##CELL PARAMETERS=a: 10.385 b: 10.385 c: 13.7979 alpha: 90 beta: 90 gamma: 120 volume: 1288.7 crystal system: hexagonal
##FILETYPE=Raman Processed
##RAMAN WAVELENGTH=532

223.2496, 4796.460
225.1781, 4781.698
227.1065, 4773.403
229.0350, 4770.165
230.9635, 4768.617
232.8919, 4765.417
234.8204, 4763.219
236.7489, 4762.494
238.6773, 4762.205
240.6058, 4764.335
242.5343, 4769.305
244.4627, 4776.494
246.3912, 4785.885
248.3197, 4797.086
250.2481, 4810.798
252.1766, 4827.521
254.1051, 4846.981
256.0335, 4868.830
257.9620, 4892.494
259.8905, 4918.842
261.8189, 4950.253
263.7474, 4989.333
265.6759, 5029.665
267.6043, 5069.345
269.5328, 5108.123
271.4613, 5144.268
273.3897, 5171.396
275.3182, 5196.649
277.2467, 5229.886
279.1751, 5276.662
281.1036, 5320.179
283.0321, 5359.656
284.9605, 5395.235
286.8890, 5411.299
288.8175, 5395.794
290.7459, 5364.524
292.6744, 5327.612
294.6029, 5283.964
296.5313, 5243.241
298.4598, 5209.080
300.3883, 5183.368
302.3167, 5167.420
304.2452, 5163.101
306.1737, 5164.655
308.1021, 5167.974
310.0306, 5171.207
311.9591, 5177.993
313.8875, 5190.135
315.8160, 5204.888
317.7445, 5218.416
319.6729, 5230.700
321.6014, 5243.009
323.5299, 5255.842
325.4583, 5269.669
327.3868, 5286.705
329.3153, 5306.182
331.2437, 5327.297
333.1722, 5349.046
335.1007, 5371.367
337.0291, 5395.299
338.9576, 5420.167
340.8861, 5446.682
342.8145, 5477.463
344.7430, 5516.550
346.6715, 5554.237
348.5999, 5586.463
350.5284, 5610.883
352.4569, 5631.859
354.3853, 5647.071
356.3138, 5658.311
358.2423, 5668.652
360.1707, 5678.253
362.0992, 5688.015
364.0277, 5697.545
365.9561, 5707.661
367.8846, 5721.116
369.8131, 5738.528
371.7415, 5759.705
373.6700, 5785.046
375.5985, 5818.264
377.5269, 5849.001
379.4554, 5878.656
381.3839, 5901.548
383.3123, 5909.983
385.2408, 5894.793
387.1693, 5876.234
389.0977, 5862.341
391.0262, 5857.606
392.9547, 5855.672
394.8831, 5855.779
396.8116, 5859.533
398.7401, 5868.068
400.6685, 5881.951
402.5970, 5899.561
404.5255, 5920.159
406.4539, 5943.075
408.3824, 5967.787
410.3109, 5997.247
412.2393, 6024.682
414.1678, 6045.284
416.0963, 6055.651
418.0247, 6068.465
419.9532, 6087.984
421.8817, 6111.580
423.8102, 6134.413
425.7386, 6152.969
427.6671, 6176.897
429.5956, 6214.894
431.5240, 6263.670
433.4525, 6305.021
435.3810, 6330.633
437.3094, 6352.021
439.2379, 6373.420
441.1664, 6395.481
443.0948, 6416.345
445.0233, 6433.790
446.9518, 6455.027
448.8802, 6484.354
450.8087, 6523.183
452.7372, 6570.331
454.6656, 6621.569
456.5941, 6682.659
458.5226, 6763.009
460.4510, 6849.210
462.3795, 6974.540
464.3080, 7142.394
466.2364, 7368.196
468.1649, 7662.752
470.0934, 8078.436
472.0218, 8526.271
473.9503, 8976.854
475.8788, 9457.626
477.8072, 9765.382
479.7357, 9869.241
481.6642, 9752.666
483.5926, 9463.919
485.5211, 8987.698
487.4496, 8508.568
489.3780, 8048.706
491.3065, 7656.354
493.2350, 7356.159
495.1634, 7155.511
497.0919, 7011.628
499.0204, 6923.272
500.9488, 6878.748
502.8773, 6848.704
504.8058, 6828.582
506.7342, 6813.408
508.6627, 6803.796
510.5912, 6799.591
512.5197, 6801.889
514.4481, 6812.906
516.3766, 6831.150
518.3051, 6853.291
520.2335, 6880.447
522.1620, 6908.344
524.0905, 6934.748
526.0189, 6960.619
527.9474, 6992.188
529.8759, 7034.778
531.8043, 7078.707
533.7328, 7120.378
535.6613, 7155.063
537.5897, 7185.439
539.5182, 7213.974
541.4467, 7238.011
543.3751, 7254.695
545.3036, 7261.750
547.2321, 7262.664
549.1605, 7257.326
551.0890, 7249.525
553.0175, 7239.706
554.9459, 7227.271
556.8744, 7216.418
558.8029, 7208.823
560.7313, 7203.448
562.6598, 7200.136
564.5883, 7199.962
566.5167, 7201.265
568.4452, 7203.584
570.3737, 7205.469
572.3021, 7207.213
574.2306, 7207.350
576.1591, 7208.732
578.0875, 7212.276
580.0160, 7218.454
581.9445, 7222.166
583.8729, 7221.664
585.8014, 7220.729
587.7299, 7222.444
589.6583, 7226.506
591.5868, 7234.463
593.5153, 7251.567
595.4437, 7272.284
597.3722, 7288.106
599.3007, 7295.889
601.2291, 7302.766
603.1576, 7309.546
605.0861, 7316.696
607.0145, 7323.030
608.9430, 7327.789
610.8715, 7332.013
612.7999, 7335.284
614.7284, 7337.354
616.6569, 7343.276
618.5853, 7354.790
620.5138, 7368.637
622.4423, 7382.758
624.3707, 7396.819
626.2992, 7411.858
628.2277, 7429.625
630.1561, 7446.472
632.0846, 7459.859
634.0131, 7469.158
635.9415, 7476.820
637.8700, 7481.948
639.7985, 7486.436
641.7269, 7492.373
643.6554, 7501.857
645.5839, 7509.751
647.5123, 7514.953
649.4408, 7518.917
651.3693, 7524.715
653.2977, 7533.330
655.2262, 7542.103
657.1547, 7548.990
659.0831, 7555.281
661.0116, 7564.206
662.9401, 7576.367
664.8685, 7589.987
666.7970, 7606.381
668.7255, 7623.706
670.6539, 7636.861
672.5824, 7642.885
674.5109, 7648.223
676.4393, 7655.863
678.3678, 7666.153
680.2963, 7674.393
682.2247, 7678.426
684.1532, 7682.856
686.0817, 7690.350
688.0101, 7700.465
689.9386, 7711.292
691.8671, 7723.876
693.7955, 7736.603
695.7240, 7748.093
697.6525, 7757.186
699.5809, 7766.237
701.5094, 7775.094
703.4379, 7783.776
705.3663, 7792.419
707.2948, 7801.364
709.2233, 7808.542
711.1517, 7810.930
713.0802, 7811.926
715.0087, 7816.205
716.9371, 7828.221
718.8656, 7838.755
720.7941, 7846.729
722.7225, 7852.273
724.6510, 7857.961
726.5795, 7864.503
728.5079, 7870.874
730.4364, 7874.933
732.3649, 7878.914
734.2933, 7886.983
736.2218, 7901.255
738.1503, 7914.414
740.0787, 7924.513
742.0072, 7932.552
743.9357, 7941.058
745.8641, 7949.447
747.7926, 7961.746
749.7211, 7978.405
751.6495, 7997.065
753.5780, 8016.962
755.5065, 8039.022
757.4349, 8060.233
759.3634, 8079.179
761.2919, 8095.481
763.2203, 8109.109
765.1488, 8119.948
767.0773, 8126.745
769.0057, 8129.892
770.9342, 8132.587
772.8627, 8132.472
774.7911, 8127.363
776.7196, 8126.062
778.6481, 8136.354
780.5765, 8151.991
782.5050, 8163.808
784.4335, 8166.565
786.3619, 8171.758
788.2904, 8183.859
790.2189, 8198.701
792.1473, 8206.891
794.0758, 8208.564
796.0043, 8209.301
797.9327, 8209.715
799.8612, 8207.077
801.7897, 8204.299
803.7181, 8201.806
805.6466, 8202.108
807.5751, 8206.268
809.5035, 8215.115
811.4320, 8223.612
813.3605, 8229.993
815.2889, 8238.097
817.2174, 8250.673
819.1459, 8265.704
821.0743, 8280.838
823.0028, 8294.058
824.9313, 8310.512
826.8597, 8335.917
828.7882, 8367.443
830.7167, 8393.377
832.6451, 8414.364
834.5736, 8427.952
836.5021, 8428.596
838.4305, 8420.196
840.3590, 8410.972
842.2875, 8399.074
844.2159, 8387.443
846.1444, 8377.470
848.0729, 8371.621
850.0013, 8369.122
851.9298, 8367.959
853.8583, 8363.272
855.7867, 8354.017
857.7152, 8349.927
859.6437, 8349.991
861.5721, 8354.404
863.5006, 8358.657
865.4291, 8362.297
867.3575, 8365.690
869.2860, 8369.485
871.2145, 8373.356
873.1429, 8378.777
875.0714, 8387.346
876.9999, 8396.335
878.9283, 8402.938
880.8568, 8408.024
882.7853, 8413.524
884.7137, 8420.372
886.6422, 8426.612
888.5707, 8432.074
890.4991, 8439.965
892.4276, 8451.190
894.3561, 8464.447
896.2845, 8475.680
898.2130, 8485.741
900.1415, 8492.624
902.0699, 8497.279
903.9984, 8499.797
905.9269, 8505.463
907.8553, 8512.421
909.7838, 8515.911
911.7123, 8514.448
913.6407, 8508.812
915.5692, 8503.775
917.4977, 8504.051
919.4261, 8510.802
921.3546, 8518.363
923.2831, 8525.558
925.2115, 8530.566
927.1400, 8532.251
929.0685, 8528.763
930.9969, 8523.640
932.9254, 8519.972
934.8539, 8522.189
936.7823, 8531.426
938.7108, 8541.430
940.6393, 8547.064
942.5677, 8550.100
944.4962, 8555.915
946.4247, 8567.836
948.3531, 8576.897
950.2816, 8581.961
952.2101, 8584.686
954.1385, 8589.423
956.0670, 8597.067
957.9955, 8607.915
959.9240, 8619.535
961.8524, 8627.971
963.7809, 8632.908
965.7094, 8635.218
967.6378, 8637.696
969.5663, 8643.123
971.4948, 8650.536
973.4232, 8656.096
975.3517, 8657.871
977.2802, 8659.397
979.2086, 8662.409
981.1371, 8665.131
983.0656, 8667.060
984.9940, 8669.577
986.9225, 8675.342
988.8510, 8686.253
990.7794, 8697.592
992.7079, 8708.744
994.6364, 8722.318
996.5648, 8740.301
998.4933, 8760.328
1000.422, 8779.302
1002.350, 8797.483
1004.279, 8811.106
1006.207, 8816.251
1008.136, 8811.781
1010.064, 8802.545
1011.993, 8793.865
1013.921, 8781.603
1015.849, 8763.724
1017.778, 8741.797
1019.706, 8722.963
1021.635, 8711.139
1023.563, 8705.486
1025.492, 8705.946
1027.420, 8711.546
1029.349, 8719.420
1031.277, 8726.138
1033.206, 8732.680
1035.134, 8741.252
1037.063, 8750.000
1038.991, 8757.585
1040.920, 8765.159
1042.848, 8767.939
1044.776, 8772.604
1046.705, 8770.358
1048.633, 8767.932
1050.562, 8766.323
1052.490, 8764.085
1054.419, 8759.748
1056.347, 8752.658
1058.276, 8746.446
1060.204, 8741.774
1062.133, 8736.239
1064.061, 8726.913
1065.990, 8722.942
1067.918, 8726.188
1069.847, 8732.099
1071.775, 8737.546
1073.703, 8743.530
1075.632, 8753.546
1077.560, 8763.739
1079.489, 8768.291
1081.417, 8766.745
1083.346, 8765.743
1085.274, 8769.726
1087.203, 8776.018
1089.131, 8779.934
1091.060, 8783.314
1092.988, 8788.292
1094.917, 8795.011
1096.845, 8803.511
1098.774, 8818.491
1100.702, 8841.076
1102.630, 8869.073
1104.559, 8900.251
1106.487, 8937.485
1108.416, 8979.141
1110.344, 9034.294
1112.273, 9112.241
1114.201, 9208.337
1116.130, 9300.772
1118.058, 9384.858
1119.987, 9462.670
1121.915, 9530.229
1123.844, 9563.622
1125.772, 9549.467
1127.701, 9478.199
1129.629, 9392.922
1131.557, 9289.859
1133.486, 9186.795
1135.414, 9100.606
1137.343, 9036.599
1139.271, 8989.019
1141.200, 8954.839
1143.128, 8923.807
1145.057, 8896.317
1146.985, 8875.174
1148.914, 8858.486
1150.842, 8845.140
1152.771, 8830.624
1154.699, 8818.920
1156.628, 8807.980
1158.556, 8791.732
1160.484, 8769.584
1162.413, 8751.985
1164.341, 8742.585
1166.270, 8735.005
1168.198, 8729.591
1170.127, 8726.816
1172.055, 8725.769
1173.984, 8727.352
1175.912, 8728.701
1177.841, 8724.604
1179.769, 8712.754
1181.698, 8699.901
1183.626, 8686.345
1185.555, 8678.379
1187.483, 8680.223
1189.411, 8684.011
1191.340, 8685.396
1193.268, 8683.644
1195.197, 8679.520
1197.125, 8671.805
1199.054, 8663.457
1200.982, 8654.419
1202.911, 8648.597
1204.839, 8648.054
1206.768, 8652.080
1208.696, 8650.715
1210.625, 8639.654
1212.553, 8628.493
1214.482, 8623.995
1216.410, 8624.224
1218.339, 8623.347
1220.267, 8620.099
1222.195, 8617.646
1224.124, 8618.172
1226.052, 8617.429
1227.981, 8614.104
1229.909, 8608.946
1231.838, 8603.403
1233.766, 8594.401
1235.695, 8589.507
1237.623, 8593.255
1239.552, 8598.623
1241.480, 8598.905
1243.409, 8594.109
1245.337, 8593.492
1247.266, 8601.530
1249.194, 8607.519
1251.122, 8605.025
1253.051, 8596.632
1254.979, 8593.941
1256.908, 8601.638
1258.836, 8609.180
1260.765, 8612.053
1262.693, 8611.287
1264.622, 8608.358
1266.550, 8601.786
1268.479, 8597.642
1270.407, 8600.316
1272.336, 8601.232
1274.264, 8595.488
1276.193, 8585.333
1278.121, 8581.392
1280.049, 8586.389
1281.978, 8592.164
1283.906, 8595.569
1285.835, 8599.449
1287.763, 8605.448
1289.692, 8612.384
1291.620, 8619.493
1293.549, 8626.907
1295.477, 8631.858
1297.406, 8631.228
1299.334, 8628.384
1301.263, 8628.438
1303.191, 8633.282
1305.120, 8632.720
1307.048, 8621.991
1308.976, 8612.055
1310.905, 8607.015
1312.833, 8604.748
1314.762, 8601.849
1316.690, 8598.523
1318.619, 8594.916
1320.547, 8588.624
1322.476, 8584.210
1324.404, 8584.887
1326.333, 8588.833
1328.261, 8591.889
1330.190, 8593.527
1332.118, 8596.012
1334.047, 8601.341
1335.975, 8606.644
1337.903, 8610.228
1339.832, 8612.038
1341.760, 8611.782
1343.689, 8607.217
1345.617, 8604.083
1347.546, 8604.404
1349.474, 8605.629
1351.403, 8605.965
1353.331, 8605.737
1355.260, 8605.013
1357.188, 8602.366
1359.117, 8602.667
1361.045, 8609.187
1362.974, 8618.121
1364.902, 8624.021
1366.830, 8625.399
1368.759, 8625.892
1370.687, 8627.499
1372.616, 8623.207
1374.544, 8606.785
1376.473, 8585.343
1378.401, 8570.520
1380.330, 8563.668
1382.258, 8553.521
1384.187, 8534.968
1386.115, 8520.233
1388.044, 8517.560
1389.972, 8521.528
1391.901, 8521.571
1393.829, 8515.940
1395.757, 8511.024
1397.686, 8508.550
1399.614, 8504.843
1401.543, 8497.211
1403.471, 8487.903
1405.400, 8482.244
1407.328, 8483.303
1409.257, 8480.093
1411.185, 8469.337
1413.114, 8458.951
1415.042, 8451.586
1416.971, 8446.448
1418.899, 8443.075
1420.828, 8440.755
1422.756, 8440.331
1424.684, 8443.338
1426.613, 8446.992
1428.541, 8450.461
1430.470, 8453.021
1432.398, 8452.912
1434.327, 8448.737
1436.255, 8448.781
1438.184, 8460.024
1440.112, 8471.516
1442.041, 8473.163
1443.969, 8467.889
1445.898, 8467.146
1447.826, 8472.755
1449.755, 8474.846
1451.683, 8469.812
1453.611, 8460.092
1455.540, 8447.387
1457.468, 8434.229
1459.397, 8423.843
1461.325, 8418.505
1463.254, 8412.316
1465.182, 8403.032
1467.111, 8396.428
1469.039, 8395.041
1470.968, 8396.067
1472.896, 8397.104
1474.825, 8399.979
1476.753, 8401.958
1478.682, 8400.015
1480.610, 8400.030
1482.538, 8405.130
1484.467, 8413.884
1486.395, 8423.190
1488.324, 8432.259
1490.252, 8444.652
1492.181, 8460.156
1494.109, 8476.896
1496.038, 8497.413
1497.966, 8515.075
1499.895, 8523.791
1501.823, 8524.228
1503.752, 8513.030
1505.680, 8487.763
1507.609, 8459.637
1509.537, 8431.571
1511.465, 8406.111
1513.394, 8382.359
1515.322, 8361.580
1517.251, 8352.298
1519.179, 8355.885
1521.108, 8363.193
1523.036, 8374.143
1524.965, 8382.653
1526.893, 8382.272
1528.822, 8373.740
1530.750, 8365.099
1532.679, 8358.304
1534.607, 8346.327
1536.536, 8324.529
1538.464, 8305.949
1540.392, 8300.686
1542.321, 8305.762
1544.249, 8308.257
1546.178, 8304.725
1548.106, 8309.974
1550.035, 8329.379
1551.963, 8347.942
1553.892, 8358.848
1555.820, 8363.584
1557.749, 8364.996
1559.677, 8363.215
1561.606, 8360.376
1563.534, 8357.360
1565.463, 8353.854
1567.391, 8350.351
1569.319, 8351.098
1571.248, 8341.551
1573.176, 8336.896
1575.105, 8329.859
1577.033, 8317.298
1578.962, 8311.935
1580.890, 8295.520
1582.819, 8279.176
1584.747, 8270.827
1586.676, 8267.262
1588.604, 8261.134
1590.533, 8252.322
1592.461, 8248.264
1594.390, 8246.791
1596.318, 8251.229
1598.246, 8264.956
1600.175, 8280.701
1602.103, 8289.275
1604.032, 8290.369
1605.960, 8295.314
1607.889, 8308.575
1609.817, 8314.482
1611.746, 8306.283
1613.674, 8295.212
1615.603, 8289.229
1617.531, 8286.482
1619.460, 8281.150
1621.388, 8273.100
1623.317, 8266.063
1625.245, 8259.208
1627.173, 8255.237
1629.102, 8257.404
1631.030, 8259.954
1632.959, 8255.105
1634.887, 8244.624
1636.816, 8239.758
1638.744, 8243.389
1640.673, 8243.197
1642.601, 8235.498
1644.530, 8225.441
1646.458, 8215.244
1648.387, 8206.553
1650.315, 8199.738
1652.244, 8194.920
1654.172, 8197.890
1656.100, 8213.642
1658.029, 8223.798
1659.957, 8218.145
1661.886, 8207.077
1663.814, 8195.764
1665.743, 8185.602
1667.671, 8180.722
1669.600, 8182.424
1671.528, 8185.669
1673.457, 8188.470
1675.385, 8197.174
1677.314, 8216.987
1679.242, 8241.971
1681.171, 8264.417
1683.099, 8285.685
1685.027, 8313.763
1686.956, 8347.946
1688.884, 8389.544
1690.813, 8441.512
1692.741, 8496.229
1694.670, 8551.457
1696.598, 8606.708
1698.527, 8663.909
1700.455, 8722.094
1702.384, 8771.218
1704.312, 8810.525
1706.241, 8842.799
1708.169, 8873.081
1710.098, 8891.896
1712.026, 8895.954
1713.954, 8885.002
1715.883, 8858.886
1717.811, 8817.501
1719.740, 8754.507
1721.668, 8661.670
1723.597, 8569.165
1725.525, 8482.158
1727.454, 8399.324
1729.382, 8314.167
1731.311, 8234.200
1733.239, 8174.188
1735.168, 8133.573
1737.096, 8096.001
1739.025, 8058.964
1740.953, 8031.583
1742.881, 8022.256
1744.810, 8017.826
1746.738, 8009.301
1748.667, 8000.922
1750.595, 8000.521
1752.524, 8007.362
1754.452, 8011.134
1756.381, 8010.854
1758.309, 8007.965
1760.238, 8000.362
1762.166, 7992.888
1764.095, 7986.682
1766.023, 7982.013
1767.952, 7981.018
1769.880, 7982.439
1771.808, 7977.375
1773.737, 7962.893
1775.665, 7948.841
1777.594, 7939.202
1779.522, 7930.182
1781.451, 7922.394
1783.379, 7914.023
1785.308, 7900.603
1787.236, 7883.292
1789.165, 7870.956
1791.093, 7864.981
1793.022, 7859.093
1794.950, 7853.815
1796.879, 7846.281
1798.807, 7833.771
1800.735, 7820.028
1802.664, 7807.852
1804.592, 7797.905
1806.521, 7793.459
1808.449, 7795.979
1810.378, 7796.715
1812.306, 7792.109
1814.235, 7788.261
1816.163, 7785.862
1818.092, 7784.731
1820.020, 7785.616
1821.949, 7787.663
1823.877, 7789.760
1825.806, 7793.834
1827.734, 7791.750
1829.662, 7778.398
1831.591, 7769.219
1833.519, 7768.890
1835.448, 7770.264
1837.376, 7769.100
1839.305, 7766.865
1841.233, 7765.763
1843.162, 7765.060
1845.090, 7762.177
1847.019, 7755.599
1848.947, 7749.468
1850.876, 7746.175
1852.804, 7741.641
1854.733, 7733.563
1856.661, 7726.345
1858.589, 7724.397
1860.518, 7726.091
1862.446, 7727.092
1864.375, 7727.334
1866.303, 7723.388
1868.232, 7710.846
1870.160, 7704.567
1872.089, 7714.274
1874.017, 7722.181
1875.946, 7715.487
1877.874, 7705.483
1879.803, 7706.401
1881.731, 7714.534
1883.660, 7715.459
1885.588, 7707.979
1887.516, 7700.060
1889.445, 7691.553
1891.373, 7685.516
1893.302, 7685.625
1895.230, 7685.919
1897.159, 7682.832
1899.087, 7678.096
1901.016, 7673.599
1902.944, 7669.694
1904.873, 7667.646
1906.801, 7667.503
1908.730, 7669.164
1910.658, 7673.290
1912.587, 7677.778
1914.515, 7679.253
1916.443, 7683.770
1918.372, 7698.086
1920.300, 7717.576
1922.229, 7731.439
1924.157, 7739.682
1926.086, 7760.669
1928.014, 7800.109
1929.943, 7839.440
1931.871, 7874.759
1933.800, 7913.075
1935.728, 7957.409
1937.657, 8003.679
1939.585, 8051.712
1941.514, 8099.814
1943.442, 8147.077
1945.371, 8193.423
1947.299, 8226.439
1949.228, 8243.693
1951.156, 8259.472
1953.084, 8277.760
1955.013, 8289.338
1956.941, 8288.263
1958.870, 8282.716
1960.798, 8276.212
1962.727, 8270.152
1964.655, 8270.287
1966.584, 8272.729
1968.512, 8259.432
1970.441, 8228.066
1972.369, 8190.205
1974.298, 8147.213
1976.226, 8095.787
1978.155, 8028.977
1980.083, 7961.313
1982.011, 7900.192
1983.940, 7843.350
1985.868, 7786.391
1987.797, 7731.850
1989.725, 7688.792
1991.654, 7657.899
1993.582, 7633.068
1995.511, 7619.576
1997.439, 7599.828
1999.368, 7563.647
2001.296, 7532.111
2003.225, 7514.955
2005.153, 7502.062
2007.082, 7487.694
2009.010, 7472.690
2010.938, 7457.914
2012.867, 7443.841
2014.795, 7430.417
2016.724, 7417.200
2018.652, 7408.724
2020.581, 7405.960
2022.509, 7405.221
2024.438, 7407.076
2026.366, 7407.367
2028.295, 7402.745
2030.223, 7396.305
2032.152, 7391.756
2034.080, 7387.830
2036.009, 7381.277
2037.937, 7372.208
2039.865, 7362.135
2041.794, 7348.298
2043.722, 7339.323
2045.651, 7339.383
2047.579, 7338.122
2049.508, 7330.359
2051.436, 7324.570
2053.365, 7328.109
2055.293, 7332.779
2057.222, 7329.401
2059.150, 7320.582
2061.079, 7313.282
2063.007, 7307.501
2064.936, 7300.938
2066.864, 7293.396
2068.792, 7288.798
2070.721, 7289.023
2072.649, 7289.819
2074.578, 7289.142
2076.506, 7288.735
2078.435, 7290.039
2080.363, 7290.000
2082.292, 7285.408
2084.220, 7277.067
2086.149, 7266.263
2088.077, 7253.587
2090.006, 7245.681
2091.934, 7245.288
2093.863, 7243.790
2095.791, 7241.744
2097.719, 7237.367
2099.648, 7226.582
2101.576, 7217.882
2103.505, 7216.354
2105.433, 7215.858
2107.362, 7211.683
2109.290, 7207.242
2111.219, 7208.813
2113.147, 7214.600
2115.076, 7215.912
2117.004, 7212.243
2118.933, 7209.971
2120.861, 7206.079
2122.790, 7206.451
2124.718, 7215.244
2126.646, 7218.860
2128.575, 7215.561
2130.503, 7205.065
2132.432, 7184.029
2134.360, 7162.070
2136.289, 7148.490
2138.217, 7141.744
2140.146, 7139.217
2142.074, 7139.950
2144.003, 7137.475
2145.931, 7130.868
2147.860, 7126.277
2149.788, 7123.341
2151.717, 7121.859
2153.645, 7122.342
2155.573, 7122.874
2157.502, 7125.704
2159.430, 7126.049
2161.359, 7118.703
2163.287, 7111.225
2165.216, 7112.368
2167.144, 7106.804
2169.073, 7105.165
2171.001, 7104.933
2172.930, 7102.851
2174.858, 7107.226
2176.787, 7108.455
2178.715, 7105.240
2180.644, 7101.522
2182.572, 7098.935
2184.500, 7093.326
2186.429, 7081.583
2188.357, 7070.729
2190.286, 7064.404
2192.214, 7060.391
2194.143, 7057.436
2196.071, 7055.683
2198.000, 7055.498
2199.928, 7056.146
2201.857, 7056.974
2203.785, 7057.646
2205.714, 7052.422
2207.642, 7040.876
2209.571, 7032.223
2211.499, 7027.590
2213.427, 7025.974
2215.356, 7028.708
2217.284, 7030.638
2219.213, 7028.461
2221.141, 7026.037
2223.070, 7022.702
2224.998, 7021.352
2226.927, 7028.210
2228.855, 7035.212
2230.784, 7029.633
2232.712, 7031.363
2234.641, 7028.191
2236.569, 7021.900
2238.498, 7020.541
2240.426, 7010.892
2242.354, 7008.881
2244.283, 7017.366
2246.211, 7019.646
2248.140, 7009.949
2250.068, 7001.406
2251.997, 6999.294
2253.925, 6997.005
2255.854, 6991.266
2257.782, 6986.352
2259.711, 6985.771
2261.639, 6985.729
2263.568, 6983.242
2265.496, 6977.996
2267.425, 6969.153
2269.353, 6957.746
2271.281, 6945.766
2273.210, 6934.397
2275.138, 6928.093
2277.067, 6927.644
2278.995, 6929.161
2280.924, 6932.877
2282.852, 6936.009
2284.781, 6938.067
2286.709, 6938.061
2288.638, 6934.378
2290.566, 6929.640
2292.495, 6922.302
2294.423, 6917.638
2296.352, 6922.695
2298.280, 6927.674
2300.208, 6923.064
2302.137, 6916.003
2304.065, 6915.191
2305.994, 6917.782
2307.922, 6917.579
2309.851, 6914.885
2311.779, 6913.347
2313.708, 6912.725
2315.636, 6912.667
2317.565, 6914.688
2319.493, 6909.278
2321.422, 6893.883
2323.350, 6883.343
2325.279, 6882.440
2327.207, 6881.646
2329.135, 6878.188
2331.064, 6875.269
2332.992, 6870.677
2334.921, 6870.586
2336.849, 6881.385
2338.778, 6892.828
2340.706, 6896.961
2342.635, 6897.156
2344.563, 6897.171
2346.492, 6896.739
2348.420, 6895.050
2350.349, 6893.173
2352.277, 6892.516
2354.206, 6893.499
2356.134, 6897.065
2358.063, 6902.653
2359.991, 6911.171
2361.919, 6919.208
2363.848, 6933.274
2365.776, 6940.914
2367.705, 6951.811
2369.633, 6965.913
2371.562, 6987.613
2373.490, 7022.276
2375.419, 7056.944
2377.347, 7086.941
2379.276, 7115.987
2381.204, 7149.518
2383.133, 7177.351
2385.061, 7190.636
2386.990, 7197.666
2388.918, 7205.546
2390.846, 7212.019
2392.775, 7210.893
2394.703, 7208.144
2396.632, 7211.295
2398.560, 7222.011
2400.489, 7246.053
2402.417, 7282.419
2404.346, 7327.956
2406.274, 7383.337
2408.203, 7437.461
2410.131, 7493.032
2412.060, 7541.657
2413.988, 7586.321
2415.917, 7612.362
2417.845, 7617.483
2419.773, 7603.082
2421.702, 7564.568
2423.630, 7516.892
2425.559, 7460.131
2427.487, 7400.965
2429.416, 7337.960
2431.344, 7278.444
2433.273, 7224.830
2435.201, 7176.068
2437.130, 7131.679
2439.058, 7091.321
2440.987, 7055.319
2442.915, 7022.585
2444.844, 6993.010
2446.772, 6966.458
2448.700, 6943.734
2450.629, 6923.999
2452.557, 6903.853
2454.486, 6891.106
2456.414, 6875.568
2458.343, 6872.047
2460.271, 6869.567
2462.200, 6867.106
2464.128, 6862.813
2466.057, 6856.135
2467.985, 6848.397
2469.914, 6840.146
2471.842, 6829.252
2473.771, 6816.477
2475.699, 6801.442
2477.627, 6781.938
2479.556, 6772.245
2481.484, 6776.099
2483.413, 6780.636
2485.341, 6784.893
2487.270, 6783.181
2489.198, 6765.091
2491.127, 6754.706
2493.055, 6765.458
2494.984, 6774.993
2496.912, 6775.059
2498.841, 6774.909
2500.769, 6779.025
2502.698, 6781.680
2504.626, 6779.542
2506.554, 6773.333
2508.483, 6760.406
2510.411, 6746.806
2512.340, 6737.412
2514.268, 6731.601
2516.197, 6731.109
2518.125, 6732.355
2520.054, 6731.088
2521.982, 6727.583
2523.911, 6719.178
2525.839, 6709.894
2527.768, 6708.606
2529.696, 6712.492
2531.625, 6716.551
2533.553, 6720.285
2535.481, 6719.576
2537.410, 6715.505
2539.338, 6709.053
2541.267, 6701.229
2543.195, 6698.857
2545.124, 6701.193
2547.052, 6703.863
2548.981, 6706.526
2550.909, 6699.987
2552.838, 6695.284
2554.766, 6689.162
2556.695, 6675.727
2558.623, 6671.937
2560.552, 6659.429
2562.480, 6649.798
2564.408, 6646.282
2566.337, 6642.217
2568.265, 6634.667
2570.194, 6631.502
2572.122, 6634.209
2574.051, 6637.163
2575.979, 6639.405
2577.908, 6640.932
2579.836, 6639.676
2581.765, 6641.916
2583.693, 6654.648
2585.622, 6661.642
2587.550, 6650.375
2589.479, 6646.706
2591.407, 6662.111
2593.335, 6674.087
2595.264, 6674.467
2597.192, 6670.245
2599.121, 6660.039
2601.049, 6652.985
2602.978, 6658.281
2604.906, 6661.558
2606.835, 6651.875
2608.763, 6645.244
2610.692, 6653.272
2612.620, 6661.042
2614.549, 6656.390
2616.477, 6651.723
2618.406, 6657.033
2620.334, 6662.506
2622.262, 6659.669
2624.191, 6656.076
2626.119, 6656.961
2628.048, 6661.177
2629.976, 6670.854
2631.905, 6680.005
2633.833, 6680.807
2635.762, 6679.565
2637.690, 6682.787
2639.619, 6685.942
2641.547, 6684.480
2643.476, 6680.878
2645.404, 6677.365
2647.333, 6675.307
2649.261, 6677.373
2651.189, 6677.611
2653.118, 6682.854
2655.046, 6684.892
2656.975, 6692.183
2658.903, 6700.924
2660.832, 6706.198
2662.760, 6709.171
2664.689, 6712.570
2666.617, 6714.362
2668.546, 6710.387
2670.474, 6704.266
2672.403, 6701.553
2674.331, 6701.080
2676.260, 6701.135
2678.188, 6701.756
2680.116, 6704.041
2682.045, 6705.814
2683.973, 6697.516
2685.902, 6689.560
2687.830, 6707.988
2689.759, 6735.703
2691.687, 6740.650
2693.616, 6732.956
2695.544, 6727.601
2697.473, 6724.324
2699.401, 6723.606
2701.330, 6724.458
2703.258, 6725.031
2705.187, 6725.466
2707.115, 6725.318
2709.043, 6725.046
2710.972, 6724.246
2712.900, 6724.255
2714.829, 6726.547
2716.757, 6732.355
2718.686, 6747.007
2720.614, 6764.925
2722.543, 6776.182
2724.471, 6783.684
2726.400, 6788.130
2728.328, 6794.053
2730.257, 6812.727
2732.185, 6833.969
2734.114, 6840.739
2736.042, 6840.856
2737.970, 6845.907
2739.899, 6852.895
2741.827, 6856.881
2743.756, 6861.709
2745.684, 6872.424
2747.613, 6886.667
2749.541, 6901.008
2751.470, 6916.487
2753.398, 6935.956
2755.327, 6955.569
2757.255, 6967.664
2759.184, 6982.593
2761.112, 7011.342
2763.041, 7050.139
2764.969, 7094.759
2766.897, 7148.868
2768.826, 7217.232
2770.754, 7293.865
2772.683, 7368.947
2774.611, 7453.993
2776.540, 7563.219
2778.468, 7678.429
2780.397, 7795.103
2782.325, 7899.913
2784.254, 7981.445
2786.182, 8052.069
2788.111, 8125.881
2790.039, 8184.453
2791.968, 8219.448
2793.896, 8235.058
2795.824, 8230.748
2797.753, 8213.190
2799.681, 8183.366
2801.610, 8144.371
2803.538, 8096.892
2805.467, 8038.916
2807.395, 7968.173
2809.324, 7888.629
2811.252, 7798.832
2813.181, 7704.608
2815.109, 7604.548
2817.038, 7506.587
2818.966, 7409.924
2820.895, 7323.811
2822.823, 7251.662
2824.751, 7186.693
2826.680, 7127.157
2828.608, 7076.966
2830.537, 7035.900
2832.465, 7005.400
2834.394, 6986.454
2836.322, 6968.411
2838.251, 6949.527
2840.179, 6935.383
2842.108, 6920.679
2844.036, 6907.404
2845.965, 6898.253
2847.893, 6886.675
2849.822, 6881.921
2851.750, 6878.245
2853.678, 6874.873
2855.607, 6871.043
2857.535, 6866.614
2859.464, 6861.438
2861.392, 6856.000
2863.321, 6851.188
2865.249, 6847.643
2867.178, 6845.324
2869.106, 6844.701
2871.035, 6846.879
2872.963, 6845.683
2874.892, 6849.008
2876.820, 6846.714
2878.749, 6846.766
2880.677, 6848.026
2882.605, 6850.704
2884.534, 6853.091
2886.462, 6855.065
2888.391, 6854.248
2890.319, 6845.742
2892.248, 6837.654
2894.176, 6835.807
2896.105, 6835.433
2898.033, 6834.157
2899.962, 6833.703
2901.890, 6835.707
2903.819, 6837.118
2905.747, 6837.307
2907.676, 6835.067
2909.604, 6827.002
2911.532, 6824.550
2913.461, 6832.627
2915.389, 6834.057
2917.318, 6822.683
2919.246, 6814.367
2921.175, 6811.317
2923.103, 6806.216
2925.032, 6798.563
2926.960, 6791.995
2928.889, 6786.506
2930.817, 6781.440
2932.746, 6776.708
2934.674, 6770.438
2936.603, 6767.490
2938.531, 6761.045
2940.459, 6761.000
2942.388, 6759.812
2944.316, 6756.443
2946.245, 6744.110
2948.173, 6732.286
2950.102, 6737.464
2952.030, 6746.905
2953.959, 6748.171
2955.887, 6747.033
2957.816, 6749.025
2959.744, 6748.611
2961.673, 6740.658
2963.601, 6733.177
2965.530, 6732.577
2967.458, 6729.384
2969.386, 6719.402
2971.315, 6709.892
2973.243, 6702.525
2975.172, 6695.685
2977.100, 6688.146
2979.029, 6684.787
2980.957, 6679.977
2982.886, 6684.399
2984.814, 6676.318
2986.743, 6674.407
2988.671, 6678.331
2990.600, 6675.644
2992.528, 6668.217
2994.457, 6665.787
2996.385, 6667.058
2998.313, 6670.339
3000.242, 6672.759
3002.170, 6666.744
3004.099, 6659.493
3006.027, 6658.396
3007.956, 6661.815
3009.884, 6671.999
3011.813, 6680.089
3013.741, 6676.521
3015.670, 6675.245
3017.598, 6681.451
3019.527, 6690.052
3021.455, 6702.526
3023.384, 6707.992
3025.312, 6699.154
3027.240, 6693.834
3029.169, 6693.643
3031.097, 6688.459
3033.026, 6686.348
3034.954, 6682.938
3036.883, 6679.333
3038.811, 6676.021
3040.740, 6668.080
3042.668, 6665.335
3044.597, 6666.136
3046.525, 6668.022
3048.454, 6670.529
3050.382, 6671.499
3052.311, 6674.891
3054.239, 6687.232
3056.167, 6698.169
3058.096, 6700.371
3060.024, 6701.525
3061.953, 6706.432
3063.881, 6705.077
3065.810, 6690.834
3067.738, 6683.207
3069.667, 6687.986
3071.595, 6694.716
3073.524, 6703.605
3075.452, 6701.311
3077.381, 6688.594
3079.309, 6685.469
3081.238, 6689.092
3083.166, 6688.206
3085.094, 6685.398
3087.023, 6688.595
3088.951, 6690.518
3090.880, 6682.005
3092.808, 6669.957
3094.737, 6657.697
3096.665, 6649.299
3098.594, 6647.650
3100.522, 6649.304
3102.451, 6652.134
3104.379, 6659.823
3106.308, 6673.515
3108.236, 6683.712
3110.165, 6689.038
3112.093, 6686.120
3114.021, 6675.265
3115.950, 6666.462
3117.878, 6659.100
3119.807, 6650.765
3121.735, 6641.738
3123.664, 6630.602
3125.592, 6621.008
3127.521, 6615.512
3129.449, 6614.469
3131.378, 6620.486
3133.306, 6626.238
3135.235, 6627.802
3137.163, 6628.568
3139.092, 6627.705
3141.020, 6631.319
3142.948, 6632.583
3144.877, 6631.554
3146.805, 6636.189
3148.734, 6629.751
3150.662, 6627.164
3152.591, 6626.517
3154.519, 6625.842
3156.448, 6619.450
3158.376, 6611.448
3160.305, 6604.313
3162.233, 6600.379
3164.162, 6601.412
3166.090, 6604.538
3168.019, 6607.368
3169.947, 6612.575
3171.875, 6621.493
3173.804, 6629.530
3175.732, 6636.584
3177.661, 6638.758
3179.589, 6636.755
3181.518, 6636.216
3183.446, 6635.595
3185.375, 6626.047
3187.303, 6613.331
3189.232, 6602.416
3191.160, 6596.572
3193.089, 6600.179
3195.017, 6607.036
3196.946, 6617.779
3198.874, 6621.842
3200.802, 6611.091
3202.731, 6607.758
3204.659, 6615.716
3206.588, 6616.519
3208.516, 6610.466
3210.445, 6611.514
3212.373, 6616.834
3214.302, 6617.562
3216.230, 6614.964
3218.159, 6610.642
3220.087, 6605.404
3222.016, 6598.656
3223.944, 6593.537
3225.873, 6591.482
3227.801, 6591.215
3229.729, 6595.017
3231.658, 6593.034
3233.586, 6584.452
3235.515, 6574.798
3237.443, 6566.407
3239.372, 6571.416
3241.300, 6584.318
3243.229, 6592.416
3245.157, 6598.098
3247.086, 6603.343
3249.014, 6607.284
3250.943, 6608.823
3252.871, 6609.211
3254.800, 6610.174
3256.728, 6607.705
3258.656, 6602.148
3260.585, 6592.541
3262.513, 6580.345
3264.442, 6581.421
3266.370, 6591.985
3268.299, 6601.773
3270.227, 6609.692
3272.156, 6612.275
3274.084, 6613.889
3276.013, 6617.606
3277.941, 6621.275
3279.870, 6627.738
3281.798, 6626.226
3283.727, 6614.824
3285.655, 6610.745
3287.583, 6615.060
3289.512, 6612.833
3291.440, 6607.185
3293.369, 6607.307
3295.297, 6609.710
3297.226, 6611.349
3299.154, 6611.337
3301.083, 6614.519
3303.011, 6618.556
3304.940, 6619.020
3306.868, 6626.697
3308.797, 6628.245
3310.725, 6627.237
3312.654, 6624.356
3314.582, 6621.162
3316.510, 6617.588
3318.439, 6613.063
3320.367, 6607.635
3322.296, 6596.330
3324.224, 6592.710
3326.153, 6609.004
3328.081, 6618.917
3330.010, 6614.819
3331.938, 6617.751
3333.867, 6629.421
3335.795, 6640.402
3337.724, 6649.976
3339.652, 6659.261
3341.581, 6663.974
3343.509, 6655.198
3345.438, 6644.788
3347.366, 6641.894
3349.294, 6636.721
3351.223, 6626.478
3353.151, 6616.510
3355.080, 6607.621
3357.008, 6604.018
3358.937, 6605.464
3360.865, 6613.372
3362.794, 6623.013
3364.722, 6624.912
3366.651, 6628.760
3368.579, 6644.973
3370.508, 6657.962
3372.436, 6663.261
3374.365, 6665.150
3376.293, 6663.417
3378.221, 6666.585
3380.150, 6672.068
3382.078, 6665.854
3384.007, 6670.091
3385.935, 6664.250
3387.864, 6670.873
3389.792, 6663.783
3391.721, 6662.954
3393.649, 6676.479
3395.578, 6697.068
3397.506, 6724.149
3399.435, 6734.660
3401.363, 6735.271
3403.292, 6748.894
3405.220, 6771.990
3407.148, 6803.384
3409.077, 6834.102
3411.005, 6857.108
3412.934, 6879.313
3414.862, 6901.221
3416.791, 6926.125
3418.719, 6951.766
3420.648, 6981.105
3422.576, 7007.595
3424.505, 7037.348
3426.433, 7068.874
3428.362, 7104.178
3430.290, 7133.581
3432.219, 7151.226
3434.147, 7167.118
3436.075, 7182.678
3438.004, 7193.071
3439.932, 7196.280
3441.861, 7185.858
3443.789, 7167.423
3445.718, 7147.938
3447.646, 7127.955
3449.575, 7110.528
3451.503, 7088.125
3453.432, 7068.225
3455.360, 7036.114
3457.289, 7025.871
3459.217, 7007.834
3461.146, 6987.023
3463.074, 6979.321
3465.002, 6971.815
3466.931, 6952.900
3468.859, 6933.993
3470.788, 6917.839
3472.716, 6905.744
3474.645, 6897.714
3476.573, 6890.914
3478.502, 6884.112
3480.430, 6874.681
3482.359, 6863.854
3484.287, 6852.117
3486.216, 6842.708
3488.144, 6837.627
3490.073, 6832.322
3492.001, 6829.853
3493.929, 6824.157
3495.858, 6830.067
3497.786, 6836.596
3499.715, 6841.088
3501.643, 6836.788
3503.572, 6837.606
3505.500, 6843.273
3507.429, 6845.032
3509.357, 6856.630
3511.286, 6857.987
3513.214, 6867.631
3515.143, 6879.159
3517.071, 6892.478
3519.000, 6910.315
3520.928, 6924.663
3522.856, 6931.698
3524.785, 6934.495
3526.713, 6933.800
3528.642, 6929.040
3530.570, 6921.720
3532.499, 6915.436
3534.427, 6910.580
3536.356, 6902.408
3538.284, 6893.796
3540.213, 6887.354
3542.141, 6873.390
3544.070, 6865.353
3545.998, 6853.736
3547.927, 6839.336
3549.855, 6819.971
3551.783, 6804.363
3553.712, 6802.222
3555.640, 6801.914
3557.569, 6800.208
3559.497, 6793.793
3561.426, 6782.401
3563.354, 6774.793
3565.283, 6769.638
3567.211, 6763.896
3569.140, 6759.835
3571.068, 6759.132
3572.997, 6761.923
3574.925, 6769.748
3576.854, 6772.271
3578.782, 6781.168
3580.710, 6782.846
3582.639, 6798.475
3584.567, 6806.583
3586.496, 6814.763
3588.424, 6827.549
3590.353, 6834.155
3592.281, 6832.096
3594.210, 6831.709
3596.138, 6830.337
3598.067, 6820.350
3599.995, 6808.584
3601.924, 6803.970
3603.852, 6791.398
3605.781, 6775.952
3607.709, 6763.026
3609.637, 6741.897
3611.566, 6730.847
3613.494, 6715.833
3615.423, 6702.421
3617.351, 6694.866
3619.280, 6695.615
3621.208, 6701.826
3623.137, 6713.031
3625.065, 6713.493
3626.994, 6707.566
3628.922, 6702.396
3630.851, 6702.526
3632.779, 6713.689
3634.708, 6722.130
3636.636, 6723.555
3638.564, 6723.625
3640.493, 6722.747
3642.421, 6724.045
3644.350, 6723.962
3646.278, 6715.845
3648.207, 6711.749
3650.135, 6715.700
3652.064, 6730.398
3653.992, 6753.939
3655.921, 6770.362
3657.849, 6784.458
3659.778, 6804.482
3661.706, 6826.190
3663.635, 6851.382
3665.563, 6868.980
3667.491, 6878.413
3669.420, 6889.933
3671.348, 6897.439
3673.277, 6882.441
3675.205, 6865.237
3677.134, 6860.783
3679.062, 6851.779
3680.991, 6836.493
3682.919, 6825.579
3684.848, 6822.880
3686.776, 6838.167
3688.705, 6863.558
3690.633, 6895.931
3692.562, 6928.385
3694.490, 6959.139
3696.418, 6994.671
3698.347, 7028.944
3700.275, 7042.291
3702.204, 7047.241
3704.132, 7060.809
3706.061, 7053.999
3707.989, 7018.936
3709.918, 6975.523
3711.846, 6929.773
3713.775, 6899.453
3715.703, 6872.963
3717.632, 6849.903
3719.560, 6834.602
3721.489, 6822.217
3723.417, 6821.274
3725.345, 6816.101
3727.274, 6829.959
3729.202, 6852.797
3731.131, 6883.028
3733.059, 6898.091
3734.988, 6888.703
3736.916, 6882.409
3738.845, 6875.380
3740.773, 6855.557
3742.702, 6827.914
3744.630, 6794.454
3746.559, 6764.267
3748.487, 6740.235
3750.416, 6719.273
3752.344, 6700.094
3754.272, 6676.013
3756.201, 6656.903
3758.129, 6649.264
3760.058, 6645.739
3761.986, 6645.860
3763.915, 6642.423
3765.843, 6635.857
3767.772, 6634.038
3769.700, 6631.665
3771.629, 6624.290
3773.557, 6626.795
3775.486, 6618.536
3777.414, 6609.897
3779.343, 6603.010
3781.271, 6600.769
3783.199, 6603.376
3785.128, 6611.904
3787.056, 6620.535
3788.985, 6627.898
3790.913, 6618.667
3792.842, 6609.022
3794.770, 6624.354
3796.699, 6632.096
3798.627, 6621.150
3800.556, 6616.226
3802.484, 6617.059
3804.413, 6615.382
3806.341, 6612.852
3808.270, 6610.931
3810.198, 6608.644
3812.126, 6605.685
3814.055, 6602.850
3815.983, 6601.346
3817.912, 6599.005
3819.840, 6596.153
3821.769, 6598.152
3823.697, 6593.465
3825.626, 6598.423
3827.554, 6604.337
3829.483, 6607.446
3831.411, 6600.500
3833.340, 6594.325
3835.268, 6592.587
3837.197, 6591.623
3839.125, 6590.142
3841.053, 6580.524
3842.982, 6572.820
3844.910, 6576.721
3846.839, 6579.604
3848.767, 6579.361
3850.696, 6579.646
3852.624, 6579.621
3854.553, 6576.306
3856.481, 6576.499
3858.410, 6588.040
3860.338, 6591.282
3862.267, 6587.858
3864.195, 6583.766
3866.124, 6581.247
3868.052, 6582.155
3869.980, 6580.988
3871.909, 6582.933
3873.837, 6587.856
3875.766, 6589.175
3877.694, 6600.375
3879.623, 6607.097
3881.551, 6613.833
3883.480, 6613.300
3885.408, 6621.524
3887.337, 6618.066
3889.265, 6617.756
3891.194, 6635.491
3893.122, 6648.930
3895.051, 6655.126
3896.979, 6673.531
3898.907, 6690.334
3900.836, 6675.212
3902.764, 6663.205
3904.693, 6667.854
3906.621, 6684.780
3908.550, 6704.610
3910.478, 6703.255
3912.407, 6699.298
3914.335, 6701.083
3916.264, 6706.952
3918.192, 6715.132
3920.121, 6722.468
3922.049, 6728.485
3923.978, 6732.415
3925.906, 6735.508
3927.834, 6736.252
3929.763, 6741.430
3931.691, 6740.071
3933.620, 6748.997
3935.548, 6761.412
3937.477, 6770.261
3939.405, 6772.633
3941.334, 6774.829
3943.262, 6793.831
3945.191, 6810.582
3947.119, 6807.898
3949.048, 6806.478
3950.976, 6810.437
3952.905, 6816.453
3954.833, 6825.337
3956.761, 6833.924
3958.690, 6842.371
3960.618, 6858.843
3962.547, 6865.449
3964.475, 6860.096
3966.404, 6863.397
3968.332, 6877.198
3970.261, 6889.198
3972.189, 6890.331
3974.118, 6889.367
3976.046, 6889.346
3977.975, 6897.725
3979.903, 6900.366
3981.832, 6919.064
3983.760, 6915.389
3985.688, 6925.365
3987.617, 6937.924
3989.545, 6937.672
3991.474, 6941.728
3993.402, 6953.485
3995.331, 6966.988
3997.259, 6977.658
3999.188, 6985.737
4001.116, 6993.519
4003.045, 6997.397
4004.973, 7002.359
4006.902, 7003.319
4008.830, 7005.667
4010.759, 7002.764
4012.687, 7006.740
4014.615, 7006.007
4016.544, 7004.851
4018.472, 7005.674
4020.401, 7010.968
4022.329, 7021.820
4024.258, 7035.825
4026.186, 7050.916
4028.115, 7059.199
4030.043, 7060.788
4031.972, 7055.924
4033.900, 7062.254
4035.829, 7072.114
4037.757, 7078.165
4039.686, 7081.465
4041.614, 7079.851
4043.542, 7081.679
4045.471, 7084.763
4047.399, 7090.231
4049.328, 7097.896
4051.256, 7106.120
4053.185, 7109.546
4055.113, 7112.350
4057.042, 7129.964
4058.970, 7143.899
4060.899, 7143.638
4062.827, 7148.902
4064.756, 7161.363
4066.684, 7174.241
4068.613, 7182.971
4070.541, 7186.992
4072.469, 7192.039
4074.398, 7197.737
4076.326, 7204.603
4078.255, 7215.607
4080.183, 7220.322
4082.112, 7228.303
4084.040, 7236.935
4085.969, 7241.899
4087.897, 7246.291
4089.826, 7249.695
4091.754, 7250.492
4093.683, 7248.412
4095.611, 7237.976
4097.540, 7229.506
4099.468, 7227.176
4101.396, 7225.255
4103.325, 7224.008
4105.253, 7223.023
4107.182, 7222.647
4109.110, 7223.454
4111.039, 7221.670
4112.967, 7224.737
4114.896, 7222.148
4116.824, 7221.346
4118.753, 7229.195
4120.681, 7229.927
4122.610, 7224.964
4124.538, 7233.949
4126.467, 7244.783
4128.395, 7245.708
4130.324, 7260.028
4132.252, 7260.002
4134.181, 7274.864
4136.109, 7263.984
4138.038, 7265.613
4139.966, 7269.663
4141.895, 7271.241
4143.823, 7269.688
4145.751, 7274.907
4147.680, 7292.658
4149.608, 7301.497
4151.537, 7301.619
4153.465, 7309.708
4155.394, 7318.811
4157.322, 7325.716
4159.250, 7330.218
4161.179, 7333.921
4163.107, 7343.346
4165.036, 7352.161
4166.964, 7352.594
4168.893, 7353.149
4170.821, 7352.908
4172.750, 7352.581
4174.678, 7353.614
4176.607, 7357.819
4178.535, 7362.319
4180.464, 7369.062
4182.392, 7376.632
4184.321, 7384.004
4186.249, 7390.450
4188.178, 7399.789
4190.106, 7403.638
4192.035, 7411.743
4193.963, 7418.838
4195.892, 7417.397
4197.820, 7419.938
4199.749, 7423.799
4201.677, 7410.667
4203.605, 7400.329
4205.534, 7400.751
4207.462, 7407.361
4209.391, 7417.054
4211.319, 7423.835
4213.248, 7433.886
4215.176, 7448.768
4217.104, 7446.718
4219.033, 7453.501
4220.961, 7446.665
4222.890, 7453.850
4224.818, 7452.540
4226.747, 7448.526
4228.675, 7446.813
4230.604, 7450.980
4232.532, 7456.395
4234.461, 7462.573
4236.389, 7478.087
4238.318, 7492.841
4240.246, 7498.959
4242.175, 7500.685
4244.103, 7499.322
4246.032, 7495.151
4247.960, 7490.255
4249.889, 7492.133
4251.817, 7494.653
4253.746, 7494.999
4255.674, 7487.858
4257.603, 7476.830
4259.531, 7463.480
4261.459, 7460.118
4263.388, 7463.366
4265.316, 7463.762
4267.245, 7464.773
4269.173, 7466.518
4271.102, 7464.230
4273.030, 7462.136
4274.958, 7468.483
4276.887, 7473.838
4278.815, 7476.817
4280.744, 7463.141
4282.672, 7453.601
4284.601, 7467.331
4286.529, 7473.890
4288.458, 7473.026
4290.386, 7490.302
4292.315, 7501.856
4294.243, 7495.436
4296.172, 7488.267
4298.100, 7482.462
4300.029, 7480.287
4301.957, 7475.655
4303.886, 7467.059
4305.814, 7464.140
4307.743, 7466.488
4309.671, 7473.776
4311.600, 7483.349
4313.528, 7493.797
4315.457, 7503.172
4317.385, 7510.448
4319.313, 7516.108
4321.242, 7516.634
4323.170, 7516.257
4325.099, 7519.144
4327.027, 7520.750
4328.956, 7523.478
4330.884, 7525.903
4332.813, 7532.566
4334.741, 7534.656
4336.669, 7524.218
4338.598, 7503.806
4340.526, 7490.476
4342.455, 7483.981
4344.383, 7472.903
4346.312, 7477.155
4348.240, 7460.818
4350.169, 7457.578
4352.097, 7451.141
4354.026, 7435.900
4355.954, 7429.457
4357.883, 7428.722
4359.811, 7434.989
4361.740, 7425.468
4363.668, 7403.643
4365.597, 7406.047
4367.525, 7412.531
4369.454, 7409.187
4371.382, 7417.000
4373.311, 7426.197
4375.239, 7417.982
4377.167, 7403.962
4379.096, 7387.355
4381.024, 7383.936
4382.953, 7384.403
4384.881, 7381.151
4386.810, 7383.002
4388.738, 7387.695
4390.667, 7389.703
4392.595, 7387.244
4394.523, 7380.221
4396.452, 7365.992
4398.380, 7354.166
4400.309, 7353.112
4402.237, 7358.948
4404.166, 7367.509
4406.094, 7372.053
4408.023, 7367.035
4409.951, 7350.833
4411.880, 7335.522
4413.808, 7325.916
4415.737, 7329.916
4417.665, 7331.748
4419.594, 7330.068
4421.522, 7328.000
4423.451, 7325.599
4425.379, 7321.694
4427.308, 7319.944
4429.236, 7317.583
4431.165, 7309.167
4433.093, 7306.974
4435.021, 7310.002
4436.950, 7294.351
4438.878, 7282.079
4440.807, 7284.133
4442.735, 7276.781
4444.664, 7268.508
4446.592, 7272.807
4448.521, 7275.926
4450.449, 7274.936
4452.377, 7269.415
4454.306, 7259.233
4456.234, 7243.104
4458.163, 7252.187
4460.091, 7266.731
4462.020, 7256.917
4463.948, 7254.661
4465.877, 7260.477
4467.805, 7260.021
4469.734, 7254.521
4471.662, 7243.758
4473.591, 7228.989
4475.519, 7217.468
4477.448, 7217.687
4479.376, 7215.313
4481.305, 7213.591
4483.233, 7235.327
4485.162, 7244.428
4487.090, 7232.077
4489.019, 7220.795
4490.947, 7208.690
4492.875, 7201.509
4494.804, 7186.208
4496.732, 7188.210
4498.661, 7176.384
4500.589, 7169.117
4502.518, 7169.264
4504.446, 7175.490
4506.375, 7175.458
4508.303, 7163.091
4510.231, 7141.890
4512.160, 7128.502
4514.088, 7149.638
4516.017, 7161.382
4517.945, 7162.178
4519.874, 7166.305
4521.802, 7170.199
4523.731, 7171.410
4525.659, 7181.669
4527.588, 7195.446
4529.516, 7207.889
4531.445, 7228.303
4533.373, 7253.178
4535.302, 7274.721
4537.230, 7298.190
4539.159, 7324.849
4541.087, 7359.981
4543.016, 7381.862
4544.944, 7380.798
4546.873, 7390.268
4548.801, 7393.427
4550.729, 7371.610
4552.658, 7333.188
4554.586, 7287.903
4556.515, 7255.375
4558.443, 7228.275
4560.372, 7204.694
4562.300, 7182.753
4564.229, 7158.727
4566.157, 7158.788
4568.085, 7143.334
4570.014, 7170.771
4571.942, 7183.994
4573.871, 7205.315
4575.799, 7235.777
4577.728, 7277.682
4579.656, 7317.632
4581.585, 7352.607
4583.513, 7385.524
4585.442, 7403.894
4587.370, 7403.104
4589.299, 7373.231
4591.227, 7327.542
4593.156, 7275.059
4595.084, 7222.166
4597.013, 7167.028
4598.941, 7096.860
4600.870, 7049.166
4602.798, 7024.314
4604.727, 7006.269
4606.655, 6983.464
4608.583, 6954.580
4610.512, 6936.140
4612.440, 6926.578
4614.369, 6924.918
4616.297, 6926.333
4618.226, 6931.910
4620.154, 6946.791
4622.083, 6950.372
4624.011, 6941.875
4625.939, 6918.160
4627.868, 6906.637
4629.796, 6910.319
4631.725, 6913.792
4633.653, 6928.708
4635.582, 6959.790
4637.510, 7001.817
4639.439, 7052.651
4641.367, 7108.532
4643.296, 7182.492
4645.224, 7284.897
4647.153, 7426.957
4649.081, 7614.383
4651.010, 7834.346
4652.938, 8074.831
4654.867, 8292.869
4656.795, 8467.637
4658.724, 8552.128
4660.652, 8545.732
4662.581, 8452.209
4664.509, 8296.107
4666.438, 8121.436
4668.366, 7948.882
4670.294, 7809.780
4672.223, 7698.542
4674.151, 7617.140
4676.080, 7529.486
4678.008, 7434.368
4679.937, 7329.566
4681.865, 7228.546
4683.793, 7135.935
4685.722, 7056.995
4687.650, 6987.085
4689.579, 6927.131
4691.507, 6893.588
4693.436, 6857.825
4695.364, 6813.854
4697.293, 6785.752
4699.221, 6761.319
4701.150, 6733.604
4703.078, 6717.827
4705.007, 6705.774
4706.935, 6691.967
4708.864, 6678.106
4710.792, 6663.743
4712.721, 6646.164
4714.649, 6639.528
4716.578, 6639.419
4718.506, 6636.856
4720.435, 6635.853
4722.363, 6632.873
4724.292, 6616.319
4726.220, 6599.036
4728.148, 6584.195
4730.077, 6570.946
4732.005, 6566.865
4733.934, 6572.135
4735.862, 6559.317
4737.791, 6551.671
4739.719, 6557.654
4741.647, 6540.923
4743.576, 6524.751
4745.504, 6521.844
4747.433, 6520.117
4749.361, 6515.194
4751.290, 6502.233
4753.218, 6504.354
4755.147, 6507.961
4757.075, 6497.768
4759.004, 6488.705
4760.932, 6482.545
4762.861, 6481.518
4764.789, 6472.157
4766.718, 6459.391
4768.646, 6457.147
4770.575, 6451.755
4772.503, 6441.799
4774.432, 6423.398
4776.360, 6420.488
4778.289, 6432.096
4780.217, 6438.908
4782.146, 6437.306
4784.074, 6428.805
4786.002, 6424.935
4787.931, 6425.058
4789.859, 6428.304
4791.788, 6424.376
4793.716, 6415.384
4795.645, 6403.576
4797.573, 6409.159
4799.501, 6408.677
4801.430, 6389.807
4803.358, 6373.527
4805.287, 6361.547
4807.215, 6355.170
4809.144, 6347.397
4811.072, 6344.979
4813.001, 6353.669
4814.929, 6354.249
4816.858, 6353.857
4818.786, 6357.437
4820.715, 6367.141
4822.643, 6368.765
4824.572, 6348.488
4826.500, 6332.216
4828.429, 6321.821
4830.357, 6320.458
4832.286, 6304.568
4834.214, 6286.567
4836.143, 6280.053
4838.071, 6280.405
4840.000, 6280.126
4841.928, 6269.722
4843.856, 6264.142
4845.785, 6258.901
4847.713, 6244.604
4849.642, 6238.629
4851.570, 6238.160
4853.499, 6239.123
4855.427, 6225.222
4857.355, 6211.358
4859.284, 6227.026
4861.212, 6226.409
4863.141, 6211.958
4865.069, 6191.405
4866.998, 6192.110
4868.926, 6199.584
4870.855, 6181.762
4872.783, 6180.022
4874.712, 6186.363
4876.640, 6178.346
4878.569, 6176.987
4880.497, 6176.803
4882.426, 6164.310
4884.354, 6157.167
4886.283, 6150.208
4888.211, 6127.500
4890.140, 6129.932
4892.068, 6141.919
4893.997, 6130.084
4895.925, 6119.499
4897.854, 6112.978
4899.782, 6111.867
4901.710, 6110.927
4903.639, 6109.086
4905.567, 6105.695
4907.496, 6100.591
4909.424, 6094.662
4911.353, 6089.476
4913.281, 6082.551
4915.209, 6073.541
4917.138, 6059.630
4919.066, 6060.030
4920.995, 6060.515
4922.923, 6042.639
4924.852, 6029.317
4926.780, 6023.636
4928.709, 6027.853
4930.637, 6034.635
4932.566, 6034.218
4934.494, 6014.717
4936.423, 6006.618
4938.351, 6008.430
4940.280, 6018.820
4942.208, 6006.117
4944.137, 5993.900
4946.065, 6002.956
4947.994, 6003.275
4949.922, 5995.804
4951.851, 5981.655
4953.779, 5963.417
4955.708, 5956.284
4957.636, 5967.804
4959.564, 5961.255
4961.493, 5948.594
4963.421, 5935.882
4965.350, 5937.658
4967.278, 5939.005
4969.207, 5934.357
4971.135, 5914.896
4973.063, 5909.599
4974.992, 5920.811
4976.920, 5924.287
4978.849, 5918.670
4980.777, 5907.063
4982.706, 5894.608
4984.634, 5897.015
4986.563, 5907.334
4988.491, 5907.390
4990.420, 5890.407
4992.348, 5868.391
4994.277, 5862.442
4996.205, 5851.413
4998.134, 5844.526
5000.062, 5861.164
5001.991, 5858.029
5003.919, 5846.736
5005.848, 5839.455
5007.776, 5830.136
5009.705, 5821.087
5011.633, 5813.751
5013.562, 5807.911
5015.490, 5795.894
5017.418, 5777.295
5019.347, 5791.550
5021.275, 5792.652
5023.204, 5770.673
5025.132, 5770.911
5027.061, 5770.705
5028.989, 5763.980
5030.917, 5751.062
5032.846, 5748.386
5034.774, 5751.192
5036.703, 5744.071
5038.631, 5740.445
5040.560, 5739.493
5042.488, 5738.248
5044.417, 5730.317
5046.345, 5723.795
5048.274, 5726.688
5050.202, 5719.093
5052.131, 5708.896
5054.059, 5702.802
5055.988, 5689.194
5057.916, 5672.841
5059.845, 5658.644
5061.773, 5665.563
5063.702, 5669.815
5065.630, 5666.389
5067.559, 5665.474
5069.487, 5658.279
5071.416, 5647.804
5073.344, 5643.466
5075.272, 5648.642
5077.201, 5656.685
5079.129, 5661.581
5081.058, 5646.512
5082.986, 5630.509
5084.915, 5629.009
5086.843, 5622.480
5088.771, 5612.536
5090.700, 5602.187
5092.628, 5610.646
5094.557, 5609.570
5096.485, 5593.714
5098.414, 5579.238
5100.342, 5569.904
5102.271, 5566.736
5104.199, 5571.958
5106.128, 5577.799
5108.056, 5573.794
5109.985, 5541.077
5111.913, 5533.817
5113.842, 5538.429
5115.770, 5545.021
5117.699, 5548.545
5119.627, 5538.326
5121.556, 5516.710
5123.484, 5518.563
5125.413, 5515.459
5127.341, 5506.229
5129.270, 5509.308
5131.198, 5493.916
5133.126, 5476.619
5135.055, 5484.108
5136.983, 5481.617
5138.912, 5474.008
5140.840, 5466.576
5142.769, 5452.570
5144.697, 5456.285
5146.625, 5480.044
5148.554, 5491.914
5150.482, 5484.833
5152.411, 5467.243
5154.339, 5458.773
5156.268, 5450.034
5158.196, 5442.158
5160.125, 5438.058
5162.053, 5427.600
5163.982, 5416.917
5165.910, 5409.204
5167.839, 5399.760
5169.767, 5387.272
5171.696, 5377.753
5173.624, 5401.688
5175.553, 5404.932
5177.481, 5393.850
5179.410, 5388.917
5181.338, 5384.356
5183.267, 5379.326
5185.195, 5373.323
5187.124, 5352.856
5189.052, 5339.703
5190.980, 5337.955
5192.909, 5328.433
5194.837, 5321.745
5196.766, 5317.673
5198.694, 5311.968
5200.623, 5304.287
5202.551, 5301.542
5204.479, 5310.659
5206.408, 5300.473
5208.336, 5299.625
5210.265, 5309.938
5212.193, 5290.180
5214.122, 5278.610
5216.050, 5277.104
5217.979, 5280.953
5219.907, 5280.508
5221.836, 5270.110
5223.764, 5247.295
5225.693, 5244.226
5227.621, 5248.700
5229.550, 5252.640
5231.478, 5245.407
5233.407, 5230.137
5235.335, 5213.538
5237.264, 5203.334
5239.192, 5195.053
5241.121, 5191.724
5243.049, 5194.025
5244.978, 5197.172
5246.906, 5188.733
5248.834, 5174.313
5250.763, 5174.141
5252.691, 5175.125
5254.620, 5170.929
5256.548, 5156.680
5258.477, 5144.466
5260.405, 5141.717
5262.333, 5145.927
5264.262, 5133.820
5266.190, 5136.672
5268.119, 5143.672
5270.047, 5129.330
5271.976, 5124.428
5273.904, 5121.181
5275.833, 5115.454
5277.761, 5119.167
5279.690, 5115.047
5281.618, 5104.750
5283.547, 5097.555
5285.475, 5101.159
5287.404, 5100.232
5289.332, 5082.591
5291.261, 5080.051
5293.189, 5075.706
5295.118, 5068.975
5297.046, 5075.872
5298.975, 5058.166
5300.903, 5036.346
5302.832, 5034.053
5304.760, 5028.885
5306.688, 5029.898
5308.617, 5037.237
5310.545, 5039.424
5312.474, 5029.260
5314.402, 5013.108
5316.331, 4998.646
5318.259, 4994.643
5320.188, 4996.675
5322.116, 4998.963
5324.044, 4981.577
5325.973, 4962.534
5327.901, 4951.338
5329.830, 4954.820
5331.758, 4952.271
5333.687, 4945.607
5335.615, 4936.843
5337.544, 4927.543
5339.472, 4919.665
5341.401, 4912.688
5343.329, 4905.746
5345.258, 4896.764
5347.186, 4887.673
5349.115, 4879.964
5351.043, 4877.984
5352.972, 4873.322
5354.900, 4867.594
5356.829, 4863.937
5358.757, 4856.812
5360.686, 4854.391
5362.614, 4854.823
5364.542, 4838.175
5366.471, 4830.842
5368.399, 4828.518
5370.328, 4824.082
5372.256, 4825.730
5374.185, 4815.798
5376.113, 4796.365
5378.042, 4787.989
5379.970, 4791.846
5381.898, 4793.275
5383.827, 4781.729
5385.755, 4774.492
5387.684, 4773.078
5389.612, 4770.958
5391.541, 4756.132
5393.469, 4746.308
5395.398, 4742.163
5397.326, 4741.725
5399.255, 4731.834
5401.183, 4726.353
5403.112, 4720.246
5405.040, 4703.593
5406.969, 4693.298
5408.897, 4689.865
5410.826, 4689.586
5412.754, 4679.892
5414.683, 4675.708
5416.611, 4677.697
5418.540, 4685.156
5420.468, 4671.951
5422.396, 4668.168
5424.325, 4673.358
5426.253, 4672.601
5428.182, 4651.030
5430.110, 4638.536
5432.039, 4645.147
5433.967, 4646.241
5435.896, 4635.660
5437.824, 4623.891
5439.752, 4622.791
5441.681, 4613.179
5443.609, 4604.853
5445.538, 4600.934
5447.466, 4601.317
5449.395, 4600.472
5451.323, 4597.398
5453.252, 4590.081
5455.180, 4564.537
5457.109, 4558.421
5459.037, 4562.543
5460.966, 4561.855
5462.894, 4554.884
5464.823, 4547.913
5466.751, 4539.015
5468.680, 4518.493
5470.608, 4522.651
5472.537, 4522.915
5474.465, 4507.622
5476.394, 4497.172
5478.322, 4485.306
5480.250, 4480.726
5482.179, 4491.353
5484.107, 4474.156
5486.036, 4461.709
5487.964, 4458.390
5489.893, 4457.587
5491.821, 4444.927
5493.750, 4444.632
5495.678, 4457.266
5497.606, 4460.770
5499.535, 4437.364
##END=



