##NAMES=Minium
##RRUFFID=R070508
##IDEAL CHEMISTRY=Pb^2+^_2_Pb^4+^O_4_
##LOCALITY=Gila Bend, Maricopa County, Arizona, USA
##OWNER=RRUFF
##SOURCE=James Shigley
##DESCRIPTION=Bright orange earthy coating
##STATUS=The identification of this mineral is not yet confirmed
##URL=https://www.rruff.net/odr/rruff_sample/R070508
##FILETYPE=Raman RAW
##RAMAN WAVELENGTH=532

118.5388, 723.1313
120.4672, 800.0338
122.3957, 893.7121
124.3242, 1001.119
126.2526, 1112.070
128.1811, 1223.705
130.1096, 1340.091
132.0380, 1464.159
133.9665, 1596.034
135.8950, 1735.457
137.8234, 1887.128
139.7519, 2050.038
141.6804, 2206.838
143.6088, 2360.959
145.5373, 2482.913
147.4658, 2478.384
149.3942, 2442.832
151.3227, 2415.334
153.2512, 2401.306
155.1796, 2400.485
157.1081, 2397.785
159.0366, 2393.365
160.9650, 2389.181
162.8935, 2387.238
164.8220, 2390.379
166.7504, 2391.125
168.6789, 2387.177
170.6074, 2380.227
172.5358, 2375.643
174.4643, 2373.402
176.3928, 2373.313
178.3212, 2375.734
180.2497, 2377.356
182.1782, 2384.392
184.1066, 2400.292
186.0351, 2424.770
187.9636, 2447.269
189.8920, 2460.488
191.8205, 2472.395
193.7490, 2495.216
195.6774, 2532.710
197.6059, 2572.164
199.5344, 2608.983
201.4628, 2641.606
203.3913, 2677.420
205.3198, 2714.325
207.2482, 2755.564
209.1767, 2803.586
211.1052, 2860.637
213.0336, 2917.555
214.9621, 2971.986
216.8906, 3023.835
218.8190, 3073.103
220.7475, 3118.976
222.6760, 3162.034
224.6044, 3203.806
226.5329, 3245.263
228.4614, 3284.796
230.3898, 3325.898
232.3183, 3366.201
234.2468, 3395.300
236.1752, 3404.884
238.1037, 3406.652
240.0322, 3406.403
241.9606, 3399.624
243.8891, 3394.346
245.8176, 3393.819
247.7460, 3396.902
249.6745, 3395.684
251.6030, 3384.010
253.5314, 3370.480
255.4599, 3362.148
257.3884, 3359.187
259.3168, 3361.100
261.2453, 3371.291
263.1738, 3388.523
265.1022, 3399.762
267.0307, 3397.681
268.9592, 3395.006
270.8876, 3398.317
272.8161, 3405.510
274.7446, 3423.510
276.6730, 3456.641
278.6015, 3501.518
280.5300, 3546.145
282.4584, 3596.364
284.3869, 3640.730
286.3154, 3673.408
288.2438, 3691.666
290.1723, 3710.916
292.1008, 3733.013
294.0292, 3757.654
295.9577, 3784.506
297.8862, 3815.434
299.8146, 3846.332
301.7431, 3876.272
303.6716, 3905.884
305.6000, 3932.967
307.5285, 3956.173
309.4570, 3978.299
311.3854, 4002.300
313.3139, 4030.153
315.2424, 4056.123
317.1708, 4081.134
319.0993, 4103.852
321.0278, 4115.381
322.9562, 4112.170
324.8847, 4099.297
326.8132, 4079.568
328.7416, 4047.117
330.6701, 4018.792
332.5986, 3998.167
334.5270, 3983.135
336.4555, 3969.774
338.3840, 3965.242
340.3124, 3954.771
342.2409, 3931.153
344.1694, 3885.271
346.0978, 3850.194
348.0263, 3828.025
349.9548, 3814.882
351.8832, 3807.781
353.8117, 3808.316
355.7402, 3812.853
357.6686, 3818.567
359.5971, 3824.675
361.5256, 3833.466
363.4540, 3846.192
365.3825, 3861.011
367.3110, 3874.071
369.2394, 3882.420
371.1679, 3894.469
373.0964, 3915.273
375.0248, 3943.032
376.9533, 3968.036
378.8818, 3983.982
380.8102, 4006.429
382.7387, 4043.801
384.6672, 4103.671
386.5956, 4154.312
388.5241, 4191.282
390.4526, 4218.789
392.3810, 4240.921
394.3095, 4255.513
396.2380, 4269.647
398.1664, 4284.847
400.0949, 4302.308
402.0234, 4325.355
403.9518, 4361.141
405.8803, 4394.439
407.8088, 4423.417
409.7372, 4448.437
411.6657, 4477.540
413.5942, 4503.052
415.5226, 4531.236
417.4511, 4575.146
419.3796, 4637.835
421.3080, 4701.767
423.2365, 4759.958
425.1650, 4816.091
427.0934, 4869.692
429.0219, 4908.210
430.9504, 4945.661
432.8788, 5005.955
434.8073, 5092.027
436.7358, 5180.884
438.6642, 5260.341
440.5927, 5335.969
442.5212, 5422.058
444.4496, 5523.398
446.3781, 5635.012
448.3066, 5747.557
450.2350, 5862.468
452.1635, 5987.701
454.0920, 6133.007
456.0204, 6277.750
457.9489, 6422.822
459.8774, 6571.253
461.8058, 6722.283
463.7343, 6863.182
465.6628, 7005.487
467.5912, 7157.037
469.5197, 7330.652
471.4482, 7493.584
473.3766, 7652.072
475.3051, 7806.324
477.2336, 7943.298
479.1620, 8045.533
481.0905, 8145.747
483.0190, 8244.315
484.9474, 8338.460
486.8759, 8392.873
488.8044, 8410.881
490.7328, 8411.770
492.6613, 8401.596
494.5898, 8375.360
496.5182, 8346.778
498.4467, 8346.065
500.3752, 8365.712
502.3036, 8402.619
504.2321, 8458.848
506.1606, 8545.290
508.0891, 8647.810
510.0175, 8762.085
511.9460, 8904.535
513.8745, 9106.962
515.8029, 9339.380
517.7314, 9569.637
519.6599, 9789.157
521.5883, 10061.04
523.5168, 10427.06
525.4453, 10815.97
527.3737, 11185.17
529.3022, 11524.91
531.2307, 11926.84
533.1591, 12364.91
535.0876, 12794.96
537.0161, 13190.74
538.9445, 13590.50
540.8730, 14008.33
542.8015, 14409.06
544.7299, 14766.93
546.6584, 15041.25
548.5869, 15212.76
550.5153, 15298.59
552.4438, 15267.48
554.3723, 15118.82
556.3007, 14886.70
558.2292, 14615.73
560.1577, 14261.92
562.0861, 13801.28
564.0146, 13277.10
565.9431, 12717.15
567.8715, 12150.94
569.8000, 11611.50
571.7285, 11108.72
573.6569, 10621.49
575.5854, 10179.18
577.5139, 9774.864
579.4423, 9406.599
581.3708, 9089.000
583.2993, 8790.013
585.2277, 8514.844
587.1562, 8271.277
589.0847, 8061.056
591.0131, 7877.447
592.9416, 7718.813
594.8701, 7575.571
596.7985, 7442.462
598.7270, 7315.230
600.6555, 7213.167
602.5839, 7137.945
604.5124, 7071.365
606.4409, 7003.303
608.3693, 6952.500
610.2978, 6925.746
612.2263, 6918.168
614.1547, 6908.637
616.0832, 6880.957
618.0117, 6846.887
619.9401, 6821.440
621.8686, 6810.252
623.7971, 6806.303
625.7255, 6801.447
627.6540, 6786.238
629.5825, 6774.094
631.5109, 6770.742
633.4394, 6770.313
635.3679, 6760.937
637.2963, 6748.873
639.2248, 6733.912
641.1533, 6710.269
643.0817, 6679.222
645.0102, 6666.298
646.9387, 6680.257
648.8671, 6687.322
650.7956, 6668.710
652.7241, 6635.218
654.6525, 6605.291
656.5810, 6577.805
658.5095, 6562.740
660.4379, 6572.913
662.3664, 6604.239
664.2949, 6619.375
666.2233, 6609.116
668.1518, 6606.078
670.0803, 6630.702
672.0087, 6664.902
673.9372, 6684.236
675.8657, 6684.317
677.7941, 6686.472
679.7226, 6702.513
681.6511, 6727.510
683.5795, 6752.764
685.5080, 6784.780
687.4365, 6808.688
689.3649, 6813.625
691.2934, 6799.675
693.2219, 6797.397
695.1503, 6815.754
697.0788, 6840.274
699.0073, 6851.876
700.9357, 6849.490
702.8642, 6858.750
704.7927, 6895.438
706.7211, 6937.650
708.6496, 6968.991
710.5781, 6995.130
712.5065, 7008.646
714.4350, 6998.300
716.3635, 6977.769
718.2919, 6974.450
720.2204, 6995.221
722.1489, 7014.773
724.0773, 7028.875
726.0058, 7036.552
727.9343, 7040.309
729.8627, 7038.752
731.7912, 7048.671
733.7197, 7083.170
735.6481, 7126.233
737.5766, 7151.561
739.5051, 7141.678
741.4335, 7142.212
743.3620, 7171.657
745.2905, 7226.518
747.2189, 7269.461
749.1474, 7292.192
751.0759, 7311.334
753.0043, 7331.620
754.9328, 7354.595
756.8613, 7381.520
758.7897, 7416.718
760.7182, 7449.766
762.6467, 7475.606
764.5751, 7495.412
766.5036, 7520.635
768.4321, 7554.550
770.3605, 7590.924
772.2890, 7628.496
774.2175, 7663.855
776.1459, 7695.988
778.0744, 7723.488
780.0029, 7750.784
781.9313, 7778.992
783.8598, 7809.708
785.7883, 7836.652
787.7167, 7856.369
789.6452, 7876.313
791.5737, 7899.932
793.5021, 7926.958
795.4306, 7957.034
797.3591, 7991.317
799.2875, 8027.221
801.2160, 8063.853
803.1445, 8101.531
805.0729, 8141.648
807.0014, 8182.683
808.9299, 8228.087
810.8583, 8282.377
812.7868, 8342.390
814.7153, 8397.183
816.6437, 8439.630
818.5722, 8479.972
820.5007, 8522.509
822.4291, 8569.432
824.3576, 8608.388
826.2861, 8635.470
828.2145, 8660.703
830.1430, 8694.424
832.0715, 8739.120
833.9999, 8784.882
835.9284, 8833.182
837.8569, 8879.812
839.7853, 8918.100
841.7138, 8951.618
843.6423, 9001.962
845.5707, 9081.551
847.4992, 9156.441
849.4277, 9210.471
851.3561, 9238.881
853.2846, 9269.875
855.2131, 9317.843
857.1415, 9357.632
859.0700, 9373.640
860.9985, 9371.317
862.9269, 9373.203
864.8554, 9387.543
866.7839, 9405.700
868.7123, 9423.844
870.6408, 9437.893
872.5693, 9461.408
874.4977, 9498.175
876.4262, 9548.112
878.3547, 9612.696
880.2831, 9675.435
882.2116, 9735.714
884.1401, 9798.831
886.0685, 9858.805
887.9970, 9900.858
889.9255, 9923.452
891.8539, 9953.353
893.7824, 9990.620
895.7109, 10032.43
897.6393, 10082.70
899.5678, 10141.25
901.4963, 10193.06
903.4247, 10234.04
905.3532, 10272.57
907.2817, 10308.62
909.2101, 10349.27
911.1386, 10405.99
913.0671, 10479.85
914.9955, 10553.04
916.9240, 10617.79
918.8525, 10679.44
920.7809, 10747.53
922.7094, 10823.98
924.6379, 10890.12
926.5663, 10929.69
928.4948, 10964.46
930.4233, 11014.39
932.3517, 11080.96
934.2802, 11144.75
936.2087, 11199.94
938.1371, 11257.67
940.0656, 11333.68
941.9941, 11426.90
943.9225, 11516.49
945.8510, 11590.02
947.7794, 11660.28
949.7079, 11746.67
951.6364, 11855.81
953.5648, 11962.50
955.4933, 12060.12
957.4218, 12145.38
959.3502, 12213.93
961.2787, 12250.02
963.2072, 12298.53
965.1356, 12376.59
967.0641, 12471.21
968.9926, 12553.46
970.9210, 12621.81
972.8495, 12703.33
974.7780, 12807.79
976.7064, 12902.37
978.6349, 12955.86
980.5634, 12973.70
982.4918, 13024.14
984.4203, 13138.45
986.3488, 13253.59
988.2772, 13324.43
990.2057, 13340.27
992.1342, 13364.95
994.0626, 13408.67
995.9911, 13481.07
997.9196, 13591.76
999.8480, 13715.53
1001.776, 13817.99
1003.705, 13899.11
1005.633, 13972.37
1007.562, 14042.27
1009.490, 14111.78
1011.419, 14187.83
1013.347, 14269.48
1015.276, 14354.62
1017.204, 14443.05
1019.133, 14536.26
1021.061, 14642.08
1022.990, 14765.01
1024.918, 14865.21
1026.847, 14943.36
1028.775, 15041.20
1030.703, 15180.04
1032.632, 15311.79
1034.560, 15395.20
1036.489, 15475.68
1038.417, 15569.08
1040.346, 15671.33
1042.274, 15772.79
1044.203, 15889.08
1046.131, 15985.66
1048.060, 16066.60
1049.988, 16168.42
1051.917, 16317.23
1053.845, 16453.41
1055.774, 16514.53
1057.702, 16572.36
1059.630, 16682.60
1061.559, 16825.49
1063.487, 16934.33
1065.416, 17009.44
1067.344, 17100.24
1069.273, 17186.88
1071.201, 17254.45
1073.130, 17300.86
1075.058, 17324.34
1076.987, 17363.24
1078.915, 17441.80
1080.844, 17526.82
1082.772, 17559.48
1084.701, 17531.43
1086.629, 17519.39
1088.557, 17546.59
1090.486, 17558.15
1092.414, 17560.70
1094.343, 17565.75
1096.271, 17556.34
1098.200, 17508.83
1100.128, 17444.51
1102.057, 17366.10
1103.985, 17284.90
1105.914, 17213.43
1107.842, 17147.10
1109.771, 17052.19
1111.699, 16947.15
1113.628, 16844.06
1115.556, 16742.28
1117.484, 16640.06
1119.413, 16546.29
1121.341, 16449.49
1123.270, 16346.22
1125.198, 16252.61
1127.127, 16167.48
1129.055, 16075.41
1130.984, 15976.07
1132.912, 15893.76
1134.841, 15828.92
1136.769, 15784.57
1138.698, 15748.61
1140.626, 15711.08
1142.555, 15679.40
1144.483, 15663.56
1146.411, 15647.66
1148.340, 15618.24
1150.268, 15569.74
1152.197, 15528.54
1154.125, 15510.72
1156.054, 15528.02
1157.982, 15550.96
1159.911, 15576.58
1161.839, 15603.20
1163.768, 15636.10
1165.696, 15666.68
1167.625, 15692.58
1169.553, 15715.91
1171.482, 15739.48
1173.410, 15758.74
1175.339, 15783.24
1177.267, 15818.91
1179.195, 15853.85
1181.124, 15881.16
1183.052, 15903.85
1184.981, 15914.86
1186.909, 15891.06
1188.838, 15881.68
1190.766, 15950.37
1192.695, 16068.47
1194.623, 16130.37
1196.552, 16099.86
1198.480, 16086.90
1200.409, 16127.79
1202.337, 16182.23
1204.266, 16225.44
1206.194, 16256.52
1208.122, 16285.50
1210.051, 16313.13
1211.979, 16335.45
1213.908, 16351.64
1215.836, 16362.07
1217.765, 16381.91
1219.693, 16417.20
1221.622, 16457.45
1223.550, 16490.50
1225.479, 16529.81
1227.407, 16594.60
1229.336, 16683.96
1231.264, 16759.46
1233.193, 16798.95
1235.121, 16840.29
1237.049, 16908.29
1238.978, 16994.03
1240.906, 17055.96
1242.835, 17077.07
1244.763, 17101.52
1246.692, 17137.63
1248.620, 17182.93
1250.549, 17234.61
1252.477, 17299.00
1254.406, 17361.14
1256.334, 17421.90
1258.263, 17478.72
1260.191, 17534.19
1262.120, 17589.48
1264.048, 17635.99
1265.976, 17669.14
1267.905, 17712.91
1269.833, 17773.59
1271.762, 17844.76
1273.690, 17925.90
1275.619, 18014.55
1277.547, 18094.75
1279.476, 18170.57
1281.404, 18230.54
1283.333, 18256.71
1285.261, 18275.43
1287.190, 18319.10
1289.118, 18396.10
1291.047, 18471.62
1292.975, 18554.27
1294.903, 18628.12
1296.832, 18680.77
1298.760, 18712.87
1300.689, 18748.55
1302.617, 18792.23
1304.546, 18847.82
1306.474, 18912.76
1308.403, 18988.89
1310.331, 19087.03
1312.260, 19202.31
1314.188, 19304.34
1316.117, 19382.72
1318.045, 19461.19
1319.974, 19558.47
1321.902, 19652.38
1323.830, 19715.71
1325.759, 19744.18
1327.687, 19779.12
1329.616, 19826.81
1331.544, 19876.27
1333.473, 19922.54
1335.401, 19975.13
1337.330, 20044.71
1339.258, 20141.87
1341.187, 20222.10
1343.115, 20273.71
1345.044, 20331.39
1346.972, 20419.30
1348.901, 20526.63
1350.829, 20609.01
1352.757, 20638.91
1354.686, 20690.68
1356.614, 20801.46
1358.543, 20925.56
1360.471, 21019.87
1362.400, 21079.60
1364.328, 21134.30
1366.257, 21191.17
1368.185, 21256.77
1370.114, 21340.41
1372.042, 21436.01
1373.971, 21522.57
1375.899, 21588.19
1377.828, 21660.02
1379.756, 21741.47
1381.684, 21813.76
1383.613, 21862.68
1385.541, 21904.60
1387.470, 21961.96
1389.398, 22034.54
1391.327, 22094.36
1393.255, 22142.86
1395.184, 22194.22
1397.112, 22255.13
1399.041, 22329.75
1400.969, 22416.61
1402.898, 22499.05
1404.826, 22574.82
1406.755, 22638.20
1408.683, 22715.58
1410.611, 22832.20
1412.540, 22962.04
1414.468, 23045.50
1416.397, 23076.84
1418.325, 23103.03
1420.254, 23119.24
1422.182, 23150.19
1424.111, 23214.06
1426.039, 23305.55
1427.968, 23424.19
1429.896, 23593.51
1431.825, 23735.15
1433.753, 23801.87
1435.682, 23838.84
1437.610, 23873.72
1439.538, 23913.33
1441.467, 23972.51
1443.395, 24039.29
1445.324, 24121.22
1447.252, 24268.92
1449.181, 24418.18
1451.109, 24506.08
1453.038, 24523.81
1454.966, 24556.00
1456.895, 24620.00
1458.823, 24687.54
1460.752, 24750.64
1462.680, 24829.68
1464.609, 24944.18
1466.537, 25084.22
1468.465, 25204.27
1470.394, 25290.25
1472.322, 25375.15
1474.251, 25459.20
1476.179, 25556.79
1478.108, 25678.30
1480.036, 25811.01
1481.965, 25922.82
1483.893, 26012.42
1485.822, 26103.21
1487.750, 26214.42
1489.679, 26326.49
1491.607, 26415.13
1493.536, 26482.09
1495.464, 26559.10
1497.392, 26650.05
1499.321, 26743.51
1501.249, 26850.13
1503.178, 26952.25
1505.106, 27025.57
1507.035, 27079.76
1508.963, 27153.72
1510.892, 27260.22
1512.820, 27382.39
1514.749, 27522.35
1516.677, 27651.36
1518.606, 27731.53
1520.534, 27791.59
1522.463, 27903.70
1524.391, 28077.27
1526.319, 28216.35
1528.248, 28291.92
1530.176, 28343.77
1532.105, 28391.48
1534.033, 28445.74
1535.962, 28517.61
1537.890, 28611.33
1539.819, 28731.41
1541.747, 28884.88
1543.676, 29052.94
1545.604, 29225.75
1547.533, 29393.21
1549.461, 29545.09
1551.390, 29675.69
1553.318, 29796.11
1555.246, 29901.88
1557.175, 29992.30
1559.103, 30100.55
1561.032, 30199.24
1562.960, 30247.55
1564.889, 30251.90
1566.817, 30302.21
1568.746, 30427.89
1570.674, 30548.79
1572.603, 30643.95
1574.531, 30725.36
1576.460, 30804.08
1578.388, 30881.21
1580.317, 30956.02
1582.245, 31029.87
1584.173, 31107.36
1586.102, 31174.00
1588.030, 31259.92
1589.959, 31389.75
1591.887, 31524.92
1593.816, 31612.41
1595.744, 31643.12
1597.673, 31675.76
1599.601, 31698.94
1601.530, 31747.79
1603.458, 31871.27
1605.387, 32008.92
1607.315, 32108.14
1609.244, 32177.36
1611.172, 32257.87
1613.100, 32331.38
1615.029, 32427.79
1616.957, 32538.36
1618.886, 32663.02
1620.814, 32825.61
1622.743, 32989.82
1624.671, 33082.55
1626.600, 33087.46
1628.528, 33102.14
1630.457, 33137.03
1632.385, 33179.07
1634.314, 33225.96
1636.242, 33279.35
1638.171, 33343.12
1640.099, 33413.24
1642.027, 33472.86
1643.956, 33525.88
1645.884, 33552.33
1647.813, 33524.97
1649.741, 33503.17
1651.670, 33529.33
1653.598, 33582.15
1655.527, 33620.09
1657.455, 33642.97
1659.384, 33676.61
1661.312, 33719.25
1663.241, 33775.90
1665.169, 33836.95
1667.098, 33912.55
1669.026, 34026.87
1670.954, 34159.09
1672.883, 34223.42
1674.811, 34182.36
1676.740, 34175.80
1678.668, 34252.87
1680.597, 34326.93
1682.525, 34375.93
1684.454, 34411.52
1686.382, 34440.09
1688.311, 34466.21
1690.239, 34520.96
1692.168, 34612.85
1694.096, 34714.22
1696.025, 34813.45
1697.953, 34921.05
1699.881, 35046.71
1701.810, 35176.84
1703.738, 35287.59
1705.667, 35371.45
1707.595, 35457.32
1709.524, 35551.71
1711.452, 35631.24
1713.381, 35690.89
1715.309, 35734.72
1717.238, 35767.95
1719.166, 35793.35
1721.095, 35813.21
1723.023, 35834.66
1724.952, 35852.34
1726.880, 35849.32
1728.808, 35873.43
1730.737, 35928.29
1732.665, 36016.91
1734.594, 36160.48
1736.522, 36336.53
1738.451, 36460.80
1740.379, 36498.29
1742.308, 36555.23
1744.236, 36654.75
1746.165, 36746.92
1748.093, 36825.62
1750.022, 36891.33
1751.950, 36931.65
1753.879, 36957.33
1755.807, 37025.73
1757.735, 37162.03
1759.664, 37279.21
1761.592, 37360.03
1763.521, 37440.39
1765.449, 37534.67
1767.378, 37630.35
1769.306, 37699.99
1771.235, 37755.63
1773.163, 37881.16
1775.092, 38118.73
1777.020, 38288.30
1778.949, 38325.73
1780.877, 38356.81
1782.806, 38397.89
1784.734, 38462.70
1786.662, 38580.02
1788.591, 38734.17
1790.519, 38847.82
1792.448, 38912.36
1794.376, 38990.08
1796.305, 39102.01
1798.233, 39203.86
1800.162, 39277.25
1802.090, 39336.48
1804.019, 39376.36
1805.947, 39411.79
1807.876, 39496.76
1809.804, 39635.67
1811.733, 39726.94
1813.661, 39748.84
1815.589, 39758.57
1817.518, 39755.16
1819.446, 39779.08
1821.375, 39867.63
1823.303, 40001.44
1825.232, 40155.09
1827.160, 40324.98
1829.089, 40466.64
1831.017, 40546.71
1832.946, 40661.22
1834.874, 40882.61
1836.803, 41069.98
1838.731, 41111.59
1840.660, 41103.78
1842.588, 41183.20
1844.516, 41341.23
1846.445, 41467.00
1848.373, 41570.30
1850.302, 41641.34
1852.230, 41625.47
1854.159, 41653.48
1856.087, 41789.72
1858.016, 41960.87
1859.944, 42102.13
1861.873, 42221.86
1863.801, 42355.09
1865.730, 42506.09
1867.658, 42641.16
1869.587, 42749.39
1871.515, 42856.94
1873.443, 42991.47
1875.372, 43095.60
1877.300, 43104.71
1879.229, 43088.84
1881.157, 43163.23
1883.086, 43326.14
1885.014, 43438.16
1886.943, 43486.21
1888.871, 43559.16
1890.800, 43677.57
1892.728, 43809.25
1894.657, 43938.64
1896.585, 44070.16
1898.514, 44202.11
1900.442, 44331.37
1902.370, 44460.84
1904.299, 44587.34
1906.227, 44697.00
1908.156, 44784.73
1910.084, 44869.57
1912.013, 44962.55
1913.941, 45045.09
1915.870, 45109.20
1917.798, 45159.58
1919.727, 45196.11
1921.655, 45227.61
1923.584, 45276.30
1925.512, 45348.73
1927.441, 45442.69
1929.369, 45580.45
1931.297, 45711.60
1933.226, 45832.41
1935.154, 45932.40
1937.083, 45990.79
1939.011, 46025.67
1940.940, 46041.35
1942.868, 46050.86
1944.797, 46126.73
1946.725, 46294.04
1948.654, 46455.25
1950.582, 46603.84
1952.511, 46769.40
1954.439, 46974.57
1956.368, 47159.04
1958.296, 47271.78
1960.224, 47342.30
1962.153, 47390.50
1964.081, 47422.19
1966.010, 47475.31
1967.938, 47559.72
1969.867, 47638.09
1971.795, 47727.29
1973.724, 47798.64
1975.652, 47806.67
1977.581, 47855.85
1979.509, 48004.32
1981.438, 48197.43
1983.366, 48408.41
1985.295, 48607.34
1987.223, 48705.44
1989.151, 48681.57
1991.080, 48715.50
1993.008, 48855.78
1994.937, 48975.57
1996.865, 49042.63
1998.794, 49125.02
2000.722, 49252.84
2002.651, 49397.84
2004.579, 49562.41
2006.508, 49722.05
2008.436, 49807.87
2010.365, 49834.95
2012.293, 49938.52
2014.222, 50135.65
2016.150, 50306.87
2018.078, 50425.01
2020.007, 50522.34
2021.935, 50573.45
2023.864, 50650.71
2025.792, 50853.11
2027.721, 51063.62
2029.649, 51100.54
2031.578, 51034.38
2033.506, 51127.56
2035.435, 51413.31
2037.363, 51592.87
2039.292, 51579.88
2041.220, 51597.90
2043.149, 51708.56
2045.077, 51792.04
2047.005, 51784.93
2048.934, 51792.04
2050.862, 51887.44
2052.791, 52044.80
2054.719, 52245.16
2056.648, 52462.15
2058.576, 52578.68
2060.505, 52576.04
2062.433, 52603.36
2064.362, 52681.70
2066.290, 52768.88
2068.219, 52890.57
2070.147, 52989.54
2072.075, 53036.75
2074.004, 53078.96
2075.932, 53140.20
2077.861, 53223.82
2079.789, 53335.59
2081.718, 53466.26
2083.646, 53586.98
2085.575, 53672.99
2087.503, 53804.93
2089.432, 54049.79
2091.360, 54174.18
2093.289, 54060.34
2095.217, 53968.14
2097.146, 54052.01
2099.074, 54143.46
2101.002, 54092.04
2102.931, 54016.57
2104.859, 54077.61
2106.788, 54240.81
2108.716, 54378.61
2110.645, 54476.17
2112.573, 54618.10
2114.502, 54819.39
2116.430, 55004.57
2118.359, 55206.29
2120.287, 55324.02
2122.216, 55294.61
2124.144, 55232.53
2126.073, 55216.27
2128.001, 55196.46
2129.929, 55092.59
2131.858, 54957.91
2133.786, 54918.89
2135.715, 54970.23
2137.643, 55083.31
2139.572, 55270.98
2141.500, 55344.46
2143.429, 55191.46
2145.357, 55155.78
2147.286, 55409.80
2149.214, 55650.18
2151.143, 55789.62
2153.071, 55847.35
2155.000, 55778.20
2156.928, 55686.05
2158.856, 55737.54
2160.785, 55880.79
2162.713, 55912.05
2164.642, 55839.11
2166.570, 55869.88
2168.499, 56021.55
2170.427, 56155.06
2172.356, 56258.23
2174.284, 56314.76
2176.213, 56266.59
2178.141, 56261.82
2180.070, 56399.32
2181.998, 56558.73
2183.927, 56666.48
2185.855, 56736.20
2187.783, 56747.80
2189.712, 56735.75
2191.640, 56837.75
2193.569, 57045.07
2195.497, 57083.09
2197.426, 56936.25
2199.354, 56806.30
2201.283, 56712.03
2203.211, 56672.38
2205.140, 56740.35
2207.068, 56785.72
2208.997, 56762.45
2210.925, 56720.57
2212.854, 56628.82
2214.782, 56598.23
2216.710, 56762.25
2218.639, 57031.74
2220.567, 57266.70
2222.496, 57461.41
2224.424, 57616.51
2226.353, 57718.73
2228.281, 57765.49
2230.210, 57738.08
2232.138, 57738.64
2234.067, 57806.50
2235.995, 57834.13
2237.924, 57796.37
2239.852, 57746.43
2241.781, 57698.18
2243.709, 57671.01
2245.637, 57693.45
2247.566, 57728.17
2249.494, 57726.07
2251.423, 57712.39
2253.351, 57708.51
2255.280, 57726.94
2257.208, 57876.57
2259.137, 58124.19
2261.065, 58149.00
2262.994, 57911.61
2264.922, 57790.45
2266.851, 57886.76
2268.779, 57942.38
2270.708, 57906.14
2272.636, 57858.33
2274.564, 57762.69
2276.493, 57738.36
2278.421, 57880.18
2280.350, 58061.89
2282.278, 58230.67
2284.207, 58368.70
2286.135, 58412.59
2288.064, 58433.90
2289.992, 58575.19
2291.921, 58795.62
2293.849, 58939.80
2295.778, 58995.50
2297.706, 59084.16
2299.635, 59236.13
2301.563, 59290.46
2303.491, 59208.11
2305.420, 59137.57
2307.348, 59121.37
2309.277, 59080.07
2311.205, 58983.85
2313.134, 58903.36
2315.062, 58902.89
2316.991, 58905.17
2318.919, 58847.39
2320.848, 58793.88
2322.776, 58813.59
2324.705, 58866.59
2326.633, 58869.74
2328.562, 58856.89
2330.490, 58947.93
2332.418, 59114.27
2334.347, 59214.84
2336.275, 59246.89
2338.204, 59299.23
2340.132, 59388.15
2342.061, 59421.58
2343.989, 59361.10
2345.918, 59326.00
2347.846, 59322.81
2349.775, 59371.62
2351.703, 59539.17
2353.632, 59667.82
2355.560, 59659.83
2357.489, 59657.13
2359.417, 59767.71
2361.345, 59858.69
2363.274, 59796.82
2365.202, 59678.15
2367.131, 59618.50
2369.059, 59591.64
2370.988, 59559.81
2372.916, 59528.39
2374.845, 59474.25
2376.773, 59412.86
2378.702, 59451.71
2380.630, 59587.75
2382.559, 59719.99
2384.487, 59836.57
2386.416, 59901.12
2388.344, 59879.49
2390.272, 59857.95
2392.201, 59822.11
2394.129, 59818.30
2396.058, 59916.72
2397.986, 59950.37
2399.915, 59838.10
2401.843, 59730.52
2403.772, 59701.66
2405.700, 59702.91
2407.629, 59723.55
2409.557, 59755.52
2411.486, 59778.15
2413.414, 59820.65
2415.343, 59932.04
2417.271, 60069.54
2419.199, 60135.65
2421.128, 60163.54
2423.056, 60310.07
2424.985, 60516.71
2426.913, 60503.62
2428.842, 60289.34
2430.770, 60270.33
2432.699, 60511.92
2434.627, 60617.04
2436.556, 60530.78
2438.484, 60470.18
2440.413, 60449.52
2442.341, 60457.55
2444.270, 60522.84
2446.198, 60529.60
2448.126, 60384.40
2450.055, 60316.39
2451.983, 60469.55
2453.912, 60592.90
2455.840, 60557.28
2457.769, 60510.02
2459.697, 60545.34
2461.626, 60581.07
2463.554, 60556.70
2465.483, 60538.68
2467.411, 60610.07
2469.340, 60684.24
2471.268, 60614.48
2473.197, 60515.85
2475.125, 60583.03
2477.053, 60731.51
2478.982, 60802.20
2480.910, 60801.59
2482.839, 60742.61
2484.767, 60646.85
2486.696, 60597.18
2488.624, 60598.41
2490.553, 60620.40
2492.481, 60672.76
2494.410, 60717.66
2496.338, 60760.78
2498.267, 60767.91
2500.195, 60721.19
2502.124, 60695.48
2504.052, 60686.64
2505.980, 60711.06
2507.909, 60776.73
2509.837, 60841.16
2511.766, 60943.99
2513.694, 60968.16
2515.623, 60853.29
2517.551, 60741.46
2519.480, 60661.32
2521.408, 60618.55
2523.337, 60625.11
2525.265, 60673.38
2527.194, 60769.89
2529.122, 60889.81
2531.051, 61035.70
2532.979, 61149.67
2534.907, 61127.34
2536.836, 61094.42
2538.764, 61202.51
2540.693, 61280.77
2542.621, 61155.27
2544.550, 60961.82
2546.478, 60874.79
2548.407, 60830.94
2550.335, 60725.88
2552.264, 60611.13
2554.192, 60548.25
2556.121, 60548.59
2558.049, 60660.45
2559.978, 60833.24
2561.906, 60948.96
2563.834, 61004.81
2565.763, 61010.40
2567.691, 60966.02
2569.620, 60927.74
2571.548, 60892.22
2573.477, 60887.36
2575.405, 60905.24
2577.334, 60799.54
2579.262, 60572.52
2581.191, 60448.44
2583.119, 60467.80
2585.048, 60447.40
2586.976, 60373.30
2588.905, 60348.57
2590.833, 60379.03
2592.761, 60417.24
2594.690, 60458.02
2596.618, 60499.86
2598.547, 60537.13
2600.475, 60592.05
2602.404, 60664.63
2604.332, 60746.28
2606.261, 60845.12
2608.189, 60884.96
2610.118, 60831.75
2612.046, 60760.32
2613.975, 60698.54
2615.903, 60613.41
2617.832, 60479.39
2619.760, 60400.98
2621.688, 60439.18
2623.617, 60483.77
2625.545, 60499.39
2627.474, 60528.43
2629.402, 60588.57
2631.331, 60618.34
2633.259, 60530.96
2635.188, 60466.49
2637.116, 60499.14
2639.045, 60536.91
2640.973, 60609.91
2642.902, 60617.63
2644.830, 60466.93
2646.759, 60349.69
2648.687, 60341.81
2650.615, 60433.77
2652.544, 60697.12
2654.472, 60917.96
2656.401, 60942.90
2658.329, 60895.65
2660.258, 60759.27
2662.186, 60663.63
2664.115, 60782.98
2666.043, 60872.69
2667.972, 60804.90
2669.900, 60652.59
2671.829, 60414.36
2673.757, 60215.25
2675.686, 60097.50
2677.614, 60098.19
2679.542, 60319.39
2681.471, 60550.06
2683.399, 60630.46
2685.328, 60610.84
2687.256, 60467.26
2689.185, 60330.00
2691.113, 60317.25
2693.042, 60357.50
2694.970, 60406.08
2696.899, 60458.57
2698.827, 60491.66
2700.756, 60529.58
2702.684, 60624.92
2704.613, 60680.07
2706.541, 60586.45
2708.469, 60450.23
2710.398, 60362.59
2712.326, 60309.72
2714.255, 60292.80
2716.183, 60299.36
2718.112, 60326.32
2720.040, 60357.67
2721.969, 60396.41
2723.897, 60397.73
2725.826, 60270.47
2727.754, 60131.82
2729.683, 60089.96
2731.611, 60091.30
2733.540, 60145.94
2735.468, 60164.07
2737.396, 60027.84
2739.325, 59876.36
2741.253, 59839.53
2743.182, 59826.90
2745.110, 59759.33
2747.039, 59689.00
2748.967, 59651.16
2750.896, 59634.41
2752.824, 59649.44
2754.753, 59662.25
2756.681, 59642.37
2758.610, 59609.43
2760.538, 59553.66
2762.467, 59512.49
2764.395, 59531.38
2766.323, 59543.36
2768.252, 59494.50
2770.180, 59448.04
2772.109, 59455.20
2774.037, 59466.38
2775.966, 59474.24
2777.894, 59445.52
2779.823, 59314.65
2781.751, 59203.91
2783.680, 59182.74
2785.608, 59188.06
2787.537, 59223.10
2789.465, 59236.78
2791.394, 59174.63
2793.322, 59145.74
2795.250, 59237.62
2797.179, 59281.41
2799.107, 59174.99
2801.036, 59099.94
2802.964, 59137.41
2804.893, 59141.32
2806.821, 59041.47
2808.750, 58959.88
2810.678, 58909.94
2812.607, 58916.89
2814.535, 59001.28
2816.464, 59050.34
2818.392, 59008.32
2820.321, 58997.71
2822.249, 59072.73
2824.177, 59126.72
2826.106, 59179.80
2828.034, 59123.40
2829.963, 58924.64
2831.891, 58820.28
2833.820, 58857.13
2835.748, 58940.95
2837.677, 59086.70
2839.605, 59132.96
2841.534, 59067.84
2843.462, 59000.77
2845.391, 58939.93
2847.319, 58916.35
2849.248, 58942.13
2851.176, 58917.58
2853.104, 58853.00
2855.033, 58710.71
2856.961, 58538.02
2858.890, 58622.53
2860.818, 58881.07
2862.747, 58941.57
2864.675, 58856.35
2866.604, 58857.73
2868.532, 58877.43
2870.461, 58739.67
2872.389, 58547.43
2874.318, 58540.12
2876.246, 58584.39
2878.175, 58415.65
2880.103, 58213.72
2882.031, 58203.00
2883.960, 58259.15
2885.888, 58233.06
2887.817, 58224.40
2889.745, 58370.24
2891.674, 58491.25
2893.602, 58434.39
2895.531, 58347.41
2897.459, 58297.28
2899.388, 58272.97
2901.316, 58299.93
2903.245, 58311.52
2905.173, 58293.69
2907.102, 58265.52
2909.030, 58247.19
2910.958, 58212.86
2912.887, 58143.39
2914.815, 58080.23
2916.744, 58012.97
2918.672, 57990.73
2920.601, 58024.64
2922.529, 58061.28
2924.458, 58112.96
2926.386, 58078.91
2928.315, 57960.00
2930.243, 57872.90
2932.172, 57832.73
2934.100, 57883.75
2936.029, 58014.47
2937.957, 58000.23
2939.885, 57878.98
2941.814, 57825.32
2943.742, 57814.54
2945.671, 57775.01
2947.599, 57735.36
2949.528, 57760.54
2951.456, 57821.94
2953.385, 57913.02
2955.313, 57970.96
2957.242, 57893.82
2959.170, 57793.08
2961.099, 57772.91
2963.027, 57756.50
2964.956, 57711.72
2966.884, 57648.25
2968.813, 57534.47
2970.741, 57475.15
2972.669, 57552.55
2974.598, 57602.03
2976.526, 57578.43
2978.455, 57556.74
2980.383, 57583.72
2982.312, 57515.44
2984.240, 57308.37
2986.169, 57214.23
2988.097, 57254.70
2990.026, 57298.54
2991.954, 57339.31
2993.883, 57405.43
2995.811, 57488.96
2997.740, 57582.17
2999.668, 57655.57
3001.596, 57618.98
3003.525, 57530.74
3005.453, 57535.99
3007.382, 57562.93
3009.310, 57509.78
3011.239, 57433.11
3013.167, 57397.94
3015.096, 57350.51
3017.024, 57198.58
3018.953, 57101.79
3020.881, 57170.69
3022.810, 57207.18
3024.738, 57110.47
3026.667, 57003.12
3028.595, 56897.84
3030.523, 56820.49
3032.452, 56782.02
3034.380, 56731.72
3036.309, 56664.78
3038.237, 56596.29
3040.166, 56527.99
3042.094, 56477.02
3044.023, 56456.90
3045.951, 56568.35
3047.880, 56738.18
3049.808, 56739.56
3051.737, 56673.59
3053.665, 56751.61
3055.594, 56848.82
3057.522, 56836.98
3059.450, 56787.51
3061.379, 56748.43
3063.307, 56718.02
3065.236, 56719.51
3067.164, 56677.30
3069.093, 56499.46
3071.021, 56392.11
3072.950, 56421.70
3074.878, 56382.83
3076.807, 56238.74
3078.735, 56179.64
3080.664, 56243.45
3082.592, 56215.72
3084.521, 56120.31
3086.449, 56154.05
3088.377, 56259.99
3090.306, 56256.43
3092.234, 56193.79
3094.163, 56154.46
3096.091, 56128.63
3098.020, 56149.20
3099.948, 56132.00
3101.877, 55966.63
3103.805, 55844.02
3105.734, 55845.18
3107.662, 55918.72
3109.591, 56114.68
3111.519, 56191.60
3113.448, 56048.59
3115.376, 55982.05
3117.304, 56004.43
3119.233, 56029.13
3121.161, 56052.03
3123.090, 56080.46
3125.018, 56104.20
3126.947, 56078.45
3128.875, 56015.34
3130.804, 55921.57
3132.732, 55825.68
3134.661, 55788.13
3136.589, 55736.44
3138.518, 55599.63
3140.446, 55505.65
3142.375, 55537.70
3144.303, 55578.95
3146.231, 55608.28
3148.160, 55611.88
3150.088, 55576.61
3152.017, 55535.44
3153.945, 55487.93
3155.874, 55463.34
3157.802, 55446.91
3159.731, 55363.73
3161.659, 55258.89
3163.588, 55235.89
3165.516, 55227.27
3167.445, 55167.32
3169.373, 55076.77
3171.302, 54910.85
3173.230, 54831.10
3175.158, 54962.19
3177.087, 55019.13
3179.015, 54912.71
3180.944, 54839.37
3182.872, 54818.48
3184.801, 54833.90
3186.729, 54871.68
3188.658, 54859.02
3190.586, 54790.89
3192.515, 54620.42
3194.443, 54434.16
3196.372, 54396.09
3198.300, 54391.07
3200.229, 54359.39
3202.157, 54285.19
3204.085, 54088.52
3206.014, 54021.78
3207.942, 54191.94
3209.871, 54324.42
3211.799, 54366.22
3213.728, 54372.68
3215.656, 54341.94
3217.585, 54287.76
3219.513, 54219.89
3221.442, 54152.51
3223.370, 54110.75
3225.299, 54166.48
3227.227, 54221.73
3229.156, 54178.66
3231.084, 54127.38
3233.012, 54107.58
3234.941, 54090.32
3236.869, 54094.82
3238.798, 54024.25
3240.726, 53862.05
3242.655, 53789.25
3244.583, 53809.66
3246.512, 53906.00
3248.440, 54036.25
3250.369, 54120.33
3252.297, 54153.94
3254.226, 54144.49
3256.154, 54079.74
3258.083, 53929.79
3260.011, 53786.96
3261.939, 53657.15
3263.868, 53681.63
3265.796, 53973.41
3267.725, 54059.29
3269.653, 53932.12
3271.582, 53869.61
3273.510, 53859.54
3275.439, 53899.11
3277.367, 53919.61
3279.296, 53790.83
3281.224, 53645.80
3283.153, 53601.13
3285.081, 53545.85
3287.010, 53435.76
3288.938, 53349.56
3290.866, 53303.14
3292.795, 53254.12
3294.723, 53190.48
3296.652, 53257.08
3298.580, 53387.35
3300.509, 53436.54
3302.437, 53408.44
3304.366, 53258.11
3306.294, 53129.40
3308.223, 53146.16
3310.151, 53151.62
3312.080, 53046.85
3314.008, 53002.83
3315.937, 53030.13
3317.865, 53047.18
3319.793, 53045.63
3321.722, 53019.16
3323.650, 52969.25
3325.579, 52862.44
3327.507, 52774.58
3329.436, 52788.33
3331.364, 52830.95
3333.293, 52864.38
3335.221, 52893.07
3337.150, 52929.77
3339.078, 52855.07
3341.007, 52660.26
3342.935, 52595.64
3344.864, 52617.27
3346.792, 52576.63
3348.720, 52478.98
3350.649, 52282.13
3352.577, 52116.19
3354.506, 52045.61
3356.434, 52087.44
3358.363, 52284.86
3360.291, 52370.36
3362.220, 52284.50
3364.148, 52231.94
3366.077, 52211.29
3368.005, 52252.42
3369.934, 52297.73
3371.862, 52274.24
3373.791, 52206.40
3375.719, 52098.19
3377.647, 52009.35
3379.576, 52012.94
3381.504, 51919.75
3383.433, 51705.12
3385.361, 51662.29
3387.290, 51760.48
3389.218, 51777.63
3391.147, 51760.95
3393.075, 51792.48
3395.004, 51833.73
3396.932, 51891.40
3398.861, 51879.39
3400.789, 51750.70
3402.718, 51677.57
3404.646, 51688.31
3406.574, 51723.71
3408.503, 51763.81
3410.431, 51709.66
3412.360, 51614.99
3414.288, 51542.91
3416.217, 51474.38
3418.145, 51381.99
3420.074, 51346.02
3422.002, 51432.68
3423.931, 51472.29
3425.859, 51457.78
3427.788, 51369.58
3429.716, 51234.63
3431.645, 51095.62
3433.573, 50990.18
3435.501, 50986.87
3437.430, 50976.84
3439.358, 50901.07
3441.287, 50827.56
3443.215, 50764.06
3445.144, 50746.37
3447.072, 50758.04
3449.001, 50630.77
3450.929, 50483.20
3452.858, 50521.34
3454.786, 50580.87
3456.715, 50543.02
3458.643, 50471.62
3460.572, 50350.23
3462.500, 50342.23
3464.428, 50458.87
3466.357, 50444.32
3468.285, 50341.19
3470.214, 50229.81
3472.142, 50129.95
3474.071, 50062.53
3475.999, 50017.85
3477.928, 49997.02
3479.856, 49974.58
3481.785, 49939.39
3483.713, 49936.50
3485.642, 49941.33
3487.570, 49908.55
3489.499, 49831.22
3491.427, 49677.51
3493.355, 49556.64
3495.284, 49527.41
3497.212, 49581.35
3499.141, 49723.69
3501.069, 49790.82
3502.998, 49774.04
3504.926, 49624.14
3506.855, 49467.91
3508.783, 49468.71
3510.712, 49511.37
3512.640, 49558.90
3514.569, 49603.62
3516.497, 49658.73
3518.426, 49509.30
3520.354, 49219.09
3522.282, 49203.20
3524.211, 49249.51
3526.139, 49069.29
3528.068, 48928.12
3529.996, 48971.03
3531.925, 48989.43
3533.853, 48930.59
3535.782, 48920.20
3537.710, 48941.59
3539.639, 48939.02
3541.567, 48924.05
3543.496, 48910.80
3545.424, 48887.07
3547.353, 48845.46
3549.281, 48802.87
3551.209, 48766.38
3553.138, 48831.72
3555.066, 48937.98
3556.995, 48860.89
3558.923, 48742.26
3560.852, 48703.82
3562.780, 48670.32
3564.709, 48600.64
3566.637, 48557.40
3568.566, 48542.80
3570.494, 48527.43
3572.423, 48498.75
3574.351, 48405.02
3576.280, 48314.51
3578.208, 48289.03
3580.136, 48244.36
3582.065, 48156.66
3583.993, 48136.45
3585.922, 48169.50
3587.850, 48094.45
3589.779, 47973.57
3591.707, 47858.80
3593.636, 47792.13
3595.564, 47811.68
3597.493, 47846.55
3599.421, 47898.56
3601.350, 47764.32
3603.278, 47539.48
3605.207, 47520.56
3607.135, 47547.18
3609.063, 47449.30
3610.992, 47402.34
3612.920, 47460.22
3614.849, 47465.71
3616.777, 47413.04
3618.706, 47344.00
3620.634, 47276.11
3622.563, 47228.52
3624.491, 47204.25
3626.420, 47222.63
3628.348, 47170.63
3630.277, 47015.15
3632.205, 47019.32
3634.134, 47092.55
3636.062, 46988.23
3637.990, 46885.32
3639.919, 46923.74
3641.847, 46958.33
3643.776, 46935.99
3645.704, 46905.54
3647.633, 46857.39
3649.561, 46775.66
3651.490, 46661.99
3653.418, 46476.32
3655.347, 46359.14
3657.275, 46373.69
3659.204, 46441.13
3661.132, 46535.77
3663.061, 46525.82
3664.989, 46478.66
3666.917, 46538.46
3668.846, 46541.60
3670.774, 46388.25
3672.703, 46287.89
3674.631, 46270.25
3676.560, 46223.94
3678.488, 46155.82
3680.417, 46040.38
3682.345, 45959.50
3684.274, 45969.57
3686.202, 45951.15
3688.131, 45871.63
3690.059, 45885.98
3691.988, 45936.80
3693.916, 45887.52
3695.844, 45804.68
3697.773, 45739.37
3699.701, 45672.78
3701.630, 45601.39
3703.558, 45590.43
3705.487, 45625.61
3707.415, 45682.77
3709.344, 45706.57
3711.272, 45634.66
3713.201, 45576.46
3715.129, 45570.18
3717.058, 45484.73
3718.986, 45359.54
3720.915, 45317.48
3722.843, 45312.52
3724.771, 45313.87
3726.700, 45317.33
3728.628, 45331.02
3730.557, 45329.21
3732.485, 45295.27
3734.414, 45136.36
3736.342, 44987.81
3738.271, 44943.35
3740.199, 44954.88
3742.128, 45019.54
3744.056, 44983.59
3745.985, 44886.77
3747.913, 44881.04
3749.842, 44871.32
3751.770, 44810.46
3753.698, 44704.73
3755.627, 44554.16
3757.555, 44493.21
3759.484, 44488.54
3761.412, 44436.18
3763.341, 44398.61
3765.269, 44403.37
3767.198, 44437.44
3769.126, 44508.21
3771.055, 44390.18
3772.983, 44186.46
3774.912, 44045.93
3776.840, 44000.38
3778.769, 44095.15
3780.697, 44126.62
3782.625, 44069.91
3784.554, 44018.27
3786.482, 43984.92
3788.411, 44019.12
3790.339, 44034.25
3792.268, 43993.95
3794.196, 43972.96
3796.125, 43965.98
3798.053, 43858.77
3799.982, 43745.01
3801.910, 43752.29
3803.839, 43721.66
3805.767, 43610.34
3807.696, 43491.52
3809.624, 43397.63
3811.552, 43450.20
3813.481, 43501.30
3815.409, 43432.94
3817.338, 43335.47
3819.266, 43210.25
3821.195, 43192.54
3823.123, 43240.82
3825.052, 43341.63
3826.980, 43342.70
3828.909, 43140.24
3830.837, 43052.33
3832.766, 43086.30
3834.694, 42992.91
3836.623, 42879.94
3838.551, 42876.09
3840.479, 42870.99
3842.408, 42839.10
3844.336, 42853.48
3846.265, 42886.82
3848.193, 42835.28
3850.122, 42784.50
3852.050, 42764.16
3853.979, 42833.75
3855.907, 42969.92
3857.836, 42892.98
3859.764, 42725.26
3861.693, 42595.88
3863.621, 42534.13
3865.550, 42582.60
3867.478, 42559.32
3869.406, 42489.37
3871.335, 42489.01
3873.263, 42490.40
3875.192, 42444.37
3877.120, 42373.96
3879.049, 42294.80
3880.977, 42395.96
3882.906, 42523.01
3884.834, 42399.62
3886.763, 42310.25
3888.691, 42365.20
3890.620, 42395.93
3892.548, 42385.99
3894.477, 42258.01
3896.405, 42146.91
3898.333, 42188.39
3900.262, 42100.44
3902.190, 41859.88
3904.119, 41832.31
3906.047, 41895.71
3907.976, 41925.93
3909.904, 41942.73
3911.833, 41946.68
3913.761, 41983.25
3915.690, 42011.29
3917.618, 41908.75
3919.547, 41805.25
3921.475, 41773.68
3923.404, 41722.32
3925.332, 41652.94
3927.260, 41596.86
3929.189, 41526.68
3931.117, 41385.06
3933.046, 41343.23
3934.974, 41402.34
3936.903, 41333.02
3938.831, 41237.33
3940.760, 41275.93
3942.688, 41310.03
3944.617, 41306.62
3946.545, 41215.46
3948.474, 41087.42
3950.402, 40987.11
3952.331, 40947.13
3954.259, 41013.17
3956.188, 41024.77
3958.116, 40973.31
3960.044, 40981.16
3961.973, 40999.61
3963.901, 40977.99
3965.830, 40953.47
3967.758, 40941.96
3969.687, 40886.81
3971.615, 40815.89
3973.544, 40808.32
3975.472, 40788.54
3977.401, 40730.07
3979.329, 40736.05
3981.258, 40775.07
3983.186, 40774.25
3985.115, 40746.35
3987.043, 40698.32
3988.971, 40653.29
3990.900, 40606.61
3992.828, 40607.79
3994.757, 40597.12
3996.685, 40511.63
3998.614, 40444.42
4000.542, 40432.43
4002.471, 40423.74
4004.399, 40406.00
4006.328, 40513.15
4008.256, 40534.76
4010.185, 40481.57
4012.113, 40462.11
4014.042, 40346.39
4015.970, 40154.90
4017.898, 40065.53
4019.827, 40047.21
4021.755, 40084.04
4023.684, 40154.08
4025.612, 40126.01
4027.541, 40069.41
4029.469, 40051.25
4031.398, 40085.54
4033.326, 40095.47
4035.255, 39910.85
4037.183, 39791.32
4039.112, 39855.48
4041.040, 39829.37
4042.969, 39841.58
4044.897, 39894.14
4046.825, 39866.45
4048.754, 39806.80
4050.682, 39761.13
4052.611, 39752.71
4054.539, 39680.03
4056.468, 39608.06
4058.396, 39632.29
4060.325, 39606.30
4062.253, 39509.59
4064.182, 39395.00
4066.110, 39377.59
4068.039, 39356.56
4069.967, 39266.04
4071.896, 39208.81
4073.824, 39176.75
4075.752, 39174.40
4077.681, 39108.57
4079.609, 39067.59
4081.538, 39118.05
4083.466, 39122.81
4085.395, 39034.42
4087.323, 38940.93
4089.252, 38929.79
4091.180, 38962.72
4093.109, 38948.18
4095.037, 38869.53
4096.965, 38829.89
4098.894, 38841.31
4100.822, 38793.12
4102.751, 38738.28
4104.679, 38667.48
4106.608, 38630.66
4108.536, 38636.24
4110.465, 38642.17
4112.393, 38759.52
4114.322, 38826.92
4116.250, 38751.76
4118.179, 38576.79
4120.107, 38496.35
4122.036, 38493.44
4123.964, 38526.12
4125.893, 38567.23
4127.821, 38455.08
4129.750, 38348.27
4131.678, 38325.32
4133.606, 38300.71
4135.535, 38240.65
4137.463, 38105.04
4139.392, 38057.40
4141.320, 38128.04
4143.249, 38088.93
4145.177, 38034.69
4147.105, 38082.17
4149.034, 38138.79
4150.962, 38183.01
4152.891, 38056.03
4154.819, 37889.41
4156.748, 37983.16
4158.676, 37969.83
4160.605, 37725.19
4162.533, 37596.57
4164.462, 37530.29
4166.390, 37483.40
4168.319, 37392.63
4170.247, 37222.59
4172.176, 37182.32
4174.104, 37220.30
4176.033, 37296.79
4177.961, 37301.20
4179.890, 37204.27
4181.818, 37143.74
4183.747, 37134.60
4185.675, 37225.99
4187.604, 37246.02
4189.532, 37165.33
4191.460, 37195.59
4193.389, 37245.86
4195.317, 37229.53
4197.246, 37166.74
4199.174, 37064.28
4201.103, 37031.62
4203.031, 37042.96
4204.959, 37076.98
4206.888, 37063.65
4208.816, 36984.53
4210.745, 36934.03
4212.673, 36910.25
4214.602, 36886.91
4216.530, 36898.18
4218.459, 36943.11
4220.387, 36847.17
4222.316, 36763.60
4224.244, 36852.65
4226.173, 36814.74
4228.101, 36650.88
4230.030, 36634.54
4231.958, 36667.66
4233.887, 36707.90
4235.815, 36632.18
4237.744, 36480.61
4239.672, 36467.46
4241.601, 36507.86
4243.529, 36583.78
4245.458, 36500.44
4247.386, 36338.11
4249.314, 36375.85
4251.243, 36419.33
4253.171, 36395.46
4255.100, 36367.57
4257.028, 36333.02
4258.957, 36281.24
4260.885, 36168.23
4262.813, 35966.40
4264.742, 35997.70
4266.670, 36094.01
4268.599, 36047.93
4270.527, 35940.40
4272.456, 35801.12
4274.384, 35712.45
4276.313, 35668.47
4278.241, 35664.11
4280.170, 35682.68
4282.098, 35713.17
4284.027, 35753.29
4285.955, 35779.38
4287.884, 35782.17
4289.812, 35738.08
4291.741, 35665.80
4293.669, 35601.04
4295.598, 35560.21
4297.526, 35553.15
4299.455, 35461.50
4301.383, 35350.01
4303.312, 35319.39
4305.240, 35366.48
4307.168, 35474.88
4309.097, 35451.72
4311.025, 35364.63
4312.954, 35272.78
4314.882, 35195.35
4316.811, 35126.10
4318.739, 34990.98
4320.667, 34907.43
4322.596, 34956.88
4324.524, 34937.76
4326.453, 34870.34
4328.381, 34822.04
4330.310, 34821.70
4332.238, 34879.09
4334.167, 34695.03
4336.095, 34507.82
4338.024, 34702.74
4339.952, 34750.02
4341.881, 34595.42
4343.809, 34547.63
4345.738, 34524.03
4347.666, 34444.39
4349.595, 34458.74
4351.523, 34525.49
4353.452, 34532.51
4355.380, 34470.90
4357.309, 34309.32
4359.237, 34242.95
4361.166, 34236.51
4363.094, 34269.64
4365.022, 34293.35
4366.951, 34290.29
4368.879, 34124.84
4370.808, 33972.67
4372.736, 33940.84
4374.665, 33950.29
4376.593, 33964.05
4378.521, 33894.64
4380.450, 33858.58
4382.378, 33877.79
4384.307, 33820.31
4386.235, 33760.30
4388.164, 33783.66
4390.092, 33790.28
4392.021, 33783.37
4393.949, 33827.48
4395.878, 33816.32
4397.806, 33684.38
4399.735, 33719.77
4401.663, 33780.21
4403.592, 33625.27
4405.520, 33546.20
4407.449, 33572.38
4409.377, 33464.94
4411.306, 33398.09
4413.234, 33530.77
4415.163, 33521.60
4417.091, 33419.36
4419.020, 33281.75
4420.948, 33294.26
4422.876, 33484.86
4424.805, 33309.85
4426.733, 33111.59
4428.662, 33134.07
4430.590, 33087.33
4432.519, 32987.84
4434.447, 32932.04
4436.375, 32897.95
4438.304, 32882.67
4440.232, 32872.02
4442.161, 32866.65
4444.089, 32876.15
4446.018, 32831.66
4447.946, 32763.87
4449.875, 32762.19
4451.803, 32794.77
4453.732, 32854.98
4455.660, 32815.13
4457.589, 32730.77
4459.517, 32631.47
4461.446, 32581.63
4463.374, 32563.21
4465.303, 32511.96
4467.231, 32509.68
4469.160, 32558.67
4471.088, 32330.97
4473.017, 32130.23
4474.945, 32244.13
4476.874, 32197.57
4478.802, 32053.61
4480.730, 32025.34
4482.659, 32005.04
4484.587, 31968.58
4486.516, 32036.21
4488.444, 32109.61
4490.373, 32104.81
4492.301, 32137.84
4494.229, 32175.76
4496.158, 32175.09
4498.086, 32110.32
4500.015, 31999.60
4501.943, 31888.50
4503.872, 31815.06
4505.800, 31792.42
4507.729, 31822.46
4509.657, 31848.29
4511.586, 31767.67
4513.514, 31762.00
4515.443, 31817.69
4517.371, 31761.20
4519.300, 31689.79
4521.228, 31638.16
4523.157, 31550.37
4525.085, 31490.05
4527.014, 31519.17
4528.942, 31550.47
4530.871, 31556.50
4532.799, 31460.54
4534.728, 31464.10
4536.656, 31596.42
4538.584, 31613.06
4540.513, 31575.99
4542.441, 31503.47
4544.370, 31521.49
4546.298, 31542.22
4548.227, 31423.08
4550.155, 31412.36
4552.083, 31471.18
4554.012, 31357.12
4555.940, 31258.87
4557.869, 31241.75
4559.797, 31267.44
4561.726, 31269.31
4563.654, 31156.97
4565.583, 31175.73
4567.511, 31226.76
4569.440, 31147.20
4571.368, 31054.63
4573.297, 30975.07
4575.225, 30902.19
4577.154, 30884.99
4579.082, 30930.42
4581.011, 30747.38
4582.939, 30567.31
4584.868, 30604.63
4586.796, 30641.69
4588.725, 30645.67
4590.653, 30547.67
4592.582, 30531.54
4594.510, 30581.89
4596.438, 30523.84
4598.367, 30518.21
4600.295, 30603.90
4602.224, 30546.83
4604.152, 30445.76
4606.081, 30366.77
4608.009, 30312.10
4609.938, 30293.82
4611.866, 30348.10
4613.794, 30322.28
4615.723, 30228.90
4617.651, 30139.16
4619.580, 30060.94
4621.508, 30001.35
4623.437, 29997.50
4625.365, 30019.01
4627.294, 30057.82
4629.222, 29997.83
4631.151, 29919.40
4633.079, 29885.52
4635.008, 29889.71
4636.936, 29905.43
4638.865, 29887.97
4640.793, 29906.23
4642.722, 29941.80
4644.650, 29843.53
4646.579, 29810.21
4648.507, 29873.23
4650.436, 29727.58
4652.364, 29607.43
4654.292, 29638.10
4656.221, 29615.23
4658.149, 29578.13
4660.078, 29587.66
4662.006, 29510.85
4663.935, 29422.43
4665.863, 29471.54
4667.792, 29483.83
4669.720, 29452.76
4671.648, 29452.46
4673.577, 29420.31
4675.505, 29345.45
4677.434, 29258.83
4679.362, 29204.93
4681.291, 29204.89
4683.219, 29164.77
4685.148, 29150.20
4687.076, 29212.56
4689.005, 29190.86
4690.933, 29151.03
4692.862, 29205.83
4694.790, 29176.64
4696.719, 29106.72
4698.647, 29147.55
4700.576, 29064.73
4702.504, 28879.83
4704.433, 28722.07
4706.361, 28671.02
4708.290, 28729.58
4710.218, 28783.76
4712.146, 28759.09
4714.075, 28637.04
4716.003, 28622.95
4717.932, 28626.72
4719.860, 28587.26
4721.789, 28560.87
4723.717, 28546.31
4725.646, 28534.31
4727.574, 28553.12
4729.502, 28563.59
4731.431, 28499.13
4733.359, 28442.00
4735.288, 28409.29
4737.216, 28440.69
4739.145, 28457.44
4741.073, 28439.45
4743.002, 28329.25
4744.930, 28230.68
4746.859, 28164.92
4748.787, 28094.25
4750.716, 28016.14
4752.644, 27928.22
4754.573, 27984.93
4756.501, 28036.63
4758.430, 28017.00
4760.358, 27973.99
4762.287, 27919.39
4764.215, 27844.88
4766.144, 27844.42
4768.072, 27847.01
4770.000, 27793.05
4771.929, 27685.61
4773.857, 27591.85
4775.786, 27619.35
4777.714, 27583.92
4779.643, 27531.48
4781.571, 27568.70
4783.500, 27576.25
4785.428, 27553.01
4787.356, 27537.10
4789.285, 27506.61
4791.213, 27476.23
4793.142, 27515.22
4795.070, 27549.92
4796.999, 27558.16
4798.927, 27511.36
4800.856, 27453.82
4802.784, 27390.82
4804.713, 27209.42
4806.641, 27155.15
4808.570, 27266.77
4810.498, 27234.85
4812.427, 27196.21
4814.355, 27214.18
4816.284, 27116.05
4818.212, 27008.26
4820.141, 26942.70
4822.069, 26999.46
4823.998, 27009.74
4825.926, 26818.96
4827.854, 26909.32
4829.783, 26968.19
4831.711, 26789.49
4833.640, 26687.33
4835.568, 26630.16
4837.497, 26574.59
4839.425, 26551.64
4841.354, 26568.63
4843.282, 26643.47
4845.210, 26560.95
4847.139, 26452.21
4849.067, 26506.63
4850.996, 26426.50
4852.924, 26295.26
4854.853, 26200.77
4856.781, 26257.27
4858.710, 26334.67
4860.638, 26230.82
4862.567, 26185.45
4864.495, 26188.71
4866.424, 26237.22
4868.352, 26128.94
4870.281, 26000.96
4872.209, 26122.40
4874.138, 26051.11
4876.066, 25896.95
4877.995, 25870.69
4879.923, 25887.98
4881.852, 25909.27
4883.780, 25900.94
4885.708, 25774.01
4887.637, 25635.41
4889.565, 25665.97
4891.494, 25745.48
4893.422, 25806.05
4895.351, 25764.61
4897.279, 25640.89
4899.208, 25521.50
4901.136, 25538.31
4903.064, 25560.15
4904.993, 25576.58
4906.921, 25613.20
4908.850, 25510.67
4910.778, 25361.02
4912.707, 25317.14
4914.635, 25301.89
4916.564, 25278.18
4918.492, 25191.20
4920.421, 25187.47
4922.349, 25217.82
4924.278, 25221.60
4926.206, 25099.09
4928.135, 24991.63
4930.063, 25105.15
4931.992, 25057.41
4933.920, 24975.83
4935.849, 25036.71
4937.777, 24968.05
4939.706, 24879.65
4941.634, 24932.42
4943.563, 24913.39
4945.491, 24888.73
4947.419, 24914.58
4949.348, 24882.36
4951.276, 24833.18
4953.205, 24810.44
4955.133, 24732.71
4957.062, 24654.21
4958.990, 24610.09
4960.918, 24621.94
4962.847, 24604.29
4964.775, 24511.88
4966.704, 24405.22
4968.632, 24331.71
4970.561, 24314.48
4972.489, 24359.93
4974.418, 24350.78
4976.346, 24263.80
4978.275, 24255.91
4980.203, 24243.18
4982.132, 24206.24
4984.060, 24271.15
4985.989, 24167.96
4987.917, 23934.72
4989.846, 24076.95
4991.774, 24127.08
4993.703, 24049.64
4995.631, 24001.63
4997.560, 24005.13
4999.488, 24022.19
5001.417, 23976.73
5003.345, 23862.35
5005.273, 23742.40
5007.202, 23719.24
5009.130, 23694.62
5011.059, 23685.52
5012.987, 23739.61
5014.916, 23686.77
5016.844, 23622.29
5018.772, 23641.92
5020.701, 23479.51
5022.629, 23359.41
5024.558, 23464.70
5026.486, 23482.75
5028.415, 23456.66
5030.343, 23406.89
5032.272, 23358.39
5034.200, 23333.22
5036.129, 23324.85
5038.057, 23257.41
5039.986, 23160.92
5041.914, 23066.28
5043.843, 23037.66
5045.771, 23041.73
5047.700, 23050.29
5049.628, 23015.01
5051.557, 22974.03
5053.485, 22951.52
5055.414, 22998.77
5057.342, 22966.79
5059.271, 22901.19
5061.199, 22854.69
5063.127, 22777.05
5065.056, 22718.80
5066.984, 22712.93
5068.913, 22719.02
5070.841, 22776.30
5072.770, 22875.97
5074.698, 22733.37
5076.626, 22613.44
5078.555, 22564.69
5080.483, 22493.00
5082.412, 22431.23
5084.340, 22397.16
5086.269, 22421.78
5088.197, 22454.41
5090.126, 22449.22
5092.054, 22352.58
5093.983, 22344.64
5095.911, 22353.43
5097.840, 22307.65
5099.768, 22321.54
5101.697, 22285.18
5103.625, 22152.93
5105.554, 22043.83
5107.482, 22066.52
5109.411, 22176.54
5111.339, 22115.99
5113.268, 22057.29
5115.196, 22016.32
5117.125, 21945.32
5119.053, 21926.50
5120.981, 21926.80
5122.910, 21898.81
5124.838, 21882.69
5126.767, 21860.04
5128.695, 21814.89
5130.624, 21837.04
5132.552, 21823.24
5134.480, 21760.00
5136.409, 21858.17
5138.337, 21807.19
5140.266, 21651.18
5142.194, 21648.88
5144.123, 21613.67
5146.051, 21538.02
5147.980, 21416.15
5149.908, 21368.94
5151.837, 21362.37
5153.765, 21366.30
5155.694, 21221.29
5157.622, 21205.59
5159.551, 21355.85
5161.479, 21307.92
5163.408, 21293.44
5165.336, 21308.17
5167.265, 21236.67
5169.193, 21195.46
5171.122, 21155.52
5173.050, 21077.61
5174.979, 21065.75
5176.907, 21039.71
5178.835, 20953.65
5180.764, 20960.57
5182.692, 21027.49
5184.621, 21094.40
5186.549, 21026.91
5188.478, 20927.71
5190.406, 20826.36
5192.334, 20730.32
5194.263, 20692.87
5196.191, 20643.55
5198.120, 20528.47
5200.048, 20541.72
5201.977, 20580.06
5203.905, 20601.17
5205.834, 20584.60
5207.762, 20514.24
5209.691, 20443.45
5211.619, 20477.67
5213.548, 20433.04
5215.476, 20363.71
5217.405, 20315.11
5219.333, 20283.52
5221.262, 20212.14
5223.190, 20107.62
5225.119, 20059.37
5227.047, 19993.75
5228.976, 19945.55
5230.904, 20006.35
5232.833, 19972.69
5234.761, 19928.35
5236.689, 19928.66
5238.618, 19914.80
5240.546, 19912.29
5242.475, 19907.09
5244.403, 19819.81
5246.332, 19755.61
5248.260, 19735.63
5250.188, 19774.41
5252.117, 19819.89
5254.045, 19811.40
5255.974, 19726.96
5257.902, 19591.07
5259.831, 19625.34
5261.759, 19709.99
5263.688, 19414.39
5265.616, 19459.93
5267.545, 19587.56
5269.473, 19532.58
5271.402, 19423.13
5273.330, 19430.46
5275.259, 19530.88
5277.187, 19417.19
5279.116, 19352.56
5281.044, 19319.05
5282.973, 19227.31
5284.901, 19229.55
5286.830, 19258.82
5288.758, 19272.06
5290.687, 19210.94
5292.615, 19208.09
5294.543, 19229.23
5296.472, 19154.00
5298.400, 19145.41
5300.329, 19137.15
5302.257, 19073.46
5304.186, 19067.85
5306.114, 19036.67
5308.042, 18954.16
5309.971, 18793.79
5311.899, 18771.15
5313.828, 18809.69
5315.756, 18820.75
5317.685, 18781.91
5319.613, 18745.66
5321.542, 18715.45
5323.470, 18627.02
5325.399, 18648.52
5327.327, 18663.93
5329.256, 18549.46
5331.184, 18544.98
5333.113, 18508.16
5335.041, 18408.46
5336.970, 18311.31
5338.898, 18330.75
5340.827, 18384.25
5342.755, 18371.53
5344.684, 18362.93
5346.612, 18320.49
5348.541, 18255.45
5350.469, 18282.90
5352.397, 18178.61
5354.326, 18080.21
5356.254, 18152.85
5358.183, 18056.74
5360.111, 18015.93
5362.040, 18062.49
5363.968, 17987.88
5365.896, 17943.50
5367.825, 17916.32
5369.753, 17878.59
5371.682, 17791.89
5373.610, 17710.98
5375.539, 17656.95
5377.467, 17625.55
5379.396, 17655.28
5381.324, 17668.98
5383.253, 17598.77
5385.181, 17589.51
5387.110, 17556.13
5389.038, 17495.20
5390.967, 17452.03
5392.895, 17424.88
5394.824, 17424.58
5396.752, 17444.72
5398.681, 17394.53
5400.609, 17329.58
5402.538, 17291.73
5404.466, 17356.52
5406.395, 17262.14
5408.323, 17205.85
5410.251, 17243.14
5412.180, 17188.84
5414.108, 17200.47
5416.037, 17209.07
5417.965, 17127.20
5419.894, 17071.35
5421.822, 16978.24
5423.750, 16880.47
5425.679, 16935.16
5427.607, 16962.65
5429.536, 16897.35
5431.464, 16729.40
5433.393, 16777.73
5435.321, 16747.82
5437.250, 16691.55
5439.178, 16772.62
5441.107, 16669.22
5443.035, 16595.71
5444.964, 16619.50
5446.892, 16623.97
5448.821, 16541.90
5450.749, 16448.51
5452.678, 16408.89
5454.606, 16499.39
5456.535, 16489.73
5458.463, 16388.65
5460.392, 16292.76
5462.320, 16283.65
5464.249, 16304.56
5466.177, 16297.42
5468.105, 16110.55
5470.034, 16154.67
5471.962, 16234.59
5473.891, 16165.12
5475.819, 16098.78
5477.748, 16077.06
5479.676, 16065.48
5481.604, 16002.78
5483.533, 15919.01
5485.461, 15866.57
5487.390, 15857.73
5489.318, 15871.93
5491.247, 15929.72
5493.175, 15932.48
5495.104, 15829.01
5497.032, 15783.24
5498.961, 15776.46
5500.889, 15760.26
5502.818, 15688.28
5504.746, 15584.20
5506.675, 15522.11
5508.603, 15502.24
5510.532, 15482.65
5512.460, 15553.38
5514.389, 15550.64
5516.317, 15436.99
5518.246, 15361.38
5520.174, 15348.67
5522.103, 15323.09
5524.031, 15245.08
5525.959, 15332.71
5527.888, 15286.75
5529.816, 15196.75
5531.745, 15218.66
5533.673, 15239.90
5535.602, 15226.07
5537.530, 15174.16
5539.458, 15090.50
5541.387, 15039.06
5543.315, 15001.42
5545.244, 14984.11
5547.172, 15068.13
5549.101, 14983.77
5551.029, 14871.09
5552.958, 14818.94
5554.886, 14845.63
5556.815, 14799.47
5558.743, 14739.81
5560.672, 14723.79
5562.600, 14716.08
5564.529, 14638.20
5566.457, 14588.50
5568.386, 14662.31
5570.314, 14609.96
5572.243, 14627.95
5574.171, 14676.53
5576.100, 14617.92
5578.028, 14562.50
5579.957, 14525.27
5581.885, 14483.51
5583.813, 14384.97
5585.742, 14317.63
5587.670, 14345.04
5589.599, 14411.05
5591.527, 14339.89
5593.456, 14300.08
5595.384, 14259.01
5597.313, 14222.73
5599.241, 14316.42
5601.169, 14289.07
5603.098, 14205.69
5605.026, 14127.47
5606.955, 14112.16
5608.883, 14128.39
5610.812, 14082.97
5612.740, 13959.69
5614.669, 14003.03
5616.597, 13919.66
5618.526, 13840.92
5620.454, 13882.16
5622.383, 13953.97
5624.311, 13922.03
5626.240, 13869.34
5628.168, 13870.59
5630.097, 13828.75
5632.025, 13831.40
5633.954, 13815.60
5635.882, 13719.23
5637.811, 13642.81
5639.739, 13636.41
5641.667, 13666.55
5643.596, 13685.01
5645.524, 13620.06
5647.453, 13520.42
5649.381, 13451.25
5651.310, 13458.10
5653.238, 13463.06
5655.167, 13441.48
5657.095, 13387.16
5659.023, 13306.73
5660.952, 13296.07
5662.880, 13300.60
5664.809, 13305.65
5666.737, 13307.05
5668.666, 13184.21
5670.594, 13185.72
5672.523, 13250.52
5674.451, 13267.15
5676.380, 13182.24
5678.308, 13127.20
5680.237, 13093.78
5682.165, 13059.23
5684.094, 13136.75
5686.022, 13028.06
5687.951, 12870.19
5689.879, 12814.33
5691.808, 12822.07
5693.736, 12901.58
5695.665, 12894.95
5697.593, 12737.72
5699.521, 12696.51
5701.450, 12695.08
5703.378, 12707.08
5705.307, 12724.78
5707.235, 12786.10
5709.164, 12713.02
5711.092, 12643.31
5713.021, 12631.01
5714.949, 12553.30
5716.877, 12567.83
5718.806, 12523.40
5720.734, 12412.32
5722.663, 12400.65
5724.591, 12351.70
5726.520, 12360.60
5728.448, 12404.04
5730.377, 12368.92
5732.305, 12286.76
5734.234, 12256.13
5736.162, 12288.30
5738.091, 12353.56
5740.019, 12284.32
5741.948, 12196.16
5743.876, 12151.26
5745.805, 12178.65
5747.733, 12134.96
5749.662, 12113.51
5751.590, 12098.87
5753.519, 12070.19
5755.447, 12101.57
5757.375, 12061.04
5759.304, 12020.67
5761.232, 12030.82
5763.161, 12077.22
5765.089, 11984.02
5767.018, 11908.23
5768.946, 11893.14
5770.875, 11860.77
5772.803, 11772.65
5774.731, 11787.43
5776.660, 11827.71
5778.588, 11731.72
5780.517, 11700.42
5782.445, 11712.91
5784.374, 11712.34
5786.302, 11666.74
5788.231, 11703.53
5790.159, 11622.92
5792.088, 11589.98
5794.016, 11651.92
5795.945, 11514.82
5797.873, 11517.01
5799.802, 11552.46
5801.730, 11563.26
5803.659, 11552.51
5805.587, 11464.13
5807.516, 11383.00
5809.444, 11327.76
5811.373, 11292.91
5813.301, 11296.80
5815.229, 11306.81
5817.158, 11308.26
5819.086, 11291.61
5821.015, 11237.64
5822.943, 11235.50
5824.872, 11232.52
5826.800, 11207.32
5828.729, 11175.33
5830.657, 11090.51
5832.585, 11095.39
5834.514, 11101.99
5836.442, 11002.31
5838.371, 11003.19
5840.299, 10988.07
5842.228, 10979.83
5844.156, 10986.10
5846.085, 10936.46
5848.013, 10997.44
5849.942, 10978.23
5851.870, 10907.99
5853.799, 10928.87
5855.727, 10845.97
5857.656, 10833.74
5859.584, 10812.63
5861.513, 10743.79
5863.441, 10843.92
5865.370, 10839.90
5867.298, 10724.54
5869.227, 10611.92
5871.155, 10646.08
5873.083, 10705.29
5875.012, 10632.27
5876.940, 10510.93
5878.869, 10447.87
5880.797, 10485.52
5882.726, 10584.00
5884.654, 10602.65
5886.583, 10523.87
5888.511, 10425.24
5890.439, 10396.64
5892.368, 10415.64
5894.296, 10409.30
5896.225, 10350.28
5898.153, 10358.91
5900.082, 10349.67
5902.010, 10297.10
5903.939, 10249.33
5905.867, 10297.32
5907.796, 10264.41
5909.724, 10196.37
5911.653, 10171.27
5913.581, 10198.38
5915.510, 10121.86
5917.438, 10225.31
5919.367, 10203.29
5921.295, 10088.37
5923.224, 10063.83
5925.152, 10063.21
5927.081, 10019.62
5929.009, 10001.71
5930.938, 10003.96
5932.866, 9916.952
5934.794, 9938.384
5936.723, 9940.942
5938.651, 9931.528
5940.580, 9934.227
5942.508, 9873.309
5944.437, 9880.506
5946.365, 9859.387
5948.293, 9791.842
5950.222, 9721.832
5952.150, 9743.857
5954.079, 9752.002
5956.007, 9734.043
5957.936, 9693.692
5959.864, 9631.296
5961.793, 9680.738
5963.721, 9655.278
5965.650, 9600.460
5967.578, 9582.408
5969.507, 9553.101
5971.435, 9611.347
5973.364, 9559.576
5975.292, 9485.850
5977.221, 9535.136
5979.149, 9474.994
5981.078, 9428.409
5983.006, 9459.044
5984.935, 9487.550
5986.863, 9379.741
5988.792, 9414.422
5990.720, 9363.616
5992.648, 9311.229
5994.577, 9322.227
5996.505, 9378.447
5998.434, 9248.280
6000.362, 9204.457
6002.291, 9183.486
6004.219, 9125.924
6006.147, 9165.222
6008.076, 9158.540
6010.004, 9157.393
6011.933, 9133.354
6013.861, 9070.765
6015.790, 9100.356
6017.718, 9064.793
6019.647, 9064.766
6021.575, 9054.061
6023.504, 8966.620
6025.432, 8889.987
6027.361, 8902.462
6029.289, 8899.353
6031.218, 8899.640
6033.146, 8955.168
6035.075, 8872.911
6037.003, 8810.633
6038.932, 8781.689
6040.860, 8777.994
6042.789, 8786.369
6044.717, 8739.282
6046.646, 8687.296
6048.574, 8653.971
6050.502, 8656.604
6052.431, 8697.334
6054.359, 8545.105
6056.288, 8534.305
6058.216, 8553.303
6060.145, 8572.738
6062.073, 8630.596
6064.001, 8531.760
6065.930, 8485.124
6067.858, 8490.097
6069.787, 8506.898
6071.715, 8496.304
6073.644, 8379.262
6075.572, 8372.056
6077.501, 8344.598
6079.429, 8326.761
6081.358, 8399.259
6083.286, 8339.103
6085.215, 8277.638
6087.143, 8213.380
6089.072, 8201.095
6091.000, 8271.132
6092.929, 8260.146
6094.857, 8196.283
6096.786, 8155.635
6098.714, 8139.178
6100.643, 8126.060
6102.571, 8119.173
6104.500, 8089.326
6106.428, 8060.726
6108.356, 8081.885
6110.285, 8123.994
6112.213, 8003.691
6114.142, 8033.481
6116.070, 8013.230
6117.999, 7955.612
6119.927, 7920.573
6121.855, 7956.409
6123.784, 7982.106
6125.712, 7905.336
6127.641, 7838.417
6129.569, 7828.723
6131.498, 7851.331
6133.426, 7904.955
6135.355, 7835.149
6137.283, 7763.287
6139.212, 7757.268
6141.140, 7798.098
6143.069, 7702.115
6144.997, 7779.637
6146.926, 7719.857
6148.854, 7611.308
6150.783, 7588.623
6152.711, 7659.521
6154.640, 7659.400
6156.568, 7589.302
6158.497, 7573.774
6160.425, 7576.735
6162.354, 7462.003
6164.282, 7452.116
6166.210, 7494.935
6168.139, 7509.348
6170.067, 7484.111
6171.996, 7452.607
6173.924, 7487.277
6175.853, 7467.823
6177.781, 7379.509
6179.709, 7327.396
6181.638, 7337.251
6183.566, 7330.910
6185.495, 7284.333
6187.423, 7268.155
6189.352, 7301.502
6191.280, 7307.368
6193.209, 7236.425
6195.137, 7210.940
6197.066, 7207.433
6198.994, 7195.419
6200.923, 7157.719
6202.851, 7125.350
6204.780, 7148.099
6206.708, 7091.081
6208.637, 7065.473
6210.565, 7030.585
6212.494, 7000.655
6214.422, 7007.044
6216.351, 7033.144
6218.279, 6973.710
6220.208, 6964.401
6222.136, 6968.222
6224.064, 6933.133
6225.993, 6861.310
6227.921, 6870.598
6229.850, 6890.623
6231.778, 6885.790
6233.707, 6853.841
6235.635, 6826.350
6237.563, 6857.147
6239.492, 6773.366
6241.420, 6783.073
6243.349, 6815.204
6245.277, 6829.208
6247.206, 6823.016
6249.134, 6762.462
6251.063, 6784.044
6252.991, 6779.854
6254.920, 6755.043
6256.848, 6730.948
6258.777, 6710.883
6260.705, 6673.467
6262.634, 6607.699
6264.562, 6633.854
6266.491, 6623.804
6268.419, 6556.599
6270.348, 6552.061
6272.276, 6585.020
6274.205, 6638.525
6276.133, 6538.813
6278.062, 6460.858
6279.990, 6497.708
6281.918, 6524.449
6283.847, 6503.386
6285.775, 6462.127
6287.704, 6411.229
6289.632, 6414.104
6291.561, 6456.656
6293.489, 6427.678
6295.417, 6357.853
6297.346, 6335.114
6299.274, 6335.622
6301.203, 6333.874
6303.131, 6323.267
6305.060, 6309.923
6306.988, 6269.903
6308.917, 6270.392
6310.845, 6204.727
6312.774, 6174.306
6314.702, 6225.985
6316.631, 6240.937
6318.559, 6292.967
6320.488, 6208.980
6322.416, 6181.240
6324.345, 6173.104
6326.273, 6134.711
6328.202, 6113.348
6330.130, 6095.485
6332.059, 6116.885
6333.987, 6108.971
6335.916, 6075.561
6337.844, 6052.431
6339.772, 6050.300
6341.701, 5957.994
6343.629, 5956.514
6345.558, 5984.219
6347.486, 5965.420
6349.415, 5915.704
6351.343, 5897.774
6353.271, 5924.780
6355.200, 5874.063
6357.128, 5849.924
6359.057, 5819.355
6360.985, 5809.385
6362.914, 5853.285
6364.842, 5901.350
6366.771, 5795.461
6368.699, 5789.728
6370.628, 5818.844
6372.556, 5833.148
6374.485, 5810.015
6376.413, 5731.371
6378.342, 5724.555
6380.270, 5698.161
6382.199, 5706.031
6384.127, 5701.349
6386.056, 5681.100
6387.984, 5672.835
6389.913, 5649.187
6391.841, 5609.464
6393.770, 5591.605
6395.698, 5620.697
6397.626, 5619.719
6399.555, 5582.602
6401.483, 5603.097
6403.412, 5587.597
6405.340, 5616.302
6407.269, 5581.677
6409.197, 5508.717
6411.125, 5501.185
6413.054, 5568.843
6414.982, 5463.423
6416.911, 5414.279
6418.839, 5474.604
6420.768, 5449.279
6422.696, 5411.503
6424.625, 5413.870
6426.553, 5391.922
6428.482, 5341.764
6430.410, 5335.487
6432.339, 5326.689
6434.267, 5310.843
6436.196, 5287.405
6438.124, 5270.932
6440.053, 5276.521
6441.981, 5217.988
6443.910, 5224.943
6445.838, 5224.542
6447.767, 5191.273
6449.695, 5153.746
6451.624, 5147.970
6453.552, 5193.475
6455.480, 5181.472
6457.409, 5121.093
6459.337, 5125.062
6461.266, 5123.876
6463.194, 5089.655
6465.123, 5043.347
6467.051, 4992.740
6468.979, 5081.552
6470.908, 4975.059
6472.836, 4994.093
6474.765, 5025.100
6476.693, 5041.307
6478.622, 5067.825
6480.550, 4992.030
6482.479, 4954.955
6484.407, 4967.661
6486.336, 4939.286
6488.264, 4935.700
6490.193, 4932.644
6492.121, 4910.323
6494.050, 4944.864
6495.978, 4889.583
6497.907, 4916.811
6499.835, 4906.999
6501.764, 4902.687
6503.692, 4902.757
6505.621, 4875.782
6507.549, 4826.951
6509.478, 4809.496
6511.406, 4850.544
6513.334, 4779.326
6515.263, 4813.845
6517.191, 4810.838
6519.120, 4761.532
6521.048, 4812.364
6522.977, 4814.660
6524.905, 4788.458
6526.833, 4812.710
6528.762, 4749.378
6530.690, 4694.154
6532.619, 4698.394
6534.547, 4734.382
6536.476, 4765.966
6538.404, 4713.053
6540.333, 4670.369
6542.261, 4706.932
6544.190, 4679.276
6546.118, 4623.553
6548.047, 4637.710
6549.975, 4698.144
6551.904, 4531.437
6553.832, 4561.489
6555.761, 4511.187
6557.689, 4513.176
6559.618, 4490.376
6561.546, 4464.823
##END=



