##NAMES=Mixite
##RRUFFID=R070503
##IDEAL CHEMISTRY=Cu_6_Bi(AsO_4_)_3_(OH)_6_·3H_2_O
##LOCALITY=Hilarion mine, near Kamariza, Lavrion District, Greece
##OWNER=RRUFF
##SOURCE=Bob Jenkins
##DESCRIPTION=Radiating aggregates of bluish-green acicular crystals
##STATUS=The identification of this mineral is confirmed by single-crystal X-ray diffraction and chemical analysis
##URL=https://www.rruff.net/odr/rruff_sample/R070503
##MEASURED CHEMISTRY=(Cu_5.73_Ca_0.22_Zn_0.06_Fe_0.01_)(Bi_0.52_Ca_0.48_)(AsO_4_)_2.86_(OH)_6_·3.58H_2_O
##DIFFRACTION SAMPLE DESCRIPTION=Single crystal, powder profile is calculated
##CELL PARAMETERS=a: 13.635 b: 13.635 c: 5.918 alpha: 90 beta: 90 gamma: 120 volume: 953 crystal system: hexagonal
##FILETYPE=Raman RAW
##RAMAN WAVELENGTH=532

85.75513, 0.0000000E+00
87.68359, 143.2313
89.61206, 154.6753
91.54053, 173.0203
93.46899, 198.0041
95.39746, 230.6210
97.32593, 266.6797
99.25439, 306.0305
101.1829, 349.1265
103.1113, 395.7069
105.0398, 443.6546
106.9683, 497.7121
108.8967, 560.6908
110.8252, 633.1429
112.7537, 710.9750
114.6821, 794.3038
116.6106, 882.1693
118.5391, 975.6862
120.4675, 1071.771
122.3960, 1174.322
124.3245, 1286.499
126.2529, 1407.780
128.1814, 1537.720
130.1099, 1676.385
132.0383, 1826.001
133.9668, 1975.771
135.8953, 2127.040
137.8237, 2278.144
139.7522, 2427.655
141.6807, 2568.256
143.6091, 2598.671
145.5376, 2601.240
147.4661, 2614.908
149.3945, 2635.521
151.3230, 2671.042
153.2514, 2716.604
155.1799, 2751.909
157.1084, 2776.773
159.0368, 2797.528
160.9653, 2817.200
162.8938, 2835.110
164.8223, 2855.415
166.7507, 2881.372
168.6792, 2914.116
170.6077, 2936.861
172.5361, 2951.901
174.4646, 2954.727
176.3931, 2944.636
178.3215, 2921.031
180.2500, 2880.978
182.1785, 2818.241
184.1069, 2719.794
186.0354, 2635.911
187.9639, 2578.155
189.8923, 2534.563
191.8208, 2486.302
193.7493, 2423.205
195.6777, 2362.718
197.6062, 2313.130
199.5347, 2275.496
201.4631, 2241.626
203.3916, 2206.611
205.3201, 2172.182
207.2485, 2152.311
209.1770, 2152.533
211.1055, 2161.640
213.0339, 2173.448
214.9624, 2187.386
216.8909, 2203.582
218.8193, 2221.031
220.7478, 2239.586
222.6763, 2262.037
224.6047, 2293.298
226.5332, 2325.537
228.4617, 2353.580
230.3901, 2376.983
232.3186, 2397.323
234.2471, 2415.000
236.1755, 2429.774
238.1040, 2443.683
240.0325, 2454.706
241.9609, 2465.396
243.8894, 2477.822
245.8179, 2490.332
247.7463, 2505.698
249.6748, 2530.187
251.6033, 2564.191
253.5317, 2583.129
255.4602, 2579.810
257.3886, 2560.739
259.3171, 2531.687
261.2456, 2482.535
263.1740, 2433.118
265.1025, 2386.512
267.0310, 2342.011
268.9594, 2305.062
270.8879, 2278.579
272.8164, 2258.863
274.7448, 2242.245
276.6733, 2224.239
278.6018, 2212.094
280.5302, 2213.317
282.4587, 2228.533
284.3872, 2234.988
286.3156, 2223.052
288.2441, 2202.475
290.1726, 2189.572
292.1010, 2184.707
294.0295, 2186.576
295.9580, 2196.096
297.8864, 2214.015
299.8149, 2232.683
301.7434, 2250.944
303.6718, 2269.169
305.6003, 2288.645
307.5288, 2313.156
309.4572, 2333.087
311.3857, 2346.103
313.3142, 2352.624
315.2426, 2350.106
317.1711, 2343.853
319.0996, 2327.293
321.0280, 2292.639
322.9565, 2238.019
324.8850, 2168.440
326.8134, 2086.278
328.7419, 1988.329
330.6704, 1886.587
332.5988, 1774.771
334.5273, 1662.503
336.4558, 1558.972
338.3842, 1463.607
340.3127, 1379.905
342.2412, 1307.271
344.1696, 1246.898
346.0981, 1197.350
348.0266, 1160.757
349.9550, 1134.047
351.8835, 1113.199
353.8120, 1099.011
355.7404, 1089.915
357.6689, 1085.458
359.5974, 1085.952
361.5258, 1089.386
363.4543, 1093.184
365.3828, 1101.883
367.3112, 1117.379
369.2397, 1141.647
371.1682, 1169.498
373.0966, 1201.749
375.0251, 1237.329
376.9536, 1270.493
378.8820, 1299.152
380.8105, 1327.421
382.7390, 1357.238
384.6674, 1388.863
386.5959, 1421.680
388.5244, 1457.463
390.4529, 1494.251
392.3813, 1527.521
394.3098, 1555.256
396.2383, 1582.828
398.1667, 1611.743
400.0952, 1641.178
402.0237, 1676.551
403.9521, 1717.619
405.8806, 1765.060
407.8091, 1818.033
409.7375, 1872.842
411.6660, 1940.213
413.5945, 2022.276
415.5229, 2119.324
417.4514, 2224.939
419.3799, 2360.150
421.3083, 2488.156
423.2368, 2582.700
425.1653, 2643.942
427.0937, 2677.166
429.0222, 2679.583
430.9507, 2656.517
432.8791, 2628.101
434.8076, 2578.098
436.7361, 2538.492
438.6645, 2519.928
440.5930, 2519.009
442.5215, 2547.788
444.4499, 2611.822
446.3784, 2702.390
448.3069, 2812.468
450.2353, 2944.219
452.1638, 3088.127
454.0923, 3243.492
456.0207, 3409.559
457.9492, 3590.165
459.8776, 3787.777
461.8061, 4001.502
463.7346, 4234.740
465.6630, 4496.440
467.5915, 4760.729
469.5200, 5042.703
471.4484, 5323.484
473.3769, 5566.652
475.3054, 5810.986
477.2338, 5966.170
479.1623, 6005.634
481.0908, 5915.385
483.0192, 5707.912
484.9477, 5307.808
486.8762, 4824.363
488.8046, 4346.421
490.7331, 3848.934
492.6616, 3408.857
494.5900, 3039.868
496.5185, 2741.700
498.4470, 2488.909
500.3754, 2288.479
502.3039, 2126.184
504.2324, 1994.562
506.1608, 1896.715
508.0893, 1815.059
510.0178, 1749.460
511.9462, 1696.153
513.8747, 1652.189
515.8032, 1617.767
517.7316, 1589.075
519.6601, 1565.276
521.5886, 1546.159
523.5170, 1532.972
525.4455, 1531.323
527.3740, 1531.082
529.3024, 1528.838
531.2309, 1524.865
533.1594, 1519.818
535.0878, 1517.126
537.0163, 1511.546
538.9448, 1497.943
540.8732, 1470.242
542.8017, 1440.644
544.7302, 1408.665
546.6586, 1374.967
548.5871, 1342.560
550.5156, 1310.090
552.4440, 1280.802
554.3725, 1255.479
556.3010, 1234.117
558.2294, 1218.186
560.1579, 1212.191
562.0864, 1208.841
564.0148, 1202.402
565.9433, 1193.662
567.8718, 1181.097
569.8002, 1164.203
571.7287, 1143.308
573.6572, 1118.124
575.5856, 1083.580
577.5141, 1049.393
579.4426, 1016.247
581.3710, 984.6219
583.2995, 958.0706
585.2280, 939.8029
587.1564, 924.4330
589.0849, 908.7952
591.0134, 891.7279
592.9418, 877.0980
594.8703, 865.4368
596.7988, 856.1414
598.7272, 847.6245
600.6557, 838.1072
602.5842, 833.9145
604.5126, 840.0200
606.4411, 853.5708
608.3696, 863.1672
610.2980, 867.1747
612.2265, 869.0749
614.1550, 869.2098
616.0834, 867.7260
618.0119, 866.2761
619.9404, 864.1938
621.8688, 862.9804
623.7973, 863.6317
625.7258, 867.1927
627.6542, 870.6185
629.5827, 876.9388
631.5112, 881.7822
633.4396, 877.5046
635.3681, 858.2732
637.2966, 846.7935
639.2250, 855.5674
641.1535, 878.0543
643.0820, 893.1124
645.0104, 893.4653
646.9389, 894.0313
648.8674, 900.5286
650.7958, 911.9351
652.7243, 918.8273
654.6528, 915.4387
656.5812, 912.3889
658.5097, 915.7382
660.4382, 927.9723
662.3666, 939.3707
664.2951, 951.7070
666.2236, 962.1354
668.1520, 966.4561
670.0805, 963.1127
672.0090, 961.0641
673.9374, 964.4070
675.8659, 969.6964
677.7944, 971.9573
679.7228, 967.1863
681.6513, 963.7957
683.5798, 964.1932
685.5082, 967.4012
687.4367, 969.2899
689.3652, 970.3620
691.2936, 969.8849
693.2221, 966.3815
695.1506, 960.0306
697.0790, 956.8893
699.0075, 962.8655
700.9360, 966.8276
702.8644, 961.2889
704.7929, 944.5172
706.7214, 931.7585
708.6498, 926.5931
710.5783, 924.3275
712.5068, 921.9611
714.4352, 919.9308
716.3637, 917.1148
718.2922, 912.2536
720.2206, 907.4561
722.1491, 905.6730
724.0776, 908.2535
726.0060, 910.2401
727.9345, 908.8935
729.8630, 906.7796
731.7914, 907.5085
733.7199, 910.9792
735.6484, 917.9234
737.5768, 929.6259
739.5053, 944.9570
741.4338, 959.3989
743.3622, 970.0923
745.2907, 982.9925
747.2192, 1000.945
749.1476, 1022.610
751.0761, 1044.465
753.0046, 1065.594
754.9330, 1087.753
756.8615, 1111.036
758.7900, 1135.558
760.7184, 1164.662
762.6469, 1196.892
764.5754, 1235.029
766.5038, 1282.549
768.4323, 1338.590
770.3608, 1396.200
772.2892, 1452.092
774.2177, 1510.547
776.1462, 1572.635
778.0746, 1635.370
780.0031, 1709.537
781.9316, 1800.673
783.8600, 1898.783
785.7885, 1992.993
787.7170, 2081.040
789.6454, 2184.820
791.5739, 2314.228
793.5024, 2460.425
795.4308, 2614.138
797.3593, 2760.583
799.2878, 2946.797
801.2162, 3177.939
803.1447, 3447.641
805.0732, 3754.548
807.0016, 4102.897
808.9301, 4466.318
810.8586, 4850.826
812.7870, 5243.182
814.7155, 5628.365
816.6440, 6010.826
818.5724, 6370.298
820.5009, 6687.692
822.4294, 6981.630
824.3578, 7285.499
826.2863, 7583.796
828.2147, 7918.980
830.1432, 8303.986
832.0717, 8737.118
834.0001, 9213.409
835.9286, 9739.760
837.8571, 10308.88
839.7855, 10901.74
841.7140, 11534.40
843.6425, 12249.11
845.5709, 13095.05
847.4994, 13939.03
849.4279, 14784.07
851.3563, 15596.15
853.2848, 16357.64
855.2133, 17164.44
857.1417, 17695.43
859.0702, 17965.94
860.9987, 17924.49
862.9271, 17403.19
864.8556, 16178.51
866.7841, 14748.06
868.7125, 12973.67
870.6410, 11054.97
872.5695, 9433.753
874.4979, 8128.870
876.4264, 7051.545
878.3549, 6226.287
880.2833, 5596.448
882.2118, 5071.906
884.1403, 4692.974
886.0687, 4376.712
887.9972, 4133.590
889.9257, 3943.338
891.8541, 3757.974
893.7826, 3570.084
895.7111, 3404.593
897.6395, 3279.120
899.5680, 3178.450
901.4965, 3080.231
903.4249, 2984.611
905.3534, 2891.334
907.2819, 2801.792
909.2103, 2713.286
911.1388, 2621.429
913.0673, 2524.876
914.9957, 2425.300
916.9242, 2323.053
918.8527, 2216.915
920.7811, 2105.224
922.7096, 1987.155
924.6381, 1868.400
926.5665, 1742.852
928.4950, 1622.356
930.4235, 1519.598
932.3519, 1439.766
934.2804, 1370.770
936.2089, 1315.433
938.1373, 1268.220
940.0658, 1221.698
941.9943, 1173.266
943.9227, 1139.688
945.8512, 1133.054
947.7797, 1135.498
949.7081, 1134.141
951.6366, 1128.310
953.5651, 1122.490
955.4935, 1117.623
957.4220, 1112.369
959.3505, 1105.796
961.2789, 1097.552
963.2074, 1089.578
965.1359, 1078.448
967.0643, 1070.682
968.9928, 1072.601
970.9213, 1082.070
972.8497, 1087.709
974.7782, 1084.665
976.7067, 1082.610
978.6351, 1085.742
980.5636, 1093.643
982.4921, 1101.555
984.4205, 1113.651
986.3490, 1121.188
988.2775, 1122.099
990.2059, 1116.867
992.1344, 1106.640
994.0629, 1088.284
995.9913, 1072.317
997.9198, 1065.665
999.8483, 1062.170
1001.777, 1052.657
1003.705, 1035.167
1005.634, 1015.336
1007.562, 994.8456
1009.491, 972.3541
1011.419, 945.8262
1013.348, 910.0648
1015.276, 880.6773
1017.204, 860.5347
1019.133, 844.9971
1021.061, 831.0751
1022.990, 818.6492
1024.918, 807.1008
1026.847, 795.8613
1028.775, 785.7936
1030.704, 777.5485
1032.632, 771.0765
1034.561, 764.3412
1036.489, 755.8360
1038.418, 748.8018
1040.346, 745.5936
1042.275, 745.1757
1044.203, 742.1947
1046.131, 734.5945
1048.060, 728.3528
1049.988, 728.9573
1051.917, 730.2678
1053.845, 721.9372
1055.774, 699.6993
1057.702, 682.6162
1059.631, 679.0873
1061.559, 680.4680
1063.488, 680.0765
1065.416, 678.1498
1067.345, 673.7135
1069.273, 665.9669
1071.202, 656.7376
1073.130, 646.4285
1075.058, 635.0855
1076.987, 624.8447
1078.915, 614.4886
1080.844, 606.8763
1082.772, 605.1906
1084.701, 607.0779
1086.629, 606.8707
1088.558, 602.9066
1090.486, 600.0784
1092.415, 600.0582
1094.343, 601.7242
1096.272, 603.6663
1098.200, 608.5016
1100.129, 609.0560
1102.057, 599.9631
1103.985, 590.4495
1105.914, 588.7013
1107.842, 594.5278
1109.771, 599.1394
1111.699, 601.2053
1113.628, 602.4750
1115.556, 604.1603
1117.485, 605.8435
1119.413, 605.6659
1121.342, 601.6856
1123.270, 599.4125
1125.199, 602.0762
1127.127, 606.5444
1129.056, 608.0137
1130.984, 605.1938
1132.912, 601.3602
1134.841, 595.3696
1136.769, 589.1970
1138.698, 584.9777
1140.626, 582.5037
1142.555, 577.5921
1144.483, 568.6047
1146.412, 558.9327
1148.340, 550.1530
1150.269, 541.9199
1152.197, 533.0513
1154.126, 522.2668
1156.054, 513.6904
1157.983, 509.4922
1159.911, 507.0481
1161.839, 503.3645
1163.768, 497.4188
1165.696, 492.7831
1167.625, 490.9327
1169.553, 488.9694
1171.482, 485.0537
1173.410, 479.4049
1175.339, 473.8833
1177.267, 467.8564
1179.196, 463.0765
1181.124, 460.6271
1183.053, 459.6530
1184.981, 459.3630
1186.910, 460.2285
1188.838, 459.9065
1190.766, 455.5479
1192.695, 452.0200
1194.623, 453.2159
1196.552, 459.7063
1198.480, 462.9365
1200.409, 459.4109
1202.337, 456.7812
1204.266, 458.5373
1206.194, 462.2463
1208.123, 462.4264
1210.051, 458.2515
1211.980, 454.3741
1213.908, 451.4730
1215.837, 449.5379
1217.765, 448.1300
1219.693, 447.4353
1221.622, 449.6136
1223.550, 458.1206
1225.479, 464.0448
1227.407, 460.6132
1229.336, 453.1447
1231.264, 453.3524
1233.193, 466.6787
1235.121, 475.9236
1237.050, 478.1236
1238.978, 477.4137
1240.907, 475.4096
1242.835, 472.0844
1244.764, 472.3949
1246.692, 480.3053
1248.620, 486.7044
1250.549, 487.5593
1252.477, 486.0059
1254.406, 487.8442
1256.334, 494.0558
1258.263, 496.3792
1260.191, 488.8180
1262.120, 481.6864
1264.048, 482.2515
1265.977, 488.9879
1267.905, 492.4894
1269.834, 489.7709
1271.762, 488.5128
1273.691, 492.5580
1275.619, 497.7074
1277.547, 498.7675
1279.476, 493.8001
1281.404, 490.6723
1283.333, 487.9207
1285.261, 488.3817
1287.190, 497.1539
1289.118, 510.1261
1291.047, 513.6371
1292.975, 504.3216
1294.904, 496.1708
1296.832, 492.2509
1298.761, 490.1540
1300.689, 488.5045
1302.618, 487.2180
1304.546, 485.6168
1306.474, 483.1095
1308.403, 481.3607
1310.331, 481.6350
1312.260, 482.6793
1314.188, 483.0258
1316.117, 482.6092
1318.045, 481.6567
1319.974, 478.7681
1321.902, 476.7461
1323.831, 476.9372
1325.759, 478.7947
1327.688, 480.6057
1329.616, 482.9452
1331.545, 484.3486
1333.473, 484.9839
1335.401, 484.6503
1337.330, 483.0724
1339.258, 480.3713
1341.187, 477.5022
1343.115, 474.2992
1345.044, 471.3676
1346.972, 467.4019
1348.901, 464.7051
1350.829, 467.1349
1352.758, 474.2310
1354.686, 476.7714
1356.615, 470.2526
1358.543, 464.7154
1360.472, 466.6832
1362.400, 471.4398
1364.328, 470.9948
1366.257, 463.9644
1368.185, 460.1520
1370.114, 464.3538
1372.042, 468.3972
1373.971, 468.6307
1375.899, 466.0568
1377.828, 463.6310
1379.756, 460.1124
1381.685, 458.8734
1383.613, 463.8004
1385.542, 467.3133
1387.470, 463.2365
1389.399, 453.2140
1391.327, 447.3419
1393.255, 446.5861
1395.184, 447.9774
1397.112, 455.6992
1399.041, 461.7479
1400.969, 457.1198
1402.898, 443.8632
1404.826, 437.0184
1406.755, 439.1035
1408.683, 442.4566
1410.612, 447.8322
1412.540, 451.1200
1414.469, 445.6546
1416.397, 433.4601
1418.326, 431.3066
1420.254, 447.1133
1422.182, 459.0150
1424.111, 454.3071
1426.039, 445.3860
1427.968, 444.4587
1429.896, 451.6751
1431.825, 456.3383
1433.753, 457.4294
1435.682, 456.0848
1437.610, 450.6205
1439.539, 444.2335
1441.467, 440.1147
1443.396, 437.9862
1445.324, 439.7448
1447.253, 451.9151
1449.181, 459.6830
1451.109, 455.7578
1453.038, 447.9549
1454.966, 446.5485
1456.895, 453.2912
1458.823, 456.5201
1460.752, 453.5520
1462.680, 450.8045
1464.609, 448.9427
1466.537, 448.7008
1468.466, 452.2348
1470.394, 460.0328
1472.323, 463.5627
1474.251, 458.9654
1476.180, 455.3715
1478.108, 457.2630
1480.036, 460.5420
1481.965, 459.1129
1483.893, 453.6208
1485.822, 453.7522
1487.750, 463.9519
1489.679, 472.3391
1491.607, 472.5829
1493.536, 470.5099
1495.464, 471.3271
1497.393, 474.7861
1499.321, 479.3745
1501.250, 486.7779
1503.178, 490.7910
1505.107, 484.0211
1507.035, 477.6613
1508.964, 482.9391
1510.892, 497.9058
1512.820, 507.0817
1514.749, 507.6004
1516.677, 507.5298
1518.606, 508.3106
1520.534, 509.5410
1522.463, 510.6379
1524.391, 511.7415
1526.320, 514.4415
1528.248, 519.7328
1530.177, 524.3638
1532.105, 531.2998
1534.034, 534.2783
1535.962, 527.8647
1537.891, 515.1204
1539.819, 504.9637
1541.747, 496.3311
1543.676, 492.7090
1545.604, 498.6313
1547.533, 503.7587
1549.461, 504.5689
1551.390, 501.4475
1553.318, 494.1266
1555.247, 479.9634
1557.175, 471.6399
1559.104, 474.5442
1561.032, 476.0822
1562.961, 471.3593
1564.889, 464.7797
1566.817, 460.1989
1568.746, 457.4540
1570.674, 460.2272
1572.603, 477.3538
1574.531, 486.7609
1576.460, 479.5997
1578.388, 468.9893
1580.317, 466.0878
1582.245, 468.6936
1584.174, 464.7453
1586.102, 449.2141
1588.031, 441.0104
1589.959, 448.6808
1591.887, 456.7018
1593.816, 456.6987
1595.744, 452.2013
1597.673, 449.7955
1599.601, 449.6657
1601.530, 450.2742
1603.458, 451.8446
1605.387, 454.0138
1607.315, 458.1180
1609.244, 461.8155
1611.172, 461.4869
1613.101, 457.8683
1615.029, 457.8056
1616.958, 463.9816
1618.886, 466.1998
1620.814, 456.5224
1622.743, 447.8758
1624.671, 450.1736
1626.600, 458.6205
1628.528, 462.7258
1630.457, 462.3273
1632.385, 460.1481
1634.314, 455.3980
1636.242, 450.7461
1638.171, 446.5411
1640.099, 443.3586
1642.028, 441.8887
1643.956, 441.9991
1645.885, 443.7826
1647.813, 448.4852
1649.741, 450.7747
1651.670, 447.5376
1653.598, 443.6976
1655.527, 441.9985
1657.455, 441.7419
1659.384, 441.0761
1661.312, 439.8961
1663.241, 441.7592
1665.169, 448.7943
1667.098, 455.3058
1669.026, 459.0949
1670.955, 461.4370
1672.883, 463.7504
1674.812, 465.4911
1676.740, 464.6328
1678.668, 460.8253
1680.597, 456.3969
1682.525, 451.1767
1684.454, 446.5694
1686.382, 442.9263
1688.311, 440.5528
1690.239, 440.1592
1692.168, 441.5006
1694.096, 442.5093
1696.025, 442.4777
1697.953, 443.7042
1699.882, 449.4503
1701.810, 453.6335
1703.739, 450.9653
1705.667, 444.9429
1707.595, 442.4452
1709.524, 443.4848
1711.452, 442.0927
1713.381, 435.8342
1715.309, 431.3057
1717.238, 431.9789
1719.166, 433.7589
1721.095, 433.8319
1723.023, 432.8408
1724.952, 432.0078
1726.880, 431.1620
1728.809, 432.4739
1730.737, 439.7534
1732.666, 443.0949
1734.594, 435.3078
1736.522, 425.7261
1738.451, 422.5737
1740.379, 424.1812
1742.308, 424.8732
1744.236, 424.8529
1746.165, 423.1759
1748.093, 415.8123
1750.022, 412.1959
1751.950, 418.5956
1753.879, 426.9896
1755.807, 430.9416
1757.736, 430.7039
1759.664, 426.4768
1761.593, 415.1480
1763.521, 410.0675
1765.449, 417.4738
1767.378, 423.7093
1769.306, 424.2435
1771.235, 422.3623
1773.163, 421.0168
1775.092, 419.8284
1777.020, 416.7188
1778.949, 408.8611
1780.877, 406.3038
1782.806, 414.5231
1784.734, 420.4377
1786.663, 418.6380
1788.591, 415.1230
1790.520, 415.0105
1792.448, 417.3171
1794.376, 418.7397
1796.305, 419.5629
1798.233, 418.6649
1800.162, 413.9043
1802.090, 410.4170
1804.019, 410.2519
1805.947, 410.5281
1807.876, 409.5033
1809.804, 407.3981
1811.733, 404.3382
1813.661, 400.0300
1815.590, 397.5698
1817.518, 396.9356
1819.447, 398.6683
1821.375, 405.9265
1823.303, 412.2189
1825.232, 412.9055
1827.160, 411.2475
1829.089, 412.8693
1831.017, 417.2852
1832.946, 419.1716
1834.874, 417.8221
1836.803, 415.1287
1838.731, 409.3507
1840.660, 405.7517
1842.588, 407.9135
1844.517, 412.8198
1846.445, 419.4539
1848.374, 426.3380
1850.302, 427.4192
1852.230, 421.7350
1854.159, 418.3621
1856.087, 420.2917
1858.016, 421.1039
1859.944, 417.5078
1861.873, 413.0159
1863.801, 409.5249
1865.730, 407.0990
1867.658, 406.5081
1869.587, 407.8838
1871.515, 406.7398
1873.444, 398.3745
1875.372, 397.1528
1877.301, 414.4134
1879.229, 427.3305
1881.157, 421.7711
1883.086, 410.4999
1885.014, 407.6155
1886.943, 411.5095
1888.871, 414.1579
1890.800, 415.7558
1892.728, 415.5687
1894.657, 411.0820
1896.585, 408.3915
1898.514, 410.1151
1900.442, 412.0193
1902.371, 410.3980
1904.299, 408.1349
1906.228, 410.9283
1908.156, 418.0718
1910.084, 420.2350
1912.013, 415.7112
1913.941, 414.2539
1915.870, 420.6190
1917.798, 423.6462
1919.727, 412.6933
1921.655, 403.8632
1923.584, 414.6075
1925.512, 432.7851
1927.441, 437.0233
1929.369, 428.6912
1931.298, 422.4969
1933.226, 419.7188
1935.155, 417.1047
1937.083, 412.0396
1939.011, 409.7882
1940.940, 414.5880
1942.868, 420.6238
1944.797, 423.7138
1946.725, 424.4670
1948.654, 423.2601
1950.582, 419.7699
1952.511, 419.9767
1954.439, 428.1493
1956.368, 432.1241
1958.296, 427.9483
1960.225, 424.0843
1962.153, 423.3490
1964.082, 423.4747
1966.010, 422.9192
1967.938, 422.1175
1969.867, 422.0898
1971.795, 422.8326
1973.724, 422.7114
1975.652, 421.4133
1977.581, 420.6387
1979.509, 420.0269
1981.438, 421.2004
1983.366, 427.1775
1985.295, 432.3351
1987.223, 432.2138
1989.152, 429.2217
1991.080, 427.1249
1993.009, 425.5145
1994.937, 421.1618
1996.865, 412.7795
1998.794, 407.2442
2000.722, 406.1985
2002.651, 406.2471
2004.579, 407.1102
2006.508, 408.6285
2008.436, 412.7051
2010.365, 415.8464
2012.293, 412.4186
2014.222, 404.8125
2016.150, 401.4803
2018.079, 402.4973
2020.007, 407.4187
2021.936, 418.6667
2023.864, 425.1611
2025.792, 423.2469
2027.721, 419.1998
2029.649, 413.0709
2031.578, 408.4548
2033.506, 409.9222
2035.435, 413.3987
2037.363, 411.2284
2039.292, 405.0970
2041.220, 405.6762
2043.149, 415.2839
2045.077, 419.6543
2047.006, 413.2544
2048.934, 409.2745
2050.863, 412.0153
2052.791, 414.1766
2054.719, 410.9051
2056.648, 407.2948
2058.576, 409.4377
2060.505, 413.7640
2062.433, 411.9680
2064.362, 404.6521
2066.290, 400.0434
2068.219, 398.3501
2070.147, 400.2890
2072.076, 407.7392
2074.004, 413.9914
2075.933, 417.6585
2077.861, 418.8784
2079.790, 414.9886
2081.718, 411.1278
2083.646, 412.4658
2085.575, 416.8363
2087.503, 421.1427
2089.432, 425.1029
2091.360, 424.3060
2093.289, 416.4939
2095.217, 410.5720
2097.146, 406.7260
2099.074, 404.6709
2101.003, 406.2220
2102.931, 407.1787
2104.860, 404.0545
2106.788, 401.8795
2108.717, 405.3085
2110.645, 411.1807
2112.573, 416.3743
2114.502, 419.9123
2116.430, 416.3758
2118.359, 405.2318
2120.287, 402.3146
2122.216, 413.7814
2124.144, 419.7961
2126.073, 413.4113
2128.001, 407.6373
2129.930, 405.5596
2131.858, 405.4389
2133.787, 406.6282
2135.715, 409.0217
2137.644, 413.9372
2139.572, 419.5052
2141.500, 420.7169
2143.429, 418.0419
2145.357, 415.2324
2147.286, 412.3135
2149.214, 410.0511
2151.143, 408.2917
2153.071, 407.9507
2155.000, 410.7547
2156.928, 412.8568
2158.857, 413.1317
2160.785, 412.1114
2162.714, 407.8270
2164.642, 404.3137
2166.571, 408.2399
2168.499, 416.2525
2170.427, 419.7941
2172.356, 418.8818
2174.284, 412.2561
2176.213, 398.5418
2178.141, 395.5964
2180.070, 409.8298
2181.998, 417.2517
2183.927, 406.1628
2185.855, 398.7545
2187.784, 409.0721
2189.712, 418.6029
2191.641, 412.8745
2193.569, 404.1383
2195.498, 407.4026
2197.426, 415.8508
2199.354, 414.1060
2201.283, 403.9811
2203.211, 401.0843
2205.140, 405.8415
2207.068, 409.4072
2208.997, 411.7749
2210.925, 409.9746
2212.854, 401.0264
2214.782, 394.5906
2216.711, 393.4974
2218.639, 395.7557
2220.568, 404.1756
2222.496, 411.4191
2224.425, 410.4402
2226.353, 406.3934
2228.281, 404.3600
2230.210, 404.8143
2232.138, 411.0009
2234.067, 421.8154
2235.995, 425.6794
2237.924, 422.4008
2239.852, 418.8111
2241.781, 415.2316
2243.709, 413.4641
2245.638, 415.9209
2247.566, 415.6068
2249.495, 405.5291
2251.423, 399.4529
2253.352, 407.0212
2255.280, 415.2009
2257.208, 413.5960
2259.137, 409.7559
2261.065, 414.2203
2262.994, 421.0612
2264.922, 416.9218
2266.851, 405.3229
2268.779, 398.8172
2270.708, 397.4601
2272.636, 397.6345
2274.565, 399.5871
2276.493, 400.7169
2278.422, 399.3871
2280.350, 399.7932
2282.279, 403.1704
2284.207, 406.9512
2286.135, 409.8826
2288.064, 414.0126
2289.992, 424.6663
2291.921, 431.5471
2293.849, 424.5935
2295.778, 413.0373
2297.706, 403.5615
2299.635, 398.1313
2301.563, 403.7212
2303.492, 416.6230
2305.420, 420.0134
2307.349, 413.5728
2309.277, 411.4443
2311.206, 414.7828
2313.134, 416.7986
2315.063, 417.1838
2316.991, 416.5009
2318.919, 413.9058
2320.848, 413.1794
2322.776, 417.4234
2324.705, 420.1750
2326.633, 417.4278
2328.562, 414.3012
2330.490, 412.6170
2332.419, 412.7137
2334.347, 417.0669
2336.276, 421.5244
2338.204, 420.8425
2340.133, 416.4425
2342.061, 409.3748
2343.990, 401.4214
2345.918, 399.5917
2347.846, 403.3007
2349.775, 403.0268
2351.703, 397.0133
2353.632, 395.2855
2355.560, 402.0403
2357.489, 403.4155
2359.417, 395.1579
2361.346, 390.9503
2363.274, 394.4809
2365.203, 398.5612
2367.131, 402.3216
2369.060, 403.9708
2370.988, 402.6288
2372.917, 399.1878
2374.845, 390.7144
2376.773, 384.1967
2378.702, 387.5130
2380.630, 394.7905
2382.559, 399.7734
2384.487, 402.4902
2386.416, 401.9259
2388.344, 399.3869
2390.273, 398.7443
2392.201, 399.8665
2394.130, 402.3695
2396.058, 406.5686
2397.987, 406.8987
2399.915, 401.6633
2401.844, 398.1898
2403.772, 397.0685
2405.700, 396.1913
2407.629, 395.6358
2409.557, 394.4733
2411.486, 390.8156
2413.414, 390.6632
2415.343, 400.6288
2417.271, 407.6746
2419.200, 403.6556
2421.128, 399.2418
2423.057, 400.6142
2424.985, 403.2444
2426.914, 403.6387
2428.842, 403.8616
2430.771, 408.1989
2432.699, 411.6650
2434.627, 405.5245
2436.556, 395.6220
2438.484, 392.8960
2440.413, 395.7043
2442.341, 400.1398
2444.270, 405.5549
2446.198, 404.7807
2448.127, 398.1425
2450.055, 399.0926
2451.984, 407.9280
2453.912, 411.2278
2455.841, 407.1964
2457.769, 403.3201
2459.698, 400.1607
2461.626, 398.0242
2463.554, 396.0308
2465.483, 397.0253
2467.411, 403.0446
2469.340, 408.3108
2471.268, 412.4531
2473.197, 413.4739
2475.125, 407.6176
2477.054, 403.0394
2478.982, 406.2397
2480.911, 407.9117
2482.839, 399.5620
2484.768, 391.9383
2486.696, 395.6885
2488.625, 400.2127
2490.553, 391.9735
2492.481, 384.0236
2494.410, 394.8400
2496.338, 410.2805
2498.267, 408.4142
2500.195, 397.6009
2502.124, 395.4478
2504.052, 397.5803
2505.981, 387.9890
2507.909, 371.4202
2509.838, 370.3842
2511.766, 381.7821
2513.695, 389.7487
2515.623, 393.7429
2517.552, 392.1438
2519.480, 383.8945
2521.408, 380.3991
2523.337, 382.7722
2525.265, 383.4933
2527.194, 381.9016
2529.122, 382.5047
2531.051, 386.5482
2532.979, 387.8096
2534.908, 382.8866
2536.836, 380.7032
2538.765, 384.7078
2540.693, 387.3885
2542.622, 388.0774
2544.550, 387.4094
2546.479, 385.2652
2548.407, 382.8348
2550.335, 380.4613
2552.264, 378.2060
2554.192, 374.0707
2556.121, 373.0290
2558.049, 379.5113
2559.978, 386.2226
2561.906, 390.7423
2563.835, 392.8326
2565.763, 391.1467
2567.692, 388.3596
2569.620, 385.0984
2571.549, 382.8695
2573.477, 383.9438
2575.406, 385.5468
2577.334, 386.5988
2579.262, 385.3985
2581.191, 377.2227
2583.119, 368.5551
2585.048, 366.6837
2586.976, 368.8434
2588.905, 372.7103
2590.833, 376.8330
2592.762, 378.4723
2594.690, 378.6245
2596.619, 378.6420
2598.547, 379.1204
2600.476, 381.7636
2602.404, 385.7884
2604.333, 389.5237
2606.261, 392.7982
2608.189, 395.5119
2610.118, 397.3154
2612.046, 396.1718
2613.975, 392.6143
2615.903, 388.3150
2617.832, 384.0862
2619.760, 385.0776
2621.689, 390.8550
2623.617, 393.8828
2625.546, 394.1115
2627.474, 392.4790
2629.403, 389.0190
2631.331, 388.9992
2633.260, 392.3261
2635.188, 394.5226
2637.116, 395.4032
2639.045, 393.6472
2640.973, 388.6623
2642.902, 384.8835
2644.830, 382.3935
2646.759, 381.4215
2648.687, 381.9892
2650.616, 385.2398
2652.544, 392.0312
2654.473, 396.3926
2656.401, 397.2926
2658.330, 396.6180
2660.258, 393.5301
2662.187, 392.9156
2664.115, 395.5218
2666.043, 398.4184
2667.972, 402.4861
2669.900, 402.1700
2671.829, 392.8725
2673.757, 389.0034
2675.686, 392.5536
2677.614, 393.9388
2679.543, 391.9318
2681.471, 388.3332
2683.400, 382.2223
2685.328, 378.3093
2687.257, 377.2881
2689.185, 378.9082
2691.114, 384.6055
2693.042, 388.1680
2694.970, 388.9476
2696.899, 386.8413
2698.827, 379.9565
2700.756, 375.4285
2702.684, 374.3944
2704.613, 375.5961
2706.541, 380.1081
2708.470, 382.6344
2710.398, 382.1024
2712.327, 381.6441
2714.255, 383.0342
2716.184, 381.3845
2718.112, 373.3264
2720.041, 368.7906
2721.969, 369.2066
2723.897, 368.8806
2725.826, 365.6153
2727.754, 368.1216
2729.683, 383.2837
2731.611, 390.8557
2733.540, 387.1541
2735.468, 381.9868
2737.397, 374.6171
2739.325, 374.6024
2741.254, 386.5616
2743.182, 389.7643
2745.111, 374.8310
2747.039, 365.8496
2748.968, 364.5110
2750.896, 364.5653
2752.824, 365.7879
2754.753, 366.7038
2756.681, 366.9663
2758.610, 367.7378
2760.538, 369.5926
2762.467, 370.4834
2764.395, 370.3882
2766.324, 368.9353
2768.252, 365.8878
2770.181, 365.7507
2772.109, 369.6095
2774.038, 373.2955
2775.966, 377.7711
2777.895, 374.6495
2779.823, 363.7415
2781.751, 358.7194
2783.680, 360.3311
2785.608, 364.8068
2787.537, 372.2844
2789.465, 374.4432
2791.394, 371.3099
2793.322, 366.4366
2795.251, 360.6161
2797.179, 361.1804
2799.108, 367.2188
2801.036, 367.5183
2802.965, 363.3333
2804.893, 365.7744
2806.822, 372.8600
2808.750, 375.3004
2810.678, 373.9089
2812.607, 371.1663
2814.535, 367.8228
2816.464, 365.6689
2818.392, 365.1777
2820.321, 369.3973
2822.249, 375.2843
2824.178, 377.1077
2826.106, 376.1876
2828.035, 373.2795
2829.963, 370.5213
2831.892, 373.0515
2833.820, 376.2363
2835.749, 372.1364
2837.677, 367.2145
2839.605, 369.1778
2841.534, 373.3246
2843.462, 377.9230
2845.391, 378.6567
2847.319, 366.0764
2849.248, 356.2225
2851.176, 364.5560
2853.105, 374.2047
2855.033, 374.3976
2856.962, 371.9854
2858.890, 368.6100
2860.819, 366.7258
2862.747, 368.2242
2864.676, 369.8661
2866.604, 368.5509
2868.532, 370.3766
2870.461, 382.2969
2872.389, 385.1944
2874.318, 370.1013
2876.246, 359.8712
2878.175, 364.1724
2880.103, 366.6211
2882.032, 363.6699
2883.960, 365.4830
2885.889, 374.4311
2887.817, 377.1891
2889.746, 370.6807
2891.674, 364.2246
2893.603, 357.0332
2895.531, 357.1090
2897.459, 364.2047
2899.388, 367.5073
2901.316, 366.9655
2903.245, 369.5950
2905.173, 374.4861
2907.102, 371.8893
2909.030, 364.4175
2910.959, 363.9724
2912.887, 367.1026
2914.816, 364.5706
2916.744, 359.6645
2918.673, 356.4176
2920.601, 357.3337
2922.530, 371.7751
2924.458, 386.6751
2926.386, 387.2575
2928.315, 382.6903
2930.243, 379.1077
2932.172, 377.1154
2934.100, 378.0815
2936.029, 379.1671
2937.957, 378.6566
2939.886, 378.0754
2941.814, 377.9655
2943.743, 378.2152
2945.671, 380.1036
2947.600, 378.2946
2949.528, 367.8601
2951.457, 363.4581
2953.385, 373.1642
2955.313, 376.3782
2957.242, 371.1700
2959.170, 368.1853
2961.099, 368.4407
2963.027, 371.9665
2964.956, 379.1388
2966.884, 377.0621
2968.813, 367.7134
2970.741, 367.7302
2972.670, 373.5755
2974.598, 368.7693
2976.527, 359.9449
2978.455, 367.8836
2980.384, 380.3719
2982.312, 374.6595
2984.240, 363.8434
2986.169, 359.4320
2988.097, 360.3958
2990.026, 369.9247
2991.954, 378.7259
2993.883, 382.4330
2995.811, 382.1136
2997.740, 374.5212
2999.668, 369.2789
3001.597, 370.6684
3003.525, 371.1713
3005.454, 368.5590
3007.382, 368.6143
3009.311, 375.0773
3011.239, 376.5487
3013.167, 371.7570
3015.096, 373.8363
3017.024, 382.6279
3018.953, 384.0949
3020.881, 379.2077
3022.810, 377.5425
3024.738, 377.9530
3026.667, 376.2726
3028.595, 373.7705
3030.524, 371.7352
3032.452, 371.2874
3034.381, 375.0738
3036.309, 379.7903
3038.238, 384.1968
3040.166, 386.1616
3042.094, 380.9917
3044.023, 378.4770
3045.951, 384.7894
3047.880, 390.1304
3049.808, 392.2602
3051.737, 393.0826
3053.665, 392.6605
3055.594, 391.8421
3057.522, 390.8476
3059.450, 386.0155
3061.379, 377.8649
3063.307, 380.7778
3065.236, 392.1700
3067.164, 393.4059
3069.093, 388.4472
3071.021, 388.3806
3072.950, 390.2220
3074.878, 390.3875
3076.807, 389.2423
3078.735, 386.5351
3080.664, 383.6334
3082.592, 379.4191
3084.521, 378.5160
3086.449, 386.6316
3088.377, 391.6006
3090.306, 389.3869
3092.234, 389.2799
3094.163, 394.3572
3096.091, 395.0114
3098.020, 389.6209
3099.948, 386.3015
3101.877, 385.1060
3103.805, 385.8946
3105.734, 388.3576
3107.662, 391.6670
3109.591, 395.7419
3111.519, 403.3426
3113.448, 408.1640
3115.376, 399.1880
3117.304, 390.2935
3119.233, 393.6758
3121.161, 398.1045
3123.090, 398.9063
3125.018, 400.3194
3126.947, 404.9097
3128.875, 407.5587
3130.804, 407.3923
3132.732, 408.5630
3134.661, 411.4456
3136.589, 412.9554
3138.518, 413.5683
3140.446, 419.9291
3142.375, 427.6362
3144.303, 422.6383
3146.231, 414.2293
3148.160, 414.7920
3150.088, 418.9035
3152.017, 423.7240
3153.945, 427.2322
3155.874, 427.6669
3157.802, 427.8930
3159.731, 429.8835
3161.659, 427.7812
3163.588, 419.4292
3165.516, 419.7791
3167.445, 431.7063
3169.373, 433.4247
3171.302, 427.3666
3173.230, 428.5915
3175.158, 434.1400
3177.087, 438.5425
3179.015, 441.6198
3180.944, 441.4500
3182.872, 442.1507
3184.801, 448.6442
3186.729, 453.2834
3188.658, 449.7363
3190.586, 449.5607
3192.515, 455.3824
3194.443, 460.6961
3196.372, 464.8360
3198.300, 466.6320
3200.229, 466.3113
3202.157, 464.0522
3204.085, 462.2834
3206.014, 470.4176
3207.942, 479.6717
3209.871, 472.7733
3211.799, 466.3794
3213.728, 476.1044
3215.656, 484.8765
3217.585, 482.5435
3219.513, 482.0105
3221.442, 486.1157
3223.370, 487.4080
3225.299, 482.8942
3227.227, 491.2255
3229.156, 509.3569
3231.084, 511.3159
3233.012, 504.5786
3234.941, 504.8821
3236.869, 509.7567
3238.798, 520.5849
3240.726, 528.3231
3242.655, 523.5120
3244.583, 520.9449
3246.512, 527.3484
3248.440, 531.9804
3250.369, 533.2015
3252.297, 531.5856
3254.226, 526.9775
3256.154, 536.2837
3258.083, 553.6300
3260.011, 557.4923
3261.939, 556.2076
3263.868, 562.1859
3265.796, 568.8074
3267.725, 570.9038
3269.653, 571.9645
3271.582, 572.7971
3273.510, 573.8886
3275.439, 574.7352
3277.367, 580.0119
3279.296, 590.1723
3281.224, 593.2959
3283.153, 592.3780
3285.081, 603.6857
3287.010, 618.5613
3288.938, 624.0674
3290.866, 626.9319
3292.795, 633.3466
3294.723, 636.9679
3296.652, 629.3256
3298.580, 635.9607
3300.509, 669.1705
3302.437, 686.8461
3304.366, 689.1600
3306.294, 695.6963
3308.223, 704.7776
3310.151, 705.7599
3312.080, 708.1183
3314.008, 730.4048
3315.937, 748.4658
3317.865, 735.4254
3319.793, 734.8023
3321.722, 762.4415
3323.650, 780.9097
3325.579, 779.8456
3327.507, 792.8655
3329.436, 816.4688
3331.364, 825.5070
3333.293, 827.8980
3335.221, 837.1491
3337.150, 850.1534
3339.078, 867.0533
3341.007, 880.5673
3342.935, 883.2203
3344.864, 891.1833
3346.792, 908.0219
3348.720, 915.4151
3350.649, 913.6588
3352.577, 937.4532
3354.506, 972.0500
3356.434, 969.5566
3358.363, 959.9407
3360.291, 977.1804
3362.220, 992.9869
3364.148, 991.9146
3366.077, 990.7589
3368.005, 993.1317
3369.934, 997.8518
3371.862, 1004.711
3373.791, 1008.447
3375.719, 1011.258
3377.647, 1020.373
3379.576, 1030.512
3381.504, 1033.867
3383.433, 1038.880
3385.361, 1052.759
3387.290, 1062.558
3389.218, 1064.376
3391.147, 1073.208
3393.075, 1090.337
3395.004, 1110.058
3396.932, 1132.359
3398.861, 1163.127
3400.789, 1188.875
3402.718, 1187.458
3404.646, 1192.105
3406.574, 1220.425
3408.503, 1243.235
3410.431, 1252.833
3412.360, 1262.988
3414.288, 1273.983
3416.217, 1284.330
3418.145, 1295.588
3420.074, 1314.981
3422.002, 1329.972
3423.931, 1327.602
3425.859, 1325.859
3427.788, 1335.909
3429.716, 1336.956
3431.645, 1327.876
3433.573, 1316.968
3435.501, 1307.044
3437.430, 1309.765
3439.358, 1314.778
3441.287, 1309.815
3443.215, 1301.311
3445.144, 1291.700
3447.072, 1280.651
3449.001, 1266.894
3450.929, 1266.078
3452.858, 1277.067
3454.786, 1276.587
3456.715, 1270.151
3458.643, 1266.846
3460.572, 1264.249
3462.500, 1264.853
3464.428, 1255.622
3466.357, 1227.400
3468.285, 1215.139
3470.214, 1222.159
3472.142, 1215.004
3474.071, 1197.032
3475.999, 1172.172
3477.928, 1149.777
3479.856, 1145.346
3481.785, 1132.447
3483.713, 1095.311
3485.642, 1055.730
3487.570, 1015.256
3489.499, 983.1596
3491.427, 957.4005
3493.355, 933.0052
3495.284, 906.2296
3497.212, 871.0693
3499.141, 836.2896
3501.069, 804.3271
3502.998, 778.0465
3504.926, 757.8699
3506.855, 734.8875
3508.783, 709.4891
3510.712, 680.7543
3512.640, 656.7379
3514.569, 651.3439
3516.497, 643.6144
3518.426, 623.2891
3520.354, 603.5681
3522.282, 586.3029
3524.211, 574.2309
3526.139, 567.2318
3528.068, 566.6711
3529.996, 568.1738
3531.925, 568.7972
3533.853, 567.2258
3535.782, 564.4987
3537.710, 551.0692
3539.639, 522.1882
3541.567, 522.8033
3543.496, 540.5629
3545.424, 546.6042
3547.353, 542.9519
3549.281, 526.5667
3551.209, 511.7475
3553.138, 503.7903
3555.066, 498.4106
3556.995, 495.1210
3558.923, 490.0118
3560.852, 485.0230
3562.780, 485.4802
3564.709, 486.4229
3566.637, 483.5273
3568.566, 482.9509
3570.494, 488.6117
3572.423, 483.4434
3574.351, 468.9675
3576.280, 458.2538
3578.208, 450.6839
3580.136, 444.7051
3582.065, 442.3208
3583.993, 448.4380
3585.922, 449.5727
3587.850, 444.3676
3589.779, 439.1106
3591.707, 434.2635
3593.636, 430.3830
3595.564, 427.0370
3597.493, 424.0522
3599.421, 421.4741
3601.350, 420.1872
3603.278, 412.9301
3605.207, 400.4241
3607.135, 398.5726
3609.063, 401.3698
3610.992, 400.7191
3612.920, 397.7550
3614.849, 391.3408
3616.777, 386.5908
3618.706, 384.1868
3620.634, 389.8920
3622.563, 398.8463
3624.491, 393.5660
3626.420, 385.6339
3628.348, 385.0993
3630.277, 383.4164
3632.205, 378.7560
3634.134, 370.8362
3636.062, 361.2962
3637.990, 362.9676
3639.919, 367.5121
3641.847, 365.9252
3643.776, 360.8575
3645.704, 352.8532
3647.633, 344.4430
3649.561, 336.2140
3651.490, 337.6157
3653.418, 342.8812
3655.347, 343.1309
3657.275, 340.7474
3659.204, 335.3327
3661.132, 333.8210
3663.061, 338.3157
3664.989, 335.8247
3666.917, 329.7929
3668.846, 329.9890
3670.774, 329.9967
3672.703, 323.6173
3674.631, 319.5773
3676.560, 320.3085
3678.488, 317.9593
3680.417, 313.8248
3682.345, 313.3783
3684.274, 314.2484
3686.202, 315.8632
3688.131, 314.2861
3690.059, 307.4284
3691.988, 307.1103
3693.916, 311.5864
3695.844, 308.0235
3697.773, 304.2312
3699.701, 312.8976
3701.630, 312.2564
3703.558, 293.5308
3705.487, 288.1486
3707.415, 295.7229
3709.344, 309.7428
3711.272, 320.2118
3713.201, 313.5323
3715.129, 304.3593
3717.058, 295.7731
3718.986, 294.0571
3720.915, 297.8610
3722.843, 297.5701
3724.771, 296.7112
3726.700, 300.6291
3728.628, 301.5527
3730.557, 296.9530
3732.485, 293.8922
3734.414, 292.3019
3736.342, 287.5362
3738.271, 283.9009
3740.199, 287.8321
3742.128, 289.3874
3744.056, 285.4189
3745.985, 287.0942
3747.913, 292.9798
3749.842, 295.6690
3751.770, 295.2741
3753.698, 290.5496
3755.627, 285.0121
3757.555, 279.2248
3759.484, 275.3187
3761.412, 273.6595
3763.341, 276.1846
3765.269, 280.7713
3767.198, 288.8079
3769.126, 291.3152
3771.055, 286.9494
3772.983, 285.5802
3774.912, 286.6768
3776.840, 290.7110
3778.769, 291.6246
3780.697, 280.8989
3782.625, 277.9671
3784.554, 284.0427
3786.482, 286.6872
3788.411, 287.9722
3790.339, 292.9245
3792.268, 295.6179
3794.196, 291.7144
3796.125, 292.1015
3798.053, 295.8672
3799.982, 290.6283
3801.910, 284.3983
3803.839, 286.6761
3805.767, 288.6299
3807.696, 287.8735
3809.624, 286.1434
3811.552, 284.1032
3813.481, 283.4517
3815.409, 283.2509
3817.338, 281.6635
3819.266, 284.5355
3821.195, 292.4196
3823.123, 290.2641
3825.052, 282.7040
3826.980, 275.5775
3828.909, 271.4671
3830.837, 271.4450
3832.766, 276.7425
3834.694, 285.4362
3836.623, 286.1900
3838.551, 284.1565
3840.479, 284.3801
3842.408, 283.6984
3844.336, 280.4081
3846.265, 282.3966
3848.193, 287.1375
3850.122, 289.1060
3852.050, 289.5046
3853.979, 289.2387
3855.907, 285.8510
3857.836, 279.9676
3859.764, 287.6501
3861.693, 295.4765
3863.621, 284.9490
3865.550, 279.3859
3867.478, 284.2653
3869.406, 285.5163
3871.335, 284.0612
3873.263, 286.4639
3875.192, 286.7039
3877.120, 277.2011
3879.049, 271.8055
3880.977, 272.3069
3882.906, 273.2913
3884.834, 274.3383
3886.763, 278.7383
3888.691, 278.2006
3890.620, 270.3613
3892.548, 269.5439
3894.477, 274.5488
3896.405, 282.9631
3898.333, 285.8836
3900.262, 277.1430
3902.190, 274.9804
3904.119, 278.5992
3906.047, 280.2224
3907.976, 279.5646
3909.904, 274.1898
3911.833, 273.8503
3913.761, 281.0170
3915.690, 278.0096
3917.618, 272.8565
3919.547, 279.9583
3921.475, 283.5794
3923.404, 278.8203
3925.332, 277.2993
3927.260, 278.2128
3929.189, 282.4179
3931.117, 285.0847
3933.046, 281.8338
3934.974, 278.2102
3936.903, 275.5674
3938.831, 281.6327
3940.760, 286.6781
3942.688, 279.1113
3944.617, 276.3484
3946.545, 279.8839
3948.474, 280.0529
3950.402, 278.8045
3952.331, 279.5488
3954.259, 281.2278
3956.188, 283.3766
3958.116, 277.0753
3960.044, 270.4184
3961.973, 278.5022
3963.901, 285.3149
3965.830, 284.8745
3967.758, 283.6328
3969.687, 282.9604
3971.615, 288.1261
3973.544, 291.1490
3975.472, 281.6266
3977.401, 278.1123
3979.329, 281.3173
3981.258, 284.0449
3983.186, 289.4251
3985.115, 288.2552
3987.043, 284.2945
3988.971, 283.3119
3990.900, 283.9338
3992.828, 282.0220
3994.757, 279.5148
3996.685, 276.0475
3998.614, 269.1983
4000.542, 275.2047
4002.471, 286.1042
4004.399, 284.0792
4006.328, 279.9296
4008.256, 284.8723
4010.185, 287.6780
4012.113, 282.5161
4014.042, 282.9326
4015.970, 283.4367
4017.898, 277.2038
4019.827, 274.1638
4021.755, 272.1723
4023.684, 272.0843
4025.612, 273.8228
4027.541, 278.9281
4029.469, 283.2842
4031.398, 280.7145
4033.326, 274.2637
4035.255, 267.8694
4037.183, 269.1428
4039.112, 275.5646
4041.040, 281.3472
4042.969, 281.9234
4044.897, 280.1268
4046.825, 275.2030
4048.754, 274.1869
4050.682, 273.3433
4052.611, 269.1436
4054.539, 273.9712
4056.468, 280.2772
4058.396, 279.6003
4060.325, 269.9523
4062.253, 266.9379
4064.182, 273.7910
4066.110, 275.6111
4068.039, 273.8165
4069.967, 272.0881
4071.896, 273.1270
4073.824, 279.6727
4075.752, 280.7086
4077.681, 275.0054
4079.609, 277.6465
4081.538, 283.9180
4083.466, 282.2013
4085.395, 277.4616
4087.323, 279.5896
4089.252, 280.8572
4091.180, 278.2999
4093.109, 277.5741
4095.037, 279.9404
4096.965, 281.3855
4098.894, 278.4837
4100.822, 273.7559
4102.751, 278.6978
4104.679, 285.3629
4106.608, 276.2498
4108.536, 268.5929
4110.465, 271.8533
4112.393, 274.9801
4114.322, 277.0352
4116.250, 277.1338
4118.179, 278.1403
4120.107, 280.2543
4122.036, 280.7814
4123.964, 281.2251
4125.893, 288.7236
4127.821, 292.9018
4129.750, 283.3936
4131.678, 275.3594
4133.606, 269.7595
4135.535, 272.3706
4137.463, 277.6491
4139.392, 281.9243
4141.320, 280.2084
4143.249, 274.0789
4145.177, 278.1425
4147.105, 283.2114
4149.034, 279.8341
4150.962, 278.2394
4152.891, 279.5970
4154.819, 281.3169
4156.748, 284.2124
4158.676, 291.5315
4160.605, 289.9993
4162.533, 280.6548
4164.462, 288.3506
4166.390, 295.1048
4168.319, 282.0316
4170.247, 274.4252
4172.176, 275.9173
4174.104, 280.0696
4176.033, 281.7172
4177.961, 276.4440
4179.890, 275.5464
4181.818, 279.4747
4183.747, 279.9939
4185.675, 282.6922
4187.604, 293.7498
4189.532, 298.2070
4191.460, 294.9082
4193.389, 280.9582
4195.317, 270.7846
4197.246, 285.6507
4199.174, 286.2178
4201.103, 269.6512
4203.031, 280.3752
4204.959, 296.4203
4206.888, 294.6883
4208.816, 290.3129
4210.745, 288.1972
4212.673, 292.2466
4214.602, 292.9234
4216.530, 281.8601
4218.459, 278.7058
4220.387, 282.5229
4222.316, 282.3371
4224.244, 284.1155
4226.173, 298.2752
4228.101, 299.9579
4230.030, 291.9383
4231.958, 292.9131
4233.887, 293.8575
4235.815, 287.4734
4237.744, 284.9711
4239.672, 286.0615
4241.601, 289.3219
4243.529, 295.7650
4245.458, 308.9524
4247.386, 304.6690
4249.314, 294.7716
4251.243, 306.1418
4253.171, 310.4547
4255.100, 297.7515
4257.028, 290.0317
4258.957, 287.4063
4260.885, 290.8293
4262.813, 296.6092
4264.742, 303.6058
4266.670, 297.6039
4268.599, 291.8521
4270.527, 303.5115
4272.456, 309.2537
4274.384, 307.5350
4276.313, 308.7214
4278.241, 309.9137
4280.170, 309.9944
4282.098, 303.7328
4284.027, 294.8178
4285.955, 299.0363
4287.884, 303.4969
4289.812, 301.6964
4291.741, 293.9568
4293.669, 287.9417
4295.598, 306.9378
4297.526, 315.4473
4299.455, 299.9725
4301.383, 293.6286
4303.312, 291.7880
4305.240, 288.6869
4307.168, 288.0793
4309.097, 290.5161
4311.025, 294.9074
4312.954, 300.7450
4314.882, 310.5786
4316.811, 308.7187
4318.739, 298.3376
4320.667, 294.8790
4322.596, 295.0729
4324.524, 298.8102
4326.453, 294.4265
4328.381, 288.2754
4330.310, 294.4213
4332.238, 296.9876
4334.167, 292.3499
4336.095, 303.5120
4338.024, 311.5273
4339.952, 294.7342
4341.881, 286.5184
4343.809, 289.1461
4345.738, 294.7844
4347.666, 297.5241
4349.595, 294.7315
4351.523, 283.2015
4353.452, 272.5577
4355.380, 284.6764
4357.309, 296.2142
4359.237, 301.1505
4361.166, 299.4098
4363.094, 295.8709
4365.022, 295.4572
4366.951, 294.4424
4368.879, 292.2955
4370.808, 285.9538
4372.736, 284.6451
4374.665, 297.0094
4376.593, 299.4072
4378.521, 293.5656
4380.450, 276.7203
4382.378, 271.9496
4384.307, 283.8125
4386.235, 286.6517
4388.164, 283.9099
4390.092, 274.0449
4392.021, 279.5922
4393.949, 295.7260
4395.878, 307.9303
4397.806, 306.6683
4399.735, 288.4028
4401.663, 285.0416
4403.592, 289.6924
4405.520, 296.6874
4407.449, 296.6472
4409.377, 290.9543
4411.306, 290.3730
4413.234, 288.9880
4415.163, 283.4076
4417.091, 283.0848
4419.020, 286.8520
4420.948, 296.6295
4422.876, 294.5876
4424.805, 280.1060
4426.733, 277.8678
4428.662, 281.5827
4430.590, 289.4571
4432.519, 293.6830
4434.447, 293.3197
4436.375, 283.5763
4438.304, 278.9294
4440.232, 282.1378
4442.161, 284.3475
4444.089, 284.9201
4446.018, 282.9042
4447.946, 283.7385
4449.875, 286.5099
4451.803, 290.4075
4453.732, 289.0262
4455.660, 281.7390
4457.589, 277.8804
4459.517, 276.5020
4461.446, 277.4297
4463.374, 277.2416
4465.303, 277.7959
4467.231, 287.6429
4469.160, 288.1241
4471.088, 275.2025
4473.017, 281.1421
4474.945, 288.1639
4476.874, 284.1666
4478.802, 286.4289
4480.730, 289.9941
4482.659, 278.0886
4484.587, 277.7091
4486.516, 290.2114
4488.444, 283.1235
4490.373, 274.4329
4492.301, 276.6203
4494.229, 282.8301
4496.158, 288.1736
4498.086, 281.7897
4500.015, 281.4514
4501.943, 287.6307
4503.872, 279.7979
4505.800, 275.0569
4507.729, 281.0312
4509.657, 286.5091
4511.586, 288.4722
4513.514, 281.9882
4515.443, 279.9434
4517.371, 281.2589
4519.300, 276.2437
4521.228, 272.9868
4523.157, 274.6786
4525.085, 276.3989
4527.014, 274.4110
4528.942, 262.1883
4530.871, 267.4732
4532.799, 281.6537
4534.728, 284.8286
4536.656, 282.1979
4538.584, 276.1572
4540.513, 272.2951
4542.441, 269.3946
4544.370, 266.9358
4546.298, 260.4555
4548.227, 257.8493
4550.155, 274.4762
4552.083, 279.5732
4554.012, 274.5107
4555.940, 274.1922
4557.869, 272.6082
4559.797, 268.5045
4561.726, 265.6079
4563.654, 265.6601
4565.583, 270.5530
4567.511, 274.7316
4569.440, 276.2986
4571.368, 272.1100
4573.297, 264.0976
4575.225, 256.3932
4577.154, 271.0018
4579.082, 276.9561
4581.011, 266.3589
4582.939, 267.0359
4584.868, 270.2465
4586.796, 268.3135
4588.725, 271.4264
4590.653, 276.3748
4592.582, 278.7318
4594.510, 274.8554
4596.438, 266.5996
4598.367, 260.3659
4600.295, 263.4670
4602.224, 275.9941
4604.152, 278.0960
4606.081, 274.0557
4608.009, 265.0748
4609.938, 263.5877
4611.866, 266.4354
4613.794, 270.6672
4615.723, 269.7443
4617.651, 266.7392
4619.580, 273.4045
4621.508, 280.2985
4623.437, 284.0450
4625.365, 277.0194
4627.294, 266.8917
4629.222, 255.0969
4631.151, 267.2682
4633.079, 278.1340
4635.008, 261.7971
4636.936, 257.5332
4638.865, 262.3206
4640.793, 268.2553
4642.722, 270.7907
4644.650, 269.4109
4646.579, 262.5578
4648.507, 259.9705
4650.436, 264.4615
4652.364, 269.5463
4654.292, 271.1821
4656.221, 267.2511
4658.149, 268.9848
4660.078, 273.3670
4662.006, 281.0264
4663.935, 269.5552
4665.863, 253.1803
4667.792, 262.1025
4669.720, 262.6991
4671.648, 255.7419
4673.577, 262.9431
4675.505, 268.1389
4677.434, 267.4430
4679.362, 264.1476
4681.291, 260.8258
4683.219, 258.6081
4685.148, 256.8768
4687.076, 257.6581
4689.005, 262.8416
4690.933, 265.4440
4692.862, 264.1069
4694.790, 253.2169
4696.719, 259.3564
4698.647, 272.1993
4700.576, 262.5561
4702.504, 258.5568
4704.433, 263.3477
4706.361, 277.2575
4708.290, 271.0403
4710.218, 241.9326
4712.146, 252.9764
4714.075, 268.9623
4716.003, 274.4552
4717.932, 265.9991
4719.860, 258.4565
4721.789, 261.4595
4723.717, 265.3199
4725.646, 267.0520
4727.574, 262.0415
4729.502, 263.7938
4731.431, 268.3763
4733.359, 269.6151
4735.288, 264.3350
4737.216, 257.7176
4739.145, 262.6195
4741.073, 268.8604
4743.002, 273.3791
4744.930, 272.9375
4746.859, 263.8522
4748.787, 249.4210
4750.716, 256.0722
4752.644, 262.9633
4754.573, 261.1322
4756.501, 253.7992
4758.430, 252.9248
4760.358, 264.6528
4762.287, 264.0004
4764.215, 259.7441
4766.144, 262.3062
4768.072, 246.5473
4770.000, 237.3530
4771.929, 265.5634
4773.857, 267.3938
4775.786, 256.2868
4777.714, 256.0999
4779.643, 264.3391
4781.571, 272.8989
4783.500, 266.1101
4785.428, 256.0143
4787.356, 247.5776
4789.285, 248.3273
4791.213, 254.6887
4793.142, 262.8180
4795.070, 261.5263
4796.999, 254.2418
4798.927, 244.8978
4800.856, 252.3494
4802.784, 257.3632
4804.713, 254.2836
4806.641, 251.9420
4808.570, 247.5533
4810.498, 241.2460
4812.427, 253.1765
4814.355, 261.9699
4816.284, 256.4672
4818.212, 258.4263
4820.141, 255.7079
4822.069, 241.4795
4823.998, 243.7131
4825.926, 249.2138
4827.854, 247.9778
4829.783, 243.9977
4831.711, 243.8894
4833.640, 253.7188
4835.568, 250.5774
4837.497, 244.2454
4839.425, 243.7501
4841.354, 252.7839
4843.282, 263.5063
4845.210, 268.3751
4847.139, 264.8042
4849.067, 257.3669
4850.996, 251.4479
4852.924, 241.7898
4854.853, 236.6160
4856.781, 249.0597
4858.710, 256.5802
4860.638, 258.0438
4862.567, 253.8010
4864.495, 253.2884
4866.424, 253.7777
4868.352, 248.0814
4870.281, 252.1137
4872.209, 259.2049
4874.138, 253.1422
4876.066, 251.3779
4877.995, 251.6652
4879.923, 244.8789
4881.852, 245.4127
4883.780, 249.6352
4885.708, 246.5473
4887.637, 244.2598
4889.565, 243.6895
4891.494, 245.1301
4893.422, 246.0789
4895.351, 247.6410
4897.279, 253.7738
4899.208, 256.2573
4901.136, 255.4636
4903.064, 253.6289
4904.993, 250.8994
4906.921, 249.3712
4908.850, 254.0603
4910.778, 254.1710
4912.707, 251.8847
4914.635, 252.8665
4916.564, 258.2667
4918.492, 262.5413
4920.421, 255.3876
4922.349, 246.9626
4924.278, 241.3701
4926.206, 245.4483
4928.135, 241.4559
4930.063, 237.1518
4931.992, 249.3172
4933.920, 250.5375
4935.849, 247.4674
4937.777, 253.5249
4939.706, 255.5913
4941.634, 253.4701
4943.563, 245.8423
4945.491, 247.2915
4947.419, 250.3749
4949.348, 246.2381
4951.276, 242.5653
4953.205, 240.0618
4955.133, 237.9352
4957.062, 243.5423
4958.990, 248.5768
4960.918, 246.2018
4962.847, 247.8623
4964.775, 244.9830
4966.704, 230.5499
4968.632, 239.5952
4970.561, 245.2307
4972.489, 228.4635
4974.418, 225.7251
4976.346, 229.3424
4978.275, 235.5475
4980.203, 248.2176
4982.132, 255.8754
4984.060, 254.1580
4985.989, 255.2110
4987.917, 255.3934
4989.846, 252.4234
4991.774, 236.2788
4993.703, 229.8870
4995.631, 235.0061
4997.560, 231.4309
4999.488, 238.9432
5001.417, 251.9134
5003.345, 237.0140
5005.273, 231.1270
5007.202, 236.4307
5009.130, 248.8621
5011.059, 243.6514
5012.987, 233.6942
5014.916, 249.6382
5016.844, 233.7941
5018.772, 217.1109
5020.701, 242.1658
5022.629, 247.3244
5024.558, 242.2620
5026.486, 239.0471
5028.415, 236.3493
5030.343, 235.0788
5032.272, 235.7943
5034.200, 240.9260
5036.129, 243.7173
5038.057, 241.3742
5039.986, 234.2463
5041.914, 233.0096
5043.843, 239.6781
5045.771, 247.3434
5047.700, 246.1070
5049.628, 238.9128
5051.557, 242.9140
5053.485, 236.1937
5055.414, 226.5797
5057.342, 238.1585
5059.271, 244.9754
5061.199, 244.2045
5063.127, 234.9012
5065.056, 232.8063
5066.984, 233.5034
5068.913, 231.5267
5070.841, 242.7041
5072.770, 245.6160
5074.698, 228.1887
5076.626, 236.3304
5078.555, 249.0837
5080.483, 256.8551
5082.412, 250.5738
5084.340, 240.0728
5086.269, 230.8995
5088.197, 233.7636
5090.126, 231.2842
5092.054, 229.1890
5093.983, 244.0313
5095.911, 245.8281
5097.840, 240.2321
5099.768, 235.7522
5101.697, 234.2494
5103.625, 236.3361
5105.554, 242.4893
5107.482, 236.7989
5109.411, 235.7713
5111.339, 242.7401
5113.268, 239.3707
5115.196, 237.2440
5117.125, 238.4678
5119.053, 241.3732
5120.981, 237.5673
5122.910, 234.4518
5124.838, 247.1137
5126.767, 236.0410
5128.695, 224.0891
5130.624, 235.2880
5132.552, 241.7262
5134.480, 243.3748
5136.409, 241.2624
5138.337, 247.4355
5140.266, 240.2165
5142.194, 222.7328
5144.123, 226.1114
5146.051, 228.9803
5147.980, 232.5095
5149.908, 248.2907
5151.837, 253.6226
5153.765, 250.2200
5155.694, 240.9454
5157.622, 245.9035
5159.551, 244.6148
5161.479, 229.9169
5163.408, 232.3118
5165.336, 238.3413
5167.265, 242.1448
5169.193, 237.9537
5171.122, 234.2735
5173.050, 233.7834
5174.979, 238.7670
5176.907, 239.6516
5178.835, 237.0945
5180.764, 231.9434
5182.692, 234.7313
5184.621, 238.1985
5186.549, 239.2033
5188.478, 235.7527
5190.406, 236.2714
5192.334, 237.8471
5194.263, 230.5177
5196.191, 227.9452
5198.120, 228.6518
5200.048, 230.3379
5201.977, 231.4824
5203.905, 236.8044
5205.834, 245.3337
5207.762, 229.1052
5209.691, 227.7233
5211.619, 237.6504
5213.548, 230.1716
5215.476, 232.0778
5217.405, 236.4384
5219.333, 233.2390
5221.262, 235.9215
5223.190, 233.7675
5225.119, 224.7999
5227.047, 228.6526
5228.976, 234.8751
5230.904, 236.6833
5232.833, 219.3693
5234.761, 224.4340
5236.689, 235.6575
5238.618, 234.9715
5240.546, 236.0761
5242.475, 238.1954
5244.403, 239.2156
5246.332, 228.3073
5248.260, 228.9232
5250.188, 236.9441
5252.117, 237.8764
5254.045, 236.3795
5255.974, 234.5469
5257.902, 233.6967
5259.831, 237.3517
5261.759, 237.1194
5263.688, 232.7155
5265.616, 231.1304
5267.545, 229.7421
5269.473, 230.3272
5271.402, 238.2131
5273.330, 231.0657
5275.259, 229.6255
5277.187, 240.0340
5279.116, 225.0196
5281.044, 223.9698
5282.973, 234.6685
5284.901, 240.0054
5286.830, 237.1806
5288.758, 232.8085
5290.687, 231.6571
5292.615, 235.8551
5294.543, 235.0389
5296.472, 228.5695
5298.400, 221.9383
5300.329, 225.1082
5302.257, 228.4786
5304.186, 221.7752
5306.114, 220.9857
5308.042, 219.8091
5309.971, 217.9858
5311.899, 229.7579
5313.828, 231.4522
5315.756, 227.6217
5317.685, 228.1735
5319.613, 221.2550
5321.542, 220.6721
5323.470, 230.1139
5325.399, 232.6486
5327.327, 238.4621
5329.256, 241.0963
5331.184, 226.2104
5333.113, 218.4408
5335.041, 218.1245
5336.970, 224.2248
5338.898, 237.5026
5340.827, 242.8285
5342.755, 241.0319
5344.684, 238.3001
5346.612, 222.1286
5348.541, 212.2117
5350.469, 217.4881
5352.397, 224.0862
5354.326, 220.0067
5356.254, 214.6293
5358.183, 225.1328
5360.111, 230.2554
5362.040, 231.4043
5363.968, 230.7400
5365.896, 230.4058
5367.825, 230.2760
5369.753, 229.4672
5371.682, 226.7002
5373.610, 224.5518
5375.539, 219.0198
5377.467, 212.5371
5379.396, 228.8739
5381.324, 230.1449
5383.253, 223.3807
5385.181, 223.1952
5387.110, 223.9001
5389.038, 226.8828
5390.967, 230.0259
5392.895, 218.6414
5394.824, 229.7783
5396.752, 240.3908
5398.681, 227.5327
5400.609, 226.2339
5402.538, 227.7118
5404.466, 228.0516
5406.395, 225.2272
5408.323, 225.3184
5410.251, 227.0770
5412.180, 228.9546
5414.108, 221.0640
5416.037, 225.3409
5417.965, 234.5516
5419.894, 230.4783
5421.822, 226.6236
5423.750, 221.8957
5425.679, 217.6570
5427.607, 225.4050
5429.536, 226.7690
5431.464, 223.5905
5433.393, 220.0770
5435.321, 212.6157
5437.250, 216.2776
5439.178, 225.5094
5441.107, 216.7916
5443.035, 223.2686
5444.964, 229.0579
5446.892, 224.0505
5448.821, 213.1746
5450.749, 215.7900
5452.678, 223.9803
5454.606, 225.3478
5456.535, 219.1445
5458.463, 217.5119
5460.392, 222.8065
5462.320, 231.2160
5464.249, 234.8234
5466.177, 226.8720
5468.105, 209.9692
5470.034, 226.6555
5471.962, 235.9711
5473.891, 236.7868
5475.819, 236.9519
5477.748, 226.6880
5479.676, 219.6879
5481.604, 217.8384
5483.533, 212.0110
5485.461, 218.1094
5487.390, 221.7091
5489.318, 215.8577
5491.247, 211.3205
5493.175, 210.1857
5495.104, 216.0576
5497.032, 229.9313
5498.961, 213.7874
5500.889, 216.2260
5502.818, 232.2134
5504.746, 226.5030
5506.675, 227.1882
5508.603, 231.0123
5510.532, 233.8438
5512.460, 227.8944
5514.389, 222.8370
5516.317, 222.1970
5518.246, 225.1919
5520.174, 215.6651
5522.103, 212.5858
5524.031, 213.1808
5525.959, 211.3290
5527.888, 219.9245
5529.816, 217.4939
5531.745, 207.8058
5533.673, 206.3451
5535.602, 224.9220
5537.530, 230.3447
5539.458, 219.5332
5541.387, 219.4303
5543.315, 224.3765
5545.244, 231.6842
5547.172, 235.9886
5549.101, 212.8364
5551.029, 213.0658
5552.958, 222.1050
5554.886, 222.9391
5556.815, 216.4921
5558.743, 218.8018
5560.672, 225.1658
5562.600, 227.1293
5564.529, 210.2370
5566.457, 211.2077
5568.386, 223.4357
5570.314, 221.4377
5572.243, 217.5527
5574.171, 217.0462
5576.100, 219.7291
5578.028, 222.1729
5579.957, 224.7683
5581.885, 221.5019
5583.813, 214.3939
5585.742, 220.3834
5587.670, 221.7279
5589.599, 225.1451
5591.527, 232.7699
5593.456, 232.6854
5595.384, 230.6843
5597.313, 227.7582
5599.241, 224.2570
5601.169, 220.9014
5603.098, 221.1174
5605.026, 222.1166
5606.955, 222.1336
5608.883, 231.8726
5610.812, 228.5442
5612.740, 216.0919
5614.669, 202.7325
5616.597, 216.1239
5618.526, 218.0729
5620.454, 212.7194
5622.383, 215.0004
5624.311, 213.0646
5626.240, 214.4673
5628.168, 215.2098
5630.097, 208.5536
5632.025, 204.9601
5633.954, 210.4523
5635.882, 215.9822
5637.811, 209.2247
5639.739, 214.6961
5641.667, 211.7550
5643.596, 205.9348
5645.524, 214.4243
5647.453, 218.1529
5649.381, 222.4027
5651.310, 226.6066
5653.238, 226.6448
5655.167, 231.1355
5657.095, 219.2283
5659.023, 204.4757
5660.952, 216.1584
5662.880, 215.1088
5664.809, 218.0369
5666.737, 220.1244
5668.666, 207.4042
5670.594, 212.7691
5672.523, 219.0153
5674.451, 219.8705
5676.380, 215.2851
5678.308, 217.9525
5680.237, 220.8583
5682.165, 221.9220
5684.094, 221.9581
5686.022, 210.0144
5687.951, 216.7259
5689.879, 225.9778
5691.808, 207.8916
5693.736, 214.7284
5695.665, 215.4721
5697.593, 214.2244
5699.521, 222.0167
5701.450, 216.5377
5703.378, 215.8594
5705.307, 217.7297
5707.235, 217.2628
5709.164, 223.0800
5711.092, 219.0148
5713.021, 213.9844
5714.949, 215.3415
5716.877, 208.1601
5718.806, 213.8907
5720.734, 221.5551
5722.663, 223.2996
5724.591, 228.8856
5726.520, 219.9979
5728.448, 215.8681
5730.377, 223.7188
5732.305, 231.4639
5734.234, 225.2003
5736.162, 220.0859
5738.091, 222.4525
5740.019, 230.5266
5741.948, 215.7740
5743.876, 213.8927
5745.805, 222.0094
5747.733, 215.7363
5749.662, 221.6210
5751.590, 219.2878
5753.519, 217.4272
5755.447, 230.9163
5757.375, 227.9717
5759.304, 223.4523
5761.232, 219.3000
5763.161, 214.7295
5765.089, 216.2160
5767.018, 220.6135
5768.946, 223.5350
5770.875, 221.5417
5772.803, 205.3612
5774.731, 215.0348
5776.660, 218.6190
5778.588, 212.2937
5780.517, 222.2185
5782.445, 229.8310
5784.374, 220.2982
5786.302, 209.6097
5788.231, 220.8806
5790.159, 212.6623
5792.088, 207.8983
5794.016, 213.5397
5795.945, 227.0980
5797.873, 229.5431
5799.802, 223.9195
5801.730, 222.8829
5803.659, 228.0879
5805.587, 221.0757
5807.516, 213.6522
5809.444, 215.4763
5811.373, 224.2166
5813.301, 231.7359
5815.229, 219.1538
5817.158, 214.1351
5819.086, 219.1250
5821.015, 227.4792
5822.943, 221.4678
5824.872, 213.1415
5826.800, 209.2776
5828.729, 212.0156
5830.657, 220.6124
5832.585, 216.8909
5834.514, 215.5240
5836.442, 218.2909
5838.371, 218.8944
5840.299, 217.3290
5842.228, 218.4964
5844.156, 217.1111
5846.085, 211.5882
5848.013, 221.0429
5849.942, 222.5743
5851.870, 225.4988
5853.799, 229.3941
5855.727, 221.1092
5857.656, 212.7224
5859.584, 208.8913
5861.513, 212.1644
5863.441, 221.5437
5865.370, 212.5918
5867.298, 210.3551
5869.227, 213.6210
5871.155, 218.6731
5873.083, 226.1676
5875.012, 211.5273
5876.940, 216.7849
5878.869, 228.5141
5880.797, 215.3987
5882.726, 213.0871
5884.654, 226.1125
5886.583, 233.1759
5888.511, 225.0122
5890.439, 208.9504
5892.368, 215.7098
5894.296, 214.5648
5896.225, 211.9196
5898.153, 224.5022
5900.082, 229.3349
5902.010, 222.8068
5903.939, 216.8328
5905.867, 216.4397
5907.796, 216.5155
5909.724, 216.9972
5911.653, 220.4511
5913.581, 217.4180
5915.510, 202.2584
5917.438, 194.6818
5919.367, 209.6563
5921.295, 219.3112
5923.224, 217.3586
5925.152, 218.1741
5927.081, 210.7391
5929.009, 213.9869
5930.938, 221.5671
5932.866, 225.4034
5934.794, 226.9411
5936.723, 207.6771
5938.651, 211.6960
5940.580, 228.0926
5942.508, 224.9850
5944.437, 212.5360
5946.365, 214.8454
5948.293, 220.7924
5950.222, 224.4587
5952.150, 232.2674
5954.079, 220.8653
5956.007, 216.4236
5957.936, 211.7580
5959.864, 201.3722
5961.793, 209.1332
5963.721, 216.0641
5965.650, 210.6743
5967.578, 203.3023
5969.507, 208.5028
5971.435, 207.2284
5973.364, 225.2174
5975.292, 224.8887
5977.221, 208.9758
5979.149, 213.7278
5981.078, 208.4789
5983.006, 207.9428
5984.935, 212.9576
5986.863, 219.2415
5988.792, 220.6552
5990.720, 219.8105
5992.648, 217.0441
5994.577, 217.1995
5996.505, 221.2117
5998.434, 219.2942
6000.362, 212.6388
6002.291, 214.4781
6004.219, 219.6106
6006.147, 219.4060
6008.076, 217.1639
6010.004, 222.5522
6011.933, 224.5508
6013.861, 222.5918
6015.790, 221.2283
6017.718, 218.8660
6019.646, 215.4785
6021.575, 212.7047
6023.503, 214.1913
6025.432, 221.2460
6027.360, 208.7917
6029.289, 207.9969
6031.217, 222.8145
6033.146, 236.1397
6035.074, 226.0439
6037.003, 212.3250
6038.931, 221.3519
6040.860, 233.1912
6042.788, 227.6040
6044.717, 199.3622
6046.645, 224.1055
6048.574, 222.0813
6050.502, 221.4155
6052.431, 230.6211
6054.359, 224.4199
6056.288, 232.0866
6058.216, 229.2103
6060.145, 222.8645
6062.073, 224.7457
6064.001, 239.3320
6065.930, 218.4837
6067.858, 219.2318
6069.787, 218.2955
6071.715, 208.5407
6073.644, 208.6395
6075.572, 209.4144
6077.500, 224.5926
6079.429, 224.2022
6081.357, 211.4185
6083.286, 214.6318
6085.214, 218.3132
6087.143, 227.6703
6089.071, 230.5474
6091.000, 228.5267
6092.928, 230.3440
6094.857, 222.5004
6096.785, 224.7876
6098.714, 219.9585
6100.642, 216.1955
6102.571, 226.9934
6104.499, 224.7381
6106.428, 227.6194
6108.356, 224.0157
6110.285, 217.3687
6112.213, 215.6503
6114.142, 218.8289
6116.070, 220.0374
6117.999, 213.0624
6119.927, 206.5666
6121.855, 209.2063
6123.784, 220.9161
6125.712, 223.0167
6127.641, 220.7347
6129.569, 215.9960
6131.498, 212.7230
6133.426, 216.3982
6135.354, 213.5814
6137.283, 207.4008
6139.211, 203.4978
6141.140, 201.4286
6143.068, 199.1009
6144.997, 208.0926
6146.925, 199.5964
6148.854, 202.8093
6150.782, 207.3192
6152.711, 199.3492
6154.639, 206.4513
6156.568, 209.5980
6158.496, 208.6211
6160.425, 210.4408
6162.353, 217.9906
6164.282, 227.4028
6166.210, 218.8225
6168.139, 221.9655
6170.067, 210.7852
6171.996, 201.9556
6173.924, 226.5124
6175.853, 221.0735
6177.781, 216.0491
6179.709, 221.2711
6181.638, 222.1339
6183.566, 209.9221
6185.495, 195.3686
6187.423, 203.3042
6189.352, 218.7584
6191.280, 218.2554
6193.208, 208.9395
6195.137, 213.3553
6197.065, 214.3257
6198.994, 212.4464
6200.922, 207.1352
6202.851, 204.5275
6204.779, 207.5342
6206.708, 211.8223
6208.636, 211.6105
6210.565, 212.8212
6212.493, 208.3340
6214.422, 202.7397
6216.350, 206.0097
6218.279, 219.4249
6220.207, 203.2714
6222.136, 208.3251
6224.064, 213.0312
6225.993, 207.8168
6227.921, 220.9677
6229.850, 195.5028
6231.778, 199.7621
6233.707, 208.0078
6235.635, 204.5417
6237.563, 198.0771
6239.492, 215.2117
6241.420, 213.0519
6243.349, 210.8708
6245.277, 206.5360
6247.206, 203.3607
6249.134, 207.7455
6251.063, 211.0379
6252.991, 219.6043
6254.919, 206.9777
6256.848, 208.3141
6258.776, 226.1882
6260.705, 222.3616
6262.633, 201.0532
6264.562, 211.7500
6266.490, 221.6907
6268.419, 216.8036
6270.347, 207.0684
6272.276, 213.1600
6274.204, 203.8672
6276.133, 212.5723
6278.061, 222.8097
6279.990, 221.9015
6281.918, 212.5786
6283.847, 211.4079
6285.775, 207.4109
6287.704, 206.0566
6289.632, 201.8450
6291.561, 205.4219
6293.489, 217.6788
6295.417, 208.0753
6297.346, 206.9644
6299.274, 207.8337
6301.203, 208.5138
6303.131, 211.2758
6305.060, 215.5986
6306.988, 214.2533
6308.917, 212.5811
6310.845, 216.9531
6312.773, 211.8128
6314.702, 212.2815
6316.630, 222.4571
6318.559, 207.7426
6320.487, 203.5371
6322.416, 202.9110
6324.344, 205.6667
6326.273, 209.2824
6328.201, 210.4624
6330.130, 208.1622
6332.058, 213.8991
6333.987, 211.7544
6335.915, 211.0517
6337.844, 210.2641
6339.772, 208.8673
6341.701, 213.4615
6343.629, 212.3846
6345.558, 215.5154
6347.486, 223.2229
6349.415, 221.5487
6351.343, 214.4793
6353.271, 216.9410
6355.200, 204.2223
6357.128, 208.6884
6359.057, 207.8190
6360.985, 208.3732
6362.914, 204.1463
6364.842, 194.8672
6366.771, 219.0238
6368.699, 220.5777
6370.627, 216.9057
6372.556, 202.3179
6374.484, 197.3707
6376.413, 210.7280
6378.341, 216.6868
6380.270, 208.3224
6382.198, 188.2232
6384.127, 189.0400
6386.055, 199.2975
6387.984, 203.5238
6389.912, 202.6075
6391.841, 223.2400
6393.769, 217.7911
6395.698, 213.3301
6397.626, 206.7580
6399.555, 198.7139
6401.483, 199.3164
6403.412, 217.4924
6405.340, 200.2112
6407.269, 214.2724
6409.197, 214.1322
6411.125, 201.6905
6413.054, 195.1470
6414.982, 199.7446
6416.911, 200.3069
6418.839, 215.4582
6420.768, 211.1746
6422.696, 202.3727
6424.625, 205.4174
6426.553, 213.9068
6428.481, 208.2461
6430.410, 207.6672
6432.338, 209.7820
6434.267, 205.5418
6436.195, 209.0653
6438.124, 210.3653
6440.052, 200.5605
6441.981, 195.4474
6443.909, 209.4264
6445.838, 191.5516
6447.766, 194.7468
6449.695, 206.4671
6451.623, 202.5900
6453.552, 188.2716
6455.480, 199.0968
6457.409, 215.7180
6459.337, 209.0489
6461.266, 204.7452
6463.194, 203.4405
6465.123, 204.6651
6467.051, 207.1239
6468.979, 191.3221
6470.908, 192.9851
6472.836, 201.3370
6474.765, 200.5380
6476.693, 200.1717
6478.622, 206.9171
6480.550, 212.5069
6482.479, 202.8105
6484.407, 206.9768
6486.335, 208.2244
6488.264, 202.6567
6490.192, 207.2819
6492.121, 209.4126
6494.049, 199.5052
6495.978, 205.2303
6497.906, 203.4995
6499.835, 196.0632
6501.763, 195.9562
6503.692, 201.3071
6505.620, 206.4932
6507.549, 207.3761
6509.477, 202.2769
6511.406, 193.4048
6513.334, 192.9548
6515.263, 201.5202
6517.191, 209.3276
6519.120, 203.4064
6521.048, 188.4468
6522.977, 183.9276
6524.905, 200.0222
6526.833, 197.7778
6528.762, 200.0290
6530.690, 191.2422
6532.619, 202.6827
6534.547, 217.2655
6536.476, 210.0787
6538.404, 207.4136
6540.333, 208.0067
6542.261, 214.8637
6544.189, 216.3620
6546.118, 216.9615
6548.046, 201.5813
6549.975, 187.7368
6551.903, 204.8413
6553.832, 209.0335
6555.760, 188.4174
6557.689, 202.5997
6559.617, 205.7660
6561.546, 198.1082
6563.474, 197.5803
6565.403, 202.1043
6567.331, 191.9377
6569.260, 194.5915
6571.188, 200.1650
6573.117, 193.5571
6575.045, 197.4592
6576.974, 195.5514
6578.902, 198.2034
6580.831, 195.6921
6582.759, 192.8854
6584.688, 201.2696
##END=



