##NAMES=Monticellite
##RRUFFID=R100108
##IDEAL CHEMISTRY=CaMg(SiO_4_)
##LOCALITY=Oka, Deux-montagnes County, Quebec, Canada
##OWNER=RRUFF
##SOURCE=American Museum of Natural History
##DESCRIPTION=Pale brown transparent fragment
##STATUS=The identification of this mineral is confirmed by single-crystal X-ray diffraction and chemical analysis
##URL=https://www.rruff.net/odr/rruff_sample/R100108
##MEASURED CHEMISTRY=(Ca_0.959_Mg_0.474_Mn^+2^_0.305_Fe^+2^_0.268_Zn_0.002_)Si_0.996_O_4_
##DIFFRACTION SAMPLE DESCRIPTION=Single crystal, powder profile is calculated
##CELL PARAMETERS=a: 4.8635 b: 11.124 c: 6.427 alpha: 90 beta: 90 gamma: 90 volume: 347.69 crystal system: orthorhombic
##FILETYPE=Raman RAW
##RAMAN WAVELENGTH=780

120.3477, 1199.229
122.2761, 1199.810
124.2046, 1201.901
126.1331, 1203.158
128.0615, 1203.468
129.9900, 1203.792
131.9185, 1203.860
133.8469, 1203.959
135.7754, 1204.411
137.7039, 1204.373
139.6323, 1202.866
141.5608, 1200.226
143.4893, 1198.693
145.4177, 1197.980
147.3462, 1198.929
149.2747, 1202.586
151.2031, 1206.846
153.1316, 1209.870
155.0601, 1212.388
156.9885, 1218.169
158.9170, 1228.661
160.8455, 1234.567
162.7739, 1233.735
164.7024, 1228.863
166.6309, 1219.855
168.5593, 1208.638
170.4878, 1198.976
172.4163, 1190.835
174.3447, 1184.585
176.2732, 1180.983
178.2017, 1177.974
180.1301, 1173.733
182.0586, 1170.046
183.9871, 1170.152
185.9155, 1173.865
187.8440, 1175.565
189.7725, 1173.717
191.7009, 1173.164
193.6294, 1176.567
195.5579, 1180.957
197.4863, 1183.878
199.4148, 1185.587
201.3433, 1187.809
203.2717, 1190.682
205.2002, 1193.261
207.1287, 1195.353
209.0571, 1196.946
210.9856, 1197.520
212.9141, 1197.700
214.8425, 1199.066
216.7710, 1201.647
218.6995, 1203.819
220.6279, 1205.072
222.5564, 1206.188
224.4849, 1206.488
226.4133, 1207.346
228.3418, 1210.955
230.2703, 1216.680
232.1987, 1222.019
234.1272, 1226.113
236.0557, 1231.376
237.9841, 1238.396
239.9126, 1246.383
241.8411, 1254.777
243.7695, 1263.824
245.6980, 1274.779
247.6265, 1288.362
249.5549, 1298.105
251.4834, 1302.709
253.4119, 1304.061
255.3403, 1301.295
257.2688, 1296.498
259.1973, 1291.566
261.1257, 1286.531
263.0542, 1281.303
264.9827, 1275.347
266.9111, 1270.303
268.8396, 1265.978
270.7681, 1262.802
272.6965, 1260.369
274.6250, 1259.571
276.5535, 1261.767
278.4819, 1267.159
280.4104, 1273.823
282.3389, 1283.142
284.2673, 1291.674
286.1958, 1297.193
288.1243, 1303.498
290.0527, 1314.260
291.9812, 1327.538
293.9097, 1338.529
295.8381, 1346.944
297.7666, 1353.327
299.6951, 1356.453
301.6235, 1359.465
303.5520, 1362.907
305.4805, 1366.968
307.4089, 1371.685
309.3374, 1377.112
311.2659, 1383.496
313.1943, 1391.228
315.1228, 1399.219
317.0513, 1407.597
318.9797, 1416.006
320.9082, 1424.773
322.8367, 1433.052
324.7651, 1440.134
326.6936, 1446.032
328.6221, 1451.208
330.5505, 1456.449
332.4790, 1457.633
334.4075, 1451.721
336.3359, 1446.519
338.2644, 1447.145
340.1929, 1448.897
342.1213, 1447.053
344.0498, 1442.289
345.9783, 1439.646
347.9067, 1439.586
349.8352, 1437.900
351.7637, 1432.868
353.6921, 1428.465
355.6206, 1426.907
357.5491, 1426.263
359.4775, 1425.031
361.4060, 1423.379
363.3345, 1421.877
365.2629, 1420.561
367.1914, 1419.347
369.1199, 1417.896
371.0483, 1417.300
372.9768, 1417.395
374.9053, 1418.858
376.8337, 1422.092
378.7622, 1427.037
380.6907, 1433.695
382.6191, 1441.927
384.5476, 1451.691
386.4761, 1463.142
388.4045, 1475.692
390.3330, 1491.306
392.2615, 1505.542
394.1899, 1517.446
396.1184, 1525.895
398.0469, 1529.707
399.9753, 1528.613
401.9038, 1519.163
403.8323, 1500.042
405.7607, 1477.590
407.6892, 1449.879
409.6177, 1423.267
411.5461, 1398.601
413.4746, 1376.797
415.4031, 1359.095
417.3315, 1344.936
419.2600, 1333.167
421.1885, 1323.809
423.1169, 1315.902
425.0454, 1310.687
426.9739, 1304.663
428.9023, 1295.528
430.8308, 1287.553
432.7593, 1284.412
434.6877, 1283.048
436.6162, 1279.424
438.5447, 1274.031
440.4731, 1269.169
442.4016, 1265.194
444.3301, 1260.825
446.2585, 1255.538
448.1870, 1250.432
450.1155, 1245.802
452.0439, 1241.459
453.9724, 1237.981
455.9009, 1234.334
457.8293, 1228.873
459.7578, 1221.594
461.6863, 1213.902
463.6147, 1204.837
465.5432, 1197.274
467.4717, 1192.726
469.4001, 1187.621
471.3286, 1180.621
473.2571, 1172.949
475.1855, 1165.441
477.1140, 1157.863
479.0425, 1149.501
480.9709, 1140.259
482.8994, 1132.367
484.8279, 1126.486
486.7563, 1120.154
488.6848, 1112.768
490.6133, 1105.873
492.5417, 1100.620
494.4702, 1095.344
496.3987, 1088.897
498.3271, 1081.829
500.2556, 1074.811
502.1841, 1067.890
504.1125, 1061.752
506.0410, 1056.543
507.9695, 1051.390
509.8979, 1046.012
511.8264, 1041.347
513.7549, 1038.499
515.6833, 1035.259
517.6118, 1029.942
519.5403, 1024.075
521.4688, 1019.229
523.3972, 1015.309
525.3257, 1012.406
527.2542, 1010.625
529.1826, 1007.113
531.1111, 1001.578
533.0396, 995.2196
534.9680, 987.2610
536.8965, 980.5601
538.8250, 976.4333
540.7534, 973.5515
542.6819, 971.7695
544.6104, 970.1399
546.5388, 966.7834
548.4673, 962.0492
550.3958, 958.1877
552.3242, 955.2437
554.2527, 952.3877
556.1812, 949.3328
558.1096, 947.1239
560.0381, 946.7318
561.9666, 946.3785
563.8950, 945.5426
565.8235, 944.3533
567.7520, 943.3217
569.6804, 941.7452
571.6089, 937.9205
573.5374, 932.4581
575.4658, 927.5969
577.3943, 923.4919
579.3228, 918.5411
581.2512, 911.7588
583.1797, 906.2419
585.1082, 903.5634
587.0366, 900.7720
588.9651, 896.6373
590.8936, 892.2995
592.8220, 888.3538
594.7505, 884.8548
596.6790, 881.9876
598.6074, 879.5620
600.5359, 877.1146
602.4644, 874.6266
604.3928, 872.1492
606.3213, 869.8161
608.2498, 867.1331
610.1782, 863.6776
612.1067, 860.5209
614.0352, 858.2079
615.9636, 855.8882
617.8921, 852.5589
619.8206, 849.5764
621.7490, 848.8909
623.6775, 849.0156
625.6060, 847.3456
627.5344, 844.0997
629.4629, 841.1126
631.3914, 838.1563
633.3198, 836.4725
635.2483, 837.7062
637.1768, 836.8549
639.1052, 831.5195
641.0337, 827.9021
642.9622, 829.1661
644.8906, 830.6448
646.8191, 829.6804
648.7476, 827.7549
650.6760, 825.7848
652.6045, 823.8629
654.5330, 822.1918
656.4614, 820.6999
658.3899, 819.2526
660.3184, 817.9602
662.2468, 815.2455
664.1753, 810.5773
666.1038, 807.0448
668.0322, 805.4064
669.9607, 803.6680
671.8892, 801.0347
673.8176, 798.8220
675.7461, 798.1473
677.6746, 797.5296
679.6030, 796.1558
681.5315, 794.2596
683.4600, 791.9656
685.3884, 789.3557
687.3169, 786.3649
689.2454, 784.6252
691.1738, 781.3587
693.1023, 780.8946
695.0308, 779.8679
696.9592, 778.1179
698.8877, 776.6346
700.8162, 775.9631
702.7446, 774.1871
704.6731, 769.5653
706.6016, 765.8271
708.5300, 764.9518
710.4585, 764.3316
712.3870, 762.3240
714.3154, 760.1772
716.2439, 759.3865
718.1724, 759.0380
720.1008, 757.1826
722.0293, 754.7162
723.9578, 754.7277
725.8862, 756.4902
727.8147, 756.0173
729.7432, 753.1256
731.6716, 750.4062
733.6001, 747.9897
735.5286, 746.4011
737.4570, 746.2416
739.3855, 745.9033
741.3140, 745.2797
743.2424, 744.2874
745.1709, 742.3145
747.0994, 740.7932
749.0278, 741.3511
750.9563, 741.6631
752.8848, 738.8520
754.8132, 735.4876
756.7417, 734.4782
758.6702, 735.1944
760.5986, 737.5178
762.5271, 740.5593
764.4556, 740.6426
766.3840, 743.4080
768.3125, 745.5774
770.2410, 746.1071
772.1694, 750.2843
774.0979, 749.5751
776.0264, 751.2912
777.9548, 754.8136
779.8833, 762.1045
781.8118, 775.9064
783.7402, 789.3536
785.6687, 800.0065
787.5972, 810.9550
789.5256, 822.0012
791.4541, 835.7172
793.3826, 852.2128
795.3110, 873.8746
797.2395, 899.7227
799.1680, 934.0859
801.0964, 982.3889
803.0249, 1042.718
804.9534, 1115.867
806.8818, 1197.154
808.8103, 1274.156
810.7388, 1345.289
812.6672, 1392.648
814.5957, 1416.737
816.5242, 1407.619
818.4526, 1363.151
820.3811, 1301.319
822.3096, 1218.827
824.2380, 1139.164
826.1665, 1062.578
828.0950, 999.5776
830.0234, 952.2036
831.9519, 919.1268
833.8804, 901.2801
835.8088, 894.9868
837.7373, 903.8788
839.6658, 916.3181
841.5942, 931.7238
843.5227, 943.1161
845.4512, 949.6864
847.3796, 946.9069
849.3081, 930.0359
851.2366, 902.9104
853.1650, 865.6593
855.0935, 823.9867
857.0220, 784.0399
858.9504, 747.1451
860.8789, 715.9516
862.8074, 690.0332
864.7358, 668.3893
866.6643, 650.8766
868.5928, 637.7291
870.5212, 628.5010
872.4497, 620.7618
874.3782, 614.3840
876.3066, 609.0834
878.2351, 604.8243
880.1636, 602.3263
882.0920, 601.6300
884.0205, 603.0168
885.9490, 606.7540
887.8774, 611.9347
889.8059, 620.0693
891.7344, 625.8746
893.6628, 629.0063
895.5913, 629.0168
897.5198, 625.4880
899.4482, 619.3212
901.3767, 609.4142
903.3052, 598.8986
905.2336, 587.8498
907.1621, 577.7858
909.0906, 569.4056
911.0190, 562.1487
912.9475, 555.5204
914.8760, 550.1861
916.8044, 546.8378
918.7329, 544.6453
920.6614, 542.7173
922.5898, 541.9959
924.5183, 543.4357
926.4468, 546.3853
928.3752, 550.6874
930.3037, 555.6557
932.2322, 561.5968
934.1606, 566.7784
936.0891, 568.7412
938.0176, 568.1481
939.9460, 566.1755
941.8745, 562.5880
943.8030, 556.6418
945.7314, 548.7550
947.6599, 539.1205
949.5884, 528.8076
951.5168, 522.0466
953.4453, 518.2801
955.3738, 514.5991
957.3022, 511.0746
959.2307, 508.5255
961.1592, 506.8052
963.0876, 504.0424
965.0161, 500.2468
966.9446, 496.1096
968.8730, 491.5984
970.8015, 488.7390
972.7300, 487.5393
974.6584, 486.3665
976.5869, 485.1983
978.5154, 483.4518
980.4438, 481.1001
982.3723, 479.3494
984.3008, 478.2958
986.2292, 477.6716
988.1577, 477.4953
990.0862, 476.4430
992.0146, 475.8971
993.9431, 475.2748
995.8716, 474.0578
997.8000, 473.8688
999.7285, 472.3458
1001.657, 471.4391
1003.585, 471.4784
1005.514, 471.4296
1007.442, 471.1561
1009.371, 470.6495
1011.299, 469.8700
1013.228, 469.0599
1015.156, 468.2524
1017.085, 467.5260
1019.013, 467.0164
1020.942, 466.1972
1022.870, 465.0185
1024.799, 463.3393
1026.727, 463.2118
1028.656, 463.3826
1030.584, 462.6024
1032.512, 464.6223
1034.441, 464.4900
1036.369, 464.2049
1038.298, 464.1461
1040.226, 463.5499
1042.155, 461.6347
1044.083, 460.6854
1046.012, 461.1684
1047.940, 461.9425
1049.869, 463.3836
1051.797, 464.2175
1053.726, 463.5103
1055.654, 463.8861
1057.583, 466.8041
1059.511, 468.0952
1061.439, 466.5182
1063.368, 465.8068
1065.296, 466.6104
1067.225, 467.1218
1069.153, 466.9648
1071.082, 467.3501
1073.010, 468.4858
1074.939, 469.6140
1076.867, 470.3890
1078.796, 472.3397
1080.724, 476.1784
1082.653, 478.3550
1084.581, 478.3463
1086.510, 478.1911
1088.438, 477.8304
1090.366, 478.4892
1092.295, 480.3414
1094.223, 482.5705
1096.152, 485.2173
1098.080, 487.3766
1100.009, 490.2357
1101.937, 492.8427
1103.866, 496.1384
1105.794, 498.3435
1107.723, 501.6957
1109.651, 504.4540
1111.580, 506.7894
1113.508, 509.8173
1115.437, 512.7155
1117.365, 515.6424
1119.293, 518.7288
1121.222, 522.2904
1123.150, 526.0068
1125.079, 529.2646
1127.007, 534.5043
1128.936, 538.3514
1130.864, 543.5415
1132.793, 546.8602
1134.721, 553.0987
1136.650, 557.3824
1138.578, 561.1769
1140.507, 567.7806
1142.435, 573.0981
1144.364, 581.1306
1146.292, 586.3546
1148.220, 593.4216
1150.149, 601.1407
1152.077, 607.7751
1154.006, 614.6536
1155.934, 623.5742
1157.863, 632.7004
1159.791, 640.0836
1161.720, 647.5999
1163.648, 656.6779
1165.577, 666.2826
1167.505, 675.1917
1169.434, 685.4827
1171.362, 699.2992
1173.291, 712.9473
1175.219, 723.8676
1177.147, 736.2511
1179.076, 752.0836
1181.004, 768.1859
1182.933, 783.3428
1184.861, 799.5897
1186.790, 817.1679
1188.718, 835.9484
1190.647, 855.4786
1192.575, 877.6442
1194.504, 900.8885
1196.432, 925.1709
1198.361, 952.3934
1200.289, 978.8405
1202.218, 1008.200
1204.146, 1039.642
1206.074, 1073.073
1208.003, 1106.449
1209.931, 1142.620
1211.860, 1180.061
1213.788, 1218.890
1215.717, 1260.255
1217.645, 1302.914
1219.574, 1348.142
1221.502, 1395.947
1223.431, 1446.357
1225.359, 1499.353
1227.288, 1554.562
1229.216, 1612.718
1231.145, 1676.245
1233.073, 1740.312
1235.001, 1800.218
1236.930, 1862.632
1238.858, 1931.792
1240.787, 2001.431
1242.715, 2069.967
1244.644, 2137.503
1246.572, 2203.496
1248.501, 2271.012
1250.429, 2341.288
1252.358, 2407.885
1254.286, 2469.842
1256.215, 2532.090
1258.143, 2594.734
1260.072, 2651.144
1262.000, 2700.921
1263.928, 2743.804
1265.857, 2780.150
1267.785, 2811.375
1269.714, 2836.302
1271.642, 2852.503
1273.571, 2860.293
1275.499, 2859.877
1277.428, 2851.203
1279.356, 2832.903
1281.285, 2807.774
1283.213, 2777.138
1285.142, 2741.561
1287.070, 2700.810
1288.999, 2656.073
1290.927, 2606.392
1292.855, 2555.774
1294.784, 2505.073
1296.712, 2453.676
1298.641, 2400.329
1300.569, 2349.604
1302.498, 2300.939
1304.426, 2258.649
1306.355, 2222.693
1308.283, 2192.365
1310.212, 2167.148
1312.140, 2143.401
1314.069, 2124.210
1315.997, 2115.769
1317.926, 2116.731
1319.854, 2125.906
1321.782, 2143.351
1323.711, 2168.763
1325.639, 2202.793
1327.568, 2242.942
1329.496, 2299.079
1331.425, 2377.125
1333.353, 2463.463
1335.282, 2554.005
1337.210, 2657.659
1339.139, 2776.261
1341.067, 2902.555
1342.996, 3036.328
1344.924, 3178.104
1346.853, 3328.509
1348.781, 3493.289
1350.709, 3667.731
1352.638, 3846.237
1354.566, 4023.848
1356.495, 4195.626
1358.423, 4361.568
1360.352, 4525.393
1362.280, 4678.000
1364.209, 4820.640
1366.137, 4939.382
1368.066, 5028.264
1369.994, 5102.780
1371.923, 5166.150
1373.851, 5203.248
1375.780, 5212.823
1377.708, 5194.317
1379.636, 5150.425
1381.565, 5089.419
1383.493, 5011.802
1385.422, 4916.929
1387.350, 4805.549
1389.279, 4674.228
1391.207, 4532.429
1393.136, 4383.245
1395.064, 4232.375
1396.993, 4082.301
1398.921, 3931.375
1400.850, 3777.620
1402.778, 3628.682
1404.707, 3484.970
1406.635, 3347.658
1408.563, 3216.835
1410.492, 3091.656
1412.420, 2972.317
1414.349, 2856.832
1416.277, 2750.676
1418.206, 2661.035
1420.134, 2581.795
1422.063, 2510.257
1423.991, 2444.743
1425.920, 2385.816
1427.848, 2330.578
1429.777, 2287.829
1431.705, 2250.173
1433.634, 2217.592
1435.562, 2184.353
1437.490, 2163.768
1439.419, 2137.276
1441.347, 2132.038
1443.276, 2123.699
1445.204, 2116.123
1447.133, 2113.349
1449.061, 2112.661
1450.990, 2114.807
1452.918, 2116.061
1454.847, 2128.195
1456.775, 2141.677
1458.704, 2155.722
1460.632, 2166.321
1462.561, 2174.278
1464.489, 2187.494
1466.417, 2203.885
1468.346, 2220.364
1470.274, 2234.888
1472.203, 2243.181
1474.131, 2251.526
1476.060, 2266.095
1477.988, 2275.427
1479.917, 2276.210
1481.845, 2275.969
1483.774, 2275.746
1485.702, 2274.480
1487.631, 2272.240
1489.559, 2270.156
1491.488, 2266.394
1493.416, 2256.603
1495.344, 2244.565
1497.273, 2234.374
1499.201, 2221.715
1501.130, 2202.708
1503.058, 2185.136
1504.987, 2171.092
1506.915, 2153.550
1508.844, 2132.710
1510.772, 2113.130
1512.701, 2094.971
1514.629, 2079.120
1516.558, 2063.220
1518.486, 2044.315
1520.415, 2024.734
1522.343, 2005.019
1524.271, 1986.310
1526.200, 1968.996
1528.128, 1952.861
1530.057, 1938.090
1531.985, 1922.655
1533.914, 1906.671
1535.842, 1889.795
1537.771, 1873.478
1539.699, 1860.245
1541.628, 1847.026
1543.556, 1832.942
1545.485, 1815.930
1547.413, 1801.204
1549.342, 1785.650
1551.270, 1768.366
1553.198, 1754.310
1555.127, 1737.040
1557.055, 1720.488
1558.984, 1705.868
1560.912, 1696.964
1562.841, 1686.599
1564.769, 1670.574
1566.698, 1657.481
1568.626, 1649.439
1570.555, 1638.242
1572.483, 1628.466
1574.412, 1619.400
1576.340, 1609.479
1578.269, 1600.906
1580.197, 1591.424
1582.125, 1582.479
1584.054, 1573.153
1585.982, 1562.430
1587.911, 1555.064
1589.839, 1551.443
1591.768, 1548.386
1593.696, 1544.636
1595.625, 1536.432
1597.553, 1526.992
1599.482, 1519.410
1601.410, 1513.374
1603.339, 1509.631
1605.267, 1505.554
1607.196, 1500.766
1609.124, 1496.128
1611.052, 1491.493
1612.981, 1484.758
1614.909, 1478.881
1616.838, 1479.810
1618.766, 1480.381
1620.695, 1474.913
1622.623, 1470.210
1624.552, 1468.371
1626.480, 1464.743
1628.409, 1459.360
1630.337, 1453.714
1632.266, 1447.839
1634.194, 1441.684
1636.123, 1435.752
1638.051, 1431.206
1639.979, 1424.913
1641.908, 1419.018
1643.836, 1408.550
1645.765, 1405.212
1647.693, 1397.012
1649.622, 1387.144
1651.550, 1380.473
1653.479, 1375.814
1655.407, 1373.754
1657.336, 1368.939
1659.264, 1359.512
1661.193, 1352.020
1663.121, 1346.661
1665.050, 1342.747
1666.978, 1340.394
1668.906, 1340.685
1670.835, 1341.146
1672.763, 1340.513
1674.692, 1340.531
1676.620, 1341.512
1678.549, 1345.520
1680.477, 1352.189
1682.406, 1359.836
1684.334, 1369.828
1686.263, 1384.963
1688.191, 1400.423
1690.120, 1414.351
1692.048, 1430.336
1693.977, 1448.877
1695.905, 1470.229
1697.833, 1494.089
1699.762, 1520.615
1701.690, 1548.177
1703.619, 1574.777
1705.547, 1604.150
1707.476, 1637.185
1709.404, 1669.434
1711.333, 1701.030
1713.261, 1732.972
1715.190, 1765.843
1717.118, 1801.836
1719.047, 1835.849
1720.975, 1865.059
1722.904, 1893.701
1724.832, 1921.871
1726.760, 1947.416
1728.689, 1970.219
1730.617, 1990.941
1732.546, 2007.556
1734.474, 2018.376
1736.403, 2025.712
1738.331, 2029.844
1740.260, 2032.111
1742.188, 2030.812
1744.117, 2019.353
1746.045, 2004.010
1747.974, 1990.531
1749.902, 1970.474
1751.831, 1940.374
1753.759, 1912.665
1755.688, 1886.383
1757.616, 1854.885
1759.544, 1821.748
1761.473, 1791.152
1763.401, 1758.339
1765.330, 1721.596
1767.258, 1685.375
1769.187, 1650.496
1771.115, 1619.610
1773.044, 1590.355
1774.972, 1559.160
1776.901, 1530.491
1778.829, 1505.938
1780.758, 1482.114
1782.686, 1459.363
1784.615, 1441.204
1786.543, 1426.255
1788.471, 1412.792
1790.400, 1401.859
1792.328, 1393.885
1794.257, 1386.687
1796.185, 1380.514
1798.114, 1378.459
1800.042, 1377.992
1801.971, 1374.757
1803.899, 1374.813
1805.828, 1381.393
1807.756, 1387.480
1809.685, 1392.898
1811.613, 1398.147
1813.542, 1404.584
1815.470, 1414.697
1817.398, 1424.440
1819.327, 1432.225
1821.255, 1439.723
1823.184, 1447.219
1825.112, 1457.322
1827.041, 1465.945
1828.969, 1468.807
1830.898, 1470.532
1832.826, 1472.049
1834.755, 1474.545
1836.683, 1476.504
1838.612, 1473.172
1840.540, 1466.162
1842.469, 1455.822
1844.397, 1445.772
1846.325, 1437.079
1848.254, 1426.755
1850.182, 1413.431
1852.111, 1391.514
1854.039, 1369.993
1855.968, 1353.554
1857.896, 1333.844
1859.825, 1310.107
1861.753, 1288.516
1863.682, 1267.039
1865.610, 1242.187
1867.539, 1218.065
1869.467, 1195.848
1871.396, 1174.272
1873.324, 1152.424
1875.252, 1126.570
1877.181, 1100.858
1879.109, 1080.240
1881.038, 1056.561
1882.966, 1029.083
1884.895, 1005.688
1886.823, 984.4867
1888.752, 961.1768
1890.680, 939.4823
1892.609, 921.9932
1894.537, 901.9152
1896.466, 879.5055
1898.394, 857.5704
1900.323, 836.6135
1902.251, 817.5500
1904.179, 798.3510
1906.108, 778.5779
1908.036, 759.5844
1909.965, 741.5119
1911.893, 724.8508
1913.822, 708.3285
1915.750, 691.0830
1917.679, 674.6066
1919.607, 658.7380
1921.536, 641.7447
1923.464, 625.5406
1925.393, 611.4288
1927.321, 599.1639
1929.250, 588.8066
1931.178, 577.2192
1933.106, 564.8220
1935.035, 551.9669
1936.963, 539.3373
1938.892, 527.0538
1940.820, 516.8122
1942.749, 507.6570
1944.677, 496.3824
1946.606, 484.9579
1948.534, 474.3593
1950.463, 464.0572
1952.391, 454.0542
1954.320, 444.7256
1956.248, 436.0881
1958.177, 428.7460
1960.105, 420.5176
1962.033, 411.1310
1963.962, 401.8296
1965.890, 393.3415
1967.819, 387.2413
1969.747, 381.0214
1971.676, 373.9230
1973.604, 367.7298
1975.533, 361.6327
1977.461, 352.9436
1979.390, 344.9915
1981.318, 339.7224
1983.247, 334.1225
1985.175, 327.9917
1987.104, 320.7927
1989.032, 314.1752
1990.960, 309.6481
1992.889, 305.2806
1994.817, 300.7704
1996.746, 294.8782
1998.674, 288.8151
2000.603, 283.8044
2002.531, 278.4622
2004.460, 272.6602
2006.388, 267.4468
2008.317, 262.9621
2010.245, 259.4865
2012.174, 255.9546
2014.102, 252.0475
2016.031, 250.4422
2017.959, 248.7164
2019.887, 243.6196
2021.816, 237.6618
2023.744, 231.3674
2025.673, 228.1933
2027.601, 226.5244
2029.530, 224.1332
2031.458, 220.9241
2033.387, 216.7915
2035.315, 212.6242
2037.244, 208.8749
2039.172, 206.7251
2041.101, 204.4511
2043.029, 201.5687
2044.958, 198.8178
2046.886, 196.2129
2048.814, 193.7055
2050.743, 191.2716
2052.671, 188.8907
2054.600, 186.4550
2056.528, 184.3113
2058.457, 183.4895
2060.385, 182.4306
2062.314, 180.7244
2064.242, 177.6235
2066.171, 174.2989
2068.099, 173.1752
2070.028, 171.6561
2071.956, 168.8543
2073.885, 167.4927
2075.813, 166.6444
2077.741, 164.7955
2079.670, 162.5219
2081.598, 159.9491
2083.527, 157.6288
2085.455, 155.9841
2087.384, 154.2436
2089.312, 152.5201
2091.241, 151.1237
2093.169, 149.6431
2095.098, 148.4978
2097.026, 147.5429
2098.955, 146.5460
2100.883, 145.4579
2102.812, 144.8136
2104.740, 143.7886
2106.668, 141.5381
2108.597, 139.2190
2110.525, 137.1902
2112.454, 137.1180
2114.382, 136.9864
2116.311, 135.4114
2118.239, 133.6205
2120.168, 131.8591
2122.096, 130.1465
2124.025, 129.0087
2125.953, 128.7091
2127.882, 128.6603
2129.810, 128.4581
2131.739, 127.2642
2133.667, 125.4594
2135.595, 123.1724
2137.524, 121.6462
2139.452, 120.8655
2141.381, 121.2223
2143.309, 120.9523
2145.238, 119.7562
2147.166, 119.0822
2149.095, 118.5335
2151.023, 117.5251
2152.952, 116.8674
2154.880, 116.5178
2156.809, 115.9019
2158.737, 114.6805
2160.666, 112.0946
2162.594, 110.1176
2164.522, 109.0395
2166.451, 109.9588
2168.379, 110.4904
2170.308, 109.3433
2172.236, 108.9781
2174.165, 108.7532
2176.093, 107.8225
2178.022, 106.4885
2179.950, 104.8551
2181.879, 103.6744
2183.807, 102.9032
2185.736, 102.6089
2187.664, 101.9198
2189.593, 100.9714
2191.521, 100.8368
2193.449, 100.2477
2195.378, 98.63834
2197.306, 97.90456
2199.235, 97.57029
2201.163, 96.78991
2203.092, 95.87109
2205.020, 94.98552
2206.949, 95.43761
2208.877, 95.57797
2210.806, 93.97389
2212.734, 94.08484
2214.663, 95.23804
2216.591, 94.88056
2218.520, 93.99622
2220.448, 92.91624
2222.376, 92.38356
2224.305, 91.53067
2226.233, 90.67001
2228.162, 90.79322
2230.090, 89.49239
2232.019, 90.43410
2233.947, 90.82376
2235.876, 89.00469
2237.804, 88.28891
2239.733, 88.31198
2241.661, 88.55276
2243.590, 88.57060
2245.518, 88.30247
2247.447, 87.85983
2249.375, 86.97351
2251.303, 84.96782
2253.232, 84.44234
2255.160, 84.88232
2257.089, 85.47359
2259.017, 85.77573
2260.946, 85.68424
2262.874, 84.98975
2264.803, 84.23432
2266.731, 83.72067
2268.660, 83.44468
2270.588, 83.46017
2272.517, 84.05528
2274.445, 84.74435
2276.374, 85.23674
2278.302, 84.73872
2280.230, 84.54579
2282.159, 83.17501
2284.087, 83.06274
2286.016, 81.93490
2287.944, 81.03046
2289.873, 80.74911
2291.801, 80.88432
2293.730, 79.27110
2295.658, 78.51293
2297.587, 80.06857
2299.515, 80.63809
2301.444, 80.40724
2303.372, 79.92240
2305.301, 78.48682
2307.229, 76.70712
2309.157, 77.77707
2311.086, 78.21644
2313.014, 76.48660
2314.943, 76.54228
2316.871, 77.03619
2318.800, 76.35770
2320.728, 75.68462
2322.657, 75.47153
2324.585, 75.41290
2326.514, 75.10404
2328.442, 75.61270
2330.371, 74.78116
2332.299, 74.40385
2334.228, 74.00158
2336.156, 73.00797
2338.084, 72.39847
2340.013, 74.02596
2341.941, 74.37016
2343.870, 73.32072
2345.798, 72.85799
2347.727, 73.05115
2349.655, 73.89765
2351.584, 72.42130
2353.512, 71.09150
2355.441, 71.94225
2357.369, 71.75866
2359.298, 70.89659
2361.226, 70.23682
2363.155, 70.37986
2365.083, 69.89001
2367.011, 70.39065
2368.940, 69.77522
2370.868, 69.69498
2372.797, 69.83823
2374.725, 69.90591
2376.654, 69.64598
2378.582, 69.34476
2380.511, 69.21667
2382.439, 68.66302
2384.368, 68.17202
2386.296, 67.77120
2388.225, 67.20003
2390.153, 67.13377
2392.082, 67.34117
2394.010, 66.85350
2395.938, 66.37939
2397.867, 66.57986
2399.795, 65.87856
2401.724, 65.24630
2403.652, 66.21715
2405.581, 65.39906
2407.509, 63.85872
2409.438, 65.13490
2411.366, 65.08212
2413.295, 63.36391
2415.223, 63.63201
2417.152, 63.54594
2419.080, 62.20610
2421.009, 62.30077
2422.937, 62.45852
2424.865, 61.78112
2426.794, 61.81592
2428.722, 62.02533
2430.651, 61.64425
2432.579, 61.72504
2434.508, 62.03379
2436.436, 61.95307
2438.365, 61.34223
2440.293, 60.39006
2442.222, 60.02663
2444.150, 59.25572
2446.079, 58.00156
2448.007, 57.70989
2449.936, 57.84172
2451.864, 58.11192
2453.792, 58.38667
2455.721, 58.21746
2457.649, 58.20117
2459.578, 57.82172
2461.506, 57.58746
2463.435, 56.83242
2465.363, 56.09041
2467.292, 55.58699
2469.220, 55.73410
2471.149, 55.21735
2473.077, 54.22758
2475.006, 53.74988
2476.934, 54.26343
2478.863, 55.51126
2480.791, 54.65054
2482.719, 53.69748
2484.648, 53.32595
2486.576, 51.85839
2488.505, 51.31804
2490.433, 52.78069
2492.362, 52.52788
2494.290, 51.75244
2496.219, 51.31527
2498.147, 51.19781
2500.076, 51.06627
2502.004, 50.58995
2503.933, 50.53809
2505.861, 50.34832
2507.790, 48.97523
2509.718, 48.17690
2511.646, 48.03072
2513.575, 48.39964
2515.503, 49.40966
2517.432, 50.25432
2519.360, 48.59648
2521.289, 47.33244
2523.217, 46.92505
2525.146, 47.16874
2527.074, 47.30693
2529.003, 47.21354
2530.931, 46.95677
2532.860, 46.62146
2534.788, 46.80575
2536.717, 47.57145
2538.645, 47.26212
2540.573, 49.23365
2542.502, 46.98014
2544.430, 46.50252
2546.359, 45.64501
2548.287, 49.50681
2550.216, 51.60186
2552.144, 47.88783
2554.073, 45.68440
2556.001, 44.84356
2557.930, 45.28632
2559.858, 46.01580
2561.787, 46.33595
2563.715, 45.84995
2565.644, 45.60595
2567.572, 45.07016
2569.500, 43.80058
2571.429, 44.83378
2573.357, 45.92468
2575.286, 45.18505
2577.214, 44.25055
2579.143, 43.91064
2581.071, 44.84985
2583.000, 44.89363
2584.928, 44.43272
2586.857, 43.87866
2588.785, 43.77767
2590.714, 43.43956
2592.642, 42.89043
2594.571, 42.70845
2596.499, 41.82239
2598.427, 41.92048
2600.356, 41.47706
2602.284, 40.75280
2604.213, 39.93283
2606.141, 39.37237
2608.070, 39.02217
2609.998, 38.90862
2611.927, 38.56060
2613.855, 37.96773
2615.784, 36.92268
2617.712, 37.78050
2619.641, 38.79035
2621.569, 38.29833
2623.498, 38.15773
2625.426, 38.08012
2627.354, 37.78113
2629.283, 36.27694
2631.211, 35.25869
2633.140, 35.89128
2635.068, 35.77511
2636.997, 35.38345
2638.925, 35.12503
2640.854, 34.97947
2642.782, 34.38230
2644.711, 33.16771
2646.639, 34.81887
2648.568, 35.57848
2650.496, 33.81493
2652.425, 33.04063
2654.353, 33.04749
2656.281, 33.39165
2658.210, 30.96593
2660.138, 29.99698
2662.067, 31.48806
2663.995, 31.81148
2665.924, 31.97019
2667.852, 32.26640
2669.781, 32.75135
2671.709, 32.12625
2673.638, 30.58317
2675.566, 29.75117
2677.495, 29.89370
2679.423, 30.54933
2681.352, 30.54592
2683.280, 30.27414
2685.208, 29.91006
2687.137, 29.63131
2689.065, 29.15143
2690.994, 28.75175
2692.922, 28.81806
2694.851, 29.88113
2696.779, 30.04798
2698.708, 29.80507
2700.636, 28.05549
2702.565, 29.08484
2704.493, 27.85719
2706.422, 27.63118
2708.350, 27.65947
2710.279, 27.47632
2712.207, 27.79865
2714.135, 27.86147
2716.064, 27.45450
2717.992, 26.92471
2719.921, 26.75086
2721.849, 26.89614
2723.778, 26.94282
2725.706, 26.56536
2727.635, 25.96044
2729.563, 25.31148
2731.492, 26.54340
2733.420, 28.03430
2735.349, 27.04920
2737.277, 25.59070
2739.206, 24.61716
2741.134, 24.85971
2743.063, 24.46786
2744.991, 24.17801
2746.919, 24.06340
2748.848, 23.81006
2750.776, 23.47916
2752.705, 23.29429
2754.633, 22.84140
2756.562, 24.05283
2758.490, 22.75615
2760.419, 21.97104
2762.347, 22.44014
2764.276, 23.68723
2766.204, 25.05276
2768.133, 24.82748
2770.061, 24.04627
2771.990, 23.67249
2773.918, 23.30649
2775.846, 22.65137
2777.775, 21.73520
2779.703, 21.93624
2781.632, 21.90139
2783.560, 21.55053
2785.489, 22.36209
2787.417, 22.54630
2789.346, 22.00463
2791.274, 22.74091
2793.203, 21.62746
2795.131, 22.98911
2797.060, 22.63191
2798.988, 21.82300
2800.917, 21.01723
2802.845, 20.46909
2804.773, 20.41310
2806.702, 20.78639
2808.630, 21.24743
2810.559, 20.55264
2812.487, 20.33524
2814.416, 20.65789
2816.344, 21.35925
2818.273, 20.19396
2820.201, 19.50325
2822.130, 20.80293
2824.058, 19.75169
2825.987, 19.41363
2827.915, 20.52387
2829.844, 19.89038
2831.772, 20.31567
2833.700, 21.16322
2835.629, 20.09717
2837.557, 18.05023
2839.486, 16.64989
2841.414, 17.14431
2843.343, 19.28176
2845.271, 19.72094
2847.200, 18.01192
2849.128, 17.94329
2851.057, 17.27974
2852.985, 16.51057
2854.914, 17.64395
2856.842, 17.70358
2858.771, 17.51600
2860.699, 18.08986
2862.627, 17.35328
2864.556, 17.29082
2866.484, 18.20591
2868.413, 17.92928
2870.341, 18.37577
2872.270, 18.54729
2874.198, 16.51677
2876.127, 16.94407
2878.055, 17.17563
2879.984, 15.67023
2881.912, 17.11778
2883.841, 17.74970
2885.769, 16.93365
2887.698, 15.68677
2889.626, 15.47752
2891.554, 15.46293
2893.483, 14.79965
2895.411, 14.49690
2897.340, 15.17591
2899.268, 16.29853
2901.197, 14.88206
2903.125, 15.07631
2905.054, 15.99904
2906.982, 15.35849
2908.911, 15.36893
2910.839, 15.74962
2912.768, 16.17936
2914.696, 15.71275
2916.625, 15.19085
2918.553, 14.99545
2920.481, 14.81208
2922.410, 14.71338
2924.338, 15.06163
2926.267, 14.86352
2928.195, 15.67246
2930.124, 16.02007
2932.052, 15.47647
2933.981, 13.73586
2935.909, 14.10504
2937.838, 14.65052
2939.766, 14.09564
2941.695, 14.70968
2943.623, 14.52454
2945.552, 13.94281
2947.480, 14.97351
2949.408, 14.11586
2951.337, 13.57102
2953.265, 14.45919
2955.194, 13.80414
2957.122, 13.55093
2959.051, 13.85514
2960.979, 14.14725
2962.908, 14.15440
2964.836, 13.53456
2966.765, 12.42964
2968.693, 13.17890
2970.622, 13.34484
2972.550, 13.21907
2974.479, 14.21374
2976.407, 14.16880
2978.335, 13.79080
2980.264, 13.47010
2982.192, 13.22275
2984.121, 12.58056
2986.049, 12.34668
2987.978, 12.39998
2989.906, 12.71479
2991.835, 12.77483
2993.763, 13.86044
2995.692, 14.23989
2997.620, 13.48271
2999.549, 12.72959
3001.477, 12.68843
3003.406, 12.55978
3005.334, 12.41608
3007.262, 12.37560
3009.191, 12.56135
3011.119, 12.58033
3013.048, 12.78024
3014.976, 12.70869
3016.905, 12.98994
3018.833, 12.72106
3020.762, 12.31157
3022.690, 12.39137
3024.619, 13.27727
3026.547, 13.30806
3028.476, 12.89896
3030.404, 14.00322
3032.333, 12.44873
3034.261, 11.85434
3036.189, 13.35039
3038.118, 12.45250
3040.046, 11.46075
3041.975, 11.29835
3043.903, 12.36008
3045.832, 12.99723
3047.760, 12.29390
3049.689, 11.38058
3051.617, 12.32908
3053.546, 12.19556
3055.474, 12.42681
3057.403, 14.51768
3059.331, 13.78742
3061.260, 14.12002
3063.188, 14.00216
3065.116, 13.36238
3067.045, 14.05996
3068.973, 13.48896
3070.902, 12.82390
3072.830, 13.80499
3074.759, 14.83743
3076.687, 14.06919
3078.616, 14.91992
3080.544, 13.43363
3082.473, 14.93538
3084.401, 15.51495
3086.330, 14.82508
3088.258, 13.59929
3090.187, 13.52218
3092.115, 14.29340
3094.043, 15.28580
3095.972, 14.36158
3097.900, 14.38831
3099.829, 14.73269
3101.757, 14.61565
3103.686, 14.52998
3105.614, 15.94598
3107.543, 14.64552
3109.471, 14.07075
3111.400, 15.22253
3113.328, 15.96850
3115.257, 16.17398
3117.185, 16.62254
3119.114, 18.19647
3121.042, 17.77179
3122.970, 16.02067
3124.899, 16.18591
3126.827, 20.61375
3128.756, 24.71966
3130.684, 25.73828
3132.613, 20.70321
3134.541, 18.84612
3136.470, 18.66570
3138.398, 18.99189
3140.327, 20.49732
3142.255, 19.94596
3144.184, 19.43563
3146.112, 20.16733
3148.041, 20.51202
3149.969, 21.40925
3151.897, 21.40765
3153.826, 21.82483
3155.754, 21.72799
3157.683, 22.34466
3159.611, 22.51767
3161.540, 22.99699
3163.468, 23.63530
3165.397, 23.90504
3167.325, 24.64857
3169.254, 26.12759
3171.182, 25.94825
3173.111, 26.99396
3175.039, 27.39206
3176.968, 27.73168
3178.896, 27.79640
3180.824, 28.63247
3182.753, 28.92248
3184.681, 29.49653
3186.610, 31.17721
3188.538, 31.70026
3190.467, 31.32451
3192.395, 30.82740
3194.324, 32.45928
3196.252, 34.68557
3198.181, 36.17788
3200.109, 36.43263
3202.038, 36.67247
3203.966, 37.71906
3205.895, 38.93905
3207.823, 39.90803
3209.751, 40.88356
3211.680, 41.19654
3213.608, 41.97037
3215.537, 43.33634
3217.465, 43.48251
3219.394, 44.82752
3221.322, 45.98927
3223.251, 46.80966
3225.179, 48.99586
3227.108, 48.93743
3229.036, 50.11500
3230.965, 52.41309
3232.893, 52.71231
3234.822, 55.03788
3236.750, 56.70307
3238.678, 57.01727
3240.607, 58.59928
3242.535, 59.59607
3244.464, 60.10220
3246.392, 61.63238
3248.321, 62.01284
3250.249, 62.61092
3252.178, 65.56832
3254.106, 68.13308
3256.035, 68.23536
3257.963, 67.55134
3259.892, 69.13023
3261.820, 71.26363
3263.749, 72.50349
3265.677, 72.09892
3267.605, 73.52914
3269.534, 74.97221
3271.462, 75.86406
3273.391, 76.82795
3275.319, 80.71492
3277.248, 80.93889
3279.176, 80.34628
3281.105, 84.12247
3283.033, 86.76576
3284.962, 87.52026
3286.890, 87.80504
3288.819, 88.88535
3290.747, 91.46766
3292.676, 92.08288
3294.604, 94.02416
3296.532, 97.26405
3298.461, 97.20473
3300.389, 100.2434
3302.318, 102.7174
3304.246, 105.2078
3306.175, 109.7891
3308.103, 111.4155
3310.032, 116.0369
3311.960, 120.0393
3313.889, 121.6867
3315.817, 128.2558
3317.746, 131.5403
3319.674, 135.1381
3321.603, 140.0639
3323.531, 144.6195
3325.459, 149.9398
3327.388, 155.2132
3329.316, 160.8340
3331.245, 167.4296
3333.173, 175.5572
3335.102, 182.2360
3337.030, 187.4630
3338.959, 192.5735
3340.887, 200.1419
3342.816, 207.0914
3344.744, 214.6244
3346.673, 221.1739
3348.601, 225.3275
3350.530, 231.4128
3352.458, 238.5556
3354.386, 243.3799
3356.315, 245.7999
3358.243, 249.3862
3360.172, 252.2746
3362.100, 257.6901
3364.029, 256.6452
3365.957, 257.5133
3367.886, 257.8726
3369.814, 252.8274
3371.743, 247.5900
3373.671, 243.5826
3375.600, 238.7094
3377.528, 233.0095
3379.457, 225.9954
3381.385, 220.3703
3383.313, 214.8724
3385.242, 208.7165
3387.170, 204.4525
3389.099, 200.3633
3391.027, 195.3354
3392.956, 190.0136
3394.884, 185.9137
3396.813, 183.4592
3398.741, 181.6645
3400.670, 179.7974
3402.598, 177.5737
3404.527, 175.3484
3406.455, 174.3066
3408.384, 173.9651
3410.312, 173.6024
3412.240, 172.7887
3414.169, 172.5704
3416.097, 170.9752
3418.026, 169.5174
3419.954, 170.1095
3421.883, 170.9659
3423.811, 169.8886
3425.740, 168.9815
3427.668, 168.7071
3429.597, 168.3553
3431.525, 170.3550
3433.454, 169.0898
3435.382, 169.2111
3437.311, 170.7274
3439.239, 167.1916
3441.167, 168.6068
3443.096, 167.9759
3445.024, 168.2376
3446.953, 169.6073
3448.881, 165.8237
3450.810, 165.6143
3452.738, 167.0729
3454.667, 167.7151
3456.595, 166.7738
3458.524, 165.6255
##END=



