##NAMES=Monteregianite-(Y)
##RRUFFID=R080109
##IDEAL CHEMISTRY=KNa_2_YSi_8_O_19_·5H_2_O
##LOCALITY=Mont Saint-Hilaire, Quebec, Canada
##OWNER=RRUFF
##SOURCE=William W. Pinch
##DESCRIPTION=Elongated cluster of grayish white fibers at the base of a cluster of terminated quartz crystals
##STATUS=The identification of this mineral is not yet confirmed
##URL=https://www.rruff.net/odr/rruff_sample/R080109
##FILETYPE=Raman Processed
##RAMAN WAVELENGTH=780

93.45825, 2060.777
95.38672, 2059.095
97.31519, 2056.302
99.24365, 2054.151
101.1721, 2051.665
103.1006, 2048.946
105.0291, 2046.294
106.9575, 2043.044
108.8860, 2037.324
110.8145, 2032.156
112.7429, 2025.855
114.6714, 2019.378
116.5999, 2011.194
118.5283, 2002.019
120.4568, 1994.620
122.3853, 1988.628
124.3137, 1983.240
126.2422, 1977.135
128.1707, 1971.564
130.0991, 1966.752
132.0276, 1962.492
133.9561, 1958.742
135.8845, 1954.880
137.8130, 1952.191
139.7415, 1951.551
141.6699, 1950.672
143.5984, 1948.361
145.5269, 1945.160
147.4553, 1941.869
149.3838, 1938.645
151.3123, 1935.233
153.2407, 1931.079
155.1692, 1927.638
157.0977, 1926.053
159.0261, 1925.096
160.9546, 1923.101
162.8831, 1919.568
164.8115, 1917.428
166.7400, 1917.467
168.6685, 1917.045
170.5969, 1914.693
172.5254, 1912.009
174.4539, 1910.636
176.3823, 1910.580
178.3108, 1909.406
180.2393, 1906.658
182.1677, 1904.668
184.0962, 1904.932
186.0247, 1905.126
187.9531, 1903.339
189.8816, 1900.274
191.8101, 1898.873
193.7385, 1899.545
195.6670, 1899.111
197.5955, 1896.221
199.5239, 1893.389
201.4524, 1891.637
203.3809, 1890.625
205.3093, 1889.926
207.2378, 1889.563
209.1663, 1889.559
211.0947, 1890.539
213.0232, 1890.426
214.9517, 1887.783
216.8801, 1884.492
218.8086, 1881.821
220.7371, 1879.779
222.6655, 1878.224
224.5940, 1877.104
226.5225, 1876.502
228.4509, 1877.959
230.3794, 1878.159
232.3079, 1874.120
234.2363, 1868.581
236.1648, 1867.223
238.0933, 1869.541
240.0217, 1870.348
241.9502, 1868.625
243.8787, 1865.918
245.8071, 1861.814
247.7356, 1857.648
249.6641, 1854.225
251.5925, 1851.653
253.5210, 1850.552
255.4495, 1851.431
257.3779, 1851.061
259.3064, 1848.436
261.2349, 1845.078
263.1633, 1841.015
265.0918, 1836.863
267.0203, 1833.254
268.9487, 1830.193
270.8772, 1827.800
272.8057, 1826.831
274.7341, 1825.112
276.6626, 1821.404
278.5911, 1817.994
280.5195, 1816.725
282.4480, 1816.272
284.3765, 1814.744
286.3049, 1812.026
288.2334, 1809.004
290.1619, 1805.612
292.0903, 1802.084
294.0188, 1797.675
295.9473, 1793.936
297.8757, 1792.468
299.8042, 1792.321
301.7327, 1791.366
303.6611, 1789.286
305.5896, 1787.380
307.5181, 1785.512
309.4465, 1783.946
311.3750, 1783.410
313.3035, 1782.401
315.2319, 1779.213
317.1604, 1774.738
319.0889, 1772.228
321.0173, 1772.737
322.9458, 1771.673
324.8743, 1768.711
326.8027, 1764.916
328.7312, 1759.398
330.6597, 1754.605
332.5882, 1753.301
334.5166, 1749.153
336.4451, 1746.687
338.3736, 1745.886
340.3020, 1742.952
342.2305, 1745.135
344.1590, 1746.378
346.0874, 1743.514
348.0159, 1739.645
349.9444, 1736.755
351.8728, 1734.340
353.8013, 1730.931
355.7298, 1726.559
357.6582, 1722.304
359.5867, 1718.149
361.5152, 1714.542
363.4436, 1711.930
365.3721, 1709.551
367.3006, 1706.944
369.2290, 1704.222
371.1575, 1701.847
373.0860, 1699.626
375.0144, 1696.263
376.9429, 1691.339
378.8714, 1686.618
380.7998, 1682.270
382.7283, 1678.770
384.6568, 1677.295
386.5852, 1676.197
388.5137, 1673.266
390.4422, 1668.955
392.3706, 1664.777
394.2991, 1660.779
396.2276, 1656.599
398.1560, 1651.465
400.0845, 1647.057
402.0130, 1644.371
403.9414, 1641.977
405.8699, 1638.625
407.7984, 1634.923
409.7268, 1631.978
411.6553, 1629.811
413.5838, 1627.782
415.5122, 1626.086
417.4407, 1623.967
419.3692, 1620.145
421.2976, 1617.237
423.2261, 1617.549
425.1546, 1618.367
427.0830, 1616.802
429.0115, 1613.474
430.9400, 1610.150
432.8684, 1606.720
434.7969, 1604.197
436.7254, 1603.603
438.6538, 1602.475
440.5823, 1600.414
442.5108, 1597.703
444.4392, 1593.380
446.3677, 1589.215
448.2962, 1587.804
450.2246, 1588.843
452.1531, 1588.823
454.0816, 1587.262
456.0100, 1585.798
457.9385, 1584.385
459.8670, 1583.225
461.7954, 1583.254
463.7239, 1582.408
465.6524, 1578.601
467.5808, 1573.699
469.5093, 1570.318
471.4378, 1568.324
473.3662, 1566.381
475.2947, 1564.749
477.2232, 1561.696
479.1516, 1556.339
481.0801, 1551.505
483.0086, 1548.250
484.9370, 1545.634
486.8655, 1543.695
488.7940, 1541.631
490.7224, 1537.885
492.6509, 1532.941
494.5794, 1530.288
496.5078, 1530.087
498.4363, 1527.305
500.3648, 1520.825
502.2932, 1514.277
504.2217, 1508.327
506.1502, 1503.282
508.0786, 1499.653
510.0071, 1496.593
511.9356, 1493.548
513.8640, 1490.330
515.7925, 1486.180
517.7209, 1481.256
519.6494, 1477.148
521.5779, 1474.173
523.5063, 1470.699
525.4348, 1465.582
527.3633, 1461.379
529.2917, 1459.543
531.2202, 1457.956
533.1487, 1455.654
535.0771, 1452.545
537.0056, 1447.888
538.9341, 1442.404
540.8625, 1438.090
542.7910, 1434.992
544.7195, 1432.437
546.6479, 1430.807
548.5764, 1428.613
550.5049, 1424.840
552.4333, 1421.759
554.3618, 1421.278
556.2903, 1420.562
558.2188, 1416.950
560.1472, 1412.228
562.0757, 1408.701
564.0042, 1406.072
565.9326, 1403.120
567.8611, 1400.971
569.7896, 1397.169
571.7180, 1397.204
573.6465, 1396.525
575.5750, 1394.846
577.5035, 1392.579
579.4319, 1389.534
581.3604, 1386.316
583.2889, 1382.910
585.2173, 1379.979
587.1458, 1378.839
589.0743, 1376.164
591.0027, 1374.297
592.9312, 1373.202
594.8597, 1370.926
596.7881, 1370.861
598.7166, 1370.382
600.6451, 1368.977
602.5735, 1368.095
604.5020, 1368.562
606.4305, 1368.979
608.3589, 1367.946
610.2874, 1367.227
612.2159, 1368.992
614.1443, 1371.492
616.0728, 1371.867
618.0013, 1370.175
619.9297, 1366.948
621.8582, 1362.074
623.7867, 1355.898
625.7151, 1348.162
627.6436, 1340.392
629.5721, 1332.949
631.5005, 1325.396
633.4290, 1317.269
635.3575, 1309.612
637.2859, 1302.938
639.2144, 1296.991
641.1429, 1291.690
643.0714, 1286.903
644.9998, 1282.625
646.9283, 1278.645
648.8568, 1273.967
650.7852, 1268.677
652.7137, 1264.314
654.6422, 1261.099
656.5706, 1256.917
658.4991, 1250.534
660.4276, 1245.380
662.3560, 1243.750
664.2845, 1241.484
666.2130, 1236.577
668.1414, 1231.657
670.0699, 1228.857
671.9984, 1224.853
673.9268, 1223.167
675.8553, 1219.277
677.7838, 1216.858
679.7122, 1215.496
681.6407, 1213.699
683.5692, 1211.369
685.4976, 1209.691
687.4261, 1209.016
689.3546, 1207.705
691.2830, 1204.839
693.2115, 1202.397
695.1400, 1201.321
697.0684, 1199.591
698.9969, 1195.645
700.9254, 1192.065
702.8538, 1191.196
704.7823, 1190.609
706.7108, 1187.778
708.6392, 1184.117
710.5677, 1181.649
712.4962, 1179.887
714.4246, 1177.086
716.3531, 1173.284
718.2816, 1169.837
720.2100, 1166.927
722.1385, 1163.672
724.0670, 1161.147
725.9954, 1159.156
727.9239, 1156.381
729.8524, 1155.713
731.7808, 1153.654
733.7093, 1151.703
735.6378, 1150.529
737.5662, 1149.427
739.4947, 1148.360
741.4232, 1146.741
743.3516, 1143.387
745.2801, 1139.880
747.2086, 1138.761
749.1370, 1136.164
751.0655, 1134.374
752.9940, 1133.238
754.9224, 1131.123
756.8509, 1130.414
758.7794, 1128.867
760.7078, 1126.380
762.6363, 1124.692
764.5648, 1124.136
766.4932, 1122.895
768.4217, 1120.452
770.3502, 1118.047
772.2786, 1115.738
774.2071, 1114.076
776.1356, 1114.599
778.0640, 1113.900
779.9925, 1109.309
781.9210, 1104.648
783.8494, 1102.609
785.7779, 1101.445
787.7064, 1099.948
789.6348, 1097.980
791.5633, 1094.661
793.4918, 1091.063
795.4202, 1090.066
797.3487, 1090.518
799.2772, 1088.922
801.2056, 1085.589
803.1341, 1082.630
805.0626, 1080.112
806.9910, 1077.135
808.9195, 1073.429
810.8480, 1070.972
812.7764, 1070.532
814.7049, 1069.797
816.6334, 1068.608
818.5618, 1066.916
820.4903, 1064.633
822.4188, 1061.905
824.3472, 1058.119
826.2757, 1054.788
828.2042, 1052.781
830.1326, 1051.000
832.0611, 1049.004
833.9896, 1046.905
835.9180, 1044.969
837.8465, 1042.823
839.7750, 1039.531
841.7034, 1036.340
843.6319, 1035.295
845.5604, 1034.922
847.4888, 1032.493
849.4173, 1028.742
851.3458, 1025.523
853.2742, 1022.813
855.2027, 1020.652
857.1312, 1018.986
859.0596, 1016.892
860.9881, 1014.320
862.9166, 1011.668
864.8450, 1008.859
866.7735, 1006.344
868.7020, 1004.143
870.6304, 1002.362
872.5589, 1001.139
874.4874, 999.8987
876.4158, 998.6497
878.3443, 997.0920
880.2728, 995.1415
882.2012, 992.8315
884.1297, 989.9601
886.0582, 987.1640
887.9866, 984.7936
889.9151, 982.2036
891.8436, 979.0687
893.7720, 975.8141
895.7005, 971.9708
897.6290, 969.0192
899.5574, 968.4082
901.4859, 968.0587
903.4144, 966.9532
905.3428, 965.1140
907.2713, 961.9886
909.1998, 958.6635
911.1282, 955.8841
913.0567, 953.7891
914.9852, 953.0933
916.9136, 952.7934
918.8421, 951.6311
920.7706, 949.8718
922.6990, 947.6530
924.6275, 945.3375
926.5560, 943.7798
928.4844, 942.5363
930.4129, 940.1991
932.3414, 937.4163
934.2698, 936.4774
936.1983, 936.6225
938.1268, 935.0310
940.0552, 932.0486
941.9837, 929.8210
943.9122, 928.3417
945.8406, 926.6896
947.7691, 924.9089
949.6976, 923.1833
951.6260, 921.5051
953.5545, 921.2589
955.4830, 922.7658
957.4114, 923.4210
959.3399, 923.0990
961.2684, 921.9976
963.1968, 919.7530
965.1253, 917.7302
967.0538, 915.7609
968.9822, 914.4601
970.9107, 912.6490
972.8392, 910.8992
974.7676, 909.9977
976.6961, 907.8716
978.6246, 907.3513
980.5530, 907.0494
982.4815, 907.1641
984.4100, 906.3981
986.3384, 904.3753
988.2669, 902.3656
990.1954, 900.4581
992.1238, 899.1840
994.0523, 898.9279
995.9808, 898.1397
997.9092, 896.3088
999.8377, 894.6393
1001.766, 893.4922
1003.695, 892.0137
1005.623, 889.6520
1007.552, 888.3958
1009.480, 889.3959
1011.409, 889.3068
1013.337, 886.8743
1015.265, 884.4962
1017.194, 882.8395
1019.122, 881.0397
1021.051, 878.4621
1022.979, 876.8107
1024.908, 877.1832
1026.836, 876.8790
1028.765, 875.2623
1030.693, 872.7974
1032.622, 868.5989
1034.550, 865.8887
1036.479, 867.0615
1038.407, 866.5209
1040.335, 861.6581
1042.264, 857.5828
1044.192, 855.1954
1046.121, 853.8281
1048.049, 854.1979
1049.978, 854.0211
1051.906, 852.8972
1053.835, 851.2059
1055.763, 848.6269
1057.692, 846.2504
1059.620, 844.3522
1061.549, 842.5987
1063.477, 840.1876
1065.406, 839.3079
1067.334, 842.1358
1069.262, 842.9661
1071.191, 839.6642
1073.120, 836.9669
1075.048, 835.2847
1076.976, 834.4660
1078.905, 835.4597
1080.833, 835.5748
1082.762, 834.0714
1084.690, 832.9905
1086.619, 832.7695
1088.547, 832.0387
1090.476, 830.1248
1092.404, 829.1808
1094.333, 829.8492
1096.261, 829.4258
1098.190, 827.2393
1100.118, 826.3149
1102.047, 827.2723
1103.975, 827.1096
1105.903, 825.5822
1107.832, 824.3987
1109.760, 823.6966
1111.689, 822.4490
1113.617, 820.4836
1115.546, 820.2505
1117.474, 818.5350
1119.403, 817.0200
1121.331, 816.1810
1123.260, 813.7106
1125.188, 812.8816
1127.117, 811.2677
1129.045, 809.0236
1130.974, 807.5156
1132.902, 806.5895
1134.830, 805.0970
1136.759, 803.1512
1138.687, 801.0336
1140.616, 799.1384
1142.544, 798.9766
1144.473, 799.6738
1146.401, 799.2904
1148.330, 798.5018
1150.258, 798.8591
1152.187, 797.5594
1154.115, 797.6414
1156.044, 795.4844
1157.972, 793.9376
1159.901, 793.0203
1161.829, 792.8270
1163.757, 792.8641
1165.686, 792.9861
1167.614, 792.7800
1169.543, 791.4466
1171.471, 790.3747
1173.400, 790.8915
1175.328, 791.3741
1177.257, 790.7617
1179.185, 790.1690
1181.114, 790.2682
1183.042, 790.4346
1184.971, 790.7994
1186.899, 790.5410
1188.828, 788.5609
1190.756, 787.8053
1192.684, 789.8464
1194.613, 790.3026
1196.541, 787.3870
1198.470, 787.0192
1200.398, 790.3001
1202.327, 791.6594
1204.255, 790.9541
1206.184, 789.9366
1208.112, 788.7541
1210.041, 789.4662
1211.969, 791.9026
1213.898, 795.0334
1215.826, 798.2842
1217.755, 799.7484
1219.683, 800.1345
1221.611, 800.8010
1223.540, 801.4949
1225.468, 802.1418
1227.397, 802.9119
1229.325, 803.7854
1231.254, 804.4489
1233.182, 804.2238
1235.111, 804.8241
1237.039, 808.2501
1238.968, 811.1666
1240.896, 811.8246
1242.825, 812.1732
1244.753, 812.5840
1246.682, 813.6055
1248.610, 815.6556
1250.538, 816.9893
1252.467, 817.2582
1254.395, 817.6531
1256.324, 818.2453
1258.252, 819.1430
1260.181, 820.2870
1262.109, 820.7130
1264.038, 820.4664
1265.966, 818.8410
1267.895, 816.2494
1269.823, 815.1478
1271.752, 815.1130
1273.680, 814.7119
1275.609, 814.0159
1277.537, 813.3430
1279.465, 812.5850
1281.394, 811.6406
1283.322, 810.2528
1285.251, 807.5922
1287.179, 805.6036
1289.108, 805.7735
1291.036, 806.0938
1292.965, 806.6325
1294.893, 805.3112
1296.822, 800.2594
1298.750, 798.0160
1300.679, 799.3666
1302.607, 799.5118
1304.536, 798.5110
1306.464, 797.6879
1308.392, 797.1902
1310.321, 796.2347
1312.249, 795.0896
1314.178, 795.7834
1316.106, 797.3085
1318.035, 798.0991
1319.963, 798.0443
1321.892, 796.1298
1323.820, 795.1940
1325.749, 797.5729
1327.677, 799.5035
1329.606, 799.3449
1331.534, 798.7787
1333.463, 798.2355
1335.391, 797.7258
1337.319, 797.4254
1339.248, 795.9252
1341.176, 793.1522
1343.105, 792.3294
1345.033, 792.9716
1346.962, 793.7408
1348.890, 794.2191
1350.819, 792.3132
1352.747, 789.7591
1354.676, 788.5787
1356.604, 788.2390
1358.533, 789.2677
1360.461, 790.0484
1362.390, 788.7647
1364.318, 788.6998
1366.246, 791.0876
1368.175, 793.0007
1370.103, 793.9154
1372.032, 795.3490
1373.960, 797.4889
1375.889, 800.4344
1377.817, 804.2118
1379.746, 807.6544
1381.674, 811.0323
1383.603, 816.5416
1385.531, 822.0164
1387.460, 823.9509
1389.388, 824.9984
1391.317, 827.2628
1393.245, 828.5506
1395.173, 827.8275
1397.102, 826.3724
1399.030, 824.8959
1400.959, 822.0488
1402.887, 817.3369
1404.816, 811.9626
1406.744, 806.4061
1408.673, 800.9129
1410.601, 795.1512
1412.530, 788.9670
1414.458, 782.8568
1416.387, 777.6455
1418.315, 772.5761
1420.244, 767.1897
1422.172, 762.8585
1424.100, 759.5468
1426.029, 757.3458
1427.957, 756.9376
1429.886, 755.7431
1431.814, 753.4125
1433.743, 752.2099
1435.671, 752.0377
1437.600, 751.3620
1439.528, 751.5118
1441.457, 751.2540
1443.385, 752.8226
1445.314, 754.0800
1447.242, 756.1269
1449.171, 759.5869
1451.099, 762.3494
1453.027, 763.6111
1454.956, 765.5521
1456.884, 768.7454
1458.813, 769.7040
1460.741, 771.2192
1462.670, 772.1519
1464.598, 772.5632
1466.527, 773.2255
1468.455, 772.9274
1470.384, 774.0317
1472.312, 774.2281
1474.241, 771.5533
1476.169, 768.6857
1478.098, 765.9929
1480.026, 763.7266
1481.954, 762.1507
1483.883, 759.4228
1485.811, 755.5040
1487.740, 751.7430
1489.668, 747.4901
1491.597, 741.4160
1493.525, 735.4172
1495.454, 731.2082
1497.382, 727.1306
1499.311, 721.8099
1501.239, 716.4532
1503.168, 711.8052
1505.096, 707.3439
1507.025, 703.3033
1508.953, 699.1013
1510.881, 694.7979
1512.810, 691.7299
1514.738, 688.9328
1516.667, 684.7449
1518.595, 680.8661
1520.524, 678.8672
1522.452, 676.6661
1524.381, 673.4329
1526.309, 670.6279
1528.238, 668.1185
1530.166, 665.7538
1532.095, 663.6453
1534.023, 661.4311
1535.952, 659.4100
1537.880, 657.5768
1539.808, 655.7501
1541.737, 654.2243
1543.665, 653.6486
1545.594, 652.6218
1547.522, 653.4983
1549.451, 651.6563
1551.379, 650.8566
1553.308, 650.4728
1555.236, 647.4636
1557.165, 647.5242
1559.093, 644.9589
1561.022, 645.7852
1562.950, 644.2746
1564.879, 642.6793
1566.807, 642.2059
1568.735, 640.9257
1570.664, 638.3177
1572.592, 637.1404
1574.521, 636.6501
1576.449, 635.9699
1578.378, 635.4730
1580.306, 634.7236
1582.235, 633.9346
1584.163, 633.1767
1586.092, 630.7645
1588.020, 626.9308
1589.949, 624.8949
1591.877, 624.1577
1593.806, 622.5749
1595.734, 620.3651
1597.662, 617.6275
1599.591, 615.5657
1601.519, 615.0721
1603.448, 613.6153
1605.376, 611.3904
1607.305, 609.8712
1609.233, 607.7744
1611.162, 604.6016
1613.090, 601.4212
1615.019, 597.9307
1616.947, 594.7512
1618.876, 592.9164
1620.804, 591.1312
1622.733, 589.1088
1624.661, 586.4020
1626.589, 583.1097
1628.518, 580.9822
1630.446, 579.3967
1632.375, 578.1038
1634.303, 577.0012
1636.232, 576.0430
1638.160, 573.9095
1640.089, 569.6620
1642.017, 566.2753
1643.946, 564.1624
1645.874, 561.2173
1647.803, 558.4371
1649.731, 557.0472
1651.660, 555.5789
1653.588, 553.5761
1655.516, 551.4363
1657.445, 549.8740
1659.373, 548.4324
1661.302, 546.1028
1663.230, 543.3508
1665.159, 541.7136
1667.087, 541.7493
1669.016, 540.7247
1670.944, 538.1759
1672.873, 536.2063
1674.801, 535.1248
1676.730, 533.0894
1678.658, 530.2872
1680.587, 528.3379
1682.515, 527.3366
1684.443, 525.5812
1686.372, 524.3902
1688.300, 523.9430
1690.229, 522.3563
1692.157, 522.6796
1694.086, 522.4792
1696.014, 521.6109
1697.943, 519.1927
1699.871, 516.5000
1701.800, 514.1932
1703.728, 512.3317
1705.657, 511.1092
1707.585, 510.2864
1709.514, 509.8487
1711.442, 509.2457
1713.370, 508.2142
1715.299, 506.5517
1717.227, 504.9251
1719.156, 503.2662
1721.084, 502.7690
1723.013, 501.6122
1724.941, 502.2678
1726.870, 500.0166
1728.798, 498.5171
1730.727, 497.1187
1732.655, 494.7930
1734.584, 492.4901
1736.512, 491.9326
1738.441, 490.7419
1740.369, 488.9330
1742.297, 489.6828
1744.226, 490.2739
1746.154, 488.6943
1748.083, 486.9785
1750.011, 485.0186
1751.940, 483.6165
1753.868, 483.3691
1755.797, 483.4082
1757.725, 482.3709
1759.654, 479.6777
1761.582, 477.9997
1763.511, 477.5939
1765.439, 477.2179
1767.368, 476.8068
1769.296, 476.9077
1771.224, 476.6875
1773.153, 475.3821
1775.081, 474.6089
1777.010, 474.8968
1778.938, 475.6090
1780.867, 475.7929
1782.795, 474.8740
1784.724, 474.2648
1786.652, 473.6903
1788.581, 472.6094
1790.509, 471.6859
1792.438, 471.5633
1794.366, 471.4965
1796.295, 470.6425
1798.223, 470.0309
1800.151, 469.3735
1802.080, 468.7131
1804.008, 467.9893
1805.937, 467.0114
1807.865, 466.3578
1809.794, 466.0219
1811.722, 465.8729
1813.651, 465.0083
1815.579, 463.6705
1817.508, 462.8124
1819.436, 462.6025
1821.365, 462.3532
1823.293, 460.5943
1825.222, 458.5247
1827.150, 457.5370
1829.078, 456.9924
1831.007, 455.9703
1832.935, 453.5469
1834.864, 451.1743
1836.792, 448.9874
1838.721, 447.1143
1840.649, 444.3720
1842.578, 444.2095
1844.506, 439.6270
1846.435, 437.3043
1848.363, 436.0794
1850.292, 431.7367
1852.220, 427.7559
1854.149, 426.1676
1856.077, 424.1407
1858.005, 422.2738
1859.934, 420.2489
1861.862, 417.8986
1863.791, 416.1989
1865.719, 414.2480
1867.648, 411.9615
1869.576, 410.9040
1871.505, 408.7932
1873.433, 406.9944
1875.362, 405.6161
1877.290, 403.7486
1879.219, 402.8212
1881.147, 402.3473
1883.076, 400.7957
1885.004, 400.4182
1886.932, 398.6788
1888.861, 399.2075
1890.789, 398.1071
1892.718, 397.4929
1894.646, 397.2715
1896.575, 395.4948
1898.503, 394.1229
1900.432, 394.5810
1902.360, 395.0630
1904.289, 394.0914
1906.217, 393.2870
1908.146, 393.2568
1910.074, 392.4114
1912.003, 391.8199
1913.931, 392.3886
1915.859, 393.4333
1917.788, 394.3995
1919.716, 394.2499
1921.645, 393.8110
1923.573, 393.1524
1925.502, 392.2059
1927.430, 391.6313
1929.359, 390.9149
1931.287, 389.7477
1933.216, 388.9400
1935.144, 388.7302
1937.073, 389.1376
1939.001, 388.4173
1940.930, 386.0787
1942.858, 384.2055
1944.786, 383.6115
1946.715, 381.6415
1948.643, 381.5173
1950.572, 379.0697
1952.500, 377.6846
1954.429, 376.6857
1956.357, 375.0260
1958.286, 373.3136
1960.214, 371.4330
1962.143, 370.0523
1964.071, 368.9891
1966.000, 366.4768
1967.928, 364.8774
1969.857, 362.0729
1971.785, 360.3877
1973.714, 357.9625
1975.642, 355.0587
1977.570, 352.2491
1979.499, 349.5374
1981.427, 347.0533
1983.356, 344.6893
1985.284, 341.6673
1987.213, 338.6426
1989.141, 335.8722
1991.070, 333.9930
1992.998, 331.8573
1994.927, 328.4520
1996.855, 325.5105
1998.784, 323.2776
2000.712, 320.8139
2002.641, 317.9449
2004.569, 316.2797
2006.497, 314.6387
2008.426, 311.7200
2010.354, 309.2510
2012.283, 307.3894
2014.211, 305.9657
2016.140, 304.5963
2018.068, 301.9791
2019.997, 299.4375
2021.925, 297.7878
2023.854, 296.7933
2025.782, 295.0988
2027.711, 292.9248
2029.639, 290.9661
2031.568, 289.3092
2033.496, 287.4406
2035.424, 285.6024
2037.353, 284.6822
2039.281, 283.2682
2041.210, 282.0945
2043.138, 280.7904
2045.067, 278.7726
2046.995, 277.6157
2048.924, 276.4926
2050.852, 273.9448
2052.781, 272.1276
2054.709, 271.2380
2056.638, 270.8416
2058.566, 269.7037
2060.495, 267.6785
2062.423, 266.3739
2064.352, 265.2857
2066.280, 264.1227
2068.208, 262.9479
2070.137, 260.9487
2072.065, 260.5695
2073.994, 259.3513
2075.922, 257.9503
2077.851, 257.7715
2079.779, 256.6248
2081.708, 254.6028
2083.636, 254.3059
2085.565, 253.9411
2087.493, 252.1216
2089.422, 249.8230
2091.350, 248.5005
2093.279, 247.5088
2095.207, 246.6859
2097.135, 245.6021
2099.064, 244.3284
2100.992, 243.4489
2102.921, 242.1465
2104.849, 240.4780
2106.778, 239.4323
2108.706, 239.0821
2110.635, 238.3337
2112.563, 236.5430
2114.492, 235.3067
2116.420, 235.0584
2118.349, 234.5421
2120.277, 233.6097
2122.206, 233.4989
2124.134, 232.5728
2126.063, 231.1336
2127.991, 230.1649
2129.919, 228.9182
2131.848, 227.8532
2133.776, 226.6693
2135.705, 226.5959
2137.633, 224.5030
2139.562, 224.0410
2141.490, 223.5259
2143.419, 221.9584
2145.347, 221.3718
2147.276, 221.1968
2149.204, 220.0358
2151.133, 218.9279
2153.061, 218.5091
2154.990, 217.0670
2156.918, 215.5064
2158.846, 214.7332
2160.775, 214.5678
2162.703, 213.8796
2164.632, 212.7056
2166.560, 211.9135
2168.489, 210.8176
2170.417, 209.9177
2172.346, 209.2554
2174.274, 208.0983
2176.203, 207.0924
2178.131, 206.7010
2180.060, 205.6871
2181.988, 204.7190
2183.917, 204.4411
2185.845, 203.5321
2187.773, 202.3925
2189.702, 201.0418
2191.630, 200.0618
2193.559, 200.4985
2195.487, 200.1479
2197.416, 198.4317
2199.344, 196.8590
2201.273, 195.8961
2203.201, 194.5283
2205.130, 193.5213
2207.058, 193.0397
2208.987, 191.7895
2210.915, 190.7536
2212.844, 190.6774
2214.772, 189.5842
2216.700, 188.6903
2218.629, 188.0385
2220.557, 187.0172
2222.486, 185.9199
2224.414, 184.0206
2226.343, 182.8565
2228.271, 182.9740
2230.200, 183.3614
2232.128, 182.6633
2234.057, 180.6436
2235.985, 179.5515
2237.914, 179.0522
2239.842, 178.4678
2241.771, 177.8754
2243.699, 177.2353
2245.627, 176.1971
2247.556, 176.1528
2249.484, 176.3796
2251.413, 175.3560
2253.341, 174.2621
2255.270, 173.6631
2257.198, 172.3461
2259.127, 171.0169
2261.055, 169.9580
2262.984, 169.0995
2264.912, 168.2305
2266.841, 167.5228
2268.769, 167.0141
2270.698, 166.4715
2272.626, 166.1852
2274.554, 166.1161
2276.483, 165.4061
2278.411, 164.2200
2280.340, 162.9149
2282.268, 162.5015
2284.197, 162.3306
2286.125, 161.0222
2288.054, 159.8744
2289.982, 159.8248
2291.911, 159.3486
2293.839, 158.3057
2295.768, 158.8588
2297.696, 158.1441
2299.625, 156.6480
2301.553, 156.5183
2303.481, 155.0487
2305.410, 152.9763
2307.338, 152.4374
2309.267, 152.4786
2311.195, 152.4029
2313.124, 151.5989
2315.052, 150.0923
2316.981, 150.4608
2318.909, 150.3862
2320.838, 148.5974
2322.766, 148.2811
2324.695, 147.8133
2326.623, 146.2250
2328.552, 145.6430
2330.480, 145.6176
2332.408, 144.9001
2334.337, 143.7088
2336.265, 143.3903
2338.194, 142.6421
2340.122, 142.6704
2342.051, 141.5557
2343.979, 141.4104
2345.908, 140.8305
2347.836, 140.1712
2349.765, 139.5400
2351.693, 138.8707
2353.622, 138.7940
2355.550, 138.8063
2357.479, 137.6844
2359.407, 137.1785
2361.335, 137.2924
2363.264, 137.0431
2365.192, 136.4510
2367.121, 135.4786
2369.049, 135.1496
2370.978, 134.1861
2372.906, 133.5515
2374.835, 132.8251
2376.763, 132.3680
2378.692, 132.4506
2380.620, 132.3605
2382.549, 132.2802
2384.477, 132.4721
2386.406, 130.9083
2388.334, 129.7303
2390.262, 129.7255
2392.191, 129.0757
2394.119, 128.5192
2396.048, 128.3040
2397.976, 127.9245
2399.905, 127.0567
2401.833, 126.8142
2403.762, 126.1441
2405.690, 125.6750
2407.619, 124.8687
2409.547, 123.8027
2411.476, 122.8613
2413.404, 122.2751
2415.333, 121.9955
2417.261, 121.9776
2419.189, 121.7849
2421.118, 120.8880
2423.046, 119.4521
2424.975, 118.7628
2426.903, 118.4910
2428.832, 118.0283
2430.760, 117.3148
2432.689, 116.5027
2434.617, 115.6964
2436.546, 115.3035
2438.474, 114.7997
2440.403, 114.8035
2442.331, 114.1993
2444.260, 113.6832
2446.188, 113.4096
2448.116, 112.8044
2450.045, 111.6945
2451.973, 111.1485
2453.902, 110.3230
2455.830, 109.6344
2457.759, 109.4769
2459.687, 108.8128
2461.616, 108.1910
2463.544, 108.0688
2465.473, 107.5410
2467.401, 106.5219
2469.330, 106.2117
2471.258, 106.1008
2473.187, 104.9990
2475.115, 104.4269
2477.043, 104.4507
2478.972, 103.9031
2480.900, 103.3354
2482.829, 103.2490
2484.757, 102.3957
2486.686, 101.5109
2488.614, 101.2083
2490.543, 100.1061
2492.471, 99.13872
2494.400, 99.44627
2496.328, 99.06991
2498.257, 98.08276
2500.185, 97.38815
2502.114, 97.25175
2504.042, 96.95192
2505.970, 96.07598
2507.899, 95.55312
2509.827, 95.51624
2511.756, 95.13547
2513.684, 94.48968
2515.613, 93.62434
2517.541, 93.57617
2519.470, 94.10753
2521.398, 93.97866
2523.327, 93.05865
2525.255, 92.49230
2527.184, 92.16016
2529.112, 91.89595
2531.041, 91.31679
2532.969, 90.93628
2534.897, 91.17178
2536.826, 90.66192
2538.754, 90.19225
2540.683, 90.46330
2542.611, 89.68781
2544.540, 88.40182
2546.468, 88.30989
2548.397, 88.43084
2550.325, 88.35881
2552.254, 87.23568
2554.182, 86.42402
2556.111, 86.60201
2558.039, 86.03077
2559.968, 85.34677
2561.896, 84.47302
2563.824, 83.35326
2565.753, 82.71805
2567.681, 82.66673
2569.610, 82.62635
2571.538, 82.17125
2573.467, 81.36211
2575.395, 80.95386
2577.324, 80.64913
2579.252, 79.68088
2581.181, 79.24305
2583.109, 79.23999
2585.038, 79.20852
2586.966, 78.56940
2588.895, 77.61292
2590.823, 77.15215
2592.751, 76.80019
2594.680, 76.47057
2596.608, 75.97183
2598.537, 75.50173
2600.465, 75.13769
2602.394, 74.57194
2604.322, 74.56203
2606.251, 74.74849
2608.179, 73.16340
2610.108, 72.42168
2612.036, 72.71094
2613.965, 72.51428
2615.893, 72.19669
2617.822, 71.97393
2619.750, 71.54532
2621.678, 71.04139
2623.607, 70.46362
2625.535, 69.87745
2627.464, 68.92669
2629.392, 68.32265
2631.321, 67.84540
2633.249, 67.41807
2635.178, 67.09643
2637.106, 66.85971
2639.035, 66.65406
2640.963, 66.22056
2642.892, 66.23234
2644.820, 66.12237
2646.749, 65.85172
2648.677, 65.59062
2650.605, 65.63322
2652.534, 65.43035
2654.462, 64.20896
2656.391, 63.64717
2658.319, 63.45524
2660.248, 62.64436
2662.176, 62.25777
2664.105, 62.10466
2666.033, 61.84079
2667.962, 61.35036
2669.890, 60.94961
2671.819, 60.61268
2673.747, 60.14826
2675.676, 59.79542
2677.604, 59.40160
2679.532, 59.05568
2681.461, 58.71574
2683.389, 58.42191
2685.318, 58.65924
2687.246, 58.50612
2689.175, 58.12243
2691.103, 57.46844
2693.032, 56.85366
2694.960, 56.78376
2696.889, 56.79967
2698.817, 56.23313
2700.746, 55.32560
2702.674, 54.74614
2704.603, 54.67445
2706.531, 54.56132
2708.459, 53.48152
2710.388, 53.11392
2712.316, 53.26757
2714.245, 53.35582
2716.173, 53.11466
2718.102, 52.72145
2720.030, 52.05173
2721.959, 51.92365
2723.887, 51.78981
2725.816, 51.07269
2727.744, 50.26622
2729.673, 49.70533
2731.601, 49.63590
2733.530, 49.74380
2735.458, 49.67570
2737.386, 49.25743
2739.315, 47.95066
2741.243, 47.59437
2743.172, 48.12845
2745.100, 48.40474
2747.029, 48.22612
2748.957, 47.85891
2750.886, 47.34220
2752.814, 46.96604
2754.743, 46.68538
2756.671, 46.18532
2758.600, 46.10317
2760.528, 46.09724
2762.457, 45.81472
2764.385, 45.60784
2766.313, 45.13741
2768.242, 44.47520
2770.170, 43.90800
2772.099, 43.76506
2774.027, 44.10521
2775.956, 44.21867
2777.884, 43.73878
2779.813, 43.05285
2781.741, 42.81020
2783.670, 42.70306
2785.598, 42.47780
2787.527, 41.85199
2789.455, 42.01588
2791.384, 41.97631
2793.312, 41.26740
2795.240, 41.35087
2797.169, 40.89948
2799.097, 39.92321
2801.026, 39.82765
2802.954, 39.66056
2804.883, 39.40022
2806.811, 39.36895
2808.740, 39.21994
2810.668, 39.11699
2812.597, 38.96436
2814.525, 38.86728
2816.454, 38.53867
2818.382, 38.19734
2820.311, 37.72015
2822.239, 37.53694
2824.167, 37.13860
2826.096, 36.97744
2828.024, 36.72874
2829.953, 36.18058
2831.881, 36.47038
2833.810, 35.79021
2835.738, 35.12908
2837.667, 35.03649
2839.595, 35.07351
2841.524, 34.84477
2843.452, 34.31425
2845.381, 33.93274
2847.309, 34.07488
2849.238, 34.27962
2851.166, 33.63407
2853.094, 33.42796
2855.023, 33.23275
2856.951, 32.73771
2858.880, 32.46450
2860.808, 32.46160
2862.737, 32.58192
2864.665, 32.48174
2866.594, 32.09154
2868.522, 31.61702
2870.451, 31.36332
2872.379, 30.89558
2874.308, 30.67113
2876.236, 30.99561
2878.165, 30.81598
2880.093, 30.53698
2882.021, 30.29017
2883.950, 29.96283
2885.878, 29.78448
2887.807, 29.59372
2889.735, 29.09065
2891.664, 28.90993
2893.592, 28.79311
2895.521, 28.58908
2897.449, 28.50868
2899.378, 28.34628
2901.306, 28.10235
2903.235, 28.05595
2905.163, 27.61557
2907.092, 27.42478
2909.020, 27.23107
2910.948, 26.94496
2912.877, 26.73260
2914.805, 26.58483
2916.734, 26.27661
2918.662, 26.05545
2920.591, 25.88699
2922.519, 25.69643
2924.448, 25.79259
2926.376, 25.90233
2928.305, 25.85010
2930.233, 25.39712
2932.162, 24.99817
2934.090, 24.82803
2936.019, 25.03193
2937.947, 24.55300
2939.875, 24.34901
2941.804, 24.63518
2943.732, 24.17029
2945.661, 23.57059
2947.589, 23.20284
2949.518, 22.97194
2951.446, 22.77985
2953.375, 22.83695
2955.303, 22.67100
2957.232, 22.92629
2959.160, 22.84333
2961.089, 22.60458
2963.017, 22.87136
2964.946, 22.35669
2966.874, 21.83986
2968.802, 21.69869
2970.731, 21.81280
2972.659, 21.65073
2974.588, 21.29503
2976.516, 20.98398
2978.445, 21.11810
2980.373, 21.14020
2982.302, 20.80758
2984.230, 20.43520
2986.159, 20.17562
2988.087, 20.04745
2990.016, 20.05060
2991.944, 19.88300
2993.873, 19.83634
2995.801, 19.84817
2997.729, 19.60571
2999.658, 19.75844
3001.586, 19.81723
3003.515, 19.40828
3005.443, 19.33767
3007.372, 18.94813
3009.300, 18.84974
3011.229, 18.57718
3013.157, 18.58477
3015.086, 18.40370
3017.014, 18.15640
3018.943, 18.18177
3020.871, 18.11358
3022.800, 17.96100
3024.728, 17.81785
3026.656, 17.64651
3028.585, 17.50917
3030.513, 17.18521
3032.442, 17.18700
3034.370, 16.83493
3036.299, 16.58263
3038.227, 16.74454
3040.156, 16.54469
3042.084, 16.50436
3044.013, 16.48243
3045.941, 15.97658
3047.870, 15.93305
3049.798, 15.89190
3051.727, 15.74576
3053.655, 15.79260
3055.583, 15.86488
3057.512, 15.47154
3059.440, 15.55761
3061.369, 15.17429
3063.297, 15.39005
3065.226, 15.11248
3067.154, 14.97834
3069.083, 14.97373
3071.011, 14.99200
3072.940, 14.97338
3074.868, 14.86979
3076.797, 14.86732
3078.725, 14.79503
3080.654, 14.48254
3082.582, 14.29143
3084.510, 14.19832
3086.439, 14.09871
3088.367, 13.89580
3090.296, 13.80538
3092.224, 13.60557
3094.153, 13.52463
3096.081, 14.10216
3098.010, 14.06444
3099.938, 13.75212
3101.867, 13.42397
3103.795, 13.44605
3105.724, 13.25247
3107.652, 13.01994
3109.581, 12.80576
3111.509, 12.43918
3113.438, 12.79356
3115.366, 13.18600
3117.294, 13.16087
3119.223, 13.08664
3121.151, 12.87550
3123.080, 12.68870
3125.008, 12.63891
3126.937, 12.50095
3128.865, 12.21599
3130.794, 12.14890
3132.722, 12.08384
3134.651, 12.15370
3136.579, 11.98232
3138.508, 12.08123
3140.436, 11.84589
3142.365, 12.16559
3144.293, 12.37945
3146.221, 12.28581
3148.150, 11.86814
3150.078, 11.97330
3152.007, 11.99811
3153.935, 11.80923
3155.864, 11.72618
3157.792, 11.91691
3159.721, 12.03173
3161.649, 12.11478
3163.578, 12.36093
3165.506, 12.53448
3167.435, 12.30957
3169.363, 11.90596
3171.292, 12.17994
3173.220, 11.99795
3175.148, 11.85894
3177.077, 11.98560
3179.005, 11.64487
3180.934, 11.27848
3182.862, 11.27178
3184.791, 11.49184
3186.719, 11.29457
3188.648, 11.56026
3190.576, 11.33087
3192.505, 11.21454
3194.433, 10.95611
3196.362, 10.98134
3198.290, 11.05011
3200.219, 11.28523
3202.147, 11.00204
3204.075, 10.39261
3206.004, 10.53525
3207.932, 10.26275
3209.861, 10.10586
3211.789, 10.20637
3213.718, 10.33158
3215.646, 10.35904
3217.575, 9.993139
3219.503, 9.974399
3221.432, 9.899305
3223.360, 9.732809
3225.289, 9.737092
3227.217, 9.902393
3229.146, 9.572798
3231.074, 9.370266
3233.002, 9.086370
3234.931, 9.756333
3236.859, 10.01243
3238.788, 9.670699
3240.716, 9.247066
3242.645, 9.104798
3244.573, 9.037184
3246.502, 9.117856
3248.430, 9.165410
3250.359, 9.481379
3252.287, 9.296414
3254.216, 9.251062
3256.144, 8.973617
3258.073, 9.254116
3260.001, 9.444563
3261.929, 9.453235
3263.858, 9.457769
3265.786, 9.798469
3267.715, 9.997940
3269.643, 9.982318
3271.572, 9.744998
3273.500, 9.349903
3275.429, 9.751501
3277.357, 9.822806
3279.286, 9.595666
3281.214, 10.60456
3283.143, 10.29296
3285.071, 10.29797
3287.000, 10.72102
3288.928, 10.65195
3290.856, 10.12723
3292.785, 10.31852
3294.713, 10.77059
3296.642, 10.85834
3298.570, 11.36691
3300.499, 11.13927
3302.427, 11.06015
3304.356, 11.43437
3306.284, 11.07629
3308.213, 11.19071
3310.141, 11.47649
3312.070, 11.71647
3313.998, 11.91159
3315.927, 11.68345
3317.855, 11.43988
3319.783, 11.36578
3321.712, 11.28899
3323.640, 10.76565
3325.569, 10.96419
3327.497, 10.95282
3329.426, 10.29471
3331.354, 9.848327
3333.283, 9.627917
3335.211, 9.423060
3337.140, 9.129560
3339.068, 8.678056
3340.997, 8.585231
3342.925, 8.403461
3344.854, 8.218888
3346.782, 8.202175
3348.710, 8.461696
3350.639, 7.663259
3352.567, 7.291800
3354.496, 7.696380
3356.424, 8.060452
3358.353, 7.805880
3360.281, 7.721496
3362.210, 7.934899
3364.138, 8.164785
3366.067, 7.737978
3367.995, 7.579221
3369.924, 7.575091
3371.852, 7.558233
3373.781, 7.380560
3375.709, 7.055191
3377.637, 7.232923
3379.566, 7.596115
3381.494, 7.735357
3383.423, 7.492253
3385.351, 7.328005
3387.280, 7.091367
3389.208, 6.929587
3391.137, 7.281598
3393.065, 7.470397
3394.994, 7.241932
3396.922, 7.209712
3398.851, 7.577547
3400.779, 7.477927
3402.708, 7.523674
3404.636, 7.681002
3406.564, 7.731719
3408.493, 7.531276
3410.421, 7.683448
3412.350, 7.268500
3414.278, 7.636734
3416.207, 7.774826
3418.135, 7.503520
3420.064, 7.300534
3421.992, 7.294353
3423.921, 7.403364
3425.849, 7.542299
3427.778, 7.362864
3429.706, 7.228478
3431.635, 7.149643
3433.563, 7.050961
3435.491, 6.899495
3437.420, 6.723785
3439.348, 6.837660
3441.277, 6.663256
3443.205, 6.372302
3445.134, 6.516954
3447.062, 6.222772
3448.991, 6.477427
3450.919, 6.368692
3452.848, 5.883372
3454.776, 5.957044
3456.705, 7.815635
3458.633, 6.762821
3460.562, 6.550834
3462.490, 6.289421
3464.418, 4.989028
3466.347, 5.151040
3468.275, 5.216324
3470.204, 5.104246
3472.132, 4.964048
3474.061, 4.715326
3475.989, 4.666206
3477.918, 4.848845
3479.846, 4.531291
3481.775, 4.762994
3483.703, 4.806656
3485.632, 4.707532
3487.560, 4.606700
3489.489, 4.604678
3491.417, 4.640875
3493.345, 4.281463
3495.274, 4.402287
3497.202, 4.346072
3499.131, 4.011291
3501.059, 3.730700
3502.988, 4.346885
3504.916, 4.538580
3506.845, 4.560759
3508.773, 4.425969
3510.702, 4.203784
3512.630, 4.537783
3514.559, 4.051907
3516.487, 3.829251
3518.416, 3.962909
3520.344, 4.218226
3522.272, 4.500562
3524.201, 4.215083
3526.129, 4.433931
3528.058, 4.475716
3529.986, 4.359410
3531.915, 4.499730
3533.843, 4.272363
3535.772, 3.964775
3537.700, 3.841141
3539.629, 3.871439
3541.557, 3.810811
3543.486, 4.042062
3545.414, 4.158575
3547.343, 3.971224
3549.271, 3.805766
3551.199, 4.059128
3553.128, 3.935951
3555.056, 4.028106
3556.985, 4.059057
3558.913, 3.968909
3560.842, 3.845639
3562.770, 3.685400
3564.699, 3.781940
3566.627, 3.972149
3568.556, 3.969576
3570.484, 3.761878
3572.413, 3.728215
3574.341, 3.748406
3576.270, 3.740958
3578.198, 3.752188
3580.126, 3.771434
3582.055, 3.758706
3583.983, 3.725836
3585.912, 3.662452
3587.840, 3.447901
3589.769, 3.245769
3591.697, 3.277045
3593.626, 3.233077
3595.554, 3.624566
3597.483, 3.458713
3599.411, 3.614633
3601.340, 3.933085
3603.268, 3.689517
3605.197, 3.897693
3607.125, 3.562399
3609.053, 3.819168
3610.982, 3.699907
3612.910, 3.305898
3614.839, 3.138977
3616.767, 3.133012
3618.696, 3.325709
3620.624, 3.234389
3622.553, 3.600454
3624.481, 3.743640
3626.410, 3.370301
3628.338, 3.011834
3630.267, 2.942730
3632.195, 3.097322
3634.124, 3.262857
3636.052, 3.207077
3637.980, 3.255337
3639.909, 3.141188
3641.837, 2.920839
3643.766, 2.914416
3645.694, 3.092598
3647.623, 2.319879
3649.551, 2.646137
3651.480, 2.581479
3653.408, 2.947400
3655.337, 2.833777
3657.265, 3.381232
3659.194, 3.593059
3661.122, 3.148166
3663.051, 2.824602
3664.979, 2.517361
3666.907, 2.244004
3668.836, 2.304435
3670.764, 2.230858
3672.693, 2.581746
3674.621, 2.384670
3676.550, 2.399210
3678.478, 2.428855
3680.407, 2.441853
3682.335, 2.318616
3684.264, 2.297571
3686.192, 2.100826
3688.121, 2.101803
3690.049, 2.526478
3691.978, 3.054737
3693.906, 2.909576
3695.834, 2.348801
3697.763, 2.729814
3699.691, 2.536337
3701.620, 2.209921
3703.548, 2.323004
3705.477, 1.967127
3707.405, 2.168037
3709.334, 2.506485
3711.262, 2.328691
3713.191, 1.922075
3715.119, 1.933041
3717.048, 2.208054
3718.976, 2.066392
3720.905, 2.052909
3722.833, 2.071307
3724.761, 2.216577
3726.690, 2.264874
3728.618, 2.242814
3730.547, 2.306451
3732.475, 2.129725
3734.404, 2.247505
3736.332, 2.119583
3738.261, 1.921559
3740.189, 2.293172
3742.118, 2.010252
3744.046, 1.772300
3745.975, 2.103707
3747.903, 2.144553
3749.832, 1.749639
3751.760, 1.484359
3753.688, 1.875450
3755.617, 1.748146
3757.545, 1.903050
3759.474, 2.158363
3761.402, 2.147846
3763.331, 1.921222
3765.259, 1.933426
3767.188, 2.223687
3769.116, 2.365776
3771.045, 2.376619
3772.973, 1.966281
3774.902, 2.120018
3776.830, 1.966653
3778.759, 2.070580
3780.687, 1.943417
3782.615, 1.923429
3784.544, 1.887789
3786.472, 1.791544
3788.401, 1.770629
3790.329, 1.639495
3792.258, 1.587222
3794.186, 1.512929
3796.115, 1.464567
3798.043, 1.627971
3799.972, 1.318933
3801.900, 1.575946
3803.829, 1.342787
3805.757, 1.389821
3807.686, 1.487682
3809.614, 1.397714
3811.542, 1.663947
3813.471, 1.763456
3815.399, 1.568372
3817.328, 1.573595
3819.256, 1.236617
3821.185, 0.9900867
3823.113, 1.201536
3825.042, 1.710759
3826.970, 1.723529
3828.899, 1.421032
3830.827, 1.524891
3832.756, 1.472401
3834.684, 1.360723
3836.613, 1.410882
3838.541, 1.496021
3840.469, 1.515782
3842.398, 1.528398
3844.326, 1.625796
3846.255, 1.727972
3848.183, 1.781194
3850.112, 1.548312
3852.040, 1.907440
3853.969, 1.723483
3855.897, 1.702274
3857.826, 2.047721
3859.754, 1.746998
3861.683, 1.120058
3863.611, 1.197353
3865.540, 1.430652
3867.468, 1.810457
3869.396, 2.050075
3871.325, 2.103742
3873.253, 2.503267
3875.182, 2.109359
3877.110, 1.759376
3879.039, 1.703853
3880.967, 1.483574
3882.896, 1.556075
3884.824, 1.348894
3886.753, 1.370267
3888.681, 1.366817
3890.610, 1.444615
3892.538, 1.360741
3894.467, 1.147895
3896.395, 1.214308
3898.323, 1.181888
3900.252, 1.107945
3902.180, 1.280994
3904.109, 1.399441
3906.037, 1.410715
3907.966, 1.274806
3909.894, 1.197429
3911.823, 1.168371
3913.751, 1.363172
3915.680, 1.508167
3917.608, 1.573240
3919.537, 1.721539
3921.465, 1.281201
3923.394, 1.237486
3925.322, 1.303546
3927.250, 1.039749
3929.179, 1.276338
3931.107, 1.480254
3933.036, 1.349488
3934.964, 1.324676
3936.893, 1.562700
3938.821, 1.220749
3940.750, 1.686733
3942.678, 1.334018
3944.607, 1.339480
3946.535, 1.491731
3948.464, 1.291548
3950.392, 1.196983
3952.321, 1.259126
3954.249, 1.238297
3956.177, 1.320816
3958.106, 1.273947
3960.034, 1.358906
3961.963, 1.286697
3963.891, 1.079901
3965.820, 1.144813
3967.748, 1.006019
3969.677, 0.9242008
3971.605, 1.000113
3973.534, 1.086241
3975.462, 0.8956826
3977.391, 0.8685143
3979.319, 1.038143
3981.248, 0.8270361
3983.176, 0.4474253
3985.104, 0.5042278
3987.033, 0.8499318
3988.961, 0.6118338
3990.890, 0.9955613
3992.818, 0.8867958
3994.747, 0.5512658
3996.675, 0.4673371
3998.604, 0.6436918
4000.532, 0.7483822
4002.461, 0.4573274
4004.389, 1.6032150E-02
4006.318, 0.1989018
4008.246, 0.2635719
4010.175, 0.3319145
4012.103, 0.2671440
4014.031, 0.4104463
4015.960, 0.4694851
4017.888, 0.4694154
4019.817, 0.5740252
4021.745, 0.5841928
4023.674, 0.2297662
4025.602, -5.2671179E-02
4027.531, 0.1192049
4029.459, 9.7095467E-02
4031.388, 0.4530945
4033.316, 0.4442051
4035.245, 0.7059159
4037.173, 0.5032925
4039.102, 0.3275860
4041.030, 0.1716905
4042.958, 0.7582192
4044.887, 0.3457234
4046.815, 0.4679269
4048.744, 0.7054349
4050.672, 0.3418868
4052.601, 0.5268170
4054.529, 0.5878931
4056.458, 0.6401865
4058.386, 0.9415691
4060.315, 0.9482098
4062.243, 0.9109790
4064.172, 0.9395364
4066.100, 0.7480831
4068.029, 0.5879791
4069.957, 0.6076733
4071.885, 0.5268319
4073.814, 0.2523312
4075.742, 0.5756503
4077.671, 0.5138748
4079.599, 0.6106409
4081.528, 0.8603868
4083.456, 0.4920939
4085.385, 0.5085701
4087.313, 0.5822146
4089.242, 0.4493472
4091.170, 0.5443475
4093.099, 0.2727218
4095.027, 0.5745803
4096.956, 0.3951883
4098.884, 0.2532805
4100.813, 0.5757697
4102.741, 0.3765249
4104.669, -2.4229109E-02
4106.598, 0.5378603
4108.526, 0.2286306
4110.455, 0.5993173
4112.383, 0.2713803
4114.312, 0.1041007
4116.240, 0.3135673
4118.169, 0.4037956
4120.097, 4.3317199E-02
4122.026, -0.1771912
4123.954, 9.4565473E-02
4125.883, 0.3588075
4127.811, 0.4745516
4129.740, 0.3709233
4131.668, 0.5050570
4133.597, 0.4665281
4135.525, 0.6203093
4137.454, 0.7520202
4139.382, 0.4191565
4141.311, 0.5601290
4143.239, 0.4798110
4145.167, 0.2795071
4147.096, 0.4309714
4149.024, 0.5030438
4150.953, 0.3940074
4152.881, 0.4335886
4154.810, 0.5705873
4156.738, 0.6817144
4158.667, 0.7447535
4160.595, 0.5109884
4162.523, 0.2831549
4164.452, 0.3371123
4166.380, 0.1850049
4168.309, 0.1594331
4170.237, 0.3724395
4172.166, 0.6263692
4174.094, 0.6847535
4176.023, 0.5616050
4177.951, 0.9509073
4179.880, 0.5471529
4181.808, 0.6112282
4183.737, 0.2154125
4185.665, 0.4108166
4187.594, 0.4151358
4189.522, 0.4061750
4191.451, 0.1841416
4193.379, 0.4597557
4195.308, 0.4008857
4197.236, 5.6534041E-02
4199.165, 0.2581762
4201.093, 0.5039250
4203.021, 0.2369126
4204.950, 0.3536088
4206.878, 0.4158117
4208.807, 0.5141363
4210.735, 0.2242417
4212.664, 0.2977172
4214.592, 0.4328724
4216.521, 0.6529633
4218.449, 0.7293300
4220.377, 0.4503585
4222.306, 0.5967194
4224.234, 0.5784485
4226.163, 0.3091985
4228.091, 0.5292780
4230.020, 0.9057782
4231.948, 0.8136333
4233.877, 0.6198550
4235.805, 0.4646442
4237.734, 0.5570858
4239.662, 0.8941739
4241.591, 0.2706911
4243.519, 0.3738019
4245.448, 0.4673315
4247.376, 0.1243328
4249.305, 0.5455658
4251.233, 0.6736146
4253.162, 0.5035335
4255.090, 1.024028
4257.019, 0.5865223
4258.947, 5.7904989E-02
4260.875, 9.7100109E-02
4262.804, 0.5092509
4264.732, 0.8415291
4266.661, 0.5498022
4268.589, 0.3999087
4270.518, 0.3573324
4272.446, 0.3363537
4274.375, 0.3355848
4276.303, 0.3491438
4278.231, 0.5403061
4280.160, 0.5309017
4282.088, 0.5299211
4284.017, 0.6052275
4285.945, 0.4849539
4287.874, 0.4170168
4289.802, 0.4685827
4291.731, 0.3997783
4293.659, 0.1812757
4295.588, 0.2070687
4297.516, 0.2761344
4299.445, -0.1565705
4301.373, -7.9017520E-02
4303.302, -8.6734727E-02
4305.230, 0.4185210
4307.159, 0.1443151
4309.087, 0.1068791
4311.016, 0.4186274
4312.944, -4.2190861E-02
4314.873, 5.5036150E-02
4316.801, -4.2593159E-02
4318.729, 7.6789893E-02
4320.658, 0.4204658
4322.586, 0.3687689
4324.515, 0.5571947
4326.443, 0.5810506
4328.372, 0.4140597
4330.300, 0.6026371
4332.229, 0.5239230
4334.157, 0.3199392
4336.085, 0.3047842
4338.014, 0.4471474
4339.942, 0.2182474
4341.871, 0.4460755
4343.799, 0.6911249
4345.728, 0.7922844
4347.656, 0.9426549
4349.585, 0.6292810
4351.513, 0.2714678
4353.442, 0.3481515
4355.370, 0.2982182
4357.299, 0.2917909
4359.227, 0.3822762
4361.156, 0.3532281
4363.084, 0.8228503
4365.013, 0.2072845
4366.941, 0.4141885
4368.870, 1.095594
4370.798, 0.4557132
4372.727, 0.2810406
4374.655, 0.4503738
4376.583, 0.3317863
4378.512, 0.2845923
##END=



