##NAMES=Natanite
##RRUFFID=R100016
##IDEAL CHEMISTRY=Fe^2+^Sn^4+^(OH)_6_
##LOCALITY=Level 10 silicate body, El Potosi mine, Santa Eulalia, Chihuahua, Mexico
##OWNER=RRUFF
##SOURCE=William Pinch
##DESCRIPTION=Orange octahedron, associated with black ilvaite, colorless fluorite, calcite
##STATUS=The identification of this mineral has been confirmed by single-crystal X-ray diffraction
##URL=https://www.rruff.net/odr/rruff_sample/R100016
##DIFFRACTION SAMPLE DESCRIPTION=Single crystal, powder profile is calculated
##CELL PARAMETERS=a: 7.865 b: 7.865 c: 7.865 alpha: 90 beta: 90 gamma: 90 volume: 486.45 crystal system: cubic
##FILETYPE=Raman RAW
##RAMAN WAVELENGTH=780

82.74634, 0.0000000E+00
84.67480, 561.9435
86.60327, 550.1547
88.53174, 606.5465
90.46021, 684.4442
92.38867, 772.5936
94.31714, 863.5031
96.24561, 874.2129
98.17407, 879.4229
100.1025, 882.9919
102.0310, 887.9944
103.9595, 892.0900
105.8879, 895.3077
107.8164, 897.4436
109.7449, 896.7618
111.6733, 893.4374
113.6018, 891.4435
115.5303, 890.0731
117.4587, 890.0540
119.3872, 890.8936
121.3157, 892.5325
123.2441, 895.1409
125.1726, 898.3378
127.1011, 901.3967
129.0295, 903.5520
130.9580, 905.9343
132.8865, 908.4960
134.8149, 911.3672
136.7434, 914.4872
138.6719, 917.8911
140.6003, 922.4639
142.5288, 929.0857
144.4573, 935.8447
146.3857, 942.5457
148.3142, 949.1735
150.2427, 956.0005
152.1711, 962.8217
154.0996, 968.5620
156.0281, 973.1328
157.9565, 976.3668
159.8850, 976.9894
161.8135, 977.3711
163.7419, 979.5576
165.6704, 982.7900
167.5989, 985.0875
169.5273, 986.2422
171.4558, 986.5391
173.3843, 985.0988
175.3127, 983.8217
177.2412, 984.0914
179.1697, 985.1099
181.0981, 985.5640
183.0266, 985.3421
184.9551, 984.8133
186.8835, 983.8209
188.8120, 982.7786
190.7405, 981.8806
192.6689, 980.9567
194.5974, 979.7380
196.5259, 978.1393
198.4543, 976.9802
200.3828, 976.7283
202.3113, 975.9504
204.2397, 974.1169
206.1682, 971.8033
208.0967, 969.2105
210.0252, 966.4645
211.9536, 964.4016
213.8821, 963.3798
215.8106, 961.8184
217.7390, 958.7714
219.6675, 956.3005
221.5960, 955.3820
223.5244, 955.6840
225.4529, 957.0353
227.3814, 959.7724
229.3098, 961.1506
231.2383, 960.3525
233.1668, 960.1100
235.0952, 961.5596
237.0237, 963.8964
238.9522, 966.2504
240.8806, 968.8801
242.8091, 973.2995
244.7376, 979.3047
246.6660, 987.3721
248.5945, 996.8391
250.5230, 1009.813
252.4514, 1028.022
254.3799, 1049.691
256.3083, 1073.358
258.2368, 1098.782
260.1653, 1121.421
262.0938, 1140.883
264.0222, 1157.794
265.9507, 1170.340
267.8792, 1182.567
269.8076, 1194.841
271.7361, 1209.201
273.6646, 1230.618
275.5930, 1258.884
277.5215, 1292.185
279.4500, 1330.914
281.3784, 1373.946
283.3069, 1423.075
285.2354, 1474.398
287.1638, 1528.897
289.0923, 1582.227
291.0208, 1623.676
292.9492, 1655.129
294.8777, 1661.280
296.8062, 1632.151
298.7346, 1586.122
300.6631, 1521.720
302.5916, 1447.975
304.5200, 1370.503
306.4485, 1292.237
308.3770, 1226.072
310.3054, 1174.562
312.2339, 1131.344
314.1624, 1095.752
316.0908, 1066.828
318.0193, 1045.132
319.9478, 1029.593
321.8762, 1018.904
323.8047, 1012.743
325.7332, 1009.195
327.6616, 1007.857
329.5901, 1009.976
331.5186, 1017.233
333.4471, 1025.831
335.3755, 1034.232
337.3040, 1043.032
339.2325, 1053.004
341.1609, 1064.092
343.0894, 1075.089
345.0179, 1085.351
346.9463, 1096.706
348.8748, 1109.152
350.8033, 1122.752
352.7317, 1137.437
354.6602, 1153.534
356.5887, 1171.590
358.5171, 1191.494
360.4456, 1212.088
362.3741, 1234.217
364.3025, 1255.279
366.2310, 1276.787
368.1595, 1294.587
370.0879, 1308.206
372.0164, 1315.784
373.9449, 1317.054
375.8733, 1311.073
377.8018, 1293.578
379.7303, 1262.446
381.6587, 1226.583
383.5872, 1184.527
385.5157, 1141.705
387.4441, 1099.417
389.3726, 1057.634
391.3011, 1014.547
393.2295, 972.5649
395.1580, 936.4044
397.0865, 906.4122
399.0149, 881.0929
400.9434, 861.1017
402.8719, 842.8447
404.8003, 824.9902
406.7288, 809.5194
408.6573, 798.0090
410.5857, 788.5704
412.5142, 778.9319
414.4427, 769.5607
416.3711, 762.5805
418.2996, 757.9734
420.2281, 754.4352
422.1565, 752.0435
424.0850, 750.0438
426.0135, 747.9576
427.9419, 746.4293
429.8704, 746.4090
431.7989, 746.9648
433.7273, 746.2574
435.6558, 744.6622
437.5843, 743.9141
439.5127, 744.2084
441.4412, 744.8935
443.3697, 746.3055
445.2981, 747.4123
447.2266, 747.5681
449.1551, 747.6260
451.0835, 748.3319
453.0120, 749.3193
454.9405, 750.0516
456.8689, 750.4686
458.7974, 750.1856
460.7259, 748.9276
462.6543, 747.7410
464.5828, 746.4099
466.5113, 745.7966
468.4397, 747.0963
470.3682, 748.4375
472.2967, 747.7783
474.2251, 746.2903
476.1536, 746.0071
478.0821, 746.8452
480.0105, 747.1840
481.9390, 746.4473
483.8675, 746.1277
485.7959, 745.8080
487.7244, 746.5488
489.6529, 749.8015
491.5813, 753.1190
493.5098, 754.3859
495.4383, 754.7629
497.3667, 755.7354
499.2952, 757.3284
501.2237, 759.4454
503.1521, 761.9252
505.0806, 765.4449
507.0091, 770.5554
508.9375, 775.7029
510.8660, 780.1967
512.7944, 785.0262
514.7229, 791.5842
516.6514, 798.1614
518.5798, 802.1658
520.5083, 804.5235
522.4368, 809.4808
524.3652, 817.6398
526.2937, 825.0622
528.2222, 831.4982
530.1506, 837.9606
532.0791, 844.0602
534.0076, 851.2479
535.9360, 859.3467
537.8645, 869.7717
539.7930, 883.2653
541.7214, 899.8334
543.6499, 918.4655
545.5784, 939.7084
547.5068, 968.5364
549.4353, 1004.449
551.3638, 1049.301
553.2922, 1101.561
555.2207, 1169.174
557.1492, 1257.366
559.0776, 1357.008
561.0061, 1470.754
562.9346, 1586.294
564.8630, 1697.878
566.7915, 1802.737
568.7200, 1894.389
570.6484, 1973.729
572.5769, 2045.061
574.5054, 2107.941
576.4338, 2187.768
578.3624, 2288.254
580.2908, 2403.478
582.2193, 2534.221
584.1478, 2677.184
586.0762, 2844.633
588.0047, 3008.716
589.9332, 3162.862
591.8616, 3292.446
593.7901, 3390.706
595.7186, 3442.924
597.6470, 3408.098
599.5755, 3286.935
601.5040, 3096.026
603.4324, 2820.647
605.3609, 2543.327
607.2894, 2262.681
609.2178, 2005.579
611.1463, 1771.760
613.0748, 1569.513
615.0032, 1406.676
616.9317, 1273.813
618.8602, 1167.561
620.7886, 1082.824
622.7171, 1013.000
624.6456, 956.8446
626.5740, 910.8287
628.5025, 875.3893
630.4310, 844.3661
632.3594, 818.0157
634.2879, 795.0795
636.2164, 776.1076
638.1448, 759.5144
640.0733, 745.9607
642.0018, 733.4949
643.9302, 721.3164
645.8587, 709.6522
647.7872, 698.2985
649.7156, 687.7601
651.6441, 679.0059
653.5726, 671.7643
655.5010, 664.9205
657.4295, 658.5259
659.3580, 651.9393
661.2864, 645.1973
663.2149, 638.1168
665.1434, 630.3614
667.0718, 623.0890
669.0003, 616.6116
670.9288, 610.5532
672.8572, 604.8538
674.7857, 599.4382
676.7142, 594.2543
678.6426, 589.3669
680.5711, 584.8799
682.4996, 580.7133
684.4280, 576.3401
686.3565, 572.0493
688.2850, 570.0319
690.2134, 570.4729
692.1419, 569.2750
694.0704, 566.1794
695.9988, 563.1923
697.9273, 560.5479
699.8558, 558.0341
701.7842, 555.6346
703.7127, 553.3148
705.6412, 551.0096
707.5696, 548.9185
709.4981, 546.8945
711.4266, 545.4059
713.3550, 545.2908
715.2835, 545.6000
717.2120, 544.7909
719.1404, 543.3762
721.0689, 543.0984
722.9974, 543.4872
724.9258, 541.9617
726.8543, 538.6331
728.7828, 536.5628
730.7112, 536.1877
732.6397, 535.7139
734.5682, 534.8926
736.4966, 533.8923
738.4251, 532.8194
740.3536, 531.4101
742.2820, 529.4103
744.2105, 527.2901
746.1390, 524.9269
748.0674, 522.9144
749.9959, 521.8907
751.9244, 521.2949
753.8528, 520.6887
755.7813, 520.0180
757.7098, 519.2019
759.6382, 518.2310
761.5667, 516.8079
763.4952, 515.1110
765.4236, 514.5985
767.3521, 515.4004
769.2806, 515.6921
771.2090, 515.5505
773.1375, 514.3002
775.0660, 510.6603
776.9944, 508.1629
778.9229, 507.7644
780.8514, 507.2876
782.7798, 506.2834
784.7083, 505.2100
786.6368, 503.9860
788.5652, 503.0585
790.4937, 502.8976
792.4222, 502.8222
794.3506, 502.2277
796.2791, 501.5244
798.2076, 501.2889
800.1360, 501.0743
802.0645, 499.8990
803.9930, 498.3117
805.9214, 498.1205
807.8499, 498.9188
809.7784, 497.9453
811.7068, 495.1973
813.6353, 493.8004
815.5638, 494.0391
817.4922, 493.6411
819.4207, 492.4735
821.3492, 491.5289
823.2776, 491.0245
825.2061, 489.9915
827.1346, 487.8362
829.0630, 486.9078
830.9915, 488.6084
832.9200, 489.4922
834.8484, 487.7358
836.7769, 486.0468
838.7054, 485.4033
840.6339, 485.3232
842.5623, 485.7429
844.4908, 486.4649
846.4193, 487.6969
848.3477, 488.8391
850.2762, 489.0415
852.2047, 489.1407
854.1331, 490.1877
856.0616, 491.8104
857.9901, 493.6458
859.9185, 495.4341
861.8470, 496.4156
863.7755, 496.8737
865.7039, 497.5831
867.6324, 498.6172
869.5609, 500.6809
871.4893, 503.4983
873.4178, 504.8135
875.3463, 504.6217
877.2747, 505.4748
879.2032, 507.6732
881.1317, 508.9907
883.0601, 509.1430
884.9886, 508.7706
886.9171, 507.6478
888.8455, 506.9566
890.7740, 507.9838
892.7025, 507.1457
894.6309, 503.0138
896.5594, 498.8983
898.4879, 496.1605
900.4163, 492.0581
902.3448, 484.8799
904.2733, 477.8587
906.2017, 472.7103
908.1302, 466.9275
910.0587, 457.9605
911.9871, 450.1488
913.9156, 446.7251
915.8441, 443.9272
917.7725, 439.3626
919.7010, 434.7131
921.6295, 430.9374
923.5579, 427.9243
925.4864, 425.9823
927.4149, 424.3302
929.3433, 421.9157
931.2718, 419.7105
933.2003, 419.2042
935.1287, 419.2103
937.0572, 417.9079
938.9857, 416.1537
940.9141, 415.5557
942.8426, 415.4577
944.7711, 414.2810
946.6995, 412.6821
948.6280, 412.6471
950.5565, 413.4902
952.4849, 412.7555
954.4134, 411.0435
956.3419, 411.0097
958.2703, 412.1208
960.1988, 411.1638
962.1273, 408.5788
964.0557, 407.4996
965.9842, 407.7744
967.9127, 408.3630
969.8411, 409.1431
971.7696, 408.6996
973.6981, 407.1552
975.6265, 406.5037
977.5550, 406.7354
979.4835, 406.9902
981.4119, 407.2069
983.3404, 406.5965
985.2689, 405.1762
987.1973, 404.0846
989.1258, 403.4102
991.0543, 403.0627
992.9827, 403.0386
994.9112, 402.5720
996.8397, 401.5626
998.7681, 401.0624
1000.697, 401.1977
1002.625, 401.2144
1004.554, 401.0537
1006.482, 400.3046
1008.410, 398.7692
1010.339, 397.7127
1012.267, 397.2630
1014.196, 397.3812
1016.124, 398.3878
1018.053, 398.4450
1019.981, 397.1276
1021.910, 395.9762
1023.838, 394.8878
1025.767, 394.7721
1027.695, 396.2907
1029.624, 396.8430
1031.552, 395.7384
1033.480, 395.1190
1035.409, 394.8807
1037.337, 395.6293
1039.266, 398.5831
1041.194, 399.8192
1043.123, 398.0349
1045.051, 397.5557
1046.980, 399.2824
1048.908, 400.0972
1050.837, 399.3930
1052.765, 399.3624
1054.694, 400.0839
1056.622, 401.4354
1058.551, 404.1086
1060.479, 404.6410
1062.407, 402.1190
1064.336, 400.8276
1066.264, 401.0102
1068.193, 402.2476
1070.121, 404.8842
1072.050, 406.2161
1073.978, 405.9110
1075.907, 406.2566
1077.835, 407.4691
1079.764, 408.0045
1081.692, 407.7589
1083.621, 407.5273
1085.549, 407.3163
1087.478, 407.8976
1089.406, 409.2759
1091.335, 410.1768
1093.263, 410.5413
1095.192, 409.9583
1097.120, 408.5174
1099.048, 407.4797
1100.977, 406.8061
1102.905, 405.6207
1104.834, 404.1104
1106.762, 403.9932
1108.691, 404.7821
1110.619, 403.7287
1112.548, 401.3705
1114.476, 399.8660
1116.405, 399.0420
1118.333, 398.3154
1120.262, 397.7414
1122.190, 397.4693
1124.119, 397.4742
1126.047, 397.9219
1127.975, 398.3928
1129.904, 398.3334
1131.832, 397.6197
1133.761, 395.5971
1135.689, 393.2321
1137.618, 391.8318
1139.546, 390.9213
1141.475, 389.9769
1143.403, 389.1853
1145.332, 389.1545
1147.260, 388.8037
1149.189, 386.5508
1151.117, 384.4058
1153.046, 384.3621
1154.974, 384.2549
1156.902, 382.4077
1158.831, 380.5255
1160.759, 379.7011
1162.688, 378.7932
1164.616, 377.5258
1166.545, 375.6868
1168.473, 372.8671
1170.402, 370.2123
1172.330, 368.0065
1174.259, 366.1676
1176.187, 364.6392
1178.116, 363.6278
1180.044, 363.3409
1181.973, 362.9182
1183.901, 362.1984
1185.829, 361.4561
1187.758, 360.6225
1189.686, 360.3086
1191.615, 360.6003
1193.543, 360.9746
1195.472, 361.4331
1197.400, 361.3863
1199.329, 360.8665
1201.257, 360.3183
1203.186, 359.7043
1205.114, 358.6211
1207.043, 357.4561
1208.971, 357.3405
1210.900, 358.0217
1212.828, 359.4497
1214.756, 360.8773
1216.685, 360.9655
1218.613, 360.6208
1220.542, 360.9090
1222.470, 361.1767
1224.399, 360.5162
1226.327, 360.0707
1228.256, 360.9981
1230.184, 361.6903
1232.113, 361.1559
1234.041, 360.6487
1235.970, 360.7332
1237.898, 360.5855
1239.827, 359.7068
1241.755, 359.6147
1243.683, 360.9836
1245.612, 360.9504
1247.540, 358.8380
1249.469, 358.9697
1251.397, 361.6553
1253.326, 362.5145
1255.254, 361.6302
1257.183, 361.8805
1259.111, 362.8846
1261.040, 362.2635
1262.968, 360.8974
1264.897, 361.0743
1266.825, 361.9732
1268.754, 362.4222
1270.682, 362.7059
1272.610, 363.0182
1274.539, 363.4434
1276.467, 364.3858
1278.396, 364.9511
1280.324, 364.0406
1282.253, 363.7805
1284.181, 365.8438
1286.110, 366.8282
1288.038, 365.0580
1289.967, 364.3042
1291.895, 365.5651
1293.824, 366.3016
1295.752, 366.2566
1297.681, 366.1003
1299.609, 365.8161
1301.537, 365.9838
1303.466, 366.5438
1305.394, 367.3556
1307.323, 368.1228
1309.251, 367.8447
1311.180, 367.0981
1313.108, 366.4943
1315.037, 366.2918
1316.965, 367.0343
1318.894, 367.8061
1320.822, 368.2084
1322.751, 368.2896
1324.679, 367.8485
1326.608, 367.7562
1328.536, 368.1671
1330.464, 368.6025
1332.393, 369.0947
1334.321, 369.6971
1336.250, 370.3502
1338.178, 370.3427
1340.107, 369.8082
1342.035, 369.2081
1343.964, 368.6533
1345.892, 368.7889
1347.821, 369.3750
1349.749, 369.9167
1351.678, 370.2562
1353.606, 370.1434
1355.535, 370.3515
1357.463, 371.2654
1359.391, 372.4688
1361.320, 374.5689
1363.248, 375.3055
1365.177, 373.5362
1367.105, 373.9538
1369.034, 377.1219
1370.962, 378.3111
1372.891, 377.6850
1374.819, 377.9946
1376.748, 378.9343
1378.676, 379.0532
1380.605, 379.4123
1382.533, 382.1598
1384.462, 385.0555
1386.390, 385.5835
1388.318, 386.5462
1390.247, 390.0928
1392.175, 392.9358
1394.104, 393.7317
1396.032, 394.5603
1397.961, 395.6529
1399.889, 397.5151
1401.818, 400.1595
1403.746, 401.6112
1405.675, 402.3440
1407.603, 405.0643
1409.532, 408.5901
1411.460, 410.7838
1413.389, 412.2033
1415.317, 413.0226
1417.245, 414.0192
1419.174, 415.3979
1421.102, 417.1394
1423.031, 419.5776
1424.959, 421.8102
1426.888, 423.5368
1428.816, 424.5717
1430.745, 425.1425
1432.673, 427.3136
1434.602, 430.2214
1436.530, 431.5844
1438.459, 432.6012
1440.387, 434.7640
1442.316, 436.4348
1444.244, 436.0854
1446.172, 436.1020
1448.101, 437.6496
1450.029, 438.3683
1451.958, 437.6475
1453.886, 437.6173
1455.815, 438.4966
1457.743, 438.1258
1459.672, 436.7154
1461.600, 435.8388
1463.529, 435.1647
1465.457, 434.1051
1467.386, 432.9784
1469.314, 431.9716
1471.243, 431.0901
1473.171, 430.4806
1475.099, 429.4919
1477.028, 427.8625
1478.956, 427.5791
1480.885, 428.4133
1482.813, 427.2561
1484.742, 424.9012
1486.670, 422.7931
1488.599, 420.9444
1490.527, 420.1305
1492.456, 419.7145
1494.384, 419.2257
1496.313, 418.3105
1498.241, 416.8011
1500.170, 415.5613
1502.098, 414.6632
1504.026, 413.6415
1505.955, 412.5518
1507.883, 412.0768
1509.812, 411.6941
1511.740, 410.3417
1513.669, 409.2174
1515.597, 408.9625
1517.526, 408.1607
1519.454, 406.7127
1521.383, 404.8056
1523.311, 402.2258
1525.240, 400.4866
1527.168, 399.7155
1529.097, 400.4999
1531.025, 401.7470
1532.953, 400.9034
1534.882, 398.7015
1536.810, 395.6596
1538.739, 393.8687
1540.667, 393.7858
1542.596, 393.8508
1544.524, 393.8097
1546.453, 393.4530
1548.381, 392.8248
1550.310, 391.3651
1552.238, 389.7927
1554.167, 389.8372
1556.095, 389.8918
1558.024, 387.6847
1559.952, 386.0913
1561.880, 386.8858
1563.809, 386.4262
1565.737, 384.3345
1567.666, 383.8512
1569.594, 384.4085
1571.523, 383.7924
1573.451, 382.4981
1575.380, 381.1320
1577.308, 379.9676
1579.237, 378.2280
1581.165, 377.7744
1583.094, 380.5013
1585.022, 380.7482
1586.951, 378.2940
1588.879, 377.3782
1590.807, 377.0515
1592.736, 375.3729
1594.664, 373.9703
1596.593, 374.3785
1598.521, 374.3637
1600.450, 372.1535
1602.378, 370.6157
1604.307, 370.5156
1606.235, 371.1225
1608.164, 371.8612
1610.092, 370.8858
1612.021, 369.3595
1613.949, 368.8383
1615.878, 368.1873
1617.806, 366.2439
1619.734, 364.8245
1621.663, 364.9842
1623.591, 364.6322
1625.520, 363.5840
1627.448, 362.7893
1629.377, 362.0958
1631.305, 362.2398
1633.234, 361.9356
1635.162, 359.7132
1637.091, 357.5146
1639.019, 356.2610
1640.948, 355.9241
1642.876, 356.0639
1644.805, 355.6081
1646.733, 355.0235
1648.661, 354.6428
1650.590, 354.1463
1652.518, 353.4821
1654.447, 352.9047
1656.375, 352.5422
1658.304, 352.2612
1660.232, 351.7875
1662.161, 350.3234
1664.089, 348.9973
1666.018, 349.0533
1667.946, 348.7701
1669.875, 347.7090
1671.803, 346.6665
1673.732, 345.6896
1675.660, 345.9381
1677.589, 346.6032
1679.517, 345.5560
1681.445, 343.7409
1683.374, 342.6387
1685.302, 342.0005
1687.231, 340.8724
1689.159, 340.5266
1691.088, 341.0106
1693.016, 339.9832
1694.945, 338.2786
1696.873, 337.6772
1698.802, 337.4665
1700.730, 337.2398
1702.659, 336.6628
1704.587, 335.4274
1706.516, 334.4356
1708.444, 333.7097
1710.372, 333.6626
1712.301, 333.1328
1714.229, 331.8919
1716.158, 331.4301
1718.086, 331.3992
1720.015, 330.5014
1721.943, 328.9525
1723.872, 328.4109
1725.800, 328.5633
1727.729, 327.6286
1729.657, 326.5212
1731.586, 326.1070
1733.514, 325.0510
1735.443, 323.6357
1737.371, 323.1055
1739.299, 323.0179
1741.228, 322.5743
1743.156, 321.2790
1745.085, 319.6614
1747.013, 318.8050
1748.942, 318.1270
1750.870, 317.3231
1752.799, 316.5951
1754.727, 315.4838
1756.656, 314.0904
1758.584, 313.3669
1760.513, 312.8065
1762.441, 311.4637
1764.370, 310.6551
1766.298, 310.4901
1768.226, 309.2519
1770.155, 307.8317
1772.083, 307.3894
1774.012, 307.0294
1775.940, 306.1255
1777.869, 305.0684
1779.797, 304.3544
1781.726, 304.0859
1783.654, 303.6844
1785.583, 303.0450
1787.511, 302.0990
1789.440, 300.5689
1791.368, 299.6544
1793.297, 299.4080
1795.225, 298.5597
1797.153, 297.6489
1799.082, 297.3830
1801.010, 296.4042
1802.939, 294.7130
1804.867, 293.2411
1806.796, 291.8877
1808.724, 291.7431
1810.653, 291.9134
1812.581, 291.1289
1814.510, 290.4466
1816.438, 289.8152
1818.367, 288.9171
1820.295, 288.1569
1822.224, 287.2380
1824.152, 286.3042
1826.080, 285.4520
1828.009, 284.9243
1829.937, 284.7711
1831.866, 283.7867
1833.794, 282.4452
1835.723, 283.2707
1837.651, 284.0899
1839.580, 281.9130
1841.508, 279.6621
1843.437, 278.8477
1845.365, 279.1238
1847.294, 279.3024
1849.222, 277.7346
1851.151, 276.4918
1853.079, 276.4344
1855.007, 275.6505
1856.936, 274.1660
1858.864, 273.5672
1860.793, 273.9203
1862.721, 274.1465
1864.650, 272.7462
1866.578, 270.1818
1868.507, 269.2393
1870.435, 269.3107
1872.364, 268.9446
1874.292, 268.7417
1876.221, 268.8421
1878.149, 267.9170
1880.078, 266.2644
1882.006, 265.8561
1883.934, 266.0736
1885.863, 266.7019
1887.791, 266.9925
1889.720, 265.2716
1891.648, 264.4543
1893.577, 264.7831
1895.505, 263.7431
1897.434, 262.6871
1899.362, 262.5634
1901.291, 261.8391
1903.219, 260.8075
1905.148, 259.9070
1907.076, 259.6515
1909.005, 260.6522
1910.933, 260.2203
1912.861, 259.2380
1914.790, 259.3025
1916.718, 258.8444
1918.647, 257.2035
1920.575, 256.6430
1922.504, 257.8309
1924.432, 258.0309
1926.361, 256.7032
1928.289, 255.7304
1930.218, 255.5234
1932.146, 255.6614
1934.075, 254.9646
1936.003, 253.4629
1937.932, 253.2658
1939.860, 253.9184
1941.788, 253.5486
1943.717, 252.9846
1945.645, 252.8903
1947.574, 252.2782
1949.502, 251.4059
1951.431, 251.1192
1953.359, 250.4297
1955.288, 248.4973
1957.216, 247.5164
1959.145, 247.4640
1961.073, 247.3100
1963.002, 247.2359
1964.930, 247.0832
1966.859, 246.1030
1968.787, 243.7017
1970.715, 243.1334
1972.644, 244.1050
1974.572, 243.0796
1976.501, 241.1551
1978.429, 240.4813
1980.358, 240.4326
1982.286, 239.1765
1984.215, 237.7866
1986.143, 237.2224
1988.072, 236.1629
1990.000, 234.9549
1991.929, 233.5369
1993.857, 232.2452
1995.786, 231.6097
1997.714, 231.8588
1999.642, 231.4501
2001.571, 229.7837
2003.499, 228.4012
2005.428, 227.3780
2007.356, 226.3465
2009.285, 225.0945
2011.213, 224.2108
2013.142, 223.2143
2015.070, 222.1322
2016.999, 221.7475
2018.927, 221.5624
2020.856, 220.6774
2022.784, 218.7118
2024.713, 216.8729
2026.641, 216.0319
2028.569, 215.4814
2030.498, 214.2520
2032.426, 213.3911
2034.355, 213.1715
2036.283, 212.7373
2038.212, 211.8877
2040.140, 210.6800
2042.069, 209.8295
2043.997, 208.9221
2045.926, 207.3763
2047.854, 205.8580
2049.782, 204.8019
2051.711, 204.1057
2053.639, 203.7554
2055.568, 202.6024
2057.497, 201.1824
2059.425, 199.9877
2061.354, 199.1340
2063.282, 199.0408
2065.210, 197.8918
2067.139, 196.9539
2069.067, 197.3678
2070.996, 196.4993
2072.924, 195.1493
2074.853, 194.2727
2076.781, 193.0459
2078.710, 191.6468
2080.638, 190.7366
2082.567, 190.3683
2084.495, 189.7455
2086.424, 188.5470
2088.352, 187.7122
2090.281, 187.2643
2092.209, 186.3036
2094.137, 185.6333
2096.066, 185.3793
2097.994, 184.9025
2099.923, 183.4746
2101.851, 182.7865
2103.780, 183.4178
2105.708, 183.0657
2107.637, 181.6782
2109.565, 180.0003
2111.494, 178.9737
2113.422, 177.5754
2115.351, 176.4900
2117.279, 176.5084
2119.208, 176.3000
2121.136, 175.5412
2123.064, 174.3937
2124.993, 174.3890
2126.921, 174.4422
2128.850, 172.8518
2130.778, 171.5145
2132.707, 171.1431
2134.635, 170.9436
2136.564, 170.5329
2138.492, 169.9480
2140.421, 169.6263
2142.349, 169.6319
2144.278, 167.7221
2146.206, 165.8960
2148.135, 166.3549
2150.063, 165.8448
2151.991, 164.9063
2153.920, 164.4897
2155.848, 163.7585
2157.777, 162.8648
2159.705, 162.0867
2161.634, 161.0897
2163.562, 160.8163
2165.491, 160.7138
2167.419, 160.1531
2169.348, 159.8624
2171.276, 159.4192
2173.205, 158.4951
2175.133, 158.1211
2177.062, 157.5538
2178.990, 156.9119
2180.918, 156.6468
2182.847, 155.6296
2184.775, 154.7713
2186.704, 154.0207
2188.632, 153.2309
2190.561, 153.0603
2192.489, 153.8555
2194.418, 153.6588
2196.346, 151.9776
2198.275, 151.2940
2200.203, 151.1759
2202.132, 150.6739
2204.060, 149.4464
2205.989, 149.1186
2207.917, 149.6915
2209.845, 148.8823
2211.774, 147.8786
2213.702, 147.7044
2215.631, 147.5954
2217.559, 146.9551
2219.488, 146.4661
2221.416, 146.1063
2223.345, 145.3341
2225.273, 145.4523
2227.202, 145.8249
2229.130, 145.3687
2231.059, 145.7680
2232.987, 146.3681
2234.916, 146.0968
2236.844, 146.2234
2238.772, 146.3906
2240.701, 147.2367
2242.629, 148.1575
2244.558, 148.1872
2246.486, 147.9127
2248.415, 147.5882
2250.343, 148.0654
2252.272, 147.5193
2254.200, 145.6243
2256.129, 144.3034
2258.057, 143.1195
2259.986, 141.4527
2261.914, 139.1608
2263.843, 136.7751
2265.771, 135.5745
2267.699, 134.5731
2269.628, 133.8219
2271.556, 133.1949
2273.485, 132.1754
2275.413, 131.3798
2277.342, 130.7873
2279.270, 129.9996
2281.199, 129.3567
2283.127, 128.8467
2285.056, 128.5146
2286.984, 127.5992
2288.913, 126.4258
2290.841, 125.9763
2292.770, 125.7491
2294.698, 125.7433
2296.626, 125.7680
2298.555, 125.3743
2300.483, 124.7351
2302.412, 124.3548
2304.340, 123.5411
2306.269, 122.3615
2308.197, 121.9286
2310.126, 122.0732
2312.054, 120.5872
2313.983, 119.7624
2315.911, 120.7008
2317.840, 119.8648
2319.768, 118.4693
2321.697, 118.5945
2323.625, 118.4933
2325.553, 118.1015
2327.482, 117.6928
2329.410, 116.7600
2331.339, 114.9569
2333.267, 114.6839
2335.196, 114.8530
2337.124, 114.6152
2339.053, 113.7995
2340.981, 113.1298
2342.910, 113.2486
2344.838, 112.8733
2346.767, 112.4087
2348.695, 112.2047
2350.624, 111.9177
2352.552, 111.5144
2354.480, 111.0403
2356.409, 110.4522
2358.337, 109.9360
2360.266, 109.8355
2362.194, 109.2340
2364.123, 108.0002
2366.051, 107.3120
2367.980, 107.2546
2369.908, 107.4752
2371.837, 107.2552
2373.765, 106.7713
2375.694, 106.8498
2377.622, 106.8137
2379.551, 105.6846
2381.479, 104.6645
2383.407, 104.2117
2385.336, 104.1345
2387.264, 104.5189
2389.193, 104.2949
2391.121, 102.8878
2393.050, 102.5329
2394.978, 102.7607
2396.907, 102.2498
2398.835, 101.4527
2400.764, 100.9734
2402.692, 100.7791
2404.621, 100.1640
2406.549, 99.43779
2408.478, 99.42359
2410.406, 99.56945
2412.334, 99.13575
2414.263, 98.89107
2416.191, 99.36949
2418.120, 98.63631
2420.048, 97.71638
2421.977, 97.24021
2423.905, 96.61012
2425.834, 96.04244
2427.762, 95.34599
2429.691, 94.78540
2431.619, 94.83983
2433.548, 95.17222
2435.476, 95.27454
2437.405, 94.85140
2439.333, 94.19933
2441.261, 93.59624
2443.190, 93.11948
2445.118, 92.34229
2447.047, 91.66629
2448.975, 91.73304
2450.904, 91.42795
2452.832, 91.32034
2454.761, 91.60119
2456.689, 90.91343
2458.618, 89.94067
2460.546, 89.52747
2462.475, 88.93271
2464.403, 88.17210
2466.332, 88.49185
2468.260, 87.82760
2470.188, 86.39571
2472.117, 87.13093
2474.045, 87.53389
2475.974, 86.57032
2477.902, 86.67297
2479.831, 86.51276
2481.759, 85.60103
2483.688, 84.77881
2485.616, 84.63432
2487.545, 84.91447
2489.473, 84.48079
2491.402, 83.84673
2493.330, 82.94277
2495.259, 82.89854
2497.187, 83.21622
2499.115, 82.60237
2501.044, 82.45459
2502.972, 82.51460
2504.901, 82.06069
2506.829, 81.64450
2508.758, 81.28490
2510.686, 80.01976
2512.615, 79.88503
2514.543, 80.60380
2516.472, 80.16535
2518.400, 80.07674
2520.329, 79.60702
2522.257, 78.62441
2524.186, 78.31870
2526.114, 77.92575
2528.042, 81.40115
2529.971, 84.02166
2531.899, 82.90084
2533.828, 82.14839
2535.756, 81.06410
2537.685, 78.01082
2539.613, 77.93290
2541.542, 78.02021
2543.470, 75.88841
2545.399, 75.35193
2547.327, 75.56120
2549.256, 75.26244
2551.184, 74.40693
2553.113, 73.83286
2555.041, 73.91157
2556.969, 74.30059
2558.898, 74.35195
2560.826, 73.42403
2562.755, 73.63134
2564.683, 73.66263
2566.612, 72.19859
2568.540, 71.69292
2570.469, 71.70908
2572.397, 71.77196
2574.326, 71.32278
2576.254, 70.78416
2578.183, 70.48812
2580.111, 70.40858
2582.040, 70.34932
2583.968, 69.48328
2585.896, 69.03184
2587.825, 68.72293
2589.753, 68.18767
2591.682, 68.35027
2593.610, 68.56255
2595.539, 67.81835
2597.467, 67.17171
2599.396, 66.78004
2601.324, 66.76337
2603.253, 66.25768
2605.181, 65.95690
2607.110, 66.37332
2609.038, 66.17910
2610.967, 66.29952
2612.895, 67.88345
2614.823, 66.85828
2616.752, 65.13917
2618.680, 64.85812
2620.609, 64.28220
2622.537, 63.81404
2624.466, 63.81610
2626.394, 64.46202
2628.323, 64.84171
2630.251, 63.63969
2632.180, 62.65840
2634.108, 62.02086
2636.037, 61.68086
2637.965, 61.27832
2639.894, 61.11385
2641.822, 61.88800
2643.750, 61.76123
2645.679, 61.21675
2647.607, 60.68647
2649.536, 60.16201
2651.464, 59.81064
2653.393, 59.96386
2655.321, 59.70327
2657.250, 59.58020
2659.178, 60.18026
2661.107, 59.55191
2663.035, 58.79064
2664.964, 58.46891
2666.892, 57.97486
2668.821, 57.50689
2670.749, 57.03118
2672.677, 57.35148
2674.606, 57.35942
2676.534, 56.76540
2678.463, 56.39729
2680.391, 56.44549
2682.320, 56.79626
2684.248, 56.08533
2686.177, 55.51985
2688.105, 55.32867
2690.034, 55.11732
2691.962, 54.84900
2693.891, 54.50356
2695.819, 54.05785
2697.748, 53.78616
2699.676, 53.67022
2701.604, 53.55793
2703.533, 53.99603
2705.461, 54.45173
2707.390, 54.06246
2709.318, 53.28611
2711.247, 52.59049
2713.175, 52.50819
2715.104, 52.18979
2717.032, 51.91564
2718.961, 51.94871
2720.889, 51.53249
2722.818, 51.20473
2724.746, 51.22166
2726.675, 50.67348
2728.603, 50.27335
2730.531, 50.20427
2732.460, 49.65040
2734.388, 49.86212
2736.317, 50.57639
2738.245, 50.23935
2740.174, 49.48792
2742.102, 48.82035
2744.031, 48.99036
2745.959, 48.87286
2747.888, 48.46036
2749.816, 47.79678
2751.745, 48.07314
2753.673, 48.20958
2755.602, 47.54467
2757.530, 47.64653
2759.458, 47.53753
2761.387, 46.83187
2763.315, 46.61652
2765.244, 46.76712
2767.172, 47.06862
2769.101, 46.46086
2771.029, 46.16190
2772.958, 46.26065
2774.886, 45.76038
2776.815, 45.42047
2778.743, 45.39268
2780.672, 45.94492
2782.600, 45.00084
2784.529, 44.41356
2786.457, 45.42219
2788.385, 44.37803
2790.314, 43.67313
2792.242, 43.86763
2794.171, 44.17562
2796.099, 44.11160
2798.028, 43.62743
2799.956, 43.59401
2801.885, 43.36178
2803.813, 42.96264
2805.742, 42.77160
2807.670, 42.95306
2809.599, 42.57576
2811.527, 41.39672
2813.456, 41.54881
2815.384, 42.10155
2817.313, 42.63606
2819.241, 41.29143
2821.169, 41.08625
2823.098, 41.67719
2825.026, 40.54019
2826.955, 40.72922
2828.883, 41.10064
2830.812, 40.26403
2832.740, 39.50453
2834.669, 39.55390
2836.597, 40.58231
2838.526, 40.26643
2840.454, 40.07072
2842.383, 40.09217
2844.311, 39.39885
2846.240, 39.20441
2848.168, 38.99432
2850.096, 38.47524
2852.025, 38.99183
2853.953, 39.48420
2855.882, 39.41979
2857.810, 38.67937
2859.739, 38.32772
2861.667, 38.42201
2863.596, 38.41575
2865.524, 38.47294
2867.453, 38.49802
2869.381, 37.77841
2871.310, 37.53089
2873.238, 37.61096
2875.167, 37.90697
2877.095, 37.48843
2879.023, 37.66219
2880.952, 38.12320
2882.880, 37.48226
2884.809, 36.88085
2886.737, 36.98497
2888.666, 38.52731
2890.594, 38.10194
2892.523, 37.06282
2894.451, 36.14204
2896.380, 35.97335
2898.308, 38.44141
2900.237, 40.85250
2902.165, 37.75844
2904.094, 35.60348
2906.022, 35.18617
2907.950, 35.41386
2909.879, 35.21045
2911.807, 35.60329
2913.736, 36.33764
2915.664, 36.23816
2917.593, 35.92934
2919.521, 35.69127
2921.450, 35.64695
2923.378, 36.14070
2925.307, 36.31260
2927.235, 36.09742
2929.164, 36.50375
2931.092, 36.12633
2933.021, 36.03661
2934.949, 37.19169
2936.877, 37.23967
2938.806, 37.06379
2940.734, 37.19556
2942.663, 37.05656
2944.591, 37.31514
2946.520, 37.62553
2948.448, 37.78410
2950.377, 37.46799
2952.305, 36.70500
2954.234, 35.79480
2956.162, 35.99434
2958.091, 35.64276
2960.019, 35.10607
2961.948, 35.12763
2963.876, 35.75542
2965.804, 35.76972
2967.733, 35.14226
2969.661, 34.73613
2971.590, 34.89146
2973.518, 35.02176
2975.447, 35.29918
2977.375, 35.82574
2979.304, 35.66646
2981.232, 34.94004
2983.161, 35.16503
2985.089, 34.68265
2987.018, 33.88764
2988.946, 33.87477
2990.875, 34.35029
2992.803, 34.55286
2994.731, 34.05614
2996.660, 33.15854
2998.588, 33.67287
3000.517, 33.57381
3002.445, 32.61849
3004.374, 32.63002
3006.302, 32.49892
3008.231, 32.30655
3010.159, 33.04566
3012.088, 32.97081
3014.016, 32.92836
3015.945, 32.93128
3017.873, 32.65764
3019.802, 32.64517
3021.730, 32.80848
3023.658, 32.62205
3025.587, 32.67579
3027.515, 32.88027
3029.444, 33.25854
3031.372, 33.17829
3033.301, 33.60011
3035.229, 33.86316
3037.158, 34.60620
3039.086, 33.70014
3041.015, 33.94623
3042.943, 34.42649
3044.872, 35.01699
3046.800, 34.46151
3048.729, 34.15862
3050.657, 34.65605
3052.585, 35.93353
3054.514, 35.61314
3056.442, 35.03154
3058.371, 35.63021
3060.299, 36.33875
3062.228, 36.75017
3064.156, 37.45243
3066.085, 38.84783
3068.013, 38.86968
3069.942, 38.29333
3071.870, 37.99934
3073.799, 38.54811
3075.727, 38.67702
3077.656, 38.69425
3079.584, 38.68590
3081.512, 39.06821
3083.441, 39.09290
3085.369, 39.34005
3087.298, 40.15174
3089.226, 40.49603
3091.155, 40.43354
3093.083, 39.61835
3095.012, 38.70594
3096.940, 38.08077
3098.869, 37.98004
3100.797, 38.00128
3102.726, 37.89097
3104.654, 37.14738
3106.583, 36.77976
3108.511, 36.95912
3110.439, 36.68395
3112.368, 35.86401
3114.296, 35.49372
3116.225, 35.18116
3118.153, 34.83571
3120.082, 34.92561
3122.010, 34.39960
3123.939, 33.39179
3125.867, 33.42594
3127.796, 32.74453
3129.724, 32.06553
3131.653, 31.62692
3133.581, 30.59382
3135.510, 30.20955
3137.438, 30.25753
3139.366, 29.93275
3141.295, 30.39531
3143.223, 29.87085
3145.152, 28.58008
3147.080, 28.78390
3149.009, 28.78985
3150.937, 28.21477
3152.866, 27.38441
3154.794, 26.32155
3156.723, 26.71721
3158.651, 26.43968
3160.580, 25.81078
3162.508, 25.96433
3164.437, 24.89664
3166.365, 24.44399
3168.293, 24.87588
3170.222, 24.80053
3172.150, 24.81221
3174.079, 24.54455
3176.007, 23.84383
3177.936, 22.97791
3179.864, 22.81019
3181.793, 22.93017
3183.721, 22.87305
3185.650, 22.82183
3187.578, 21.93823
3189.507, 21.32474
3191.435, 21.39696
3193.364, 20.77706
3195.292, 21.23025
3197.220, 21.33016
3199.149, 20.40645
3201.077, 20.44774
3203.006, 19.68613
3204.934, 19.35180
3206.863, 19.82741
3208.791, 18.94553
3210.720, 18.67459
3212.648, 19.02688
3214.577, 19.38739
3216.505, 20.02810
3218.434, 19.61541
3220.362, 19.38113
3222.291, 19.54428
3224.219, 18.13037
3226.147, 18.98866
3228.076, 19.23340
3230.004, 18.55651
3231.933, 18.63929
3233.861, 18.26306
3235.790, 18.17496
3237.718, 18.60315
3239.647, 19.14734
3241.575, 18.68907
3243.504, 18.13366
3245.432, 18.40295
3247.361, 19.20931
3249.289, 19.07864
3251.218, 18.43256
3253.146, 17.92637
3255.074, 17.98265
3257.003, 18.54918
3258.931, 17.99050
3260.860, 16.96996
3262.788, 17.89869
3264.717, 17.55414
3266.645, 17.15109
3268.574, 17.14172
3270.502, 17.50915
3272.431, 17.37293
3274.359, 16.97209
3276.288, 16.54666
3278.216, 16.38998
3280.145, 17.11037
3282.073, 16.22209
3284.001, 15.76137
3285.930, 16.75235
3287.858, 17.14310
3289.787, 16.97183
3291.715, 16.59863
3293.644, 16.18445
3295.572, 15.84053
3297.501, 16.12124
3299.429, 16.77943
3301.358, 16.59145
3303.286, 15.65660
3305.215, 16.54998
3307.143, 15.83384
3309.072, 15.62357
3311.000, 16.08721
3312.928, 16.35354
3314.857, 16.29977
3316.785, 16.42437
3318.714, 16.02908
3320.642, 14.84669
3322.571, 14.83753
3324.499, 15.48959
3326.428, 15.45814
3328.356, 15.06768
3330.285, 15.60814
3332.213, 15.43526
3334.142, 14.35756
3336.070, 13.57009
3337.999, 14.24452
3339.927, 13.64425
3341.855, 13.87167
3343.784, 14.07950
3345.712, 14.12123
3347.641, 13.88954
3349.569, 13.00856
3351.498, 12.85624
3353.426, 13.27982
3355.355, 13.37536
3357.283, 13.04320
3359.212, 12.94534
3361.140, 13.29994
3363.069, 13.68377
3364.997, 12.50615
3366.926, 12.91541
3368.854, 13.53752
3370.782, 13.50022
3372.711, 12.40706
3374.639, 11.90294
3376.568, 12.02386
3378.496, 12.09042
3380.425, 11.88065
3382.353, 11.95100
3384.282, 11.55573
3386.210, 10.75518
3388.139, 10.31126
3390.067, 11.03056
3391.996, 11.25629
3393.924, 10.97607
3395.853, 11.11945
3397.781, 11.27707
3399.709, 9.876410
3401.638, 11.00967
3403.566, 11.17353
3405.495, 11.50444
3407.423, 12.95262
3409.352, 10.63014
3411.280, 9.679223
3413.209, 9.742372
3415.137, 10.14286
3417.066, 10.50311
3418.994, 9.738988
3420.923, 9.511592
3422.851, 9.819955
3424.780, 10.15947
3426.708, 9.831016
3428.636, 9.531247
3430.565, 9.585244
3432.493, 9.279814
3434.422, 8.656285
3436.350, 10.37102
3438.279, 9.427608
3440.207, 8.442756
3442.136, 8.309947
3444.064, 8.950459
3445.993, 10.88045
3447.921, 8.516956
3449.850, 7.908963
3451.778, 9.004846
3453.707, 8.251603
3455.635, 8.535357
3457.563, 9.070277
3459.492, 8.425418
3461.420, 7.241147
3463.349, 7.433259
3465.277, 8.176880
3467.206, 8.220799
3469.134, 8.112880
3471.063, 7.959039
3472.991, 7.281942
3474.920, 6.860084
3476.848, 6.990490
3478.777, 7.095189
3480.705, 6.884726
3482.634, 6.546518
3484.562, 7.174175
3486.490, 7.760743
3488.419, 7.701004
3490.347, 7.084737
3492.276, 6.541975
3494.204, 6.329066
3496.133, 6.600734
3498.061, 6.687319
3499.990, 6.019364
3501.918, 3.934944
3503.847, 5.819003
3505.775, 5.988117
3507.704, 5.634859
3509.632, 6.030966
3511.561, 6.578122
3513.489, 6.193818
3515.417, 6.483090
3517.346, 6.563556
3519.274, 6.349358
3521.203, 6.801301
3523.131, 6.707319
3525.060, 6.774413
3526.988, 9.347247
3528.917, 11.22458
3530.845, 7.452871
3532.774, 5.912223
3534.702, 5.596814
3536.631, 5.726800
3538.559, 5.869910
3540.488, 5.790549
3542.416, 5.277663
3544.344, 5.156034
3546.273, 5.518113
3548.201, 5.546109
3550.130, 4.844476
3552.058, 4.372013
3553.987, 5.213409
3555.915, 5.563098
3557.844, 5.097395
3559.772, 4.477582
3561.701, 5.066805
3563.629, 4.363210
3565.558, 5.049683
3567.486, 5.346262
3569.415, 4.841927
3571.343, 4.708825
3573.271, 4.843572
3575.200, 4.929314
3577.128, 5.596634
3579.057, 5.776719
3580.985, 4.685385
3582.914, 3.721141
3584.842, 4.983160
3586.771, 4.661896
3588.699, 4.302384
3590.628, 4.652821
3592.556, 4.528039
3594.485, 4.829847
3596.413, 4.776909
3598.342, 4.907349
3600.270, 5.033633
3602.198, 4.797959
3604.127, 4.327258
3606.055, 4.589263
3607.984, 5.355246
3609.912, 5.419309
3611.841, 4.424488
3613.769, 3.074855
3615.698, 4.715121
3617.626, 3.164917
3619.555, 2.950426
3621.483, 4.147110
3623.412, 4.825541
3625.340, 3.530369
3627.269, 3.846426
3629.197, 4.784646
3631.125, 4.548573
3633.054, 4.100843
3634.982, 4.951741
3636.911, 4.334758
3638.839, 4.572886
3640.768, 4.100778
3642.696, 3.648300
3644.625, 3.947880
3646.553, 4.682862
3648.482, 3.726477
3650.410, 4.024055
3652.339, 5.000126
3654.267, 4.923769
3656.196, 3.694185
3658.124, 3.089695
3660.052, 3.677228
3661.981, 3.895062
3663.909, 3.090790
3665.838, 2.948310
3667.766, 3.855633
3669.695, 3.496451
3671.623, 3.547273
3673.552, 3.836502
3675.480, 3.046215
3677.409, 2.566695
3679.337, 3.261713
3681.266, 3.642680
3683.194, 4.316982
3685.123, 3.147216
3687.051, 2.727437
3688.979, 2.874006
3690.908, 2.923930
3692.836, 3.488209
3694.765, 2.510962
3696.693, 3.523544
3698.622, 2.785292
3700.550, 1.834900
3702.479, 2.431272
3704.407, 3.369878
3706.336, 3.560694
3708.264, 2.901767
3710.193, 2.906827
3712.121, 3.233019
3714.050, 3.244653
3715.978, 2.950943
3717.906, 3.026722
3719.835, 2.458477
3721.763, 2.278647
3723.692, 2.609321
3725.620, 2.490645
3727.549, 1.632095
3729.477, 3.192300
3731.406, 2.641198
3733.334, 2.870154
3735.263, 3.091961
3737.191, 2.853581
3739.120, 2.394281
3741.048, 2.034340
3742.977, 2.830434
3744.905, 2.797803
3746.833, 3.418031
3748.762, 3.351012
3750.690, 2.443861
3752.619, 2.078212
3754.547, 2.268754
3756.476, 3.670981
3758.404, 3.032284
3760.333, 2.881139
3762.261, 2.787378
3764.190, 1.891175
3766.118, 1.724330
3768.047, 2.756698
3769.975, 3.003324
3771.904, 2.311909
3773.832, 2.769743
3775.760, 3.418817
3777.689, 2.857929
3779.617, 4.481685
3781.546, 2.998747
3783.474, 1.819405
3785.403, 2.589444
3787.331, 3.397175
3789.260, 3.125001
3791.188, 2.623544
3793.117, 3.213617
3795.045, 2.323742
3796.974, 3.199073
3798.902, 4.240556
3800.831, 3.605140
3802.759, 2.374389
3804.688, 2.846120
3806.616, 3.596599
3808.544, 2.366653
3810.473, 1.801518
3812.401, 0.9481772
3814.330, 1.003400
3816.258, 2.197671
3818.187, 2.973633
3820.115, 2.166056
3822.044, 1.425828
3823.972, 2.124300
3825.901, 1.788519
3827.829, 1.406505
3829.758, 1.523288
3831.686, 1.519057
3833.615, 1.924195
3835.543, 2.899662
3837.471, 2.404840
3839.400, 1.489759
3841.328, 1.775589
3843.257, 2.122270
3845.185, 1.552050
3847.114, 2.185395
3849.042, 2.140244
3850.971, 1.880739
3852.899, 2.128890
3854.828, 2.276174
3856.756, 1.840051
3858.685, 1.457712
3860.613, 2.263210
3862.542, 3.798447
3864.470, 3.203646
3866.398, 3.672550
3868.327, 2.318546
3870.255, 1.306185
3872.184, 2.254277
3874.112, 3.470329
3876.041, 2.541364
3877.969, 3.267720
3879.898, 1.834104
3881.826, 2.116874
3883.755, 2.298659
3885.683, 1.253300
3887.612, 1.183558
3889.540, 2.623707
3891.469, 0.7476786
3893.397, 3.087921
3895.325, 2.873383
3897.254, 1.583423
3899.182, 1.888448
3901.111, 2.219157
3903.039, 1.852113
3904.968, 1.840305
3906.896, 2.269559
3908.825, 2.372144
3910.753, 1.916912
3912.682, 1.872276
3914.610, 1.962609
3916.539, 1.727531
3918.467, 2.093693
3920.396, 3.195790
3922.324, 3.066117
3924.252, 2.767727
3926.181, 2.081263
3928.109, 1.849285
3930.038, 2.418368
3931.966, 2.893016
3933.895, 2.737243
3935.823, 2.325828
3937.752, 2.377045
3939.680, 3.435146
3941.609, 1.900233
3943.537, 2.423127
3945.466, 2.363943
3947.394, 3.643885
3949.323, 3.029181
3951.251, 1.594579
3953.179, 2.047441
3955.108, 2.566046
3957.036, 2.950592
3958.965, 2.445014
3960.893, 1.297744
3962.822, 1.476853
3964.750, 1.880237
3966.679, 2.116656
3968.607, 1.834159
3970.536, 1.423490
3972.464, 1.971285
3974.393, 2.191311
3976.321, 2.617987
3978.250, 1.548783
3980.178, 1.392868
3982.106, 1.879231
3984.035, 1.097052
3985.963, 0.1069494
3987.892, 0.7127544
3989.820, 1.507340
3991.749, 0.2964209
3993.677, 0.4376279
3995.606, 0.4489961
3997.534, 1.019631
3999.463, 0.2037388
4001.391, 8.6874261E-02
4003.320, 0.5447540
4005.248, 0.5980729
4007.177, 0.2370307
4009.105, 0.2243231
4011.033, 0.8663723
4012.962, 0.4457498
4014.890, -0.2082105
4016.819, 0.8970974
4018.747, 0.5285867
4020.676, 0.1281216
4022.604, 0.3685805
4024.533, 1.080619
4026.461, 1.661515
4028.390, 0.9546955
4030.318, 0.5360470
4032.247, 0.7747347
4034.175, -0.4377994
4036.104, -0.2222879
4038.032, 0.3074737
4039.960, 0.8932577
4041.889, 1.209390
4043.817, 0.7641487
4045.746, -6.6359989E-02
4047.674, -0.1491303
4049.603, 0.3116244
4051.531, -2.7998200E-02
4053.460, -6.4035440E-03
4055.388, -0.2391959
4057.317, 0.6593815
4059.245, 0.8636407
4061.174, 0.4273835
4063.102, 1.103651
4065.031, 1.853140
4066.959, 0.2097169
4068.887, 0.8038743
4070.816, 0.7645306
4072.744, 0.9344410
4074.673, 1.136938
4076.601, 0.5598140
4078.530, 0.3504660
4080.458, 0.4870212
4082.387, 0.6466845
4084.315, 0.7866985
4086.244, 0.9099666
4088.172, 1.128131
4090.101, 1.500917
4092.029, 1.076307
4093.958, 0.7578899
4095.886, 0.5410326
4097.814, 1.008169
4099.743, 0.2146369
4101.671, 0.4067113
4103.600, 0.6483178
4105.528, 0.7091759
4107.457, 1.339076
4109.385, 0.6705502
4111.314, 1.4744960E-02
4113.242, 0.6238109
4115.171, -0.5574866
4117.099, -0.6701335
4119.028, 0.7842110
4120.956, 0.8055103
4122.885, 0.8655175
4124.813, 1.144419
4126.742, 1.316774
4128.670, 0.8396162
4130.599, -0.1479805
4132.527, 0.3239885
4134.456, 1.812902
4136.384, 0.7928237
4138.313, 0.1413593
4140.241, 0.8080647
4142.169, 0.4351093
4144.098, 0.4925160
4146.026, 0.6586818
4147.955, 0.6863362
4149.883, 0.7876507
4151.812, 0.6645745
4153.740, 6.7601271E-02
4155.668, -0.4166161
4157.597, -0.1448480
4159.525, 0.3660532
4161.454, 0.1584340
4163.382, -2.9373270E-02
4165.311, 1.341433
4167.239, 1.340236
4169.168, 1.521401
4171.096, 0.6885448
4173.025, 0.5422784
4174.953, 0.4060065
4176.882, 0.5641962
4178.810, 1.546283
4180.739, 1.576789
4182.667, 0.1304060
4184.596, -0.3786264
4186.524, 1.347307
4188.453, 1.431109
4190.381, 1.175856
4192.310, 0.4197339
4194.238, -0.1747873
4196.167, 0.8529028
4198.095, 0.1987834
4200.023, 0.6071329
4201.952, 1.7275499E-02
4203.880, 0.4693595
4205.809, 2.278856
4207.737, 1.872311
4209.666, 0.4550840
4211.594, 1.243839
4213.522, 0.9744510
4215.451, 1.8385449E-02
4217.379, 0.8447478
4219.308, 0.9717745
4221.236, -6.6883162E-02
4223.165, 0.8294767
4225.093, 1.442657
4227.022, 1.075706
4228.950, -0.8388947
4230.879, 0.2860222
4232.807, 1.425388
4234.736, 0.8518716
4236.664, 0.3092874
4238.593, 0.5368754
4240.521, 1.415382
4242.450, 1.905146
4244.378, 1.258334
4246.307, 0.4161703
4248.235, 0.9700972
4250.164, 0.4823247
4252.092, 0.5539485
4254.021, 1.699765
4255.949, 1.434719
4257.877, -0.5454940
4259.806, 0.3965217
4261.734, 0.6428764
4263.663, 0.6975903
4265.591, 0.5016404
4267.520, 0.1229450
4269.448, 8.1591234E-02
4271.376, 0.8853707
4273.305, 1.283502
4275.233, 0.6780254
4277.162, 0.3130211
4279.090, -9.5677450E-02
4281.019, 1.278106
4282.947, 1.505699
4284.876, -0.2773311
4286.804, 0.9946521
4288.733, 1.427573
4290.661, 0.4889554
4292.590, 0.4797293
4294.518, 0.4512886
4296.447, 0.2754894
4298.375, -0.4997990
4300.304, 0.2911697
4302.232, 1.043048
4304.161, 1.084154
4306.089, 0.9569133
4308.018, 0.6353679
4309.946, 0.9044558
4311.875, 0.6992588
4313.803, 0.5625970
4315.731, 0.6921260
4317.660, 0.2662313
4319.588, 1.029691
4321.517, 1.405593
4323.445, 0.4579882
4325.374, -0.1650247
4327.302, 1.643913
4329.230, 1.257896
4331.159, 0.5528172
4333.087, 0.2209402
4335.016, 0.7712690
4336.944, -0.1062999
4338.873, 0.9955616
4340.801, 0.1576968
4342.730, -0.1347515
4344.658, 0.9322032
4346.587, 1.084333
4348.515, 5.1727731E-02
4350.444, -0.6158585
4352.372, 0.8866718
4354.301, 1.554619
4356.229, 1.339140
4358.158, 0.9310865
4360.086, 0.4238985
4362.015, -6.1726321E-02
4363.943, 8.7785378E-02
4365.872, -9.5667101E-02
4367.800, -9.8122828E-02
4369.729, 0.5754005
4371.657, 0.8564823
4373.585, 0.3444733
4375.514, -0.4028693
4377.442, 0.4078560
4379.371, 0.6351562
##END=



