##NAMES=Natrolite
##RRUFFID=R120124
##IDEAL CHEMISTRY=Na_2_(Si_3_Al_2_)O_10_·2H_2_O
##LOCALITY=Sagasen, Telemark, Norway
##OWNER=RRUFF
##SOURCE=Marcus Origlieri
##DESCRIPTION=Colorless transparent prisms associated with böhmite R120123
##STATUS=The identification of this mineral has been confirmed by single-crystal X-ray diffraction
##URL=https://www.rruff.net/odr/rruff_sample/R120124
##DIFFRACTION SAMPLE DESCRIPTION=Single crystal, powder profile is calculated
##CELL PARAMETERS=a: 18.303 b: 18.654 c: 6.585 alpha: 90 beta: 90 gamma: 90 volume: 2248.2 crystal system: orthorhombic
##FILETYPE=Raman RAW
##RAMAN WAVELENGTH=532

1.036855e+002, 2.392733e+002
1.056140e+002, 2.459065e+002
1.075425e+002, 2.487876e+002
1.094709e+002, 2.460280e+002
1.113994e+002, 2.370315e+002
1.133279e+002, 2.322495e+002
1.152563e+002, 2.349122e+002
1.171848e+002, 2.408368e+002
1.191133e+002, 2.455830e+002
1.210417e+002, 2.477957e+002
1.229702e+002, 2.500085e+002
1.248987e+002, 2.531382e+002
1.268271e+002, 2.572327e+002
1.287556e+002, 2.606457e+002
1.306841e+002, 2.616770e+002
1.326125e+002, 2.616822e+002
1.345410e+002, 2.644623e+002
1.364695e+002, 2.726615e+002
1.383979e+002, 2.810193e+002
1.403264e+002, 2.856263e+002
1.422549e+002, 2.817945e+002
1.441833e+002, 2.869140e+002
1.461118e+002, 2.990055e+002
1.480403e+002, 3.215228e+002
1.499687e+002, 3.621289e+002
1.518972e+002, 4.248178e+002
1.538257e+002, 5.047739e+002
1.557541e+002, 5.971282e+002
1.576826e+002, 7.071694e+002
1.596111e+002, 8.262744e+002
1.615395e+002, 9.435961e+002
1.634680e+002, 1.063933e+003
1.653965e+002, 1.222852e+003
1.673249e+002, 1.445382e+003
1.692534e+002, 1.701957e+003
1.711819e+002, 1.967082e+003
1.731103e+002, 2.236560e+003
1.750388e+002, 2.518565e+003
1.769673e+002, 2.819828e+003
1.788957e+002, 3.141456e+003
1.808242e+002, 3.460255e+003
1.827527e+002, 3.770306e+003
1.846811e+002, 4.076573e+003
1.866096e+002, 4.389092e+003
1.885381e+002, 4.710390e+003
1.904665e+002, 5.034251e+003
1.923950e+002, 5.361233e+003
1.943235e+002, 5.635256e+003
1.962519e+002, 5.707643e+003
1.981804e+002, 5.754304e+003
2.001089e+002, 5.793961e+003
2.020373e+002, 5.822110e+003
2.039658e+002, 5.826162e+003
2.058943e+002, 5.833000e+003
2.078227e+002, 5.855041e+003
2.097512e+002, 5.901383e+003
2.116797e+002, 5.935692e+003
2.136081e+002, 5.945217e+003
2.155366e+002, 5.940154e+003
2.174651e+002, 5.942044e+003
2.193935e+002, 5.954097e+003
2.213220e+002, 5.969664e+003
2.232505e+002, 5.985119e+003
2.251789e+002, 5.998736e+003
2.271074e+002, 6.018457e+003
2.290359e+002, 6.052101e+003
2.309643e+002, 6.095595e+003
2.328928e+002, 6.127782e+003
2.348213e+002, 6.129215e+003
2.367497e+002, 6.135220e+003
2.386782e+002, 6.169685e+003
2.406067e+002, 6.239468e+003
2.425351e+002, 6.300762e+003
2.444636e+002, 6.338795e+003
2.463921e+002, 6.356465e+003
2.483205e+002, 6.379518e+003
2.502490e+002, 6.406595e+003
2.521775e+002, 6.438068e+003
2.541059e+002, 6.475027e+003
2.560344e+002, 6.522674e+003
2.579629e+002, 6.563863e+003
2.598913e+002, 6.595477e+003
2.618198e+002, 6.618740e+003
2.637483e+002, 6.640970e+003
2.656767e+002, 6.661304e+003
2.676052e+002, 6.683064e+003
2.695337e+002, 6.708218e+003
2.714621e+002, 6.741506e+003
2.733906e+002, 6.772588e+003
2.753191e+002, 6.795945e+003
2.772475e+002, 6.816229e+003
2.791760e+002, 6.844913e+003
2.811045e+002, 6.886386e+003
2.830329e+002, 6.932969e+003
2.849614e+002, 6.980517e+003
2.868899e+002, 7.026103e+003
2.888183e+002, 7.076088e+003
2.907468e+002, 7.138458e+003
2.926753e+002, 7.204845e+003
2.946037e+002, 7.258256e+003
2.965322e+002, 7.283181e+003
2.984607e+002, 7.305140e+003
3.003891e+002, 7.335119e+003
3.023176e+002, 7.376007e+003
3.042461e+002, 7.413994e+003
3.061745e+002, 7.446201e+003
3.081030e+002, 7.474794e+003
3.100315e+002, 7.502989e+003
3.119599e+002, 7.524578e+003
3.138884e+002, 7.552259e+003
3.158169e+002, 7.594347e+003
3.177453e+002, 7.651233e+003
3.196738e+002, 7.707091e+003
3.216023e+002, 7.755826e+003
3.235307e+002, 7.801554e+003
3.254592e+002, 7.850678e+003
3.273877e+002, 7.910574e+003
3.293161e+002, 7.964071e+003
3.312446e+002, 7.999756e+003
3.331731e+002, 8.019236e+003
3.351015e+002, 8.046074e+003
3.370300e+002, 8.091682e+003
3.389585e+002, 8.144182e+003
3.408869e+002, 8.191604e+003
3.428154e+002, 8.234189e+003
3.447439e+002, 8.276445e+003
3.466723e+002, 8.320507e+003
3.486008e+002, 8.366871e+003
3.505292e+002, 8.414824e+003
3.524577e+002, 8.462454e+003
3.543862e+002, 8.512412e+003
3.563146e+002, 8.566997e+003
3.582431e+002, 8.625585e+003
3.601716e+002, 8.685748e+003
3.621000e+002, 8.748794e+003
3.640285e+002, 8.812556e+003
3.659570e+002, 8.866824e+003
3.678854e+002, 8.901451e+003
3.698139e+002, 8.933483e+003
3.717424e+002, 8.970294e+003
3.736708e+002, 9.010993e+003
3.755993e+002, 9.054483e+003
3.775278e+002, 9.104908e+003
3.794562e+002, 9.157905e+003
3.813847e+002, 9.205112e+003
3.833132e+002, 9.245553e+003
3.852416e+002, 9.284966e+003
3.871701e+002, 9.326894e+003
3.890986e+002, 9.372140e+003
3.910270e+002, 9.416526e+003
3.929555e+002, 9.455954e+003
3.948840e+002, 9.496961e+003
3.968124e+002, 9.546320e+003
3.987409e+002, 9.607472e+003
4.006694e+002, 9.667817e+003
4.025978e+002, 9.719226e+003
4.045263e+002, 9.764692e+003
4.064548e+002, 9.818477e+003
4.083832e+002, 9.894485e+003
4.103117e+002, 9.968274e+003
4.122402e+002, 1.002461e+004
4.141686e+002, 1.005970e+004
4.160971e+002, 1.010030e+004
4.180256e+002, 1.015798e+004
4.199540e+002, 1.022304e+004
4.218825e+002, 1.028090e+004
4.238110e+002, 1.031304e+004
4.257394e+002, 1.035593e+004
4.276679e+002, 1.042703e+004
4.295964e+002, 1.052276e+004
4.315248e+002, 1.060659e+004
4.334533e+002, 1.066621e+004
4.353818e+002, 1.071842e+004
4.373102e+002, 1.077440e+004
4.392387e+002, 1.084111e+004
4.411672e+002, 1.090514e+004
4.430956e+002, 1.096326e+004
4.450241e+002, 1.101828e+004
4.469526e+002, 1.107658e+004
4.488810e+002, 1.114185e+004
4.508095e+002, 1.120386e+004
4.527380e+002, 1.125729e+004
4.546664e+002, 1.129787e+004
4.565949e+002, 1.133929e+004
4.585234e+002, 1.137761e+004
4.604518e+002, 1.141909e+004
4.623803e+002, 1.146913e+004
4.643088e+002, 1.153286e+004
4.662372e+002, 1.159751e+004
4.681657e+002, 1.166505e+004
4.700942e+002, 1.173355e+004
4.720226e+002, 1.179144e+004
4.739511e+002, 1.182526e+004
4.758796e+002, 1.186546e+004
4.778080e+002, 1.193182e+004
4.797365e+002, 1.203227e+004
4.816650e+002, 1.211251e+004
4.835934e+002, 1.214964e+004
4.855219e+002, 1.217504e+004
4.874504e+002, 1.222680e+004
4.893788e+002, 1.231084e+004
4.913073e+002, 1.239821e+004
4.932358e+002, 1.247832e+004
4.951642e+002, 1.255246e+004
4.970927e+002, 1.263240e+004
4.990212e+002, 1.273009e+004
5.009496e+002, 1.282094e+004
5.028781e+002, 1.288682e+004
5.048066e+002, 1.292809e+004
5.067350e+002, 1.298116e+004
5.086635e+002, 1.306403e+004
5.105920e+002, 1.315605e+004
5.125204e+002, 1.324022e+004
5.144489e+002, 1.331342e+004
5.163774e+002, 1.338169e+004
5.183058e+002, 1.343587e+004
5.202343e+002, 1.348552e+004
5.221628e+002, 1.355278e+004
5.240912e+002, 1.365174e+004
5.260197e+002, 1.375208e+004
5.279482e+002, 1.384427e+004
5.298766e+002, 1.392822e+004
5.318051e+002, 1.400746e+004
5.337336e+002, 1.408475e+004
5.356620e+002, 1.415686e+004
5.375905e+002, 1.421983e+004
5.395190e+002, 1.427099e+004
5.414474e+002, 1.432126e+004
5.433759e+002, 1.436879e+004
5.453044e+002, 1.441535e+004
5.472328e+002, 1.446550e+004
5.491613e+002, 1.451811e+004
5.510898e+002, 1.457313e+004
5.530182e+002, 1.463077e+004
5.549467e+002, 1.469139e+004
5.568752e+002, 1.475677e+004
5.588036e+002, 1.484459e+004
5.607321e+002, 1.492579e+004
5.626606e+002, 1.498389e+004
5.645891e+002, 1.500919e+004
5.665175e+002, 1.505337e+004
5.684460e+002, 1.512532e+004
5.703745e+002, 1.521551e+004
5.723029e+002, 1.531565e+004
5.742314e+002, 1.543392e+004
5.761599e+002, 1.554138e+004
5.780883e+002, 1.561993e+004
5.800168e+002, 1.568191e+004
5.819453e+002, 1.576442e+004
5.838737e+002, 1.588682e+004
5.858022e+002, 1.599517e+004
5.877307e+002, 1.606119e+004
5.896591e+002, 1.609080e+004
5.915876e+002, 1.613190e+004
5.935161e+002, 1.620252e+004
5.954445e+002, 1.627581e+004
5.973729e+002, 1.633646e+004
5.993014e+002, 1.638311e+004
6.012299e+002, 1.644309e+004
6.031583e+002, 1.653470e+004
6.050868e+002, 1.663288e+004
6.070153e+002, 1.671501e+004
6.089437e+002, 1.676707e+004
6.108722e+002, 1.682701e+004
6.128007e+002, 1.689506e+004
6.147291e+002, 1.697496e+004
6.166576e+002, 1.707384e+004
6.185861e+002, 1.719956e+004
6.205145e+002, 1.732704e+004
6.224430e+002, 1.744606e+004
6.243715e+002, 1.755709e+004
6.262999e+002, 1.766930e+004
6.282284e+002, 1.778023e+004
6.301569e+002, 1.788908e+004
6.320853e+002, 1.799298e+004
6.340138e+002, 1.808968e+004
6.359423e+002, 1.818401e+004
6.378707e+002, 1.829066e+004
6.397992e+002, 1.837962e+004
6.417277e+002, 1.842913e+004
6.436561e+002, 1.840876e+004
6.455846e+002, 1.842154e+004
6.475131e+002, 1.850470e+004
6.494415e+002, 1.861036e+004
6.513700e+002, 1.868181e+004
6.532985e+002, 1.871291e+004
6.552269e+002, 1.875282e+004
6.571554e+002, 1.881716e+004
6.590839e+002, 1.890004e+004
6.610123e+002, 1.899139e+004
6.629408e+002, 1.908626e+004
6.648693e+002, 1.919213e+004
6.667977e+002, 1.931169e+004
6.687262e+002, 1.944074e+004
6.706547e+002, 1.956994e+004
6.725831e+002, 1.970248e+004
6.745116e+002, 1.982568e+004
6.764401e+002, 1.993167e+004
6.783685e+002, 2.001786e+004
6.802970e+002, 2.011288e+004
6.822255e+002, 2.022239e+004
6.841539e+002, 2.033386e+004
6.860824e+002, 2.044437e+004
6.880109e+002, 2.055411e+004
6.899393e+002, 2.064862e+004
6.918678e+002, 2.070637e+004
6.937963e+002, 2.076246e+004
6.957247e+002, 2.084261e+004
6.976532e+002, 2.097870e+004
6.995817e+002, 2.108269e+004
7.015101e+002, 2.112077e+004
7.034386e+002, 2.114785e+004
7.053671e+002, 2.122913e+004
7.072955e+002, 2.137944e+004
7.092240e+002, 2.151552e+004
7.111525e+002, 2.159563e+004
7.130809e+002, 2.165410e+004
7.150094e+002, 2.173961e+004
7.169379e+002, 2.188280e+004
7.188663e+002, 2.201730e+004
7.207948e+002, 2.212559e+004
7.227233e+002, 2.222198e+004
7.246517e+002, 2.233940e+004
7.265802e+002, 2.249806e+004
7.285087e+002, 2.263554e+004
7.304371e+002, 2.271568e+004
7.323656e+002, 2.275185e+004
7.342941e+002, 2.281696e+004
7.362225e+002, 2.292969e+004
7.381510e+002, 2.304925e+004
7.400795e+002, 2.316878e+004
7.420079e+002, 2.328847e+004
7.439364e+002, 2.340643e+004
7.458649e+002, 2.352647e+004
7.477933e+002, 2.364292e+004
7.497218e+002, 2.375045e+004
7.516503e+002, 2.384722e+004
7.535787e+002, 2.395994e+004
7.555072e+002, 2.410145e+004
7.574357e+002, 2.424308e+004
7.593641e+002, 2.436288e+004
7.612926e+002, 2.446113e+004
7.632211e+002, 2.457159e+004
7.651495e+002, 2.471188e+004
7.670780e+002, 2.484838e+004
7.690065e+002, 2.496153e+004
7.709349e+002, 2.504417e+004
7.728634e+002, 2.513505e+004
7.747919e+002, 2.523934e+004
7.767203e+002, 2.535368e+004
7.786488e+002, 2.548365e+004
7.805773e+002, 2.563223e+004
7.825057e+002, 2.577105e+004
7.844342e+002, 2.587919e+004
7.863627e+002, 2.598468e+004
7.882911e+002, 2.610319e+004
7.902196e+002, 2.622976e+004
7.921481e+002, 2.636975e+004
7.940765e+002, 2.654732e+004
7.960050e+002, 2.671720e+004
7.979335e+002, 2.683265e+004
7.998619e+002, 2.689196e+004
8.017904e+002, 2.694791e+004
8.037189e+002, 2.700869e+004
8.056473e+002, 2.707984e+004
8.075758e+002, 2.716679e+004
8.095043e+002, 2.727654e+004
8.114327e+002, 2.738749e+004
8.133612e+002, 2.748783e+004
8.152897e+002, 2.758981e+004
8.172181e+002, 2.770792e+004
8.191466e+002, 2.784263e+004
8.210751e+002, 2.797698e+004
8.230035e+002, 2.811615e+004
8.249320e+002, 2.824943e+004
8.268605e+002, 2.836730e+004
8.287889e+002, 2.846650e+004
8.307174e+002, 2.857142e+004
8.326459e+002, 2.868332e+004
8.345743e+002, 2.880569e+004
8.365028e+002, 2.894090e+004
8.384313e+002, 2.908702e+004
8.403597e+002, 2.924308e+004
8.422882e+002, 2.941254e+004
8.442167e+002, 2.958263e+004
8.461451e+002, 2.974493e+004
8.480736e+002, 2.989882e+004
8.500021e+002, 3.003447e+004
8.519305e+002, 3.015138e+004
8.538590e+002, 3.025155e+004
8.557875e+002, 3.033430e+004
8.577159e+002, 3.039214e+004
8.596444e+002, 3.046133e+004
8.615729e+002, 3.054794e+004
8.635013e+002, 3.065024e+004
8.654298e+002, 3.076857e+004
8.673583e+002, 3.090630e+004
8.692867e+002, 3.104256e+004
8.712152e+002, 3.117780e+004
8.731437e+002, 3.130696e+004
8.750721e+002, 3.142001e+004
8.770006e+002, 3.149352e+004
8.789291e+002, 3.160713e+004
8.808575e+002, 3.179440e+004
8.827860e+002, 3.199694e+004
8.847145e+002, 3.216511e+004
8.866429e+002, 3.229778e+004
8.885714e+002, 3.244491e+004
8.904999e+002, 3.262756e+004
8.924283e+002, 3.281421e+004
8.943568e+002, 3.298264e+004
8.962853e+002, 3.312142e+004
8.982137e+002, 3.327591e+004
9.001422e+002, 3.346828e+004
9.020707e+002, 3.365311e+004
9.039991e+002, 3.379773e+004
9.059276e+002, 3.390632e+004
9.078561e+002, 3.402009e+004
9.097845e+002, 3.415063e+004
9.117130e+002, 3.428456e+004
9.136415e+002, 3.442103e+004
9.155699e+002, 3.456156e+004
9.174984e+002, 3.468594e+004
9.194269e+002, 3.475447e+004
9.213553e+002, 3.484468e+004
9.232838e+002, 3.499383e+004
9.252123e+002, 3.519262e+004
9.271407e+002, 3.537302e+004
9.290692e+002, 3.553023e+004
9.309976e+002, 3.567232e+004
9.329261e+002, 3.579920e+004
9.348546e+002, 3.591545e+004
9.367830e+002, 3.602872e+004
9.387115e+002, 3.614295e+004
9.406400e+002, 3.625757e+004
9.425684e+002, 3.637748e+004
9.444969e+002, 3.650103e+004
9.464254e+002, 3.661991e+004
9.483538e+002, 3.671916e+004
9.502823e+002, 3.684083e+004
9.522108e+002, 3.700875e+004
9.541392e+002, 3.719600e+004
9.560677e+002, 3.736285e+004
9.579962e+002, 3.749479e+004
9.599246e+002, 3.764831e+004
9.618531e+002, 3.785425e+004
9.637816e+002, 3.807448e+004
9.657100e+002, 3.827079e+004
9.676385e+002, 3.842340e+004
9.695670e+002, 3.858556e+004
9.714954e+002, 3.875686e+004
9.734239e+002, 3.893339e+004
9.753524e+002, 3.912258e+004
9.772808e+002, 3.932327e+004
9.792093e+002, 3.948693e+004
9.811378e+002, 3.958618e+004
9.830662e+002, 3.967290e+004
9.849947e+002, 3.977333e+004
9.869232e+002, 3.989123e+004
9.888516e+002, 4.002884e+004
9.907801e+002, 4.021782e+004
9.927086e+002, 4.040112e+004
9.946370e+002, 4.054371e+004
9.965655e+002, 4.065875e+004
9.984940e+002, 4.081281e+004
1.000422e+003, 4.101628e+004
1.002351e+003, 4.121917e+004
1.004279e+003, 4.140143e+004
1.006208e+003, 4.156216e+004
1.008136e+003, 4.170401e+004
1.010065e+003, 4.182780e+004
1.011993e+003, 4.193111e+004
1.013922e+003, 4.201345e+004
1.015850e+003, 4.208979e+004
1.017779e+003, 4.217540e+004
1.019707e+003, 4.227734e+004
1.021636e+003, 4.240182e+004
1.023564e+003, 4.257001e+004
1.025493e+003, 4.275174e+004
1.027421e+003, 4.291941e+004
1.029349e+003, 4.307190e+004
1.031278e+003, 4.323858e+004
1.033206e+003, 4.341916e+004
1.035135e+003, 4.360739e+004
1.037063e+003, 4.379905e+004
1.038992e+003, 4.399209e+004
1.040920e+003, 4.417911e+004
1.042849e+003, 4.435205e+004
1.044777e+003, 4.452777e+004
1.046706e+003, 4.472902e+004
1.048634e+003, 4.493427e+004
1.050563e+003, 4.508852e+004
1.052491e+003, 4.517367e+004
1.054420e+003, 4.526971e+004
1.056348e+003, 4.540701e+004
1.058276e+003, 4.555874e+004
1.060205e+003, 4.569809e+004
1.062133e+003, 4.582249e+004
1.064062e+003, 4.596345e+004
1.065990e+003, 4.613748e+004
1.067919e+003, 4.632475e+004
1.069847e+003, 4.651738e+004
1.071776e+003, 4.671575e+004
1.073704e+003, 4.691194e+004
1.075633e+003, 4.710099e+004
1.077561e+003, 4.728300e+004
1.079490e+003, 4.745493e+004
1.081418e+003, 4.761059e+004
1.083347e+003, 4.774238e+004
1.085275e+003, 4.784186e+004
1.087203e+003, 4.794213e+004
1.089132e+003, 4.805909e+004
1.091060e+003, 4.819300e+004
1.092989e+003, 4.834915e+004
1.094917e+003, 4.854493e+004
1.096846e+003, 4.873535e+004
1.098774e+003, 4.889675e+004
1.100703e+003, 4.907023e+004
1.102631e+003, 4.928948e+004
1.104560e+003, 4.954920e+004
1.106488e+003, 4.975461e+004
1.108417e+003, 4.985185e+004
1.110345e+003, 4.994469e+004
1.112273e+003, 5.009034e+004
1.114202e+003, 5.025347e+004
1.116130e+003, 5.036486e+004
1.118059e+003, 5.041075e+004
1.119987e+003, 5.046893e+004
1.121916e+003, 5.058304e+004
1.123844e+003, 5.072001e+004
1.125773e+003, 5.084498e+004
1.127701e+003, 5.093863e+004
1.129630e+003, 5.109187e+004
1.131558e+003, 5.134513e+004
1.133487e+003, 5.160639e+004
1.135415e+003, 5.182310e+004
1.137344e+003, 5.199894e+004
1.139272e+003, 5.218443e+004
1.141200e+003, 5.237652e+004
1.143129e+003, 5.256942e+004
1.145057e+003, 5.275535e+004
1.146986e+003, 5.293614e+004
1.148914e+003, 5.311501e+004
1.150843e+003, 5.328898e+004
1.152771e+003, 5.346733e+004
1.154700e+003, 5.367771e+004
1.156628e+003, 5.387154e+004
1.158557e+003, 5.401864e+004
1.160485e+003, 5.411949e+004
1.162414e+003, 5.421771e+004
1.164342e+003, 5.431991e+004
1.166271e+003, 5.442306e+004
1.168199e+003, 5.453900e+004
1.170127e+003, 5.465718e+004
1.172056e+003, 5.474530e+004
1.173984e+003, 5.479016e+004
1.175913e+003, 5.487921e+004
1.177841e+003, 5.506513e+004
1.179770e+003, 5.527518e+004
1.181698e+003, 5.545226e+004
1.183627e+003, 5.559465e+004
1.185555e+003, 5.575099e+004
1.187484e+003, 5.590838e+004
1.189412e+003, 5.608934e+004
1.191341e+003, 5.631914e+004
1.193269e+003, 5.656713e+004
1.195198e+003, 5.676653e+004
1.197126e+003, 5.687590e+004
1.199054e+003, 5.700440e+004
1.200983e+003, 5.718987e+004
1.202911e+003, 5.737636e+004
1.204840e+003, 5.751882e+004
1.206768e+003, 5.762474e+004
1.208697e+003, 5.772670e+004
1.210625e+003, 5.781245e+004
1.212554e+003, 5.792217e+004
1.214482e+003, 5.808701e+004
1.216411e+003, 5.827834e+004
1.218339e+003, 5.845479e+004
1.220268e+003, 5.861741e+004
1.222196e+003, 5.875272e+004
1.224125e+003, 5.882855e+004
1.226053e+003, 5.890700e+004
1.227981e+003, 5.904032e+004
1.229910e+003, 5.923069e+004
1.231838e+003, 5.938028e+004
1.233767e+003, 5.944543e+004
1.235695e+003, 5.953532e+004
1.237624e+003, 5.968266e+004
1.239552e+003, 5.986043e+004
1.241481e+003, 6.003119e+004
1.243409e+003, 6.019317e+004
1.245338e+003, 6.034596e+004
1.247266e+003, 6.048305e+004
1.249195e+003, 6.061745e+004
1.251123e+003, 6.075087e+004
1.253052e+003, 6.088954e+004
1.254980e+003, 6.105527e+004
1.256908e+003, 6.127087e+004
1.258837e+003, 6.146342e+004
1.260765e+003, 6.160127e+004
1.262694e+003, 6.171618e+004
1.264622e+003, 6.183271e+004
1.266551e+003, 6.194836e+004
1.268479e+003, 6.206289e+004
1.270408e+003, 6.216443e+004
1.272336e+003, 6.228469e+004
1.274265e+003, 6.245919e+004
1.276193e+003, 6.266255e+004
1.278122e+003, 6.283648e+004
1.280050e+003, 6.297702e+004
1.281979e+003, 6.313407e+004
1.283907e+003, 6.332203e+004
1.285835e+003, 6.351455e+004
1.287764e+003, 6.368252e+004
1.289692e+003, 6.383047e+004
1.291621e+003, 6.398900e+004
1.293549e+003, 6.416024e+004
1.295478e+003, 6.432243e+004
1.297406e+003, 6.447585e+004
1.299335e+003, 6.461393e+004
1.301263e+003, 6.472973e+004
1.303192e+003, 6.482373e+004
1.305120e+003, 6.492484e+004
1.307049e+003, 6.503485e+004
1.308977e+003, 6.516037e+004
1.310906e+003, 6.532239e+004
1.312834e+003, 6.549809e+004
1.314762e+003, 6.564907e+004
1.316691e+003, 6.577354e+004
1.318619e+003, 6.587777e+004
1.320548e+003, 6.592033e+004
1.322476e+003, 6.598126e+004
1.324405e+003, 6.610770e+004
1.326333e+003, 6.627801e+004
1.328262e+003, 6.644762e+004
1.330190e+003, 6.662741e+004
1.332119e+003, 6.675735e+004
1.334047e+003, 6.678573e+004
1.335976e+003, 6.680328e+004
1.337904e+003, 6.685683e+004
1.339833e+003, 6.694882e+004
1.341761e+003, 6.709152e+004
1.343689e+003, 6.730972e+004
1.345618e+003, 6.751564e+004
1.347546e+003, 6.769142e+004
1.349475e+003, 6.783748e+004
1.351403e+003, 6.794275e+004
1.353332e+003, 6.800095e+004
1.355260e+003, 6.810743e+004
1.357189e+003, 6.830729e+004
1.359117e+003, 6.851149e+004
1.361046e+003, 6.871149e+004
1.362974e+003, 6.890174e+004
1.364903e+003, 6.906316e+004
1.366831e+003, 6.917790e+004
1.368760e+003, 6.930727e+004
1.370688e+003, 6.948198e+004
1.372616e+003, 6.961077e+004
1.374545e+003, 6.964137e+004
1.376473e+003, 6.961686e+004
1.378402e+003, 6.960364e+004
1.380330e+003, 6.961151e+004
1.382259e+003, 6.965002e+004
1.384187e+003, 6.975977e+004
1.386116e+003, 6.986755e+004
1.388044e+003, 6.991561e+004
1.389973e+003, 6.994174e+004
1.391901e+003, 7.002899e+004
1.393830e+003, 7.019218e+004
1.395758e+003, 7.030901e+004
1.397687e+003, 7.029839e+004
1.399615e+003, 7.029096e+004
1.401543e+003, 7.034530e+004
1.403472e+003, 7.044450e+004
1.405400e+003, 7.054360e+004
1.407329e+003, 7.067259e+004
1.409257e+003, 7.075190e+004
1.411186e+003, 7.073847e+004
1.413114e+003, 7.073033e+004
1.415043e+003, 7.077584e+004
1.416971e+003, 7.086862e+004
1.418900e+003, 7.098818e+004
1.420828e+003, 7.114552e+004
1.422757e+003, 7.128738e+004
1.424685e+003, 7.139205e+004
1.426614e+003, 7.148885e+004
1.428542e+003, 7.159150e+004
1.430470e+003, 7.170087e+004
1.432399e+003, 7.182197e+004
1.434327e+003, 7.196431e+004
1.436256e+003, 7.209470e+004
1.438184e+003, 7.220023e+004
1.440113e+003, 7.230262e+004
1.442041e+003, 7.239931e+004
1.443970e+003, 7.249427e+004
1.445898e+003, 7.260763e+004
1.447827e+003, 7.273753e+004
1.449755e+003, 7.284732e+004
1.451684e+003, 7.293699e+004
1.453612e+003, 7.298915e+004
1.455541e+003, 7.299086e+004
1.457469e+003, 7.296114e+004
1.459397e+003, 7.294834e+004
1.461326e+003, 7.297609e+004
1.463254e+003, 7.299310e+004
1.465183e+003, 7.296664e+004
1.467111e+003, 7.296997e+004
1.469040e+003, 7.303663e+004
1.470968e+003, 7.315034e+004
1.472897e+003, 7.327659e+004
1.474825e+003, 7.341940e+004
1.476754e+003, 7.355380e+004
1.478682e+003, 7.368921e+004
1.480611e+003, 7.380355e+004
1.482539e+003, 7.386251e+004
1.484468e+003, 7.390370e+004
1.486396e+003, 7.400038e+004
1.488324e+003, 7.416654e+004
1.490253e+003, 7.431609e+004
1.492181e+003, 7.443292e+004
1.494110e+003, 7.452572e+004
1.496038e+003, 7.457863e+004
1.497967e+003, 7.460792e+004
1.499895e+003, 7.465419e+004
1.501824e+003, 7.472256e+004
1.503752e+003, 7.473576e+004
1.505681e+003, 7.468284e+004
1.507609e+003, 7.462150e+004
1.509538e+003, 7.457823e+004
1.511466e+003, 7.455505e+004
1.513395e+003, 7.453724e+004
1.515323e+003, 7.453327e+004
1.517251e+003, 7.460270e+004
1.519180e+003, 7.476302e+004
1.521108e+003, 7.492747e+004
1.523037e+003, 7.507893e+004
1.524965e+003, 7.518253e+004
1.526894e+003, 7.518501e+004
1.528822e+003, 7.510592e+004
1.530751e+003, 7.506547e+004
1.532679e+003, 7.509852e+004
1.534608e+003, 7.509234e+004
1.536536e+003, 7.502885e+004
1.538465e+003, 7.495931e+004
1.540393e+003, 7.491101e+004
1.542322e+003, 7.489880e+004
1.544250e+003, 7.493379e+004
1.546178e+003, 7.500984e+004
1.548107e+003, 7.514366e+004
1.550035e+003, 7.534127e+004
1.551964e+003, 7.554009e+004
1.553892e+003, 7.571529e+004
1.555821e+003, 7.584900e+004
1.557749e+003, 7.591930e+004
1.559678e+003, 7.591384e+004
1.561606e+003, 7.591925e+004
1.563535e+003, 7.600138e+004
1.565463e+003, 7.603546e+004
1.567392e+003, 7.596616e+004
1.569320e+003, 7.588597e+004
1.571249e+003, 7.587915e+004
1.573177e+003, 7.593162e+004
1.575105e+003, 7.594613e+004
1.577034e+003, 7.589279e+004
1.578962e+003, 7.583205e+004
1.580891e+003, 7.577416e+004
1.582819e+003, 7.571191e+004
1.584748e+003, 7.565282e+004
1.586676e+003, 7.560274e+004
1.588605e+003, 7.556029e+004
1.590533e+003, 7.553071e+004
1.592462e+003, 7.553590e+004
1.594390e+003, 7.556144e+004
1.596319e+003, 7.562913e+004
1.598247e+003, 7.574191e+004
1.600176e+003, 7.587627e+004
1.602104e+003, 7.601870e+004
1.604032e+003, 7.615622e+004
1.605961e+003, 7.623738e+004
1.607889e+003, 7.624471e+004
1.609818e+003, 7.622942e+004
1.611746e+003, 7.618485e+004
1.613675e+003, 7.615298e+004
1.615603e+003, 7.619523e+004
1.617532e+003, 7.627128e+004
1.619460e+003, 7.627705e+004
1.621389e+003, 7.621041e+004
1.623317e+003, 7.615191e+004
1.625246e+003, 7.609073e+004
1.627174e+003, 7.606608e+004
1.629103e+003, 7.611567e+004
1.631031e+003, 7.617925e+004
1.632959e+003, 7.618997e+004
1.634888e+003, 7.615636e+004
1.636816e+003, 7.613092e+004
1.638745e+003, 7.611703e+004
1.640673e+003, 7.610648e+004
1.642602e+003, 7.611572e+004
1.644530e+003, 7.611830e+004
1.646459e+003, 7.609134e+004
1.648387e+003, 7.606298e+004
1.650316e+003, 7.607445e+004
1.652244e+003, 7.612405e+004
1.654173e+003, 7.616764e+004
1.656101e+003, 7.618973e+004
1.658030e+003, 7.621084e+004
1.659958e+003, 7.623659e+004
1.661886e+003, 7.624973e+004
1.663815e+003, 7.625078e+004
1.665743e+003, 7.622961e+004
1.667672e+003, 7.614611e+004
1.669600e+003, 7.599672e+004
1.671529e+003, 7.590719e+004
1.673457e+003, 7.593385e+004
1.675386e+003, 7.597612e+004
1.677314e+003, 7.596659e+004
1.679243e+003, 7.597163e+004
1.681171e+003, 7.607207e+004
1.683100e+003, 7.623042e+004
1.685028e+003, 7.630218e+004
1.686957e+003, 7.625285e+004
1.688885e+003, 7.621625e+004
1.690813e+003, 7.623573e+004
1.692742e+003, 7.624588e+004
1.694670e+003, 7.623109e+004
1.696599e+003, 7.618084e+004
1.698527e+003, 7.607293e+004
1.700456e+003, 7.591763e+004
1.702384e+003, 7.577124e+004
1.704313e+003, 7.564007e+004
1.706241e+003, 7.552241e+004
1.708170e+003, 7.541717e+004
1.710098e+003, 7.533674e+004
1.712027e+003, 7.530686e+004
1.713955e+003, 7.530693e+004
1.715884e+003, 7.531235e+004
1.717812e+003, 7.532289e+004
1.719740e+003, 7.531631e+004
1.721669e+003, 7.527648e+004
1.723597e+003, 7.524330e+004
1.725526e+003, 7.521946e+004
1.727454e+003, 7.519329e+004
1.729383e+003, 7.513952e+004
1.731311e+003, 7.507742e+004
1.733240e+003, 7.506673e+004
1.735168e+003, 7.510383e+004
1.737097e+003, 7.505027e+004
1.739025e+003, 7.486341e+004
1.740954e+003, 7.470998e+004
1.742882e+003, 7.467265e+004
1.744811e+003, 7.465456e+004
1.746739e+003, 7.459341e+004
1.748667e+003, 7.451394e+004
1.750596e+003, 7.444738e+004
1.752524e+003, 7.439313e+004
1.754453e+003, 7.436041e+004
1.756381e+003, 7.435319e+004
1.758310e+003, 7.436071e+004
1.760238e+003, 7.439035e+004
1.762167e+003, 7.441915e+004
1.764095e+003, 7.442777e+004
1.766024e+003, 7.441795e+004
1.767952e+003, 7.439066e+004
1.769880e+003, 7.434186e+004
1.771809e+003, 7.428663e+004
1.773737e+003, 7.422691e+004
1.775666e+003, 7.415188e+004
1.777594e+003, 7.406946e+004
1.779523e+003, 7.397319e+004
1.781451e+003, 7.385971e+004
1.783380e+003, 7.374345e+004
1.785308e+003, 7.363847e+004
1.787237e+003, 7.354536e+004
1.789165e+003, 7.346119e+004
1.791094e+003, 7.338341e+004
1.793022e+003, 7.331676e+004
1.794951e+003, 7.328825e+004
1.796879e+003, 7.323589e+004
1.798807e+003, 7.310860e+004
1.800736e+003, 7.296951e+004
1.802664e+003, 7.288995e+004
1.804593e+003, 7.286130e+004
1.806521e+003, 7.283546e+004
1.808450e+003, 7.281926e+004
1.810378e+003, 7.276713e+004
1.812307e+003, 7.260162e+004
1.814235e+003, 7.248884e+004
1.816164e+003, 7.251680e+004
1.818092e+003, 7.256141e+004
1.820021e+003, 7.253973e+004
1.821949e+003, 7.245852e+004
1.823878e+003, 7.232639e+004
1.825806e+003, 7.213396e+004
1.827734e+003, 7.198078e+004
1.829663e+003, 7.189480e+004
1.831591e+003, 7.182416e+004
1.833520e+003, 7.177870e+004
1.835448e+003, 7.173428e+004
1.837377e+003, 7.166530e+004
1.839305e+003, 7.158967e+004
1.841234e+003, 7.153880e+004
1.843162e+003, 7.150476e+004
1.845091e+003, 7.143011e+004
1.847019e+003, 7.128396e+004
1.848948e+003, 7.116258e+004
1.850876e+003, 7.108859e+004
1.852805e+003, 7.102938e+004
1.854733e+003, 7.102251e+004
1.856661e+003, 7.099591e+004
1.858590e+003, 7.086061e+004
1.860518e+003, 7.066778e+004
1.862447e+003, 7.055512e+004
1.864375e+003, 7.052429e+004
1.866304e+003, 7.052206e+004
1.868232e+003, 7.055730e+004
1.870161e+003, 7.057728e+004
1.872089e+003, 7.058630e+004
1.874018e+003, 7.055120e+004
1.875946e+003, 7.042020e+004
1.877875e+003, 7.026455e+004
1.879803e+003, 7.016590e+004
1.881732e+003, 7.010803e+004
1.883660e+003, 7.002763e+004
1.885589e+003, 6.991814e+004
1.887517e+003, 6.982227e+004
1.889445e+003, 6.974884e+004
1.891374e+003, 6.968039e+004
1.893302e+003, 6.962221e+004
1.895231e+003, 6.955777e+004
1.897159e+003, 6.948454e+004
1.899088e+003, 6.939966e+004
1.901016e+003, 6.929120e+004
1.902945e+003, 6.916528e+004
1.904873e+003, 6.905299e+004
1.906802e+003, 6.895696e+004
1.908730e+003, 6.886756e+004
1.910659e+003, 6.879100e+004
1.912587e+003, 6.870564e+004
1.914516e+003, 6.859548e+004
1.916444e+003, 6.848419e+004
1.918372e+003, 6.839117e+004
1.920301e+003, 6.830998e+004
1.922229e+003, 6.822862e+004
1.924158e+003, 6.814697e+004
1.926086e+003, 6.806534e+004
1.928015e+003, 6.796382e+004
1.929943e+003, 6.788895e+004
1.931872e+003, 6.786114e+004
1.933800e+003, 6.781719e+004
1.935729e+003, 6.773830e+004
1.937657e+003, 6.763975e+004
1.939586e+003, 6.752952e+004
1.941514e+003, 6.741770e+004
1.943443e+003, 6.732437e+004
1.945371e+003, 6.725161e+004
1.947299e+003, 6.715696e+004
1.949228e+003, 6.702868e+004
1.951156e+003, 6.693777e+004
1.953085e+003, 6.692102e+004
1.955013e+003, 6.687523e+004
1.956942e+003, 6.673699e+004
1.958870e+003, 6.659184e+004
1.960799e+003, 6.650153e+004
1.962727e+003, 6.643891e+004
1.964656e+003, 6.635845e+004
1.966584e+003, 6.627063e+004
1.968513e+003, 6.622329e+004
1.970441e+003, 6.621616e+004
1.972370e+003, 6.621892e+004
1.974298e+003, 6.624715e+004
1.976226e+003, 6.622953e+004
1.978155e+003, 6.612913e+004
1.980083e+003, 6.600573e+004
1.982012e+003, 6.589811e+004
1.983940e+003, 6.578777e+004
1.985869e+003, 6.562969e+004
1.987797e+003, 6.545418e+004
1.989726e+003, 6.537320e+004
1.991654e+003, 6.541055e+004
1.993583e+003, 6.538711e+004
1.995511e+003, 6.525918e+004
1.997440e+003, 6.513918e+004
1.999368e+003, 6.504917e+004
2.001297e+003, 6.494824e+004
2.003225e+003, 6.483476e+004
2.005153e+003, 6.470193e+004
2.007082e+003, 6.453396e+004
2.009010e+003, 6.435656e+004
2.010939e+003, 6.421814e+004
2.012867e+003, 6.411487e+004
2.014796e+003, 6.399484e+004
2.016724e+003, 6.384827e+004
2.018653e+003, 6.377107e+004
2.020581e+003, 6.379585e+004
2.022510e+003, 6.382255e+004
2.024438e+003, 6.384141e+004
2.026367e+003, 6.381832e+004
2.028295e+003, 6.369784e+004
2.030224e+003, 6.355771e+004
2.032152e+003, 6.348906e+004
2.034080e+003, 6.345796e+004
2.036009e+003, 6.338086e+004
2.037937e+003, 6.325790e+004
2.039866e+003, 6.312922e+004
2.041794e+003, 6.298098e+004
2.043723e+003, 6.285736e+004
2.045651e+003, 6.276016e+004
2.047580e+003, 6.268582e+004
2.049508e+003, 6.266958e+004
2.051437e+003, 6.263060e+004
2.053365e+003, 6.249852e+004
2.055294e+003, 6.234779e+004
2.057222e+003, 6.225686e+004
2.059151e+003, 6.220692e+004
2.061079e+003, 6.215930e+004
2.063008e+003, 6.211228e+004
2.064936e+003, 6.202299e+004
2.066865e+003, 6.187970e+004
2.068793e+003, 6.179114e+004
2.070721e+003, 6.180695e+004
2.072650e+003, 6.180843e+004
2.074578e+003, 6.173587e+004
2.076507e+003, 6.166023e+004
2.078435e+003, 6.161727e+004
2.080364e+003, 6.157579e+004
2.082292e+003, 6.151813e+004
2.084220e+003, 6.143188e+004
2.086149e+003, 6.127923e+004
2.088077e+003, 6.106621e+004
2.090006e+003, 6.090412e+004
2.091934e+003, 6.081879e+004
2.093863e+003, 6.072239e+004
2.095791e+003, 6.060604e+004
2.097720e+003, 6.049670e+004
2.099648e+003, 6.038684e+004
2.101577e+003, 6.029347e+004
2.103505e+003, 6.024088e+004
2.105434e+003, 6.018427e+004
2.107362e+003, 6.006994e+004
2.109291e+003, 5.995628e+004
2.111219e+003, 5.994856e+004
2.113147e+003, 6.001294e+004
2.115076e+003, 6.001114e+004
2.117004e+003, 5.993694e+004
2.118933e+003, 5.987872e+004
2.120861e+003, 5.982919e+004
2.122790e+003, 5.977710e+004
2.124718e+003, 5.970932e+004
2.126647e+003, 5.962413e+004
2.128575e+003, 5.951499e+004
2.130504e+003, 5.939736e+004
2.132432e+003, 5.931341e+004
2.134361e+003, 5.921809e+004
2.136289e+003, 5.905816e+004
2.138218e+003, 5.888088e+004
2.140146e+003, 5.877423e+004
2.142074e+003, 5.872191e+004
2.144003e+003, 5.862581e+004
2.145931e+003, 5.847738e+004
2.147860e+003, 5.837496e+004
2.149788e+003, 5.832641e+004
2.151717e+003, 5.829408e+004
2.153645e+003, 5.829354e+004
2.155574e+003, 5.826312e+004
2.157502e+003, 5.816518e+004
2.159431e+003, 5.806735e+004
2.161359e+003, 5.801858e+004
2.163288e+003, 5.797742e+004
2.165216e+003, 5.788113e+004
2.167145e+003, 5.777878e+004
2.169073e+003, 5.777503e+004
2.171001e+003, 5.784455e+004
2.172930e+003, 5.784631e+004
2.174858e+003, 5.777564e+004
2.176787e+003, 5.769979e+004
2.178715e+003, 5.762068e+004
2.180644e+003, 5.752932e+004
2.182572e+003, 5.742753e+004
2.184501e+003, 5.730534e+004
2.186429e+003, 5.714054e+004
2.188358e+003, 5.699435e+004
2.190286e+003, 5.691614e+004
2.192215e+003, 5.684973e+004
2.194143e+003, 5.674411e+004
2.196072e+003, 5.663696e+004
2.198000e+003, 5.658018e+004
2.199928e+003, 5.655488e+004
2.201857e+003, 5.652527e+004
2.203785e+003, 5.648842e+004
2.205714e+003, 5.638660e+004
2.207642e+003, 5.621380e+004
2.209571e+003, 5.607745e+004
2.211499e+003, 5.598983e+004
2.213428e+003, 5.593352e+004
2.215356e+003, 5.592301e+004
2.217285e+003, 5.589908e+004
2.219213e+003, 5.581173e+004
2.221142e+003, 5.573785e+004
2.223070e+003, 5.570700e+004
2.224999e+003, 5.569972e+004
2.226927e+003, 5.574468e+004
2.228855e+003, 5.577126e+004
2.230784e+003, 5.565425e+004
2.232712e+003, 5.546527e+004
2.234641e+003, 5.539406e+004
2.236569e+003, 5.542840e+004
2.238498e+003, 5.541010e+004
2.240426e+003, 5.533609e+004
2.242355e+003, 5.530859e+004
2.244283e+003, 5.534741e+004
2.246212e+003, 5.533118e+004
2.248140e+003, 5.522684e+004
2.250069e+003, 5.509748e+004
2.251997e+003, 5.491297e+004
2.253926e+003, 5.477993e+004
2.255854e+003, 5.480513e+004
2.257782e+003, 5.481014e+004
2.259711e+003, 5.465211e+004
2.261639e+003, 5.445852e+004
2.263568e+003, 5.433376e+004
2.265496e+003, 5.425734e+004
2.267425e+003, 5.423139e+004
2.269353e+003, 5.422274e+004
2.271282e+003, 5.411575e+004
2.273210e+003, 5.393249e+004
2.275139e+003, 5.380143e+004
2.277067e+003, 5.373274e+004
2.278996e+003, 5.368259e+004
2.280924e+003, 5.365578e+004
2.282853e+003, 5.361511e+004
2.284781e+003, 5.355624e+004
2.286709e+003, 5.347025e+004
2.288638e+003, 5.328185e+004
2.290566e+003, 5.316552e+004
2.292495e+003, 5.323641e+004
2.294423e+003, 5.331683e+004
2.296352e+003, 5.335198e+004
2.298280e+003, 5.333539e+004
2.300209e+003, 5.322331e+004
2.302137e+003, 5.308907e+004
2.304066e+003, 5.302505e+004
2.305994e+003, 5.299958e+004
2.307923e+003, 5.294544e+004
2.309851e+003, 5.286611e+004
2.311780e+003, 5.279832e+004
2.313708e+003, 5.274127e+004
2.315636e+003, 5.267223e+004
2.317565e+003, 5.259207e+004
2.319493e+003, 5.250036e+004
2.321422e+003, 5.239514e+004
2.323350e+003, 5.231005e+004
2.325279e+003, 5.226328e+004
2.327207e+003, 5.221592e+004
2.329136e+003, 5.215244e+004
2.331064e+003, 5.209964e+004
2.332993e+003, 5.205970e+004
2.334921e+003, 5.203654e+004
2.336850e+003, 5.203543e+004
2.338778e+003, 5.203709e+004
2.340707e+003, 5.204686e+004
2.342635e+003, 5.202980e+004
2.344563e+003, 5.192734e+004
2.346492e+003, 5.178911e+004
2.348420e+003, 5.169096e+004
2.350349e+003, 5.163490e+004
2.352277e+003, 5.164388e+004
2.354206e+003, 5.169902e+004
2.356134e+003, 5.166594e+004
2.358063e+003, 5.152673e+004
2.359991e+003, 5.146521e+004
2.361920e+003, 5.151930e+004
2.363848e+003, 5.151150e+004
2.365777e+003, 5.143177e+004
2.367705e+003, 5.130432e+004
2.369634e+003, 5.108839e+004
2.371562e+003, 5.096110e+004
2.373490e+003, 5.102244e+004
2.375419e+003, 5.105420e+004
2.377347e+003, 5.094714e+004
2.379276e+003, 5.083933e+004
2.381204e+003, 5.079877e+004
2.383133e+003, 5.076946e+004
2.385061e+003, 5.072049e+004
2.386990e+003, 5.066141e+004
2.388918e+003, 5.060024e+004
2.390847e+003, 5.053638e+004
2.392775e+003, 5.044543e+004
2.394704e+003, 5.036313e+004
2.396632e+003, 5.037717e+004
2.398561e+003, 5.044139e+004
2.400489e+003, 5.044354e+004
2.402417e+003, 5.038774e+004
2.404346e+003, 5.030808e+004
2.406274e+003, 5.020688e+004
2.408203e+003, 5.016338e+004
2.410131e+003, 5.021525e+004
2.412060e+003, 5.018546e+004
2.413988e+003, 5.004683e+004
2.415917e+003, 4.995744e+004
2.417845e+003, 4.992898e+004
2.419774e+003, 4.993567e+004
2.421702e+003, 4.999089e+004
2.423631e+003, 5.000538e+004
2.425559e+003, 4.992646e+004
2.427488e+003, 4.984721e+004
2.429416e+003, 4.978918e+004
2.431344e+003, 4.974939e+004
2.433273e+003, 4.974972e+004
2.435201e+003, 4.973949e+004
2.437130e+003, 4.966510e+004
2.439058e+003, 4.959755e+004
2.440987e+003, 4.960731e+004
2.442915e+003, 4.961933e+004
2.444844e+003, 4.956833e+004
2.446772e+003, 4.948647e+004
2.448701e+003, 4.941045e+004
2.450629e+003, 4.934053e+004
2.452558e+003, 4.926613e+004
2.454486e+003, 4.919818e+004
2.456415e+003, 4.915184e+004
2.458343e+003, 4.912982e+004
2.460271e+003, 4.918317e+004
2.462200e+003, 4.928338e+004
2.464128e+003, 4.927594e+004
2.466057e+003, 4.915847e+004
2.467985e+003, 4.909834e+004
2.469914e+003, 4.911732e+004
2.471842e+003, 4.911959e+004
2.473771e+003, 4.913224e+004
2.475699e+003, 4.905931e+004
2.477628e+003, 4.886049e+004
2.479556e+003, 4.875634e+004
2.481485e+003, 4.879320e+004
2.483413e+003, 4.883427e+004
2.485342e+003, 4.886570e+004
2.487270e+003, 4.884678e+004
2.489198e+003, 4.871769e+004
2.491127e+003, 4.861216e+004
2.493055e+003, 4.856804e+004
2.494984e+003, 4.855544e+004
2.496912e+003, 4.860980e+004
2.498841e+003, 4.863515e+004
2.500769e+003, 4.856477e+004
2.502698e+003, 4.849449e+004
2.504626e+003, 4.848129e+004
2.506555e+003, 4.847260e+004
2.508483e+003, 4.842440e+004
2.510412e+003, 4.837195e+004
2.512340e+003, 4.837347e+004
2.514269e+003, 4.836830e+004
2.516197e+003, 4.827405e+004
2.518125e+003, 4.815687e+004
2.520054e+003, 4.807382e+004
2.521982e+003, 4.803816e+004
2.523911e+003, 4.810923e+004
2.525839e+003, 4.820886e+004
2.527768e+003, 4.817833e+004
2.529696e+003, 4.806741e+004
2.531625e+003, 4.802042e+004
2.533553e+003, 4.801946e+004
2.535482e+003, 4.797113e+004
2.537410e+003, 4.789275e+004
2.539339e+003, 4.785374e+004
2.541267e+003, 4.785265e+004
2.543196e+003, 4.788968e+004
2.545124e+003, 4.795631e+004
2.547052e+003, 4.797412e+004
2.548981e+003, 4.793136e+004
2.550909e+003, 4.786485e+004
2.552838e+003, 4.776463e+004
2.554766e+003, 4.771469e+004
2.556695e+003, 4.773045e+004
2.558623e+003, 4.768803e+004
2.560552e+003, 4.756963e+004
2.562480e+003, 4.750789e+004
2.564409e+003, 4.756103e+004
2.566337e+003, 4.755314e+004
2.568266e+003, 4.742184e+004
2.570194e+003, 4.732098e+004
2.572123e+003, 4.725403e+004
2.574051e+003, 4.722099e+004
2.575979e+003, 4.722709e+004
2.577908e+003, 4.724200e+004
2.579836e+003, 4.725271e+004
2.581765e+003, 4.727986e+004
2.583693e+003, 4.736615e+004
2.585622e+003, 4.740340e+004
2.587550e+003, 4.729967e+004
2.589479e+003, 4.724857e+004
2.591407e+003, 4.732615e+004
2.593336e+003, 4.739553e+004
2.595264e+003, 4.742722e+004
2.597193e+003, 4.740474e+004
2.599121e+003, 4.727464e+004
2.601050e+003, 4.716094e+004
2.602978e+003, 4.714674e+004
2.604906e+003, 4.713047e+004
2.606835e+003, 4.705775e+004
2.608763e+003, 4.698616e+004
2.610692e+003, 4.694577e+004
2.612620e+003, 4.691270e+004
2.614549e+003, 4.685823e+004
2.616477e+003, 4.681886e+004
2.618406e+003, 4.682315e+004
2.620334e+003, 4.684117e+004
2.622263e+003, 4.686607e+004
2.624191e+003, 4.688059e+004
2.626120e+003, 4.686279e+004
2.628048e+003, 4.684526e+004
2.629977e+003, 4.684963e+004
2.631905e+003, 4.686914e+004
2.633833e+003, 4.691537e+004
2.635762e+003, 4.694387e+004
2.637690e+003, 4.688145e+004
2.639619e+003, 4.680127e+004
2.641547e+003, 4.679090e+004
2.643476e+003, 4.679943e+004
2.645404e+003, 4.678688e+004
2.647333e+003, 4.676236e+004
2.649261e+003, 4.673465e+004
2.651190e+003, 4.670653e+004
2.653118e+003, 4.667517e+004
2.655047e+003, 4.664341e+004
2.656975e+003, 4.659741e+004
2.658904e+003, 4.656043e+004
2.660832e+003, 4.659338e+004
2.662760e+003, 4.663127e+004
2.664689e+003, 4.657012e+004
2.666617e+003, 4.647716e+004
2.668546e+003, 4.648029e+004
2.670474e+003, 4.650448e+004
2.672403e+003, 4.639928e+004
2.674331e+003, 4.625189e+004
2.676260e+003, 4.620472e+004
2.678188e+003, 4.621643e+004
2.680117e+003, 4.623342e+004
2.682045e+003, 4.625417e+004
2.683974e+003, 4.627083e+004
2.685902e+003, 4.628896e+004
2.687831e+003, 4.633670e+004
2.689759e+003, 4.637966e+004
2.691688e+003, 4.634632e+004
2.693616e+003, 4.627058e+004
2.695544e+003, 4.620727e+004
2.697473e+003, 4.614971e+004
2.699401e+003, 4.606859e+004
2.701330e+003, 4.599927e+004
2.703258e+003, 4.602869e+004
2.705187e+003, 4.610420e+004
2.707115e+003, 4.613751e+004
2.709044e+003, 4.613339e+004
2.710972e+003, 4.607329e+004
2.712901e+003, 4.600047e+004
2.714829e+003, 4.601712e+004
2.716758e+003, 4.605834e+004
2.718686e+003, 4.597920e+004
2.720615e+003, 4.586337e+004
2.722543e+003, 4.585218e+004
2.724471e+003, 4.590562e+004
2.726400e+003, 4.597823e+004
2.728328e+003, 4.605441e+004
2.730257e+003, 4.612555e+004
2.732185e+003, 4.616721e+004
2.734114e+003, 4.611968e+004
2.736042e+003, 4.603926e+004
2.737971e+003, 4.601547e+004
2.739899e+003, 4.601479e+004
2.741828e+003, 4.600071e+004
2.743756e+003, 4.597905e+004
2.745685e+003, 4.595429e+004
2.747613e+003, 4.592537e+004
2.749542e+003, 4.588562e+004
2.751470e+003, 4.583978e+004
2.753398e+003, 4.578353e+004
2.755327e+003, 4.573582e+004
2.757255e+003, 4.573907e+004
2.759184e+003, 4.574634e+004
2.761112e+003, 4.570346e+004
2.763041e+003, 4.564786e+004
2.764969e+003, 4.561447e+004
2.766898e+003, 4.559261e+004
2.768826e+003, 4.556318e+004
2.770755e+003, 4.554865e+004
2.772683e+003, 4.556708e+004
2.774612e+003, 4.560188e+004
2.776540e+003, 4.563905e+004
2.778469e+003, 4.567951e+004
2.780397e+003, 4.574920e+004
2.782325e+003, 4.577938e+004
2.784254e+003, 4.569738e+004
2.786182e+003, 4.559895e+004
2.788111e+003, 4.555362e+004
2.790039e+003, 4.550834e+004
2.791968e+003, 4.542837e+004
2.793896e+003, 4.536070e+004
2.795825e+003, 4.533069e+004
2.797753e+003, 4.532031e+004
2.799682e+003, 4.534243e+004
2.801610e+003, 4.534749e+004
2.803539e+003, 4.528373e+004
2.805467e+003, 4.524035e+004
2.807396e+003, 4.524814e+004
2.809324e+003, 4.525247e+004
2.811252e+003, 4.523139e+004
2.813181e+003, 4.520124e+004
2.815109e+003, 4.516855e+004
2.817038e+003, 4.512720e+004
2.818966e+003, 4.508200e+004
2.820895e+003, 4.503069e+004
2.822823e+003, 4.497478e+004
2.824752e+003, 4.492539e+004
2.826680e+003, 4.487968e+004
2.828609e+003, 4.486189e+004
2.830537e+003, 4.487776e+004
2.832466e+003, 4.490777e+004
2.834394e+003, 4.495337e+004
2.836323e+003, 4.496700e+004
2.838251e+003, 4.493550e+004
2.840179e+003, 4.492745e+004
2.842108e+003, 4.496431e+004
2.844036e+003, 4.495918e+004
2.845965e+003, 4.491055e+004
2.847893e+003, 4.486280e+004
2.849822e+003, 4.481729e+004
2.851750e+003, 4.477727e+004
2.853679e+003, 4.474056e+004
2.855607e+003, 4.472085e+004
2.857536e+003, 4.471344e+004
2.859464e+003, 4.465695e+004
2.861393e+003, 4.457753e+004
2.863321e+003, 4.460464e+004
2.865250e+003, 4.469689e+004
2.867178e+003, 4.470673e+004
2.869106e+003, 4.467111e+004
2.871035e+003, 4.466890e+004
2.872963e+003, 4.469168e+004
2.874892e+003, 4.474865e+004
2.876820e+003, 4.479336e+004
2.878749e+003, 4.474238e+004
2.880677e+003, 4.466368e+004
2.882606e+003, 4.464889e+004
2.884534e+003, 4.465210e+004
2.886463e+003, 4.462649e+004
2.888391e+003, 4.459989e+004
2.890320e+003, 4.459557e+004
2.892248e+003, 4.459314e+004
2.894177e+003, 4.458852e+004
2.896105e+003, 4.456425e+004
2.898033e+003, 4.449256e+004
2.899962e+003, 4.443099e+004
2.901890e+003, 4.439540e+004
2.903819e+003, 4.439035e+004
2.905747e+003, 4.445463e+004
2.907676e+003, 4.447918e+004
2.909604e+003, 4.441148e+004
2.911533e+003, 4.437503e+004
2.913461e+003, 4.440612e+004
2.915390e+003, 4.440662e+004
2.917318e+003, 4.435475e+004
2.919247e+003, 4.428191e+004
2.921175e+003, 4.417667e+004
2.923104e+003, 4.412291e+004
2.925032e+003, 4.412360e+004
2.926960e+003, 4.411911e+004
2.928889e+003, 4.410368e+004
2.930817e+003, 4.413021e+004
2.932746e+003, 4.419188e+004
2.934674e+003, 4.414566e+004
2.936603e+003, 4.402639e+004
2.938531e+003, 4.397575e+004
2.940460e+003, 4.398069e+004
2.942388e+003, 4.401512e+004
2.944317e+003, 4.406088e+004
2.946245e+003, 4.409076e+004
2.948174e+003, 4.409683e+004
2.950102e+003, 4.405201e+004
2.952031e+003, 4.399611e+004
2.953959e+003, 4.395580e+004
2.955887e+003, 4.393821e+004
2.957816e+003, 4.396979e+004
2.959744e+003, 4.399392e+004
2.961673e+003, 4.397993e+004
2.963601e+003, 4.394761e+004
2.965530e+003, 4.390876e+004
2.967458e+003, 4.385116e+004
2.969387e+003, 4.376463e+004
2.971315e+003, 4.367651e+004
2.973244e+003, 4.358465e+004
2.975172e+003, 4.353280e+004
2.977101e+003, 4.355287e+004
2.979029e+003, 4.353496e+004
2.980958e+003, 4.345243e+004
2.982886e+003, 4.341695e+004
2.984814e+003, 4.342753e+004
2.986743e+003, 4.340867e+004
2.988671e+003, 4.335660e+004
2.990600e+003, 4.331388e+004
2.992528e+003, 4.327898e+004
2.994457e+003, 4.324943e+004
2.996385e+003, 4.321324e+004
2.998314e+003, 4.310835e+004
3.000242e+003, 4.299856e+004
3.002171e+003, 4.301457e+004
3.004099e+003, 4.305764e+004
3.006028e+003, 4.299508e+004
3.007956e+003, 4.291118e+004
3.009885e+003, 4.286344e+004
3.011813e+003, 4.282763e+004
3.013741e+003, 4.277444e+004
3.015670e+003, 4.275053e+004
3.017598e+003, 4.279579e+004
3.019527e+003, 4.280911e+004
3.021455e+003, 4.273535e+004
3.023384e+003, 4.269143e+004
3.025312e+003, 4.276479e+004
3.027241e+003, 4.272155e+004
3.029169e+003, 4.253691e+004
3.031098e+003, 4.244081e+004
3.033026e+003, 4.245507e+004
3.034955e+003, 4.242640e+004
3.036883e+003, 4.235858e+004
3.038812e+003, 4.232256e+004
3.040740e+003, 4.231363e+004
3.042668e+003, 4.232136e+004
3.044597e+003, 4.233343e+004
3.046525e+003, 4.233246e+004
3.048454e+003, 4.231416e+004
3.050382e+003, 4.225749e+004
3.052311e+003, 4.219993e+004
3.054239e+003, 4.218212e+004
3.056168e+003, 4.216063e+004
3.058096e+003, 4.209253e+004
3.060025e+003, 4.204366e+004
3.061953e+003, 4.204623e+004
3.063882e+003, 4.204864e+004
3.065810e+003, 4.203912e+004
3.067739e+003, 4.202344e+004
3.069667e+003, 4.201101e+004
3.071595e+003, 4.196441e+004
3.073524e+003, 4.188263e+004
3.075452e+003, 4.180517e+004
3.077381e+003, 4.173941e+004
3.079309e+003, 4.174628e+004
3.081238e+003, 4.180151e+004
3.083166e+003, 4.182418e+004
3.085095e+003, 4.180780e+004
3.087023e+003, 4.172050e+004
3.088952e+003, 4.161880e+004
3.090880e+003, 4.158016e+004
3.092809e+003, 4.155605e+004
3.094737e+003, 4.152186e+004
3.096666e+003, 4.147786e+004
3.098594e+003, 4.141803e+004
3.100522e+003, 4.136069e+004
3.102451e+003, 4.129717e+004
3.104379e+003, 4.126434e+004
3.106308e+003, 4.127450e+004
3.108236e+003, 4.122798e+004
3.110165e+003, 4.108854e+004
3.112093e+003, 4.104069e+004
3.114022e+003, 4.108516e+004
3.115950e+003, 4.110579e+004
3.117879e+003, 4.109408e+004
3.119807e+003, 4.099609e+004
3.121736e+003, 4.087016e+004
3.123664e+003, 4.083025e+004
3.125593e+003, 4.082155e+004
3.127521e+003, 4.077018e+004
3.129449e+003, 4.073366e+004
3.131378e+003, 4.076699e+004
3.133306e+003, 4.079579e+004
3.135235e+003, 4.078462e+004
3.137163e+003, 4.076128e+004
3.139092e+003, 4.072172e+004
3.141020e+003, 4.070269e+004
3.142949e+003, 4.072220e+004
3.144877e+003, 4.073032e+004
3.146806e+003, 4.072534e+004
3.148734e+003, 4.066111e+004
3.150663e+003, 4.055391e+004
3.152591e+003, 4.048636e+004
3.154520e+003, 4.043275e+004
3.156448e+003, 4.031023e+004
3.158376e+003, 4.019510e+004
3.160305e+003, 4.017286e+004
3.162233e+003, 4.018793e+004
3.164162e+003, 4.022856e+004
3.166090e+003, 4.023379e+004
3.168019e+003, 4.015652e+004
3.169947e+003, 4.009763e+004
3.171876e+003, 4.008423e+004
3.173804e+003, 4.008790e+004
3.175733e+003, 4.011052e+004
3.177661e+003, 4.010543e+004
3.179590e+003, 4.006932e+004
3.181518e+003, 3.995925e+004
3.183447e+003, 3.981250e+004
3.185375e+003, 3.973529e+004
3.187303e+003, 3.970815e+004
3.189232e+003, 3.971346e+004
3.191160e+003, 3.972766e+004
3.193089e+003, 3.974989e+004
3.195017e+003, 3.973280e+004
3.196946e+003, 3.963283e+004
3.198874e+003, 3.955460e+004
3.200803e+003, 3.954908e+004
3.202731e+003, 3.952405e+004
3.204660e+003, 3.946651e+004
3.206588e+003, 3.942704e+004
3.208517e+003, 3.940376e+004
3.210445e+003, 3.936091e+004
3.212374e+003, 3.930605e+004
3.214302e+003, 3.928304e+004
3.216230e+003, 3.926114e+004
3.218159e+003, 3.918119e+004
3.220087e+003, 3.910198e+004
3.222016e+003, 3.909910e+004
3.223944e+003, 3.906854e+004
3.225873e+003, 3.894764e+004
3.227801e+003, 3.885070e+004
3.229730e+003, 3.880993e+004
3.231658e+003, 3.881058e+004
3.233587e+003, 3.886284e+004
3.235515e+003, 3.884209e+004
3.237444e+003, 3.875992e+004
3.239372e+003, 3.868827e+004
3.241301e+003, 3.863888e+004
3.243229e+003, 3.865578e+004
3.245157e+003, 3.868595e+004
3.247086e+003, 3.866238e+004
3.249014e+003, 3.863219e+004
3.250943e+003, 3.862288e+004
3.252871e+003, 3.862257e+004
3.254800e+003, 3.865018e+004
3.256728e+003, 3.861270e+004
3.258657e+003, 3.847520e+004
3.260585e+003, 3.837889e+004
3.262514e+003, 3.832707e+004
3.264442e+003, 3.824219e+004
3.266371e+003, 3.814574e+004
3.268299e+003, 3.808450e+004
3.270228e+003, 3.806107e+004
3.272156e+003, 3.811218e+004
3.274084e+003, 3.815127e+004
3.276013e+003, 3.810293e+004
3.277941e+003, 3.806098e+004
3.279870e+003, 3.808339e+004
3.281798e+003, 3.806886e+004
3.283727e+003, 3.800555e+004
3.285655e+003, 3.794513e+004
3.287584e+003, 3.789334e+004
3.289512e+003, 3.786699e+004
3.291441e+003, 3.785586e+004
3.293369e+003, 3.783363e+004
3.295298e+003, 3.780525e+004
3.297226e+003, 3.777695e+004
3.299155e+003, 3.774432e+004
3.301083e+003, 3.769708e+004
3.303011e+003, 3.766305e+004
3.304940e+003, 3.767880e+004
3.306868e+003, 3.764769e+004
3.308797e+003, 3.755980e+004
3.310725e+003, 3.752856e+004
3.312654e+003, 3.754783e+004
3.314582e+003, 3.750203e+004
3.316511e+003, 3.742808e+004
3.318439e+003, 3.741423e+004
3.320368e+003, 3.740763e+004
3.322296e+003, 3.734402e+004
3.324225e+003, 3.729755e+004
3.326153e+003, 3.733859e+004
3.328082e+003, 3.730720e+004
3.330010e+003, 3.714354e+004
3.331938e+003, 3.705548e+004
3.333867e+003, 3.705889e+004
3.335795e+003, 3.708702e+004
3.337724e+003, 3.711569e+004
3.339652e+003, 3.708373e+004
3.341581e+003, 3.700826e+004
3.343509e+003, 3.689257e+004
3.345438e+003, 3.677813e+004
3.347366e+003, 3.669868e+004
3.349295e+003, 3.661782e+004
3.351223e+003, 3.652380e+004
3.353152e+003, 3.646186e+004
3.355080e+003, 3.643667e+004
3.357009e+003, 3.632422e+004
3.358937e+003, 3.616138e+004
3.360865e+003, 3.615601e+004
3.362794e+003, 3.619668e+004
3.364722e+003, 3.610257e+004
3.366651e+003, 3.600585e+004
3.368579e+003, 3.601921e+004
3.370508e+003, 3.601901e+004
3.372436e+003, 3.596050e+004
3.374365e+003, 3.594229e+004
3.376293e+003, 3.599436e+004
3.378222e+003, 3.595932e+004
3.380150e+003, 3.586693e+004
3.382079e+003, 3.584771e+004
3.384007e+003, 3.584728e+004
3.385936e+003, 3.578333e+004
3.387864e+003, 3.569476e+004
3.389792e+003, 3.557988e+004
3.391721e+003, 3.550589e+004
3.393649e+003, 3.552118e+004
3.395578e+003, 3.552329e+004
3.397506e+003, 3.550788e+004
3.399435e+003, 3.545138e+004
3.401363e+003, 3.537471e+004
3.403292e+003, 3.535022e+004
3.405220e+003, 3.534931e+004
3.407148e+003, 3.533306e+004
3.409077e+003, 3.532153e+004
3.411005e+003, 3.535287e+004
3.412934e+003, 3.532281e+004
3.414862e+003, 3.519748e+004
3.416791e+003, 3.511554e+004
3.418719e+003, 3.508966e+004
3.420648e+003, 3.504518e+004
3.422576e+003, 3.498566e+004
3.424505e+003, 3.490854e+004
3.426433e+003, 3.483227e+004
3.428362e+003, 3.476759e+004
3.430290e+003, 3.472208e+004
3.432219e+003, 3.469537e+004
3.434147e+003, 3.468762e+004
3.436075e+003, 3.470120e+004
3.438004e+003, 3.468689e+004
3.439932e+003, 3.464174e+004
3.441861e+003, 3.455675e+004
3.443789e+003, 3.446172e+004
3.445718e+003, 3.441959e+004
3.447646e+003, 3.437049e+004
3.449575e+003, 3.426037e+004
3.451503e+003, 3.418563e+004
3.453432e+003, 3.417735e+004
3.455360e+003, 3.414200e+004
3.457289e+003, 3.407736e+004
3.459217e+003, 3.407618e+004
3.461146e+003, 3.410057e+004
3.463074e+003, 3.404304e+004
3.465002e+003, 3.399329e+004
3.466931e+003, 3.407239e+004
3.468859e+003, 3.408995e+004
3.470788e+003, 3.397069e+004
3.472716e+003, 3.391339e+004
3.474645e+003, 3.395317e+004
3.476573e+003, 3.385629e+004
3.478502e+003, 3.368352e+004
3.480430e+003, 3.365489e+004
3.482359e+003, 3.366132e+004
3.484287e+003, 3.359324e+004
3.486216e+003, 3.352755e+004
3.488144e+003, 3.348954e+004
3.490073e+003, 3.348251e+004
3.492001e+003, 3.351720e+004
3.493929e+003, 3.347549e+004
3.495858e+003, 3.337705e+004
3.497786e+003, 3.329582e+004
3.499715e+003, 3.322279e+004
3.501643e+003, 3.313861e+004
3.503572e+003, 3.308467e+004
3.505500e+003, 3.312064e+004
3.507429e+003, 3.308206e+004
3.509357e+003, 3.293971e+004
3.511286e+003, 3.288348e+004
3.513214e+003, 3.289794e+004
3.515143e+003, 3.292174e+004
3.517071e+003, 3.292785e+004
3.519000e+003, 3.287156e+004
3.520928e+003, 3.280981e+004
3.522856e+003, 3.276905e+004
3.524785e+003, 3.274352e+004
3.526713e+003, 3.273545e+004
3.528642e+003, 3.265154e+004
3.530570e+003, 3.252869e+004
3.532499e+003, 3.252338e+004
3.534427e+003, 3.254649e+004
3.536356e+003, 3.250528e+004
3.538284e+003, 3.245216e+004
3.540213e+003, 3.240234e+004
3.542141e+003, 3.236712e+004
3.544070e+003, 3.235063e+004
3.545998e+003, 3.233885e+004
3.547927e+003, 3.231436e+004
3.549855e+003, 3.218454e+004
3.551783e+003, 3.205391e+004
3.553712e+003, 3.201587e+004
3.555640e+003, 3.199663e+004
3.557569e+003, 3.197262e+004
3.559497e+003, 3.195906e+004
3.561426e+003, 3.195521e+004
3.563354e+003, 3.187716e+004
3.565283e+003, 3.176608e+004
3.567211e+003, 3.169005e+004
3.569140e+003, 3.163919e+004
3.571068e+003, 3.162376e+004
3.572997e+003, 3.159750e+004
3.574925e+003, 3.155183e+004
3.576854e+003, 3.147848e+004
3.578782e+003, 3.138885e+004
3.580710e+003, 3.136096e+004
3.582639e+003, 3.136517e+004
3.584567e+003, 3.138324e+004
3.586496e+003, 3.138037e+004
3.588424e+003, 3.133382e+004
3.590353e+003, 3.129463e+004
3.592281e+003, 3.127690e+004
3.594210e+003, 3.118319e+004
3.596138e+003, 3.106744e+004
3.598067e+003, 3.107217e+004
3.599995e+003, 3.110991e+004
3.601924e+003, 3.113429e+004
3.603852e+003, 3.109827e+004
3.605781e+003, 3.093529e+004
3.607709e+003, 3.087892e+004
3.609637e+003, 3.091051e+004
3.611566e+003, 3.088492e+004
3.613494e+003, 3.083450e+004
3.615423e+003, 3.079124e+004
3.617351e+003, 3.077317e+004
3.619280e+003, 3.082113e+004
3.621208e+003, 3.078702e+004
3.623137e+003, 3.065610e+004
3.625065e+003, 3.058338e+004
3.626994e+003, 3.055590e+004
3.628922e+003, 3.053812e+004
3.630851e+003, 3.053466e+004
3.632779e+003, 3.056680e+004
3.634708e+003, 3.055717e+004
3.636636e+003, 3.046790e+004
3.638564e+003, 3.043974e+004
3.640493e+003, 3.044674e+004
3.642421e+003, 3.035820e+004
3.644350e+003, 3.024620e+004
3.646278e+003, 3.018616e+004
3.648207e+003, 3.014282e+004
3.650135e+003, 3.009825e+004
3.652064e+003, 3.009843e+004
3.653992e+003, 3.012997e+004
3.655921e+003, 3.006429e+004
3.657849e+003, 2.997268e+004
3.659778e+003, 2.998599e+004
3.661706e+003, 3.000219e+004
3.663635e+003, 2.997294e+004
3.665563e+003, 2.993593e+004
3.667491e+003, 2.989431e+004
3.669420e+003, 2.986467e+004
3.671348e+003, 2.983872e+004
3.673277e+003, 2.980296e+004
3.675205e+003, 2.976031e+004
3.677134e+003, 2.970900e+004
3.679062e+003, 2.966836e+004
3.680991e+003, 2.964370e+004
3.682919e+003, 2.957834e+004
3.684848e+003, 2.949757e+004
3.686776e+003, 2.947082e+004
3.688705e+003, 2.945955e+004
3.690633e+003, 2.944759e+004
3.692562e+003, 2.940365e+004
3.694490e+003, 2.931493e+004
3.696418e+003, 2.929140e+004
3.698347e+003, 2.931201e+004
3.700275e+003, 2.931382e+004
3.702204e+003, 2.929555e+004
3.704132e+003, 2.925722e+004
3.706061e+003, 2.920536e+004
3.707989e+003, 2.913938e+004
3.709918e+003, 2.909559e+004
3.711846e+003, 2.906348e+004
3.713775e+003, 2.899324e+004
3.715703e+003, 2.892435e+004
3.717632e+003, 2.888586e+004
3.719560e+003, 2.886983e+004
3.721489e+003, 2.888630e+004
3.723417e+003, 2.884276e+004
3.725345e+003, 2.875769e+004
3.727274e+003, 2.868013e+004
3.729202e+003, 2.864797e+004
3.731131e+003, 2.871976e+004
3.733059e+003, 2.875605e+004
3.734988e+003, 2.871328e+004
3.736916e+003, 2.866236e+004
3.738845e+003, 2.859792e+004
3.740773e+003, 2.848186e+004
3.742702e+003, 2.838145e+004
3.744630e+003, 2.835537e+004
3.746559e+003, 2.834466e+004
3.748487e+003, 2.834130e+004
3.750416e+003, 2.830946e+004
3.752344e+003, 2.827308e+004
3.754272e+003, 2.831549e+004
3.756201e+003, 2.834689e+004
3.758129e+003, 2.830313e+004
3.760058e+003, 2.824648e+004
3.761986e+003, 2.819014e+004
3.763915e+003, 2.813602e+004
3.765843e+003, 2.808151e+004
3.767772e+003, 2.800384e+004
3.769700e+003, 2.795026e+004
3.771629e+003, 2.795569e+004
3.773557e+003, 2.793735e+004
3.775486e+003, 2.788165e+004
3.777414e+003, 2.783848e+004
3.779343e+003, 2.779084e+004
3.781271e+003, 2.768640e+004
3.783199e+003, 2.762144e+004
3.785128e+003, 2.764726e+004
3.787056e+003, 2.764794e+004
3.788985e+003, 2.761533e+004
3.790913e+003, 2.758530e+004
3.792842e+003, 2.757005e+004
3.794770e+003, 2.760784e+004
3.796699e+003, 2.760990e+004
3.798627e+003, 2.754269e+004
3.800556e+003, 2.751427e+004
3.802484e+003, 2.751156e+004
3.804413e+003, 2.742294e+004
3.806341e+003, 2.733336e+004
3.808270e+003, 2.732855e+004
3.810198e+003, 2.731609e+004
3.812126e+003, 2.727935e+004
3.814055e+003, 2.725678e+004
3.815983e+003, 2.723407e+004
3.817912e+003, 2.715282e+004
3.819840e+003, 2.710057e+004
3.821769e+003, 2.714940e+004
3.823697e+003, 2.717808e+004
3.825626e+003, 2.717393e+004
3.827554e+003, 2.715088e+004
3.829483e+003, 2.710997e+004
3.831411e+003, 2.703496e+004
3.833340e+003, 2.698520e+004
3.835268e+003, 2.698880e+004
3.837197e+003, 2.694326e+004
3.839125e+003, 2.686329e+004
3.841053e+003, 2.681410e+004
3.842982e+003, 2.678366e+004
3.844910e+003, 2.676321e+004
3.846839e+003, 2.676041e+004
3.848767e+003, 2.677280e+004
3.850696e+003, 2.674389e+004
3.852624e+003, 2.670413e+004
3.854553e+003, 2.672273e+004
3.856481e+003, 2.673505e+004
3.858410e+003, 2.672216e+004
3.860338e+003, 2.667610e+004
3.862267e+003, 2.660505e+004
3.864195e+003, 2.652209e+004
3.866124e+003, 2.644867e+004
3.868052e+003, 2.639159e+004
3.869980e+003, 2.637231e+004
3.871909e+003, 2.639924e+004
3.873837e+003, 2.639011e+004
3.875766e+003, 2.637124e+004
3.877694e+003, 2.642853e+004
3.879623e+003, 2.641942e+004
3.881551e+003, 2.627531e+004
3.883480e+003, 2.619849e+004
3.885408e+003, 2.619081e+004
3.887337e+003, 2.617745e+004
3.889265e+003, 2.616059e+004
3.891194e+003, 2.612974e+004
3.893122e+003, 2.612358e+004
3.895051e+003, 2.614588e+004
3.896979e+003, 2.613757e+004
3.898907e+003, 2.609918e+004
3.900836e+003, 2.601515e+004
3.902764e+003, 2.595231e+004
3.904693e+003, 2.593729e+004
3.906621e+003, 2.593844e+004
3.908550e+003, 2.594392e+004
3.910478e+003, 2.592242e+004
3.912407e+003, 2.588792e+004
3.914335e+003, 2.584984e+004
3.916264e+003, 2.579694e+004
3.918192e+003, 2.573498e+004
3.920121e+003, 2.571545e+004
3.922049e+003, 2.571501e+004
3.923978e+003, 2.571779e+004
3.925906e+003, 2.569445e+004
3.927834e+003, 2.562600e+004
3.929763e+003, 2.558634e+004
3.931691e+003, 2.555913e+004
3.933620e+003, 2.550436e+004
3.935548e+003, 2.546339e+004
3.937477e+003, 2.545171e+004
3.939405e+003, 2.546789e+004
3.941334e+003, 2.549660e+004
3.943262e+003, 2.547866e+004
3.945191e+003, 2.543750e+004
3.947119e+003, 2.537805e+004
3.949048e+003, 2.533178e+004
3.950976e+003, 2.530449e+004
3.952905e+003, 2.530429e+004
3.954833e+003, 2.530313e+004
3.956761e+003, 2.525948e+004
3.958690e+003, 2.523026e+004
3.960618e+003, 2.522444e+004
3.962547e+003, 2.521640e+004
3.964475e+003, 2.520510e+004
3.966404e+003, 2.518540e+004
3.968332e+003, 2.517934e+004
3.970261e+003, 2.522030e+004
3.972189e+003, 2.515428e+004
3.974118e+003, 2.504158e+004
3.976046e+003, 2.505164e+004
3.977975e+003, 2.507363e+004
3.979903e+003, 2.505626e+004
3.981832e+003, 2.501419e+004
3.983760e+003, 2.495527e+004
3.985688e+003, 2.489424e+004
3.987617e+003, 2.485214e+004
3.989545e+003, 2.485770e+004
3.991474e+003, 2.483174e+004
3.993402e+003, 2.477179e+004
3.995331e+003, 2.477460e+004
3.997259e+003, 2.478747e+004
3.999188e+003, 2.474971e+004
4.001116e+003, 2.473741e+004
4.003045e+003, 2.475583e+004
4.004973e+003, 2.471712e+004
4.006902e+003, 2.465620e+004
4.008830e+003, 2.460695e+004
4.010759e+003, 2.458659e+004
4.012687e+003, 2.460174e+004
4.014615e+003, 2.455479e+004
4.016544e+003, 2.448740e+004
4.018472e+003, 2.447481e+004
4.020401e+003, 2.445800e+004
4.022329e+003, 2.440909e+004
4.024258e+003, 2.443661e+004
4.026186e+003, 2.449678e+004
4.028115e+003, 2.450909e+004
4.030043e+003, 2.450445e+004
4.031972e+003, 2.449299e+004
4.033900e+003, 2.447854e+004
4.035829e+003, 2.445363e+004
4.037757e+003, 2.438732e+004
4.039686e+003, 2.432566e+004
4.041614e+003, 2.428600e+004
4.043542e+003, 2.428942e+004
4.045471e+003, 2.429579e+004
4.047399e+003, 2.414550e+004
4.049328e+003, 2.402788e+004
4.051256e+003, 2.407846e+004
4.053185e+003, 2.407783e+004
4.055113e+003, 2.404033e+004
4.057042e+003, 2.401821e+004
4.058970e+003, 2.401716e+004
4.060899e+003, 2.403997e+004
4.062827e+003, 2.407431e+004
4.064756e+003, 2.409503e+004
4.066684e+003, 2.399187e+004
4.068613e+003, 2.388706e+004
4.070541e+003, 2.384518e+004
4.072469e+003, 2.384529e+004
4.074398e+003, 2.386403e+004
4.076326e+003, 2.380954e+004
4.078255e+003, 2.374567e+004
4.080183e+003, 2.370358e+004
4.082112e+003, 2.369000e+004
4.084040e+003, 2.369411e+004
4.085969e+003, 2.367295e+004
4.087897e+003, 2.365566e+004
4.089826e+003, 2.366093e+004
4.091754e+003, 2.364119e+004
4.093683e+003, 2.360273e+004
4.095611e+003, 2.358412e+004
4.097540e+003, 2.356010e+004
4.099468e+003, 2.351719e+004
4.101396e+003, 2.350769e+004
4.103325e+003, 2.350820e+004
4.105253e+003, 2.338843e+004
4.107182e+003, 2.331374e+004
4.109110e+003, 2.338978e+004
4.111039e+003, 2.336584e+004
4.112967e+003, 2.329025e+004
4.114896e+003, 2.336557e+004
4.116824e+003, 2.339487e+004
4.118752e+003, 2.324584e+004
4.120681e+003, 2.321597e+004
4.122609e+003, 2.324551e+004
4.124538e+003, 2.320395e+004
4.126466e+003, 2.313530e+004
4.128395e+003, 2.304941e+004
4.130323e+003, 2.303758e+004
4.132252e+003, 2.306624e+004
4.134180e+003, 2.309718e+004
4.136109e+003, 2.306902e+004
4.138037e+003, 2.297079e+004
4.139966e+003, 2.293370e+004
4.141894e+003, 2.294183e+004
4.143823e+003, 2.298495e+004
4.145751e+003, 2.300226e+004
4.147680e+003, 2.297850e+004
4.149608e+003, 2.296474e+004
4.151537e+003, 2.295427e+004
4.153465e+003, 2.294547e+004
4.155394e+003, 2.291670e+004
4.157322e+003, 2.286653e+004
4.159250e+003, 2.283392e+004
4.161179e+003, 2.278853e+004
4.163107e+003, 2.268457e+004
4.165036e+003, 2.260484e+004
4.166964e+003, 2.257061e+004
4.168893e+003, 2.268866e+004
4.170821e+003, 2.275352e+004
4.172750e+003, 2.258417e+004
4.174678e+003, 2.251510e+004
4.176606e+003, 2.253771e+004
4.178535e+003, 2.259815e+004
4.180463e+003, 2.261853e+004
4.182392e+003, 2.256384e+004
4.184320e+003, 2.251915e+004
4.186249e+003, 2.247868e+004
4.188177e+003, 2.241456e+004
4.190106e+003, 2.236652e+004
4.192034e+003, 2.234447e+004
4.193963e+003, 2.233974e+004
4.195891e+003, 2.235398e+004
4.197820e+003, 2.242019e+004
4.199748e+003, 2.239573e+004
4.201677e+003, 2.227076e+004
4.203605e+003, 2.218843e+004
4.205534e+003, 2.215561e+004
4.207462e+003, 2.219040e+004
4.209391e+003, 2.221458e+004
4.211319e+003, 2.221652e+004
4.213248e+003, 2.217797e+004
4.215176e+003, 2.214216e+004
4.217104e+003, 2.213042e+004
4.219033e+003, 2.214150e+004
4.220961e+003, 2.215728e+004
4.222890e+003, 2.215155e+004
4.224818e+003, 2.210049e+004
4.226747e+003, 2.198514e+004
4.228675e+003, 2.195899e+004
4.230604e+003, 2.196081e+004
4.232532e+003, 2.190683e+004
4.234460e+003, 2.187511e+004
4.236389e+003, 2.187763e+004
4.238317e+003, 2.193094e+004
4.240246e+003, 2.197790e+004
4.242174e+003, 2.197279e+004
4.244103e+003, 2.192843e+004
##END=



