##NAMES=Natrolite
##RRUFFID=R060561
##IDEAL CHEMISTRY=Na_2_(Si_3_Al_2_)O_10_·2H_2_O
##LOCALITY=California, USA
##OWNER=RRUFF
##SOURCE=Gemological Institute of America
##DESCRIPTION=White fragment
##STATUS=The identification of this mineral has been confirmed by X-ray diffraction and chemical analysis
##URL=https://www.rruff.net/odr/rruff_sample/R060561
##MEASURED CHEMISTRY=Na_2.00_(Si_3.00_Al_2.00_)O_10_·2H_2_O
##DIFFRACTION SAMPLE DESCRIPTION=Powder
##CELL PARAMETERS=a: 18.2914 b: 18.645 c: 6.5845 alpha: 90 beta: 90 gamma: 90 volume: 2245.63 crystal system: orthorhombic
##FILETYPE=Raman RAW
##RAMAN WAVELENGTH=532

104.1851, 6721.963
106.1135, 6979.104
108.0420, 7909.526
109.9705, 9220.334
111.8989, 11265.92
113.8274, 13633.08
115.7559, 15712.06
117.6843, 17249.36
119.6128, 18859.74
121.5413, 21121.65
123.4697, 24369.31
125.3982, 26374.89
127.3267, 26357.65
129.2551, 24631.15
131.1836, 22894.63
133.1121, 20349.19
135.0405, 18390.73
136.9690, 17674.09
138.8975, 18954.31
140.8259, 20791.81
142.7544, 23804.06
144.6829, 27661.70
146.6113, 29974.07
148.5398, 29282.87
150.4683, 27213.08
152.3967, 25101.47
154.3252, 21950.91
156.2537, 19724.60
158.1821, 19287.97
160.1106, 20514.94
162.0391, 22188.38
163.9675, 25127.46
165.8960, 28210.78
167.8245, 29403.03
169.7529, 27906.01
171.6814, 25619.33
173.6099, 23212.99
175.5383, 20467.22
177.4668, 18250.29
179.3953, 16664.61
181.3237, 15701.40
183.2522, 15133.42
185.1807, 15287.99
187.1091, 15552.65
189.0376, 15636.31
190.9661, 15326.78
192.8945, 15174.36
194.8230, 15152.15
196.7515, 15307.80
198.6799, 15761.04
200.6084, 16480.14
202.5369, 17542.37
204.4653, 19226.29
206.3938, 21853.63
208.3223, 24048.53
210.2507, 25619.89
212.1792, 26617.89
214.1077, 26592.55
216.0361, 24862.07
217.9646, 22677.48
219.8931, 20814.46
221.8215, 19304.54
223.7500, 17943.57
225.6785, 16603.82
227.6069, 15300.14
229.5354, 14312.38
231.4639, 13561.31
233.3923, 13173.04
235.3208, 13153.31
237.2493, 13504.11
239.1777, 14278.84
241.1062, 15923.75
243.0347, 18311.22
244.9631, 19640.69
246.8916, 19417.53
248.8201, 18398.52
250.7485, 17147.87
252.6770, 15183.13
254.6055, 13566.34
256.5339, 12476.93
258.4624, 11879.69
260.3909, 11507.54
262.3193, 11401.97
264.2478, 11498.65
266.1763, 11777.32
268.1047, 12341.14
270.0332, 12959.78
271.9617, 13807.86
273.8901, 14754.02
275.8186, 15270.95
277.7471, 15033.59
279.6755, 14514.72
281.6040, 13926.65
283.5325, 13172.86
285.4609, 12588.44
287.3894, 12315.18
289.3179, 12294.79
291.2463, 12324.97
293.1748, 12380.22
295.1033, 12493.86
297.0317, 12636.80
298.9602, 12722.96
300.8887, 13139.02
302.8171, 14030.41
304.7456, 15319.56
306.6741, 16812.08
308.6025, 19561.42
310.5310, 21634.76
312.4595, 21853.96
314.3879, 20031.30
316.3164, 18090.02
318.2449, 16178.85
320.1733, 14421.35
322.1018, 13158.22
324.0303, 12433.21
325.9587, 12087.08
327.8872, 12104.69
329.8157, 12536.30
331.7441, 13005.11
333.6726, 13701.08
335.6011, 14342.88
337.5295, 14475.19
339.4580, 13894.30
341.3865, 13210.71
343.3149, 12599.84
345.2434, 12048.09
347.1719, 11649.25
349.1003, 11413.75
351.0288, 11309.16
352.9573, 11296.14
354.8857, 11369.38
356.8142, 11541.39
358.7427, 11881.58
360.6711, 12377.31
362.5996, 12696.21
364.5281, 12857.50
366.4565, 12841.41
368.3850, 12609.76
370.3135, 12091.67
372.2419, 11613.77
374.1704, 11216.39
376.0989, 10899.17
378.0273, 10652.30
379.9558, 10484.56
381.8843, 10370.68
383.8127, 10298.71
385.7412, 10269.07
387.6697, 10277.07
389.5981, 10313.19
391.5266, 10384.63
393.4551, 10497.48
395.3835, 10641.63
397.3120, 10837.80
399.2405, 11095.16
401.1689, 11413.33
403.0974, 11752.10
405.0259, 12126.78
406.9543, 12506.63
408.8828, 12876.04
410.8113, 13241.04
412.7397, 13580.99
414.6682, 13893.07
416.5967, 14181.69
418.5251, 14451.09
420.4536, 14577.26
422.3821, 14804.69
424.3105, 15167.74
426.2390, 15643.87
428.1675, 16458.38
430.0959, 17430.94
432.0244, 18829.36
433.9529, 20917.46
435.8813, 23171.42
437.8098, 26889.67
439.7383, 33902.21
441.6667, 43012.62
443.5952, 50207.13
445.5237, 56907.01
447.4521, 60266.95
449.3806, 57440.75
451.3091, 47536.73
453.2375, 38428.68
455.1660, 31155.32
457.0945, 25390.49
459.0229, 20839.69
460.9514, 18191.72
462.8799, 16136.79
464.8083, 14686.82
466.7368, 13792.01
468.6653, 13098.15
470.5938, 12660.12
472.5222, 12369.95
474.4507, 12170.03
476.3792, 12094.69
478.3076, 12064.19
480.2361, 12077.07
482.1646, 12139.51
484.0930, 12251.20
486.0215, 12427.81
487.9500, 12626.04
489.8784, 12817.51
491.8069, 13004.25
493.7354, 13252.92
495.6638, 13582.63
497.5923, 13952.31
499.5208, 14338.67
501.4492, 14737.03
503.3777, 15172.69
505.3062, 15611.84
507.2346, 16097.82
509.1631, 16705.92
511.0916, 17449.71
513.0200, 18267.50
514.9485, 19185.36
516.8770, 20173.90
518.8054, 21156.43
520.7339, 22023.40
522.6624, 22972.99
524.5908, 23951.46
526.5193, 24891.01
528.4478, 26507.99
530.3762, 29293.06
532.3047, 32594.59
534.2332, 36010.67
536.1616, 40943.48
538.0901, 43533.55
540.0186, 42564.39
541.9470, 38837.71
543.8755, 34832.93
545.8040, 30079.75
547.7324, 25801.80
549.6609, 22432.42
551.5894, 20009.51
553.5178, 18084.15
555.4463, 16743.63
557.3748, 15746.15
559.3032, 14995.87
561.2317, 14481.55
563.1602, 14080.98
565.0886, 13808.52
567.0171, 13619.08
568.9456, 13469.91
570.8740, 13370.37
572.8025, 13302.46
574.7310, 13287.69
576.6594, 13307.55
578.5879, 13308.09
580.5164, 13271.54
582.4448, 13236.25
584.3733, 13207.69
586.3018, 13180.50
588.2302, 13203.98
590.1587, 13272.60
592.0872, 13392.20
594.0156, 13587.03
595.9441, 13871.54
597.8726, 14118.46
599.8010, 14348.85
601.7295, 14513.50
603.6580, 14533.32
605.5864, 14321.91
607.5149, 14093.17
609.4434, 13849.48
611.3718, 13611.84
613.3003, 13424.05
615.2288, 13306.31
617.1572, 13221.87
619.0857, 13167.22
621.0142, 13144.55
622.9426, 13116.16
624.8711, 13075.41
626.7996, 13035.04
628.7280, 13000.81
630.6565, 12972.47
632.5850, 12948.62
634.5134, 12922.07
636.4419, 12903.25
638.3704, 12902.39
640.2988, 12921.94
642.2273, 12951.44
644.1558, 12997.58
646.0842, 13049.89
648.0127, 13094.03
649.9412, 13121.25
651.8696, 13154.94
653.7981, 13202.52
655.7266, 13261.54
657.6550, 13321.96
659.5835, 13386.56
661.5120, 13452.25
663.4404, 13518.02
665.3689, 13585.07
667.2974, 13658.25
669.2258, 13732.10
671.1543, 13817.33
673.0828, 13916.54
675.0112, 14029.69
676.9397, 14155.79
678.8682, 14287.84
680.7966, 14435.07
682.7251, 14601.00
684.6536, 14786.29
686.5820, 14983.22
688.5105, 15171.79
690.4390, 15381.31
692.3674, 15643.77
694.2959, 15958.00
696.2244, 16322.89
698.1528, 16782.06
700.0813, 17280.88
702.0098, 17766.05
703.9382, 18332.44
705.8667, 18705.53
707.7952, 18822.26
709.7236, 18715.24
711.6521, 18466.02
713.5806, 17997.51
715.5090, 17534.06
717.4375, 17128.70
719.3660, 16780.89
721.2944, 16519.46
723.2229, 16388.22
725.1514, 16305.96
727.0798, 16294.90
729.0083, 16343.47
730.9368, 16295.74
732.8652, 16128.14
734.7937, 15891.14
736.7222, 15580.10
738.6506, 15199.62
740.5791, 14869.23
742.5076, 14602.59
744.4360, 14383.98
746.3645, 14214.13
748.2930, 14098.64
750.2214, 14005.94
752.1499, 13937.33
754.0784, 13892.60
756.0068, 13873.00
757.9353, 13882.16
759.8638, 13896.07
761.7922, 13915.42
763.7207, 13936.48
765.6492, 13954.86
767.5776, 13966.94
769.5061, 13986.26
771.4346, 14016.51
773.3630, 14050.25
775.2915, 14081.79
777.2200, 14110.31
779.1484, 14135.88
781.0769, 14158.31
783.0054, 14179.12
784.9338, 14198.85
786.8623, 14214.68
788.7908, 14241.00
790.7192, 14295.20
792.6477, 14354.34
794.5762, 14392.28
796.5046, 14399.18
798.4331, 14413.78
800.3616, 14446.05
802.2900, 14488.50
804.2185, 14531.39
806.1470, 14573.54
808.0754, 14619.00
810.0039, 14670.04
811.9324, 14723.47
813.8608, 14775.66
815.7893, 14826.30
817.7178, 14872.24
819.6462, 14910.04
821.5747, 14942.57
823.5032, 14974.55
825.4316, 15006.13
827.3601, 15037.43
829.2886, 15073.12
831.2170, 15108.18
833.1455, 15134.21
835.0740, 15146.38
837.0024, 15166.37
838.9309, 15208.21
840.8594, 15257.91
842.7878, 15295.40
844.7163, 15310.11
846.6448, 15324.73
848.5732, 15340.51
850.5017, 15356.35
852.4302, 15370.65
854.3586, 15382.90
856.2871, 15397.39
858.2156, 15415.29
860.1440, 15436.89
862.0725, 15462.71
864.0010, 15496.95
865.9294, 15528.23
867.8579, 15558.03
869.7864, 15581.94
871.7148, 15592.21
873.6433, 15585.52
875.5718, 15577.32
877.5002, 15574.68
879.4287, 15569.47
881.3572, 15553.46
883.2856, 15522.00
885.2141, 15493.48
887.1426, 15474.39
889.0710, 15458.21
890.9995, 15438.23
892.9280, 15414.71
894.8564, 15394.71
896.7849, 15377.28
898.7134, 15366.85
900.6418, 15366.51
902.5703, 15377.29
904.4988, 15389.26
906.4272, 15395.29
908.3557, 15403.91
910.2842, 15421.11
912.2126, 15447.70
914.1411, 15469.84
916.0696, 15476.39
917.9980, 15486.66
919.9265, 15516.72
921.8550, 15565.06
923.7834, 15605.34
925.7119, 15619.58
927.6404, 15645.75
929.5688, 15705.29
931.4973, 15799.74
933.4258, 15888.94
935.3542, 15970.08
937.2827, 16049.83
939.2112, 16116.66
941.1396, 16181.24
943.0681, 16274.93
944.9966, 16393.62
946.9250, 16550.21
948.8535, 16721.80
950.7820, 16928.39
952.7104, 17234.35
954.6389, 17601.06
956.5674, 18121.91
958.4958, 18797.49
960.4243, 19646.42
962.3528, 20786.96
964.2813, 22393.76
966.2097, 23651.98
968.1382, 24440.76
970.0667, 24700.90
971.9951, 24264.66
973.9236, 22857.88
975.8521, 21588.98
977.7805, 20530.33
979.7090, 19657.36
981.6375, 18964.26
983.5659, 18470.50
985.4944, 18085.57
987.4229, 17819.93
989.3513, 17656.69
991.2798, 17595.14
993.2083, 17629.48
995.1367, 17746.57
997.0652, 18035.24
998.9937, 18298.92
1000.922, 18496.59
1002.851, 18621.89
1004.779, 18623.26
1006.708, 18393.40
1008.636, 18178.84
1010.564, 18019.02
1012.493, 17904.39
1014.421, 17811.53
1016.350, 17737.50
1018.278, 17693.57
1020.207, 17682.43
1022.135, 17706.64
1024.064, 17766.37
1025.992, 17847.61
1027.921, 18015.63
1029.849, 18241.48
1031.778, 18572.37
1033.706, 19040.11
1035.635, 19652.97
1037.563, 20400.81
1039.491, 21580.95
1041.420, 22522.14
1043.348, 22879.72
1045.277, 22745.46
1047.205, 22303.86
1049.134, 21336.09
1051.062, 20448.84
1052.991, 19790.92
1054.919, 19318.03
1056.848, 18946.91
1058.776, 18702.32
1060.705, 18529.08
1062.633, 18438.63
1064.562, 18409.95
1066.490, 18425.61
1068.418, 18481.48
1070.347, 18574.04
1072.275, 18698.51
1074.204, 18863.62
1076.132, 19081.54
1078.061, 19350.61
1079.989, 19611.56
1081.918, 19924.09
1083.846, 20156.96
1085.775, 20293.34
1087.703, 20327.78
1089.632, 20227.96
1091.560, 19960.08
1093.489, 19678.09
1095.417, 19391.76
1097.345, 19121.10
1099.274, 18878.25
1101.202, 18663.69
1103.131, 18483.84
1105.059, 18341.19
1106.988, 18234.79
1108.916, 18171.65
1110.845, 18148.68
1112.773, 18130.21
1114.702, 18104.29
1116.630, 18092.15
1118.559, 18113.53
1120.487, 18145.50
1122.416, 18144.97
1124.344, 18105.13
1126.272, 18072.04
1128.201, 18059.37
1130.129, 18056.73
1132.058, 18056.10
1133.986, 18057.94
1135.915, 18067.89
1137.843, 18096.34
1139.772, 18122.14
1141.700, 18136.16
1143.629, 18141.50
1145.557, 18149.86
1147.486, 18160.09
1149.414, 18174.16
1151.343, 18191.89
1153.271, 18213.51
1155.199, 18240.10
1157.128, 18271.43
1159.056, 18304.04
1160.985, 18340.45
1162.913, 18374.30
1164.842, 18402.04
1166.770, 18425.29
1168.699, 18451.22
1170.627, 18480.55
1172.556, 18513.90
1174.484, 18554.04
1176.413, 18596.43
1178.341, 18633.88
1180.270, 18660.90
1182.198, 18694.12
1184.126, 18740.95
1186.055, 18783.51
1187.983, 18808.40
1189.912, 18820.38
1191.840, 18837.16
1193.769, 18865.03
1195.697, 18890.24
1197.626, 18908.00
1199.554, 18925.26
1201.483, 18949.78
1203.411, 18984.54
1205.340, 19022.51
1207.268, 19058.61
1209.197, 19100.55
1211.125, 19153.42
1213.053, 19212.81
1214.982, 19261.49
1216.910, 19292.96
1218.839, 19318.71
1220.767, 19336.94
1222.696, 19352.56
1224.624, 19375.69
1226.553, 19408.63
1228.481, 19431.80
1230.410, 19439.40
1232.338, 19447.36
1234.267, 19458.51
1236.195, 19475.16
1238.124, 19506.49
1240.052, 19559.34
1241.980, 19608.25
1243.909, 19648.52
1245.837, 19682.38
1247.766, 19709.27
1249.694, 19728.20
1251.623, 19754.75
1253.551, 19799.57
1255.480, 19840.83
1257.408, 19866.75
1259.337, 19886.96
1261.265, 19917.74
1263.194, 19959.78
1265.122, 20000.29
1267.051, 20034.78
1268.979, 20069.38
1270.907, 20111.78
1272.836, 20159.14
1274.764, 20193.12
1276.693, 20201.57
1278.621, 20221.47
1280.550, 20270.52
1282.478, 20326.14
1284.407, 20363.50
1286.335, 20376.01
1288.264, 20404.79
1290.192, 20466.43
1292.121, 20522.08
1294.049, 20552.57
1295.978, 20571.16
1297.906, 20604.59
1299.834, 20656.19
1301.763, 20698.46
1303.691, 20718.64
1305.620, 20737.74
1307.548, 20767.96
1309.477, 20806.91
1311.405, 20849.05
1313.334, 20896.64
1315.262, 20941.88
1317.191, 20979.78
1319.119, 21018.02
1321.048, 21063.36
1322.976, 21116.19
1324.905, 21163.14
1326.833, 21199.78
1328.761, 21233.67
1330.690, 21263.91
1332.618, 21292.60
1334.547, 21321.39
1336.475, 21349.20
1338.404, 21385.86
1340.332, 21442.11
1342.261, 21496.16
1344.189, 21542.69
1346.118, 21580.96
1348.046, 21604.46
1349.975, 21608.89
1351.903, 21633.54
1353.832, 21702.79
1355.760, 21770.99
1357.688, 21810.05
1359.617, 21831.33
1361.545, 21863.78
1363.474, 21914.18
1365.402, 21955.41
1367.331, 21971.82
1369.259, 21987.23
1371.188, 22015.43
1373.116, 22053.97
1375.045, 22088.53
1376.973, 22116.97
1378.902, 22144.73
1380.830, 22172.91
1382.759, 22201.46
1384.687, 22229.15
1386.615, 22256.94
1388.544, 22292.51
1390.472, 22344.20
1392.401, 22388.57
1394.329, 22411.04
1396.258, 22430.94
1398.186, 22467.53
1400.115, 22516.91
1402.043, 22559.33
1403.972, 22589.34
1405.900, 22620.63
1407.829, 22664.49
1409.757, 22707.16
1411.686, 22733.56
1413.614, 22746.36
1415.542, 22770.74
1417.471, 22815.95
1419.399, 22860.68
1421.328, 22892.22
1423.256, 22922.31
1425.185, 22963.36
1427.113, 23015.65
1429.042, 23057.61
1430.970, 23080.55
1432.899, 23102.80
1434.827, 23135.09
1436.756, 23167.16
1438.684, 23189.37
1440.613, 23203.87
1442.541, 23217.14
1444.469, 23216.44
1446.398, 23234.21
1448.326, 23286.21
1450.255, 23349.93
1452.183, 23396.62
1454.112, 23425.20
1456.040, 23475.30
1457.969, 23562.57
1459.897, 23637.26
1461.826, 23678.45
1463.754, 23706.64
1465.683, 23740.78
1467.611, 23780.64
1469.540, 23819.19
1471.468, 23856.45
1473.396, 23894.69
1475.325, 23935.41
1477.253, 23975.15
1479.182, 24008.42
1481.110, 24036.38
1483.039, 24069.61
1484.967, 24109.97
1486.896, 24151.77
1488.824, 24197.33
1490.753, 24241.41
1492.681, 24279.84
1494.610, 24314.40
1496.538, 24352.40
1498.467, 24394.12
1500.395, 24436.94
1502.323, 24481.43
1504.252, 24524.38
1506.180, 24566.69
1508.109, 24600.04
1510.037, 24638.83
1511.966, 24659.72
1513.894, 24682.63
1515.823, 24705.10
1517.751, 24735.21
1519.680, 24777.92
1521.608, 24829.80
1523.537, 24886.45
1525.465, 24948.97
1527.394, 25005.39
1529.322, 25048.43
1531.250, 25091.98
1533.179, 25143.04
1535.107, 25193.33
1537.036, 25231.73
1538.964, 25259.75
1540.893, 25292.46
1542.821, 25335.42
1544.750, 25373.49
1546.678, 25394.53
1548.607, 25415.51
1550.535, 25452.25
1552.464, 25498.66
1554.392, 25536.84
1556.321, 25564.21
1558.249, 25591.58
1560.177, 25627.03
1562.106, 25659.11
1564.034, 25678.83
1565.963, 25695.05
1567.891, 25721.86
1569.820, 25760.46
1571.748, 25799.51
1573.677, 25832.53
1575.605, 25869.62
1577.534, 25909.88
1579.462, 25954.78
1581.391, 26010.93
1583.319, 26076.05
1585.248, 26127.88
1587.176, 26164.81
1589.104, 26192.86
1591.033, 26207.51
1592.961, 26222.08
1594.890, 26242.36
1596.818, 26268.19
1598.747, 26299.82
1600.675, 26338.25
1602.604, 26380.18
1604.532, 26429.40
1606.461, 26482.68
1608.389, 26542.74
1610.318, 26608.78
1612.246, 26676.27
1614.175, 26744.20
1616.103, 26828.14
1618.031, 26921.94
1619.960, 27031.20
1621.888, 27162.96
1623.817, 27292.01
1625.745, 27403.89
1627.674, 27498.92
1629.602, 27585.02
1631.531, 27678.32
1633.459, 27728.74
1635.388, 27722.31
1637.316, 27703.59
1639.245, 27692.57
1641.173, 27673.81
1643.102, 27622.83
1645.030, 27541.80
1646.958, 27479.71
1648.887, 27433.70
1650.815, 27410.87
1652.744, 27422.88
1654.672, 27443.52
1656.601, 27462.12
1658.529, 27478.95
1660.458, 27493.50
1662.386, 27503.58
1664.315, 27520.57
1666.243, 27547.59
1668.172, 27577.58
1670.100, 27607.27
1672.029, 27643.44
1673.957, 27695.18
1675.885, 27757.34
1677.814, 27811.93
1679.742, 27853.04
1681.671, 27900.72
1683.599, 27962.24
1685.528, 28017.09
1687.456, 28054.34
1689.385, 28083.56
1691.313, 28112.10
1693.242, 28140.12
1695.170, 28171.25
1697.099, 28213.41
1699.027, 28242.70
1700.956, 28251.44
1702.884, 28259.39
1704.813, 28276.67
1706.741, 28298.44
1708.669, 28316.68
1710.598, 28332.77
1712.526, 28360.75
1714.455, 28403.07
1716.383, 28452.46
1718.312, 28519.13
1720.240, 28577.22
1722.169, 28601.38
1724.097, 28614.96
1726.026, 28656.59
1727.954, 28724.92
1729.883, 28763.70
1731.811, 28756.12
1733.740, 28746.52
1735.668, 28736.08
1737.596, 28732.29
1739.525, 28750.75
1741.453, 28778.82
1743.382, 28792.34
1745.310, 28792.69
1747.239, 28817.89
1749.167, 28880.42
1751.096, 28942.63
1753.024, 28995.67
1754.953, 29044.79
1756.881, 29085.91
1758.810, 29122.66
1760.738, 29165.96
1762.667, 29216.18
1764.595, 29249.09
1766.523, 29257.30
1768.452, 29268.94
1770.380, 29285.33
1772.309, 29310.97
1774.237, 29355.38
1776.166, 29404.26
1778.094, 29439.93
1780.023, 29462.15
1781.951, 29478.44
1783.880, 29480.27
1785.808, 29493.31
1787.737, 29525.34
1789.665, 29558.49
1791.594, 29592.84
1793.522, 29620.36
1795.450, 29628.94
1797.379, 29622.67
1799.307, 29624.11
1801.236, 29636.25
1803.164, 29646.18
1805.093, 29655.27
1807.021, 29665.14
1808.950, 29676.29
1810.878, 29693.69
1812.807, 29718.78
1814.735, 29753.96
1816.664, 29806.53
1818.592, 29876.03
1820.521, 29937.61
1822.449, 29984.58
1824.377, 30023.96
1826.306, 30049.77
1828.234, 30072.35
1830.163, 30094.07
1832.091, 30118.13
1834.020, 30155.87
1835.948, 30204.10
1837.877, 30235.83
1839.805, 30251.26
1841.734, 30251.77
1843.662, 30217.96
1845.591, 30206.83
1847.519, 30266.79
1849.448, 30335.72
1851.376, 30355.12
1853.304, 30345.67
1855.233, 30354.96
1857.161, 30384.87
1859.090, 30408.68
1861.018, 30421.96
1862.947, 30444.27
1864.875, 30483.87
1866.804, 30533.05
1868.732, 30584.76
1870.661, 30642.18
1872.589, 30707.97
1874.518, 30778.27
1876.446, 30852.96
1878.375, 30936.42
1880.303, 30986.73
1882.231, 30985.11
1884.160, 30973.03
1886.088, 30956.89
1888.017, 30947.71
1889.945, 30965.93
1891.874, 30998.54
1893.802, 31014.40
1895.731, 31014.72
1897.659, 31031.67
1899.588, 31067.67
1901.516, 31105.66
1903.445, 31136.30
1905.373, 31167.83
1907.302, 31202.81
1909.230, 31235.91
1911.158, 31272.20
1913.087, 31303.86
1915.015, 31302.49
1916.944, 31269.33
1918.872, 31273.35
1920.801, 31329.31
1922.729, 31379.66
1924.658, 31409.48
1926.586, 31432.07
1928.515, 31446.76
1930.443, 31460.35
1932.372, 31486.16
1934.300, 31513.71
1936.229, 31517.19
1938.157, 31500.01
1940.085, 31495.83
1942.014, 31509.83
1943.942, 31526.88
1945.871, 31539.35
1947.799, 31558.93
1949.728, 31606.38
1951.656, 31646.44
1953.585, 31640.16
1955.513, 31611.04
1957.442, 31607.54
1959.370, 31631.18
1961.299, 31656.30
1963.227, 31678.99
1965.156, 31711.45
1967.084, 31760.08
1969.012, 31805.17
1970.941, 31830.63
1972.869, 31856.48
1974.798, 31900.84
1976.726, 31948.37
1978.655, 31976.61
1980.583, 31987.60
1982.512, 31997.35
1984.440, 32009.24
1986.369, 32024.12
1988.297, 32045.19
1990.226, 32071.99
1992.154, 32100.82
1994.083, 32139.09
1996.011, 32194.77
1997.939, 32252.62
1999.868, 32299.41
2001.796, 32334.62
2003.725, 32357.03
2005.653, 32367.94
2007.582, 32387.28
2009.510, 32422.62
2011.439, 32454.53
2013.367, 32462.48
2015.296, 32489.17
2017.224, 32565.89
2019.153, 32639.00
2021.081, 32660.50
2023.010, 32657.48
2024.938, 32679.42
2026.866, 32688.92
2028.795, 32695.81
2030.723, 32720.76
2032.652, 32722.29
2034.580, 32753.40
2036.509, 32787.88
2038.437, 32811.41
2040.366, 32846.95
2042.294, 32914.46
2044.223, 32977.27
2046.151, 33002.88
2048.080, 33005.62
2050.008, 33005.77
2051.937, 33007.05
2053.865, 33024.54
2055.793, 33064.58
2057.722, 33096.75
2059.650, 33110.30
2061.579, 33135.07
2063.507, 33180.68
2065.436, 33226.76
2067.364, 33265.31
2069.293, 33294.82
2071.221, 33315.04
2073.150, 33325.05
2075.078, 33322.44
2077.007, 33309.18
2078.935, 33296.13
2080.864, 33285.48
2082.792, 33279.04
2084.720, 33282.76
2086.649, 33280.73
2088.577, 33261.63
2090.506, 33257.27
2092.434, 33284.32
2094.363, 33327.77
2096.291, 33384.07
2098.220, 33439.92
2100.148, 33470.51
2102.077, 33481.52
2104.005, 33504.95
2105.934, 33539.81
2107.862, 33560.44
2109.791, 33570.77
2111.719, 33563.69
2113.647, 33544.43
2115.576, 33515.90
2117.504, 33474.30
2119.433, 33442.57
2121.361, 33425.23
2123.290, 33431.78
2125.218, 33481.10
2127.147, 33551.34
2129.075, 33598.54
2131.004, 33627.08
2132.932, 33668.71
2134.861, 33722.65
2136.789, 33765.28
2138.718, 33791.37
2140.646, 33810.54
2142.574, 33821.42
2144.503, 33832.23
2146.431, 33847.73
2148.360, 33864.56
2150.288, 33885.32
2152.217, 33904.15
2154.145, 33922.90
2156.074, 33931.63
2158.002, 33894.43
2159.931, 33821.52
2161.859, 33805.33
2163.788, 33847.84
2165.716, 33863.81
2167.645, 33840.80
2169.573, 33820.04
2171.501, 33811.23
2173.430, 33807.56
2175.358, 33811.78
2177.287, 33819.23
2179.215, 33821.38
2181.144, 33831.70
2183.072, 33872.12
2185.001, 33917.75
2186.929, 33916.92
2188.858, 33946.99
2190.786, 33972.71
2192.715, 33970.64
2194.643, 34010.64
2196.572, 34021.25
2198.500, 34012.91
2200.428, 33977.27
2202.357, 33965.41
2204.285, 34010.34
2206.214, 34044.27
2208.142, 34015.51
2210.071, 33995.51
2211.999, 34041.23
2213.928, 34101.35
2215.856, 34124.35
2217.785, 34128.65
2219.713, 34149.73
2221.642, 34184.34
2223.570, 34200.63
2225.499, 34232.81
2227.427, 34275.62
2229.355, 34297.73
2231.284, 34358.66
2233.212, 34405.90
2235.141, 34428.48
2237.069, 34411.62
2238.998, 34387.51
2240.926, 34363.67
2242.855, 34346.71
2244.783, 34350.19
2246.712, 34359.35
2248.640, 34363.63
2250.569, 34366.79
2252.497, 34368.40
2254.426, 34372.89
2256.354, 34394.65
2258.282, 34430.70
2260.211, 34467.34
2262.139, 34502.48
2264.068, 34531.37
2265.996, 34549.16
2267.925, 34571.15
2269.853, 34609.22
2271.782, 34633.45
2273.710, 34624.40
2275.639, 34623.05
2277.567, 34653.40
2279.496, 34684.85
2281.424, 34699.83
2283.353, 34707.84
2285.281, 34710.70
2287.209, 34714.92
2289.138, 34741.59
2291.066, 34774.10
2292.995, 34764.41
2294.923, 34722.50
2296.852, 34712.59
2298.780, 34739.13
2300.709, 34775.44
2302.637, 34825.95
2304.566, 34871.01
2306.494, 34902.87
2308.423, 34938.18
2310.351, 34985.77
2312.280, 35016.50
2314.208, 35012.65
2316.136, 35006.45
2318.065, 35017.87
2319.993, 35030.38
2321.922, 35022.84
2323.850, 35023.57
2325.779, 35065.34
2327.707, 35130.59
2329.636, 35205.58
2331.564, 35275.77
2333.493, 35294.50
2335.421, 35265.91
2337.350, 35229.21
2339.278, 35185.05
2341.207, 35158.20
2343.135, 35154.45
2345.063, 35141.65
2346.992, 35113.77
2348.920, 35099.59
2350.849, 35105.82
2352.777, 35126.48
2354.706, 35169.91
2356.634, 35207.73
2358.563, 35219.89
2360.491, 35230.46
2362.420, 35253.79
2364.348, 35270.05
2366.277, 35258.28
2368.205, 35243.24
2370.134, 35255.86
2372.062, 35278.43
2373.990, 35283.01
2375.919, 35279.00
2377.847, 35286.75
2379.776, 35305.02
2381.704, 35321.49
2383.633, 35357.75
2385.561, 35378.15
2387.490, 35443.29
2389.418, 35502.89
2391.347, 35553.07
2393.275, 35593.52
2395.204, 35613.24
2397.132, 35642.95
2399.061, 35697.32
2400.989, 35739.24
2402.917, 35754.72
2404.846, 35769.93
2406.774, 35792.03
2408.703, 35820.16
2410.631, 35867.37
2412.560, 35907.16
2414.488, 35904.43
2416.417, 35910.47
2418.345, 35978.39
2420.274, 36065.31
2422.202, 36121.07
2424.131, 36163.11
2426.059, 36217.70
2427.988, 36281.09
2429.916, 36348.64
2431.844, 36418.20
2433.773, 36486.99
2435.701, 36553.27
2437.630, 36605.30
2439.558, 36644.11
2441.487, 36657.99
2443.415, 36640.33
2445.344, 36629.46
2447.272, 36628.73
2449.201, 36619.52
2451.129, 36596.81
2453.058, 36576.77
2454.986, 36558.99
2456.915, 36551.68
2458.843, 36572.79
2460.771, 36575.30
2462.700, 36530.85
2464.628, 36490.45
2466.557, 36459.11
2468.485, 36452.54
2470.414, 36505.07
2472.342, 36548.07
2474.271, 36535.79
2476.199, 36511.77
2478.128, 36503.41
2480.056, 36503.85
2481.985, 36506.79
2483.913, 36513.07
2485.842, 36525.86
2487.770, 36540.74
2489.698, 36550.71
2491.627, 36564.09
2493.555, 36570.82
2495.484, 36586.12
2497.412, 36595.55
2499.341, 36601.70
2501.269, 36606.75
2503.198, 36611.76
2505.126, 36640.20
2507.055, 36692.32
2508.983, 36728.13
2510.912, 36745.35
2512.840, 36749.18
2514.769, 36738.19
2516.697, 36739.66
2518.625, 36764.18
2520.554, 36773.48
2522.482, 36747.00
2524.411, 36744.55
2526.339, 36786.46
2528.268, 36806.09
2530.196, 36784.69
2532.125, 36774.75
2534.053, 36790.84
2535.982, 36809.73
2537.910, 36824.32
2539.839, 36837.43
2541.767, 36850.10
2543.696, 36857.85
2545.624, 36856.38
2547.552, 36852.91
2549.481, 36849.40
2551.409, 36850.32
2553.338, 36863.61
2555.266, 36879.67
2557.195, 36890.95
2559.123, 36907.74
2561.052, 36939.75
2562.980, 36976.60
2564.909, 37012.51
2566.837, 37040.73
2568.766, 37043.55
2570.694, 37042.97
2572.623, 37063.09
2574.551, 37092.24
2576.479, 37120.40
2578.408, 37148.11
2580.336, 37180.34
2582.265, 37212.76
2584.193, 37226.09
2586.122, 37236.57
2588.050, 37284.02
2589.979, 37302.93
2591.907, 37371.61
2593.836, 37370.77
2595.764, 37396.31
2597.693, 37434.66
2599.621, 37422.93
2601.550, 37375.69
2603.478, 37361.25
2605.406, 37375.45
2607.335, 37385.76
2609.263, 37394.86
2611.192, 37424.98
2613.120, 37475.66
2615.049, 37505.89
2616.977, 37514.66
2618.906, 37514.08
2620.834, 37504.54
2622.763, 37519.10
2624.691, 37558.81
2626.620, 37591.64
2628.548, 37617.95
2630.477, 37632.19
2632.405, 37634.48
2634.333, 37636.87
2636.262, 37640.10
2638.190, 37643.57
2640.119, 37644.73
2642.047, 37664.65
2643.976, 37715.49
2645.904, 37740.66
2647.833, 37730.88
2649.761, 37731.67
2651.690, 37751.90
2653.618, 37750.11
2655.547, 37713.79
2657.475, 37723.29
2659.404, 37813.29
2661.332, 37866.28
2663.260, 37843.66
2665.189, 37850.11
2667.117, 37900.45
2669.046, 37916.77
2670.974, 37881.65
2672.903, 37855.87
2674.831, 37854.54
2676.760, 37860.86
2678.688, 37892.13
2680.617, 37894.95
2682.545, 37857.43
2684.474, 37834.03
2686.402, 37838.47
2688.331, 37833.79
2690.259, 37795.94
2692.188, 37797.32
2694.116, 37887.98
2696.044, 37936.29
2697.973, 37910.90
2699.901, 37916.38
2701.830, 37973.86
2703.758, 38029.52
2705.687, 38076.59
2707.615, 38103.30
2709.544, 38094.18
2711.472, 38086.28
2713.401, 38078.57
2715.329, 38085.23
2717.258, 38086.40
2719.186, 38086.63
2721.115, 38108.21
2723.043, 38101.70
2724.971, 38125.17
2726.900, 38157.39
2728.828, 38201.52
2730.757, 38232.91
2732.685, 38238.20
2734.614, 38264.24
2736.542, 38334.36
2738.471, 38368.78
2740.399, 38345.46
2742.328, 38335.87
2744.256, 38350.13
2746.185, 38354.95
2748.113, 38345.04
2750.042, 38347.93
2751.970, 38353.79
2753.898, 38354.30
2755.827, 38373.16
2757.755, 38371.31
2759.684, 38388.68
2761.612, 38410.63
2763.541, 38436.87
2765.469, 38459.50
2767.398, 38471.93
2769.326, 38502.14
2771.255, 38551.54
2773.183, 38582.80
2775.112, 38593.10
2777.040, 38610.29
2778.969, 38614.61
2780.897, 38638.25
2782.825, 38607.43
2784.754, 38582.57
2786.682, 38565.21
2788.611, 38582.43
2790.539, 38628.55
2792.468, 38637.32
2794.396, 38611.77
2796.325, 38595.71
2798.253, 38588.14
2800.182, 38577.70
2802.110, 38567.57
2804.039, 38571.43
2805.967, 38588.74
2807.896, 38629.42
2809.824, 38626.84
2811.752, 38678.39
2813.681, 38650.90
2815.609, 38660.54
2817.538, 38689.70
2819.466, 38701.34
2821.395, 38703.73
2823.323, 38705.08
2825.252, 38711.95
2827.180, 38748.96
2829.109, 38787.20
2831.037, 38797.01
2832.966, 38782.40
2834.894, 38728.46
2836.823, 38676.07
2838.751, 38671.87
2840.679, 38686.33
2842.608, 38704.22
2844.536, 38716.95
2846.465, 38708.21
2848.393, 38705.07
2850.322, 38742.98
2852.250, 38767.73
2854.179, 38738.02
2856.107, 38712.38
2858.036, 38714.77
2859.964, 38732.00
2861.893, 38759.54
2863.821, 38796.59
2865.750, 38854.73
2867.678, 38883.32
2869.606, 38853.03
2871.535, 38836.32
2873.463, 38863.03
2875.392, 38885.27
2877.320, 38901.45
2879.249, 38919.20
2881.177, 38944.38
2883.106, 38961.13
2885.034, 38965.23
2886.963, 38970.56
2888.891, 38970.17
2890.820, 38987.40
2892.748, 39019.18
2894.677, 39051.27
2896.605, 39080.52
2898.533, 39073.64
2900.462, 39039.55
2902.390, 39028.14
2904.319, 39038.04
2906.247, 39059.15
2908.176, 39087.36
2910.104, 39117.62
2912.033, 39140.68
2913.961, 39134.04
2915.890, 39113.69
2917.818, 39097.20
2919.747, 39091.59
2921.675, 39113.41
2923.604, 39138.62
2925.532, 39144.89
2927.460, 39146.00
2929.389, 39149.59
2931.317, 39156.46
2933.246, 39176.37
2935.174, 39185.19
2937.103, 39154.59
2939.031, 39139.82
2940.960, 39163.60
2942.888, 39186.61
2944.817, 39199.06
2946.745, 39216.32
2948.674, 39252.13
2950.602, 39274.96
2952.531, 39282.88
2954.459, 39287.82
2956.387, 39288.56
2958.316, 39313.67
2960.244, 39328.71
2962.173, 39384.71
2964.101, 39380.23
2966.030, 39399.64
2967.958, 39430.47
2969.887, 39418.70
2971.815, 39384.91
2973.744, 39359.22
2975.672, 39350.37
2977.601, 39374.91
2979.529, 39413.12
2981.458, 39446.57
2983.386, 39466.91
2985.314, 39460.02
2987.243, 39445.38
2989.171, 39435.39
2991.100, 39430.82
2993.028, 39446.48
2994.957, 39449.91
2996.885, 39416.02
2998.814, 39398.52
3000.742, 39416.13
3002.671, 39413.11
3004.599, 39373.46
3006.528, 39359.76
3008.456, 39385.79
3010.385, 39419.82
3012.313, 39460.07
3014.241, 39486.08
3016.170, 39496.09
3018.098, 39506.40
3020.027, 39513.55
3021.955, 39519.62
3023.884, 39517.45
3025.812, 39475.51
3027.741, 39436.02
3029.669, 39465.31
3031.598, 39507.09
3033.526, 39500.52
3035.455, 39486.84
3037.383, 39482.73
3039.312, 39484.57
3041.240, 39501.29
3043.168, 39507.07
3045.097, 39501.90
3047.025, 39479.18
3048.954, 39431.42
3050.882, 39408.54
3052.811, 39420.66
3054.739, 39450.77
3056.668, 39495.73
3058.596, 39515.35
3060.525, 39509.37
3062.453, 39496.02
3064.382, 39480.08
3066.310, 39474.11
3068.239, 39478.00
3070.167, 39500.60
3072.095, 39519.94
3074.024, 39501.81
3075.952, 39477.94
3077.881, 39471.84
3079.809, 39465.95
3081.738, 39456.89
3083.666, 39444.08
3085.595, 39436.87
3087.523, 39420.20
3089.452, 39386.39
3091.380, 39403.95
3093.309, 39487.82
3095.237, 39537.38
3097.166, 39540.96
3099.094, 39578.34
3101.022, 39633.62
3102.951, 39663.70
3104.879, 39669.29
3106.808, 39642.11
3108.736, 39607.36
3110.665, 39601.87
3112.593, 39606.17
3114.522, 39607.48
3116.450, 39610.80
3118.379, 39615.48
3120.307, 39626.45
3122.236, 39641.82
3124.164, 39668.66
3126.093, 39705.23
3128.021, 39759.34
3129.949, 39831.77
3131.878, 39871.12
3133.806, 39878.23
3135.735, 39893.16
3137.663, 39911.88
3139.592, 39916.07
3141.520, 39913.96
3143.449, 39911.74
3145.377, 39921.63
3147.306, 39966.84
3149.234, 40012.64
3151.163, 40034.33
3153.091, 40053.16
3155.020, 40066.90
3156.948, 40102.05
3158.876, 40141.48
3160.805, 40183.28
3162.733, 40247.30
3164.662, 40289.07
3166.590, 40358.36
3168.519, 40419.18
3170.447, 40476.51
3172.376, 40553.07
3174.304, 40613.19
3176.233, 40692.04
3178.161, 40748.70
3180.090, 40827.23
3182.018, 40901.67
3183.947, 40955.70
3185.875, 41004.22
3187.803, 41046.96
3189.732, 41093.15
3191.660, 41145.98
3193.589, 41187.93
3195.517, 41218.73
3197.446, 41267.27
3199.374, 41296.23
3201.303, 41351.46
3203.231, 41362.48
3205.160, 41383.20
3207.088, 41421.93
3209.017, 41505.37
3210.945, 41591.42
3212.874, 41651.20
3214.802, 41726.14
3216.730, 41828.02
3218.659, 41938.64
3220.587, 42051.84
3222.516, 42142.18
3224.444, 42204.50
3226.373, 42256.38
3228.301, 42296.47
3230.230, 42305.48
3232.158, 42296.46
3234.087, 42285.11
3236.015, 42267.00
3237.944, 42227.79
3239.872, 42185.88
3241.801, 42150.08
3243.729, 42096.04
3245.657, 42013.34
3247.586, 41908.03
3249.514, 41780.98
3251.443, 41692.76
3253.371, 41644.99
3255.300, 41611.92
3257.228, 41580.51
3259.157, 41493.19
3261.085, 41413.30
3263.014, 41426.07
3264.942, 41442.74
3266.871, 41392.41
3268.799, 41366.90
3270.728, 41398.13
3272.656, 41430.64
3274.584, 41455.66
3276.513, 41469.09
3278.441, 41506.82
3280.370, 41517.11
3282.298, 41580.95
3284.227, 41625.64
3286.155, 41682.93
3288.084, 41785.61
3290.012, 41914.86
3291.941, 42052.29
3293.869, 42226.05
3295.798, 42447.08
3297.726, 42669.47
3299.655, 42880.92
3301.583, 43121.12
3303.511, 43392.13
3305.440, 43715.66
3307.368, 44078.16
3309.297, 44449.46
3311.225, 44847.28
3313.154, 45306.76
3315.082, 45773.70
3317.011, 46234.44
3318.939, 46685.15
3320.868, 47133.52
3322.796, 47558.52
3324.725, 47952.66
3326.653, 48219.36
3328.582, 48363.79
3330.510, 48406.71
3332.438, 48353.02
3334.367, 48215.09
3336.295, 48006.38
3338.224, 47694.51
3340.152, 47395.63
3342.081, 47145.97
3344.009, 46882.53
3345.938, 46577.80
3347.866, 46313.27
3349.795, 46082.95
3351.723, 45855.70
3353.652, 45649.50
3355.580, 45507.80
3357.509, 45400.90
3359.437, 45284.46
3361.365, 45219.21
3363.294, 45243.13
3365.222, 45283.96
3367.151, 45327.46
3369.079, 45416.44
3371.008, 45544.76
3372.936, 45626.32
3374.865, 45685.47
3376.793, 45778.47
3378.722, 45874.07
3380.650, 45948.19
3382.579, 46004.38
3384.507, 46041.08
3386.436, 46071.58
3388.364, 46098.91
3390.292, 46120.71
3392.221, 46134.15
3394.149, 46118.95
3396.078, 46082.02
3398.006, 46030.25
3399.935, 45967.95
3401.863, 45892.70
3403.792, 45819.19
3405.720, 45755.16
3407.649, 45681.93
3409.577, 45646.72
3411.506, 45615.96
3413.434, 45594.74
3415.363, 45599.07
3417.291, 45600.90
3419.219, 45619.15
3421.148, 45652.74
3423.076, 45702.57
3425.005, 45760.16
3426.933, 45827.26
3428.862, 45883.70
3430.790, 45930.36
3432.719, 45977.66
3434.647, 46048.25
3436.576, 46205.04
3438.504, 46397.75
3440.433, 46558.53
3442.361, 46745.07
3444.290, 46985.42
3446.218, 47230.84
3448.146, 47456.98
3450.075, 47761.18
3452.003, 48124.50
3453.932, 48439.01
3455.860, 48728.60
3457.789, 49038.46
3459.717, 49354.51
3461.646, 49681.89
3463.574, 50002.01
3465.503, 50307.25
3467.431, 50641.69
3469.360, 51004.35
3471.288, 51326.42
3473.217, 51612.88
3475.145, 51885.84
3477.073, 52132.46
3479.002, 52349.15
3480.930, 52524.61
3482.859, 52641.60
3484.787, 52814.29
3486.716, 53062.22
3488.644, 53322.57
3490.573, 53606.64
3492.501, 53942.78
3494.430, 54333.48
3496.358, 54765.66
3498.287, 55301.95
3500.215, 55954.41
3502.144, 56776.54
3504.072, 57768.18
3506.000, 58990.20
3507.929, 60471.79
3509.857, 62165.48
3511.786, 64177.20
3513.714, 66607.16
3515.643, 69439.90
3517.571, 72615.80
3519.500, 76407.95
3521.428, 80828.86
3523.357, 85760.54
3525.285, 91243.67
3527.214, 97442.70
3529.142, 104254.0
3531.071, 111805.9
3532.999, 119293.3
3534.927, 126847.6
3536.856, 133108.2
3538.784, 137890.5
3540.713, 139928.2
3542.641, 139358.7
3544.570, 135959.4
3546.498, 130599.6
3548.427, 123405.4
3550.355, 115718.6
3552.284, 107816.1
3554.212, 100253.5
3556.141, 93110.64
3558.069, 86671.33
3559.998, 80938.01
3561.926, 75886.49
3563.854, 71461.30
3565.783, 67738.52
3567.711, 64534.31
3569.640, 61829.53
3571.568, 59522.80
3573.497, 57567.21
3575.425, 55875.11
3577.354, 54419.76
3579.282, 53214.14
3581.211, 52159.32
3583.139, 51198.59
3585.068, 50386.49
3586.996, 49749.96
3588.925, 49206.86
3590.853, 48752.69
3592.781, 48377.18
3594.710, 48054.65
3596.638, 47772.26
3598.567, 47514.36
3600.495, 47291.14
3602.424, 47051.68
3604.352, 46859.11
3606.281, 46626.85
3608.209, 46491.77
3610.138, 46311.06
3612.066, 46125.29
3613.995, 45954.86
3615.923, 45807.78
3617.852, 45692.43
3619.780, 45573.31
3621.708, 45452.27
3623.637, 45322.22
3625.565, 45207.90
3627.494, 45139.58
3629.422, 45074.74
3631.351, 44998.85
3633.279, 44916.00
3635.208, 44829.40
3637.136, 44750.80
3639.065, 44676.82
3640.993, 44582.38
3642.922, 44514.73
3644.850, 44472.23
3646.779, 44432.48
3648.707, 44419.20
3650.635, 44393.04
3652.564, 44394.05
3654.492, 44368.43
3656.421, 44316.99
3658.349, 44231.32
3660.278, 44146.02
3662.206, 44070.12
3664.135, 43997.45
3666.063, 43916.12
3667.992, 43762.13
3669.920, 43593.84
3671.849, 43478.05
3673.777, 43335.68
3675.706, 43141.01
3677.634, 42934.57
3679.563, 42715.76
3681.491, 42444.16
3683.419, 42158.89
3685.348, 41900.35
3687.276, 41657.73
3689.205, 41428.72
3691.133, 41195.59
3693.062, 40957.54
3694.990, 40725.34
3696.919, 40505.10
3698.847, 40306.47
3700.776, 40126.10
3702.704, 39973.15
3704.633, 39807.94
3706.561, 39677.68
3708.490, 39520.79
3710.418, 39438.81
3712.346, 39319.46
3714.275, 39214.54
3716.203, 39170.38
3718.132, 39103.71
3720.060, 39012.21
3721.989, 38923.94
3723.917, 38844.26
3725.846, 38773.07
3727.774, 38726.38
3729.703, 38727.01
3731.631, 38712.47
3733.560, 38676.59
3735.488, 38665.26
3737.417, 38657.80
3739.345, 38618.46
3741.273, 38572.32
3743.202, 38548.50
3745.130, 38490.71
3747.059, 38405.59
3748.987, 38342.00
3750.916, 38305.05
3752.844, 38307.16
3754.773, 38317.68
3756.701, 38321.82
3758.630, 38313.18
3760.558, 38291.23
3762.487, 38280.41
3764.415, 38275.36
3766.344, 38281.80
3768.272, 38269.74
3770.200, 38227.01
3772.129, 38172.38
3774.057, 38117.12
3775.986, 38089.93
3777.914, 38085.36
3779.843, 38102.98
3781.771, 38112.85
3783.700, 38091.98
3785.628, 38082.29
3787.557, 38080.29
3789.485, 38084.68
3791.414, 38088.88
3793.342, 38092.07
3795.271, 38090.31
3797.199, 38088.18
3799.127, 38046.21
3801.056, 37988.02
3802.984, 37965.57
3804.913, 37957.36
3806.841, 37956.20
3808.770, 37947.04
3810.698, 37947.55
3812.627, 37948.20
3814.555, 37946.74
3816.484, 37951.14
3818.412, 37948.80
3820.341, 37944.02
3822.269, 37900.70
3824.198, 37826.79
3826.126, 37773.64
3828.054, 37728.07
3829.983, 37676.78
3831.911, 37639.09
3833.840, 37620.13
3835.768, 37626.02
3837.697, 37644.98
3839.625, 37647.80
3841.554, 37649.93
3843.482, 37668.24
3845.411, 37647.58
3847.339, 37626.86
3849.268, 37567.24
3851.196, 37555.02
3853.125, 37485.77
3855.053, 37441.51
3856.981, 37445.26
3858.910, 37475.68
3860.838, 37518.28
3862.767, 37534.43
3864.695, 37544.35
3866.624, 37571.14
3868.552, 37570.36
3870.481, 37540.78
3872.409, 37536.81
3874.338, 37544.16
3876.266, 37541.67
3878.195, 37535.88
3880.123, 37528.27
3882.052, 37519.01
3883.980, 37514.54
3885.908, 37549.69
3887.837, 37569.21
3889.765, 37525.54
3891.694, 37495.63
3893.622, 37492.68
3895.551, 37489.07
3897.479, 37483.82
3899.408, 37481.26
3901.336, 37462.96
3903.265, 37470.56
3905.193, 37461.07
3907.122, 37446.19
3909.050, 37483.73
3910.979, 37509.56
3912.907, 37476.72
3914.835, 37463.13
3916.764, 37473.54
3918.692, 37451.68
3920.621, 37426.46
3922.549, 37436.11
3924.478, 37442.68
3926.406, 37441.84
3928.335, 37412.51
3930.263, 37379.71
3932.192, 37399.38
3934.120, 37412.38
3936.049, 37377.79
3937.977, 37366.98
3939.906, 37379.02
3941.834, 37420.80
3943.762, 37443.65
3945.691, 37401.69
3947.619, 37392.03
3949.548, 37420.47
3951.476, 37411.40
3953.405, 37406.42
3955.333, 37477.00
3957.262, 37509.52
3959.190, 37467.26
3961.119, 37442.15
3963.047, 37436.21
3964.976, 37457.00
3966.904, 37481.05
3968.833, 37501.66
3970.761, 37479.68
3972.689, 37438.92
3974.618, 37480.15
3976.546, 37505.31
3978.475, 37452.02
3980.403, 37394.69
3982.332, 37349.08
3984.260, 37368.01
3986.189, 37394.45
3988.117, 37374.23
3990.046, 37366.14
3991.974, 37372.17
3993.903, 37362.36
3995.831, 37342.32
3997.760, 37305.49
3999.688, 37311.52
4001.616, 37310.25
4003.545, 37304.02
4005.473, 37333.16
4007.402, 37316.81
4009.330, 37316.94
4011.259, 37333.96
4013.187, 37330.30
4015.116, 37317.82
4017.044, 37311.66
4018.973, 37324.58
4020.901, 37329.14
4022.830, 37368.24
4024.758, 37356.77
4026.687, 37371.90
4028.615, 37380.22
4030.543, 37369.69
4032.472, 37339.66
4034.400, 37301.05
4036.329, 37285.43
4038.257, 37269.70
4040.186, 37224.54
4042.114, 37253.40
4044.043, 37332.56
4045.971, 37346.97
4047.900, 37352.83
4049.828, 37390.08
4051.757, 37396.36
4053.685, 37375.44
4055.614, 37385.53
4057.542, 37405.69
4059.470, 37432.62
4061.399, 37428.27
4063.327, 37398.05
4065.256, 37396.42
4067.184, 37409.24
4069.113, 37426.43
4071.041, 37448.60
4072.970, 37471.45
4074.898, 37477.99
4076.827, 37475.68
4078.755, 37466.21
4080.684, 37467.66
4082.612, 37481.93
4084.541, 37499.83
4086.469, 37509.26
4088.397, 37552.15
4090.326, 37604.89
4092.254, 37658.25
4094.183, 37757.23
4096.111, 37853.10
4098.040, 37967.53
4099.968, 38079.58
4101.896, 38187.77
4103.825, 38301.11
4105.754, 38412.04
4107.682, 38511.30
4109.610, 38635.63
4111.539, 38774.06
4113.468, 38859.95
4115.396, 38924.48
4117.324, 38983.41
4119.253, 39061.44
4121.182, 39156.27
4123.110, 39266.44
4125.038, 39328.97
4126.967, 39292.47
4128.896, 39238.91
4130.824, 39189.29
4132.752, 39220.68
4134.681, 39231.09
4136.609, 39144.92
4138.538, 39081.86
4140.466, 39028.94
4142.395, 38952.14
4144.323, 38855.30
4146.251, 38734.71
4148.180, 38639.55
4150.108, 38561.86
4152.037, 38485.43
4153.965, 38414.99
4155.894, 38352.79
4157.822, 38252.03
4159.751, 38138.39
4161.679, 38044.16
4163.607, 37967.66
4165.536, 37905.09
4167.465, 37832.78
4169.393, 37762.13
4171.321, 37714.09
4173.250, 37651.08
4175.179, 37572.46
4177.107, 37555.54
4179.035, 37547.10
4180.964, 37490.87
4182.893, 37469.12
4184.821, 37476.47
4186.749, 37459.54
4188.678, 37418.60
4190.606, 37335.23
4192.535, 37287.86
4194.463, 37257.57
4196.392, 37175.93
4198.320, 37116.00
4200.249, 37120.98
4202.177, 37063.60
4204.105, 36998.00
4206.034, 37029.23
4207.962, 37032.75
4209.891, 36983.13
4211.819, 36972.71
4213.748, 36979.63
4215.676, 36978.79
4217.604, 36972.15
4219.533, 36963.26
4221.462, 36994.60
4223.390, 37012.20
4225.318, 36991.66
4227.247, 36921.63
4229.176, 36842.09
4231.104, 36854.16
4233.032, 36900.74
4234.961, 36956.89
4236.890, 36960.26
4238.818, 36943.19
4240.746, 36938.98
4242.675, 36919.84
##END=



