##NAMES=Nepheline
##RRUFFID=R060581
##IDEAL CHEMISTRY=Na_3_K(Al_4_Si_4_O_16_)
##LOCALITY=Capo di Bova, Via Appia Antica, Rome, Italy
##OWNER=RRUFF
##SOURCE=Michael Scott
##DESCRIPTION=Colorless hexagonal prisms
##STATUS=The identification of this mineral is confirmed by single-crystal X-ray diffraction and chemical analysis
##URL=https://www.rruff.net/odr/rruff_sample/R060581
##MEASURED CHEMISTRY=(Na_0.66_K_0.27_Ca_0.04_)Al_0.98_Si_1.01_O_4_
##DIFFRACTION SAMPLE DESCRIPTION=Single crystal, powder profile is calculated
##CELL PARAMETERS=a: 10.06 b: 10.06 c: 8.426 alpha: 90 beta: 90 gamma: 120 volume: 738 crystal system: hexagonal
##FILETYPE=Raman RAW
##RAMAN WAVELENGTH=780

80.73486, 1075.693
82.66333, 1105.072
84.59180, 1176.531
86.52026, 1269.271
88.44873, 1381.531
90.37720, 1509.908
92.30566, 1662.677
94.23413, 1725.323
96.16260, 1727.010
98.09106, 1736.569
100.0195, 1743.964
101.9480, 1750.709
103.8765, 1764.022
105.8049, 1784.411
107.7334, 1810.115
109.6619, 1843.701
111.5903, 1879.270
113.5188, 1907.950
115.4473, 1929.386
117.3757, 1954.465
119.3042, 1987.225
121.2327, 2018.675
123.1611, 2045.032
125.0896, 2068.838
127.0181, 2094.136
128.9465, 2120.587
130.8750, 2141.465
132.8035, 2155.786
134.7319, 2163.853
136.6604, 2161.830
138.5889, 2155.539
140.5173, 2149.134
142.4458, 2142.694
144.3743, 2141.967
146.3027, 2147.022
148.2312, 2158.299
150.1597, 2175.168
152.0881, 2199.376
154.0166, 2235.097
155.9451, 2280.495
157.8735, 2319.584
159.8020, 2345.339
161.7305, 2374.551
163.6589, 2412.406
165.5874, 2450.192
167.5159, 2483.099
169.4443, 2511.799
171.3728, 2537.850
173.3013, 2558.958
175.2297, 2581.331
177.1582, 2603.844
179.0867, 2628.794
181.0151, 2656.090
182.9436, 2686.930
184.8721, 2722.839
186.8005, 2762.411
188.7290, 2815.345
190.6575, 2884.939
192.5859, 2961.464
194.5144, 3045.423
196.4429, 3131.768
198.3713, 3220.755
200.2998, 3312.532
202.2283, 3380.668
204.1567, 3430.016
206.0852, 3446.742
208.0137, 3422.445
209.9421, 3366.296
211.8706, 3278.107
213.7991, 3163.477
215.7275, 3038.906
217.6560, 2901.183
219.5845, 2774.356
221.5129, 2659.945
223.4414, 2561.329
225.3699, 2481.947
227.2983, 2415.565
229.2268, 2356.545
231.1553, 2304.813
233.0837, 2249.235
235.0122, 2189.249
236.9407, 2126.646
238.8691, 2058.150
240.7976, 1990.952
242.7261, 1928.628
244.6545, 1871.568
246.5830, 1819.758
248.5115, 1772.635
250.4399, 1733.990
252.3684, 1701.847
254.2969, 1683.788
256.2253, 1685.322
258.1538, 1699.416
260.0823, 1721.374
262.0107, 1749.521
263.9392, 1777.917
265.8677, 1810.182
267.7961, 1827.514
269.7246, 1823.865
271.6531, 1806.747
273.5815, 1775.244
275.5100, 1733.993
277.4385, 1688.401
279.3669, 1639.268
281.2954, 1596.642
283.2239, 1560.805
285.1523, 1534.275
287.0808, 1518.010
289.0093, 1510.044
290.9377, 1510.821
292.8662, 1518.645
294.7947, 1530.129
296.7231, 1545.276
298.6516, 1563.200
300.5801, 1583.740
302.5085, 1607.263
304.4370, 1633.732
306.3655, 1663.422
308.2939, 1696.413
310.2224, 1732.866
312.1509, 1773.454
314.0793, 1817.597
316.0078, 1868.412
317.9363, 1929.460
319.8647, 1991.696
321.7932, 2055.376
323.7217, 2116.837
325.6501, 2171.799
327.5786, 2222.436
329.5071, 2275.460
331.4355, 2332.504
333.3640, 2388.222
335.2925, 2435.922
337.2209, 2491.653
339.1494, 2559.008
341.0779, 2637.310
343.0063, 2727.141
344.9348, 2826.209
346.8633, 2928.297
348.7917, 3038.538
350.7202, 3134.833
352.6487, 3223.409
354.5771, 3287.820
356.5056, 3316.263
358.4341, 3325.942
360.3625, 3320.192
362.2910, 3308.325
364.2195, 3310.705
366.1479, 3327.015
368.0764, 3364.015
370.0049, 3418.099
371.9333, 3500.498
373.8618, 3615.907
375.7903, 3760.283
377.7188, 3929.749
379.6472, 4123.680
381.5757, 4343.144
383.5042, 4588.545
385.4326, 4850.599
387.3611, 5133.617
389.2896, 5412.522
391.2180, 5697.342
393.1465, 5949.995
395.0750, 6172.924
397.0034, 6345.194
398.9319, 6441.440
400.8604, 6467.326
402.7888, 6444.086
404.7173, 6372.750
406.6458, 6273.142
408.5742, 6144.089
410.5027, 5994.268
412.4312, 5831.196
414.3596, 5643.630
416.2881, 5420.447
418.2166, 5170.321
420.1450, 4900.631
422.0735, 4615.380
424.0020, 4332.684
425.9304, 4049.782
427.8589, 3793.951
429.7874, 3572.645
431.7158, 3379.951
433.6443, 3216.808
435.5728, 3078.687
437.5012, 2963.660
439.4297, 2871.414
441.3582, 2799.252
443.2866, 2746.468
445.2151, 2706.968
447.1436, 2679.414
449.0720, 2667.979
451.0005, 2672.610
452.9290, 2692.940
454.8574, 2731.642
456.7859, 2783.770
458.7144, 2848.081
460.6428, 2921.372
462.5713, 3009.614
464.4998, 3114.147
466.4282, 3159.619
468.3567, 3138.361
470.2852, 3053.483
472.2136, 2871.271
474.1421, 2672.708
476.0706, 2470.962
477.9990, 2284.976
479.9275, 2131.331
481.8560, 2006.491
483.7844, 1908.287
485.7129, 1837.837
487.6414, 1779.345
489.5698, 1735.453
491.4983, 1699.413
493.4268, 1675.017
495.3552, 1653.248
497.2837, 1631.414
499.2122, 1610.936
501.1406, 1593.635
503.0691, 1578.038
504.9976, 1561.230
506.9260, 1543.239
508.8545, 1527.460
510.7830, 1510.907
512.7114, 1493.234
514.6399, 1479.448
516.5684, 1459.667
518.4968, 1444.543
520.4253, 1430.863
522.3538, 1416.311
524.2822, 1402.533
526.2107, 1392.391
528.1392, 1384.699
530.0676, 1374.453
531.9961, 1361.361
533.9246, 1347.917
535.8530, 1334.003
537.7815, 1320.307
539.7100, 1306.642
541.6384, 1293.810
543.5669, 1283.110
545.4954, 1272.237
547.4238, 1258.752
549.3523, 1244.848
551.2808, 1233.928
553.2092, 1225.572
555.1377, 1216.815
557.0662, 1207.544
558.9946, 1203.297
560.9231, 1205.822
562.8516, 1207.286
564.7800, 1205.161
566.7085, 1202.672
568.6370, 1199.746
570.5654, 1198.258
572.4939, 1201.483
574.4224, 1205.524
576.3508, 1204.641
578.2793, 1199.723
580.2078, 1194.883
582.1362, 1189.907
584.0647, 1180.571
585.9932, 1165.410
587.9216, 1151.541
589.8501, 1140.744
591.7786, 1130.979
593.7070, 1120.712
595.6355, 1112.648
597.5640, 1109.536
599.4924, 1108.282
601.4209, 1105.490
603.3494, 1102.222
605.2778, 1101.081
607.2063, 1101.413
609.1348, 1099.848
611.0632, 1096.036
612.9917, 1091.456
614.9202, 1085.598
616.8486, 1080.259
618.7771, 1076.352
620.7056, 1071.956
622.6340, 1065.893
624.5625, 1059.819
626.4910, 1054.606
628.4194, 1050.128
630.3479, 1046.667
632.2764, 1043.621
634.2048, 1039.887
636.1333, 1035.454
638.0618, 1030.137
639.9902, 1023.452
641.9187, 1017.809
643.8472, 1013.494
645.7756, 1009.886
647.7041, 1008.232
649.6326, 1005.246
651.5610, 998.0861
653.4895, 991.7894
655.4180, 990.0566
657.3464, 989.7073
659.2749, 988.1367
661.2034, 986.0150
663.1318, 984.4788
665.0603, 983.4469
666.9888, 981.7994
668.9172, 979.0700
670.8457, 981.1404
672.7742, 990.0703
674.7026, 994.9500
676.6311, 993.1500
678.5596, 993.3585
680.4880, 1000.104
682.4165, 1003.655
684.3450, 997.4545
686.2734, 990.3080
688.2019, 988.1994
690.1304, 986.4625
692.0588, 980.4557
693.9873, 972.1992
695.9158, 964.8781
697.8442, 958.2831
699.7727, 951.4882
701.7012, 944.5219
703.6296, 938.8850
705.5581, 934.6705
707.4866, 929.7445
709.4150, 923.5419
711.3435, 918.8127
713.2720, 917.2653
715.2004, 914.3438
717.1289, 907.2660
719.0574, 900.4860
720.9858, 896.1068
722.9143, 892.0468
724.8428, 887.7934
726.7712, 882.4697
728.6997, 873.6158
730.6282, 863.9919
732.5566, 858.9098
734.4851, 856.9113
736.4136, 853.6379
738.3420, 849.3233
740.2705, 845.1335
742.1990, 841.0961
744.1274, 838.6050
746.0559, 838.2520
747.9844, 836.7357
749.9128, 832.1200
751.8413, 829.6885
753.7698, 832.7532
755.6982, 834.2830
757.6267, 831.5114
759.5552, 828.4428
761.4836, 826.4368
763.4121, 825.3194
765.3406, 825.1253
767.2690, 825.5947
769.1975, 826.7590
771.1260, 828.1595
773.0544, 829.1500
774.9829, 829.8566
776.9114, 830.8536
778.8398, 831.8535
780.7683, 831.0137
782.6968, 831.9990
784.6252, 832.5984
786.5537, 831.7774
788.4822, 831.8119
790.4106, 831.5605
792.3391, 829.6884
794.2676, 828.4885
796.1960, 825.7946
798.1245, 820.2103
800.0530, 815.4678
801.9814, 813.3508
803.9099, 810.8507
805.8384, 806.2281
807.7668, 801.5664
809.6953, 797.9052
811.6238, 794.8281
813.5522, 792.2370
815.4807, 789.7957
817.4092, 787.4190
819.3376, 784.7701
821.2661, 780.9774
823.1946, 776.7433
825.1230, 773.6330
827.0515, 771.4899
828.9800, 769.7878
830.9084, 768.5074
832.8369, 767.4122
834.7654, 766.5626
836.6938, 764.1721
838.6223, 760.2493
840.5508, 754.4708
842.4792, 746.5491
844.4077, 739.2725
846.3362, 733.1091
848.2646, 726.6193
850.1931, 719.4230
852.1216, 712.2910
854.0500, 704.2081
855.9785, 698.3343
857.9070, 687.2457
859.8354, 676.6160
861.7639, 667.6271
863.6924, 659.5031
865.6208, 651.8443
867.5493, 645.0605
869.4778, 639.5434
871.4063, 634.7247
873.3347, 630.1390
875.2632, 626.0646
877.1917, 623.1161
879.1201, 620.5076
881.0486, 617.2034
882.9771, 613.7471
884.9055, 611.1400
886.8340, 608.8535
888.7625, 605.1389
890.6909, 601.3331
892.6194, 600.3289
894.5479, 601.7207
896.4763, 604.6910
898.4048, 608.9041
900.3333, 612.7760
902.2617, 617.7960
904.1902, 622.0139
906.1187, 629.4479
908.0471, 636.9794
909.9756, 644.7637
911.9041, 650.1049
913.8325, 652.0361
915.7610, 655.3129
917.6895, 661.6564
919.6179, 664.8178
921.5464, 662.5774
923.4749, 661.2941
925.4033, 662.1441
927.3318, 661.7218
929.2603, 659.2245
931.1887, 656.7707
933.1172, 654.0861
935.0457, 652.6201
936.9741, 652.2066
938.9026, 653.8840
940.8311, 656.9845
942.7595, 664.5908
944.6880, 680.2836
946.6165, 694.4406
948.5449, 699.4787
950.4734, 710.8686
952.4019, 735.1896
954.3303, 767.2639
956.2588, 806.0748
958.1873, 849.7142
960.1157, 898.7307
962.0442, 949.9675
963.9727, 1004.822
965.9011, 1057.226
967.8296, 1105.482
969.7581, 1148.276
971.6865, 1183.661
973.6150, 1214.562
975.5435, 1240.690
977.4719, 1265.813
979.4004, 1292.871
981.3289, 1320.112
983.2573, 1347.946
985.1858, 1373.196
987.1143, 1393.607
989.0427, 1409.436
990.9712, 1422.914
992.8997, 1429.777
994.8281, 1427.852
996.7566, 1414.283
998.6851, 1385.938
1000.614, 1343.978
1002.542, 1286.713
1004.470, 1219.757
1006.399, 1144.019
1008.327, 1068.424
1010.256, 1003.290
1012.184, 946.1083
1014.113, 893.2709
1016.041, 846.6309
1017.970, 809.0689
1019.898, 778.8775
1021.827, 754.9379
1023.755, 736.0188
1025.684, 721.6382
1027.612, 710.1959
1029.541, 699.4659
1031.469, 690.3096
1033.397, 683.7974
1035.326, 679.5760
1037.254, 679.0055
1039.183, 678.8164
1041.111, 674.2268
1043.040, 667.9867
1044.968, 662.8968
1046.897, 658.8859
1048.825, 656.2397
1050.754, 654.2859
1052.682, 651.4880
1054.611, 649.5611
1056.539, 650.3580
1058.468, 653.4058
1060.396, 659.3998
1062.324, 666.0612
1064.253, 670.2902
1066.181, 674.3505
1068.110, 680.3082
1070.038, 687.8075
1071.967, 697.0447
1073.895, 707.0059
1075.824, 716.5350
1077.752, 726.4865
1079.681, 739.2562
1081.609, 750.8958
1083.538, 756.7626
1085.466, 761.4930
1087.395, 769.0103
1089.323, 776.5869
1091.251, 781.6693
1093.180, 786.7656
1095.108, 794.8504
1097.037, 801.7947
1098.965, 802.9479
1100.894, 805.1829
1102.822, 814.1019
1104.751, 822.5966
1106.679, 824.8965
1108.608, 829.3213
1110.536, 840.4554
1112.465, 852.9562
1114.393, 866.0852
1116.322, 878.0410
1118.250, 887.2118
1120.178, 896.8234
1122.107, 906.7930
1124.035, 919.2891
1125.964, 935.7906
1127.892, 953.0113
1129.821, 971.3473
1131.749, 987.5676
1133.678, 999.1237
1135.606, 1014.274
1137.535, 1035.261
1139.463, 1056.321
1141.392, 1076.587
1143.320, 1097.665
1145.249, 1119.896
1147.177, 1141.966
1149.105, 1163.541
1151.034, 1187.658
1152.962, 1214.616
1154.891, 1242.701
1156.819, 1271.788
1158.748, 1299.829
1160.676, 1326.999
1162.605, 1357.638
1164.533, 1391.411
1166.462, 1424.622
1168.390, 1462.992
1170.319, 1499.306
1172.247, 1545.426
1174.176, 1592.326
1176.104, 1640.259
1178.032, 1688.179
1179.961, 1738.832
1181.889, 1796.773
1183.818, 1860.022
1185.746, 1925.805
1187.675, 1996.184
1189.603, 2072.739
1191.532, 2155.209
1193.460, 2243.530
1195.389, 2337.324
1197.317, 2437.274
1199.246, 2540.576
1201.174, 2650.281
1203.103, 2755.447
1205.031, 2883.712
1206.959, 3013.911
1208.888, 3142.601
1210.816, 3268.978
1212.745, 3394.868
1214.673, 3518.973
1216.602, 3640.991
1218.530, 3762.852
1220.459, 3880.936
1222.387, 3998.488
1224.316, 4115.729
1226.244, 4243.895
1228.173, 4383.103
1230.101, 4527.977
1232.030, 4679.591
1233.958, 4838.490
1235.886, 5011.189
1237.815, 5218.206
1239.743, 5452.310
1241.672, 5697.300
1243.600, 5962.856
1245.529, 6260.503
1247.457, 6589.506
1249.386, 6953.954
1251.314, 7343.097
1253.243, 7752.590
1255.171, 8178.890
1257.100, 8625.782
1259.028, 9078.114
1260.957, 9543.549
1262.885, 9989.280
1264.813, 10415.48
1266.742, 10805.84
1268.670, 11161.47
1270.599, 11471.26
1272.527, 11734.68
1274.456, 11953.81
1276.384, 12129.27
1278.313, 12262.62
1280.241, 12357.68
1282.170, 12433.09
1284.098, 12490.15
1286.027, 12533.35
1287.955, 12558.69
1289.884, 12552.25
1291.812, 12531.05
1293.740, 12510.27
1295.669, 12487.80
1297.597, 12462.08
1299.526, 12434.21
1301.454, 12404.45
1303.383, 12373.47
1305.311, 12340.67
1307.240, 12308.57
1309.168, 12277.53
1311.097, 12246.73
1313.025, 12214.03
1314.954, 12195.36
1316.882, 12191.85
1318.811, 12210.82
1320.739, 12252.73
1322.667, 12318.16
1324.596, 12405.01
1326.524, 12496.38
1328.453, 12613.13
1330.381, 12787.43
1332.310, 13006.47
1334.238, 13260.11
1336.167, 13549.75
1338.095, 13877.37
1340.024, 14240.89
1341.952, 14647.45
1343.881, 15066.89
1345.809, 15492.12
1347.738, 15930.71
1349.666, 16383.98
1351.594, 16852.83
1353.523, 17336.29
1355.451, 17830.71
1357.380, 18324.50
1359.308, 18793.27
1361.237, 19214.06
1363.165, 19555.66
1365.094, 19804.80
1367.022, 19933.43
1368.951, 19979.86
1370.879, 19965.78
1372.808, 19885.56
1374.736, 19725.56
1376.665, 19518.55
1378.593, 19266.84
1380.521, 18983.06
1382.450, 18665.59
1384.378, 18342.04
1386.307, 18015.26
1388.235, 17697.02
1390.164, 17386.19
1392.092, 17078.04
1394.021, 16775.00
1395.949, 16475.39
1397.878, 16187.99
1399.806, 15921.87
1401.735, 15667.57
1403.663, 15418.17
1405.592, 15185.64
1407.520, 14968.39
1409.448, 14785.78
1411.377, 14643.29
1413.305, 14532.17
1415.234, 14451.96
1417.162, 14388.47
1419.091, 14336.17
1421.019, 14280.94
1422.948, 14219.97
1424.876, 14148.11
1426.805, 14070.12
1428.733, 13991.73
1430.662, 13904.36
1432.590, 13797.59
1434.519, 13706.12
1436.447, 13640.14
1438.375, 13574.43
1440.304, 13505.85
1442.232, 13422.53
1444.161, 13329.57
1446.089, 13250.16
1448.018, 13184.10
1449.946, 13124.57
1451.875, 13085.34
1453.803, 13073.96
1455.732, 13097.29
1457.660, 13159.92
1459.589, 13252.51
1461.517, 13372.31
1463.446, 13525.38
1465.374, 13713.14
1467.302, 13950.38
1469.231, 14229.75
1471.159, 14523.52
1473.088, 14823.66
1475.016, 15122.79
1476.945, 15413.78
1478.873, 15697.09
1480.802, 15958.46
1482.730, 16206.35
1484.659, 16399.22
1486.587, 16529.80
1488.516, 16618.96
1490.444, 16667.58
1492.373, 16669.18
1494.301, 16626.53
1496.229, 16551.26
1498.158, 16433.73
1500.086, 16249.87
1502.015, 16039.53
1503.943, 15820.11
1505.872, 15599.18
1507.800, 15383.20
1509.729, 15155.89
1511.657, 14912.70
1513.586, 14680.22
1515.514, 14461.11
1517.443, 14279.57
1519.371, 14116.78
1521.300, 13946.14
1523.228, 13772.71
1525.156, 13596.46
1527.085, 13425.25
1529.013, 13258.80
1530.942, 13112.70
1532.870, 12990.91
1534.799, 12880.19
1536.727, 12780.30
1538.656, 12693.57
1540.584, 12613.74
1542.513, 12526.65
1544.441, 12447.26
1546.370, 12385.16
1548.298, 12332.38
1550.227, 12284.97
1552.155, 12253.72
1554.083, 12238.88
1556.012, 12220.33
1557.940, 12204.81
1559.869, 12229.65
1561.797, 12227.50
1563.726, 12264.14
1565.654, 12265.41
1567.583, 12288.34
1569.511, 12322.74
1571.440, 12366.96
1573.368, 12431.50
1575.297, 12513.96
1577.225, 12590.61
1579.154, 12666.08
1581.082, 12751.13
1583.010, 12841.51
1584.939, 12942.38
1586.867, 13030.81
1588.796, 13097.60
1590.724, 13150.59
1592.653, 13190.33
1594.581, 13219.37
1596.510, 13234.11
1598.438, 13224.04
1600.367, 13189.01
1602.295, 13133.36
1604.224, 13045.45
1606.152, 12911.33
1608.081, 12761.26
1610.009, 12599.25
1611.938, 12424.51
1613.866, 12236.04
1615.794, 12025.04
1617.723, 11802.66
1619.651, 11586.48
1621.580, 11361.00
1623.508, 11109.68
1625.437, 10871.95
1627.365, 10657.17
1629.294, 10453.69
1631.222, 10261.72
1633.151, 10092.62
1635.079, 9932.017
1637.008, 9746.864
1638.936, 9581.924
1640.865, 9462.513
1642.793, 9352.563
1644.721, 9244.260
1646.650, 9152.238
1648.578, 9078.480
1650.507, 9034.741
1652.435, 9003.116
1654.364, 8954.271
1656.292, 8915.151
1658.221, 8895.011
1660.149, 8891.802
1662.078, 8904.629
1664.006, 8926.521
1665.935, 8955.770
1667.863, 8992.002
1669.792, 9029.419
1671.720, 9052.449
1673.648, 9094.411
1675.577, 9172.271
1677.505, 9248.431
1679.434, 9321.594
1681.362, 9423.100
1683.291, 9511.612
1685.219, 9627.368
1687.148, 9716.829
1689.076, 9819.072
1691.005, 9933.271
1692.933, 10062.06
1694.862, 10188.48
1696.790, 10310.48
1698.719, 10412.23
1700.647, 10513.07
1702.575, 10644.29
1704.504, 10768.65
1706.432, 10866.02
1708.361, 10963.08
1710.289, 11063.67
1712.218, 11153.48
1714.146, 11236.50
1716.075, 11317.39
1718.003, 11400.64
1719.932, 11493.52
1721.860, 11572.79
1723.789, 11630.38
1725.717, 11680.02
1727.646, 11725.95
1729.574, 11782.74
1731.502, 11847.72
1733.431, 11919.84
1735.359, 11996.70
1737.288, 12080.36
1739.216, 12144.14
1741.145, 12188.05
1743.073, 12237.43
1745.002, 12283.33
1746.930, 12316.42
1748.859, 12335.54
1750.787, 12344.08
1752.716, 12324.31
1754.644, 12275.21
1756.573, 12211.56
1758.501, 12126.13
1760.429, 11999.11
1762.358, 11850.95
1764.286, 11688.81
1766.215, 11513.37
1768.143, 11325.28
1770.072, 11143.58
1772.000, 10961.75
1773.929, 10765.75
1775.857, 10566.02
1777.786, 10363.79
1779.714, 10175.28
1781.643, 10002.44
1783.571, 9835.589
1785.500, 9677.261
1787.428, 9527.446
1789.356, 9396.137
1791.285, 9249.347
1793.213, 9125.278
1795.142, 9002.576
1797.070, 8908.768
1798.999, 8785.096
1800.927, 8695.626
1802.856, 8612.240
1804.784, 8519.056
1806.713, 8430.196
1808.641, 8347.569
1810.570, 8271.180
1812.498, 8204.010
1814.427, 8152.993
1816.355, 8111.019
1818.283, 8075.891
1820.212, 8048.049
1822.140, 8027.049
1824.069, 8003.615
1825.997, 7984.925
1827.926, 7984.542
1829.854, 7985.876
1831.783, 7982.560
1833.711, 7987.549
1835.640, 7975.153
1837.568, 7965.162
1839.497, 7947.691
1841.425, 7929.755
1843.354, 7908.194
1845.282, 7880.753
1847.210, 7830.760
1849.139, 7785.231
1851.067, 7714.883
1852.996, 7659.775
1854.924, 7590.206
1856.853, 7506.773
1858.781, 7409.397
1860.710, 7297.100
1862.638, 7176.903
1864.567, 7057.008
1866.495, 6939.649
1868.424, 6827.544
1870.352, 6710.859
1872.281, 6590.570
1874.209, 6480.021
1876.137, 6363.473
1878.066, 6219.368
1879.994, 6076.277
1881.923, 5941.984
1883.851, 5800.954
1885.780, 5653.550
1887.708, 5501.798
1889.637, 5345.550
1891.565, 5179.761
1893.494, 5022.441
1895.422, 4875.124
1897.351, 4745.124
1899.279, 4620.188
1901.208, 4481.942
1903.136, 4358.659
1905.064, 4261.444
1906.993, 4165.674
1908.921, 4072.159
1910.850, 3984.085
1912.778, 3901.453
1914.707, 3825.465
1916.635, 3748.901
1918.564, 3671.983
1920.492, 3599.069
1922.421, 3531.545
1924.349, 3473.091
1926.278, 3412.347
1928.206, 3346.837
1930.135, 3283.504
1932.063, 3219.094
1933.991, 3145.977
1935.920, 3072.296
1937.848, 3001.105
1939.777, 2928.778
1941.705, 2855.097
1943.634, 2778.781
1945.562, 2704.685
1947.491, 2638.758
1949.419, 2567.192
1951.348, 2498.078
1953.276, 2430.494
1955.205, 2361.028
1957.133, 2294.767
1959.062, 2227.984
1960.990, 2164.557
1962.918, 2100.112
1964.847, 2042.245
1966.775, 1981.197
1968.704, 1924.574
1970.632, 1876.956
1972.561, 1826.770
1974.489, 1775.427
1976.418, 1724.407
1978.346, 1678.376
1980.275, 1641.075
1982.203, 1605.817
1984.132, 1571.228
1986.060, 1533.270
1987.989, 1494.303
1989.917, 1460.827
1991.845, 1420.671
1993.774, 1392.936
1995.702, 1359.714
1997.631, 1327.839
1999.559, 1303.780
2001.488, 1276.135
2003.416, 1243.391
2005.345, 1217.061
2007.273, 1193.732
2009.202, 1170.046
2011.130, 1147.352
2013.059, 1125.669
2014.987, 1099.885
2016.916, 1073.744
2018.844, 1052.986
2020.772, 1032.508
2022.701, 1011.458
2024.629, 994.4879
2026.558, 979.0629
2028.486, 961.9241
2030.415, 942.9987
2032.343, 922.2949
2034.272, 903.3019
2036.200, 885.6160
2038.129, 867.5735
2040.057, 852.6405
2041.986, 841.7130
2043.914, 827.8044
2045.843, 812.5061
2047.771, 799.3151
2049.699, 784.7940
2051.628, 767.6717
2053.556, 753.3362
2055.485, 740.6546
2057.413, 727.6668
2059.342, 714.6475
2061.270, 701.0867
2063.199, 692.5652
2065.127, 685.8235
2067.056, 676.3769
2068.984, 665.8700
2070.913, 654.8441
2072.841, 641.6820
2074.770, 628.5406
2076.698, 618.4417
2078.626, 608.5928
2080.555, 598.2142
2082.483, 590.6341
2084.412, 583.6815
2086.340, 574.5042
2088.269, 566.5992
2090.197, 560.4948
2092.126, 548.7269
2094.054, 537.3931
2095.983, 533.3220
2097.911, 527.8875
2099.840, 519.9269
2101.768, 512.3513
2103.697, 505.1433
2105.625, 498.4903
2107.553, 491.0801
2109.482, 482.9864
2111.410, 474.3989
2113.339, 467.9364
2115.267, 461.1615
2117.196, 459.4413
2119.124, 450.0079
2121.053, 446.6579
2122.981, 442.7834
2124.910, 435.2289
2126.838, 430.5230
2128.767, 427.3018
2130.695, 422.9155
2132.624, 417.7574
2134.552, 411.9358
2136.480, 407.2714
2138.409, 403.6323
2140.337, 401.6035
2142.266, 398.1582
2144.194, 392.9812
2146.123, 387.3360
2148.051, 382.1057
2149.980, 377.9450
2151.908, 374.2422
2153.837, 371.1413
2155.765, 367.7769
2157.694, 365.1756
2159.622, 362.3444
2161.551, 359.1049
2163.479, 357.3481
2165.407, 351.7980
2167.336, 347.6835
2169.264, 346.4238
2171.193, 346.0011
2173.121, 345.0854
2175.050, 342.3101
2176.978, 339.2228
2178.907, 335.9215
2180.835, 332.8089
2182.764, 327.1914
2184.692, 325.7253
2186.621, 321.8313
2188.549, 317.1994
2190.478, 316.1748
2192.406, 315.8813
2194.334, 315.3692
2196.263, 310.6895
2198.191, 306.0123
2200.120, 307.3593
2202.048, 304.6109
2203.977, 298.8592
2205.905, 298.0284
2207.834, 297.2809
2209.762, 294.0671
2211.691, 292.4089
2213.619, 290.6485
2215.548, 285.3676
2217.476, 280.9664
2219.405, 278.1837
2221.333, 277.2480
2223.261, 276.7148
2225.190, 275.6147
2227.118, 274.9134
2229.047, 273.9415
2230.975, 272.5866
2232.904, 270.5992
2234.832, 268.9489
2236.761, 265.9863
2238.689, 262.2624
2240.618, 260.0163
2242.546, 259.5317
2244.475, 260.2102
2246.403, 261.0947
2248.332, 260.9212
2250.260, 259.2310
2252.188, 254.8915
2254.117, 251.0209
2256.045, 250.9758
2257.974, 250.4744
2259.902, 249.5506
2261.831, 250.7131
2263.759, 251.5861
2265.688, 251.3730
2267.616, 251.0625
2269.545, 250.2392
2271.473, 249.5303
2273.402, 248.7398
2275.330, 247.3333
2277.259, 246.4828
2279.187, 244.8940
2281.115, 244.3358
2283.044, 244.1342
2284.972, 243.5468
2286.901, 244.3560
2288.829, 244.9999
2290.758, 245.1624
2292.686, 243.9959
2294.615, 242.6246
2296.543, 241.3816
2298.472, 240.9400
2300.400, 240.3922
2302.329, 238.8766
2304.257, 237.6325
2306.186, 236.7970
2308.114, 236.9941
2310.042, 235.4744
2311.971, 232.2171
2313.899, 233.2318
2315.828, 233.5107
2317.756, 230.1927
2319.685, 229.6567
2321.613, 230.6103
2323.542, 231.6051
2325.470, 230.4800
2327.399, 228.4855
2329.327, 228.7948
2331.256, 227.7166
2333.184, 227.9267
2335.113, 226.6958
2337.041, 226.6462
2338.969, 225.6898
2340.898, 223.4579
2342.826, 221.4041
2344.755, 222.7354
2346.683, 222.7769
2348.612, 221.4608
2350.540, 221.7235
2352.469, 222.1129
2354.397, 222.0880
2356.326, 220.1592
2358.254, 218.7068
2360.183, 220.3419
2362.111, 221.5015
2364.040, 222.1070
2365.968, 222.7362
2367.896, 221.3628
2369.825, 218.5864
2371.753, 217.6779
2373.682, 218.7564
2375.610, 222.0923
2377.539, 223.8246
2379.467, 224.7109
2381.396, 225.1165
2383.324, 226.0696
2385.253, 226.5632
2387.181, 224.7190
2389.110, 225.1289
2391.038, 226.8244
2392.967, 224.2502
2394.895, 221.5818
2396.823, 219.9951
2398.752, 220.6880
2400.680, 220.6230
2402.609, 218.3765
2404.537, 218.1898
2406.466, 217.8594
2408.394, 215.2283
2410.323, 212.7592
2412.251, 211.0880
2414.180, 209.6032
2416.108, 208.7660
2418.037, 207.9316
2419.965, 207.9033
2421.894, 207.9000
2423.822, 207.3531
2425.750, 207.5254
2427.679, 206.9250
2429.607, 204.8759
2431.536, 204.8195
2433.464, 204.1713
2435.393, 203.2802
2437.321, 203.1456
2439.250, 201.6709
2441.178, 201.6159
2443.107, 199.7686
2445.035, 197.1299
2446.964, 195.7089
2448.892, 194.2775
2450.821, 192.6388
2452.749, 190.5364
2454.677, 189.6160
2456.606, 190.1532
2458.534, 188.2477
2460.463, 186.0511
2462.391, 184.5961
2464.320, 182.3047
2466.248, 180.0261
2468.177, 178.2893
2470.105, 177.6654
2472.034, 177.5047
2473.962, 177.2329
2475.891, 176.2751
2477.819, 175.2049
2479.748, 175.0105
2481.676, 175.1087
2483.604, 174.7627
2485.533, 171.7174
2487.461, 170.1039
2489.390, 169.9028
2491.318, 168.5779
2493.247, 166.6579
2495.175, 164.6492
2497.104, 164.4780
2499.032, 163.7186
2500.961, 161.7860
2502.889, 160.5839
2504.818, 160.1533
2506.746, 160.5124
2508.675, 157.9436
2510.603, 155.7669
2512.531, 156.5237
2514.460, 156.9216
2516.388, 156.4926
2518.317, 156.1359
2520.245, 154.2293
2522.174, 154.5952
2524.102, 153.2630
2526.031, 152.9143
2527.959, 152.7596
2529.888, 151.4080
2531.816, 151.9043
2533.745, 152.9144
2535.673, 151.8190
2537.602, 151.5546
2539.530, 152.1270
2541.458, 153.1466
2543.387, 152.7269
2545.315, 154.1780
2547.244, 154.9432
2549.172, 156.7583
2551.101, 157.4077
2553.029, 159.3766
2554.958, 160.2741
2556.886, 160.3283
2558.815, 161.7229
2560.743, 163.5123
2562.672, 165.4911
2564.600, 167.8945
2566.529, 170.3235
2568.457, 172.3121
2570.385, 172.1355
2572.314, 172.4905
2574.242, 173.5214
2576.171, 172.2255
2578.099, 171.9819
2580.028, 173.0934
2581.956, 171.9982
2583.885, 170.6456
2585.813, 169.6655
2587.742, 169.7179
2589.670, 169.3111
2591.599, 167.8507
2593.527, 162.9549
2595.456, 159.7577
2597.384, 159.3070
2599.313, 157.8804
2601.241, 155.6084
2603.169, 152.6383
2605.098, 149.9634
2607.026, 146.1911
2608.955, 144.4044
2610.883, 140.3513
2612.812, 140.1740
2614.740, 139.9033
2616.669, 137.3613
2618.597, 134.0485
2620.526, 130.6188
2622.454, 128.0175
2624.383, 124.9814
2626.311, 121.8870
2628.240, 121.5610
2630.168, 120.3837
2632.096, 117.9638
2634.025, 115.0947
2635.953, 114.9556
2637.882, 112.6917
2639.810, 111.9217
2641.739, 109.5278
2643.667, 108.6631
2645.596, 106.0268
2647.524, 105.2634
2649.453, 105.9329
2651.381, 106.7835
2653.310, 105.8241
2655.238, 103.8764
2657.167, 102.3596
2659.095, 101.4969
2661.023, 100.9252
2662.952, 100.3324
2664.880, 98.31725
2666.809, 96.10139
2668.737, 94.82992
2670.666, 93.83418
2672.594, 95.85653
2674.523, 93.06490
2676.451, 93.37483
2678.380, 93.80894
2680.308, 92.49051
2682.237, 90.31210
2684.165, 88.61597
2686.094, 87.89658
2688.022, 87.41932
2689.950, 87.44160
2691.879, 87.69829
2693.807, 86.27360
2695.736, 84.87894
2697.664, 84.19008
2699.593, 85.02853
2701.521, 85.35469
2703.450, 84.99461
2705.378, 84.43501
2707.307, 84.15257
2709.235, 84.05446
2711.164, 84.30736
2713.092, 82.17127
2715.021, 79.83432
2716.949, 80.14207
2718.877, 81.33021
2720.806, 81.65147
2722.734, 79.40290
2724.663, 80.41194
2726.591, 80.74757
2728.520, 78.35847
2730.448, 78.41588
2732.377, 77.53826
2734.305, 75.30735
2736.234, 77.04936
2738.162, 78.38829
2740.091, 78.33571
2742.019, 76.68203
2743.948, 75.48485
2745.876, 74.40682
2747.804, 72.15894
2749.733, 72.48646
2751.661, 73.29843
2753.590, 72.46371
2755.518, 70.01649
2757.447, 69.09936
2759.375, 70.97431
2761.304, 70.65722
2763.232, 71.04520
2765.161, 72.34094
2767.089, 70.81145
2769.018, 69.10609
2770.946, 67.90073
2772.875, 67.03357
2774.803, 66.35840
2776.731, 66.13514
2778.660, 66.24323
2780.588, 66.39786
2782.517, 67.48769
2784.445, 68.08994
2786.374, 67.27445
2788.302, 65.95315
2790.231, 64.69913
2792.159, 64.92137
2794.088, 65.76720
2796.016, 66.21214
2797.945, 64.08532
2799.873, 62.86304
2801.802, 62.95461
2803.730, 64.38006
2805.658, 63.26066
2807.587, 61.70479
2809.515, 60.97536
2811.444, 59.79280
2813.372, 59.33931
2815.301, 59.65297
2817.229, 59.60975
2819.158, 58.57525
2821.086, 57.72503
2823.015, 59.62725
2824.943, 59.88273
2826.872, 59.22204
2828.800, 58.37274
2830.729, 58.86756
2832.657, 58.50087
2834.585, 58.99808
2836.514, 58.37665
2838.442, 57.50771
2840.371, 56.54313
2842.299, 53.95394
2844.228, 55.29541
2846.156, 56.53181
2848.085, 53.83107
2850.013, 55.34040
2851.942, 56.15306
2853.870, 54.94105
2855.799, 54.08651
2857.727, 53.65709
2859.656, 53.79069
2861.584, 54.75455
2863.512, 54.23500
2865.441, 53.59119
2867.369, 53.61516
2869.298, 52.84468
2871.226, 52.05253
2873.155, 51.50611
2875.083, 51.14248
2877.012, 50.76516
2878.940, 51.55228
2880.869, 50.44006
2882.797, 50.62846
2884.726, 50.68680
2886.654, 50.20591
2888.583, 50.46575
2890.511, 50.47713
2892.439, 49.95669
2894.368, 49.76854
2896.296, 48.64771
2898.225, 49.02029
2900.153, 48.40894
2902.082, 48.53390
2904.010, 48.49111
2905.939, 48.26582
2907.867, 48.34057
2909.796, 48.11976
2911.724, 48.43512
2913.653, 47.79285
2915.581, 47.83378
2917.510, 46.76077
2919.438, 47.33375
2921.366, 47.25751
2923.295, 48.38404
2925.223, 48.58326
2927.152, 46.16585
2929.080, 44.39754
2931.009, 44.90580
2932.937, 46.67440
2934.866, 44.64699
2936.794, 44.94139
2938.723, 45.79976
2940.651, 44.98634
2942.580, 44.26490
2944.508, 43.92897
2946.437, 44.14650
2948.365, 45.53374
2950.293, 45.97755
2952.222, 45.62745
2954.150, 44.75624
2956.079, 45.99064
2958.007, 45.53894
2959.936, 43.81891
2961.864, 45.14193
2963.793, 44.37905
2965.721, 43.12910
2967.650, 43.04099
2969.578, 42.65863
2971.507, 43.80119
2973.435, 43.33110
2975.364, 43.45763
2977.292, 43.07374
2979.220, 42.89909
2981.149, 42.26992
2983.077, 43.64825
2985.006, 42.83890
2986.934, 41.81039
2988.863, 44.20935
2990.791, 44.01226
2992.720, 43.42366
2994.648, 43.40635
2996.577, 43.46625
2998.505, 43.02639
3000.434, 42.87360
3002.362, 43.72985
3004.291, 43.09546
3006.219, 45.22010
3008.147, 42.90900
3010.076, 45.18634
3012.004, 45.87407
3013.933, 46.06901
3015.861, 46.41179
3017.790, 45.40353
3019.718, 45.86008
3021.647, 46.74206
3023.575, 46.52757
3025.504, 47.25179
3027.432, 46.73703
3029.361, 45.73431
3031.289, 47.20559
3033.218, 48.00909
3035.146, 47.70340
3037.074, 46.93896
3039.003, 49.97176
3040.931, 51.08613
3042.860, 50.16172
3044.788, 48.23262
3046.717, 48.80902
3048.645, 48.75953
3050.574, 48.28428
3052.502, 49.33972
3054.431, 49.92057
3056.359, 50.45781
3058.288, 51.26412
3060.216, 52.68366
3062.145, 54.21370
3064.073, 54.18922
3066.001, 55.49392
3067.930, 54.90922
3069.858, 56.55613
3071.787, 56.83877
3073.715, 56.44622
3075.644, 57.47111
3077.572, 58.37996
3079.501, 58.78939
3081.429, 58.74893
3083.358, 60.35427
3085.286, 60.88203
3087.215, 60.16707
3089.143, 60.80886
3091.072, 64.27136
3093.000, 66.47157
3094.928, 65.59471
3096.857, 63.23523
3098.785, 64.38836
3100.714, 66.35935
3102.642, 66.89468
3104.571, 66.46506
3106.499, 70.50904
3108.428, 70.79907
3110.356, 74.89824
3112.285, 74.63499
3114.213, 76.57406
3116.142, 79.38033
3118.070, 80.42937
3119.999, 82.94238
3121.927, 84.48253
3123.855, 85.22537
3125.784, 86.79707
3127.712, 87.34044
3129.641, 88.18825
3131.569, 89.87725
3133.498, 92.48269
3135.426, 93.84070
3137.355, 94.58056
3139.283, 95.62478
3141.212, 96.55414
3143.140, 97.36873
3145.069, 98.38509
3146.997, 99.09189
3148.926, 100.2320
3150.854, 101.1915
3152.782, 102.2521
3154.711, 103.0465
3156.639, 104.4107
3158.568, 103.5781
3160.496, 106.0798
3162.425, 105.7283
3164.353, 104.2649
3166.282, 106.6415
3168.210, 109.5039
3170.139, 110.5696
3172.067, 109.4228
3173.996, 111.6094
3175.924, 115.2326
3177.853, 118.0071
3179.781, 116.3099
3181.709, 115.8736
3183.638, 119.0199
3185.566, 124.8927
3187.495, 126.8787
3189.423, 129.5284
3191.352, 131.2242
3193.280, 132.1479
3195.209, 136.9857
3197.137, 139.8995
3199.066, 143.4388
3200.994, 148.7160
3202.923, 154.5533
3204.851, 156.4312
3206.780, 161.3207
3208.708, 168.9115
3210.636, 170.6582
3212.565, 175.4021
3214.493, 180.4939
3216.422, 184.9609
3218.350, 189.2320
3220.279, 195.6241
3222.207, 201.1941
3224.136, 205.6006
3226.064, 209.4278
3227.993, 217.1798
3229.921, 224.6417
3231.850, 230.6823
3233.778, 239.0565
3235.707, 245.0635
3237.635, 254.5075
3239.563, 262.5976
3241.492, 269.7354
3243.420, 275.1630
3245.349, 283.0657
3247.277, 291.4927
3249.206, 299.5724
3251.134, 308.5720
3253.063, 318.3277
3254.991, 326.3654
3256.920, 337.0475
3258.848, 345.1268
3260.777, 355.4012
3262.705, 358.6290
3264.634, 359.4337
3266.562, 369.8288
3268.490, 373.2679
3270.419, 380.6363
3272.347, 390.1583
3274.276, 397.1405
3276.204, 406.0281
3278.133, 414.6179
3280.061, 423.9383
3281.990, 434.9800
3283.918, 447.0105
3285.847, 464.7658
3287.775, 482.7634
3289.704, 500.0715
3291.632, 520.5323
3293.561, 540.4720
3295.489, 560.9039
3297.417, 582.7631
3299.346, 606.5009
3301.274, 630.4653
3303.203, 657.6105
3305.131, 681.4739
3307.060, 714.5916
3308.988, 745.7473
3310.917, 775.3537
3312.845, 806.1270
3314.774, 840.8527
3316.702, 882.1530
3318.631, 916.1132
3320.559, 961.7982
3322.488, 1016.204
3324.416, 1072.602
3326.344, 1133.295
3328.273, 1206.199
3330.201, 1275.872
3332.130, 1335.793
3334.058, 1390.433
3335.987, 1434.237
3337.915, 1473.039
3339.844, 1498.632
3341.772, 1518.386
3343.701, 1530.483
3345.629, 1541.844
3347.558, 1536.947
3349.486, 1545.040
3351.415, 1534.298
3353.343, 1517.730
3355.271, 1510.243
3357.200, 1498.894
3359.128, 1470.681
3361.057, 1442.266
3362.985, 1405.432
3364.914, 1368.057
3366.842, 1333.513
3368.771, 1299.991
3370.699, 1263.840
3372.628, 1220.266
3374.556, 1173.141
3376.485, 1127.125
3378.413, 1084.779
3380.342, 1041.901
3382.270, 1007.205
3384.198, 973.5251
3386.127, 927.9078
3388.055, 898.3651
3389.984, 865.6915
3391.912, 834.5955
3393.841, 809.7382
3395.769, 790.8345
3397.698, 774.6113
3399.626, 758.2980
3401.555, 744.8177
3403.483, 735.3963
3405.412, 722.4138
3407.340, 717.3256
3409.269, 716.0992
3411.197, 713.0244
3413.125, 711.0271
3415.054, 707.9028
3416.982, 707.4867
3418.911, 704.0541
3420.839, 700.9266
3422.768, 697.0277
3424.696, 692.6895
3426.625, 685.9155
3428.553, 679.9229
3430.482, 671.2475
3432.410, 659.5029
3434.339, 654.4264
3436.267, 647.4803
3438.196, 642.4308
3440.124, 639.6801
3442.052, 627.5695
3443.981, 625.6642
3445.909, 623.6498
3447.838, 615.7384
3449.766, 603.9257
3451.695, 599.9729
3453.623, 597.9183
3455.552, 597.9982
##END=



