##NAMES=Opal
##RRUFFID=R060652
##IDEAL CHEMISTRY=SiO_2_·<i>n</i>H_2_O
##LOCALITY=Ethiopia
##OWNER=RRUFF
##SOURCE=Gemological Institute of America
##DESCRIPTION=Colorless cloudy glassy fragment, variety opal-C
##STATUS=The identification of this mineral has been confirmed by X-ray diffraction and chemical analysis
##URL=https://www.rruff.net/odr/rruff_sample/R060652
##MEASURED CHEMISTRY=(Si_0.98_Al_0.02_)(O_1.98_(OH)_0.02_)·0.57H_2_O ; OH estimated by charge balance  H_2_O by difference
##DIFFRACTION SAMPLE DESCRIPTION=Powder
##FILETYPE=Raman RAW
##RAMAN WAVELENGTH=532

9.839966e+001, 0.000000e+000
1.003281e+002, 9.479371e+002
1.022566e+002, 9.504229e+002
1.041851e+002, 9.616235e+002
1.061135e+002, 9.880976e+002
1.080420e+002, 1.043342e+003
1.099705e+002, 1.106735e+003
1.118989e+002, 1.186552e+003
1.138274e+002, 1.276648e+003
1.157559e+002, 1.363640e+003
1.176843e+002, 1.461628e+003
1.196128e+002, 1.553394e+003
1.215413e+002, 1.631224e+003
1.234697e+002, 1.696681e+003
1.253982e+002, 1.752313e+003
1.273267e+002, 1.796958e+003
1.292551e+002, 1.831449e+003
1.311836e+002, 1.862353e+003
1.331121e+002, 1.883034e+003
1.350405e+002, 1.901058e+003
1.369690e+002, 1.920505e+003
1.388975e+002, 1.939920e+003
1.408259e+002, 1.961122e+003
1.427544e+002, 1.985534e+003
1.446829e+002, 2.012337e+003
1.466113e+002, 2.036615e+003
1.485398e+002, 2.055456e+003
1.504683e+002, 2.072378e+003
1.523967e+002, 2.090527e+003
1.543252e+002, 2.110481e+003
1.562537e+002, 2.131777e+003
1.581821e+002, 2.155495e+003
1.601106e+002, 2.181651e+003
1.620391e+002, 2.207035e+003
1.639675e+002, 2.229336e+003
1.658960e+002, 2.250509e+003
1.678245e+002, 2.273589e+003
1.697529e+002, 2.298470e+003
1.716814e+002, 2.323562e+003
1.736099e+002, 2.348134e+003
1.755383e+002, 2.372538e+003
1.774668e+002, 2.393132e+003
1.793953e+002, 2.409512e+003
1.813237e+002, 2.421714e+003
1.832522e+002, 2.431541e+003
1.851807e+002, 2.439378e+003
1.871091e+002, 2.445839e+003
1.890376e+002, 2.451582e+003
1.909661e+002, 2.457225e+003
1.928945e+002, 2.463357e+003
1.948230e+002, 2.469922e+003
1.967515e+002, 2.477525e+003
1.986799e+002, 2.487183e+003
2.006084e+002, 2.500906e+003
2.025369e+002, 2.515031e+003
2.044653e+002, 2.526937e+003
2.063938e+002, 2.534974e+003
2.083223e+002, 2.544788e+003
2.102507e+002, 2.559250e+003
2.121792e+002, 2.577466e+003
2.141077e+002, 2.592612e+003
2.160361e+002, 2.602207e+003
2.179646e+002, 2.610892e+003
2.198931e+002, 2.621979e+003
2.218215e+002, 2.636083e+003
2.237500e+002, 2.650057e+003
2.256785e+002, 2.662153e+003
2.276069e+002, 2.672491e+003
2.295354e+002, 2.685542e+003
2.314639e+002, 2.703175e+003
2.333923e+002, 2.722037e+003
2.353208e+002, 2.739785e+003
2.372493e+002, 2.755584e+003
2.391777e+002, 2.772596e+003
2.411062e+002, 2.791613e+003
2.430347e+002, 2.813001e+003
2.449631e+002, 2.835388e+003
2.468916e+002, 2.858385e+003
2.488201e+002, 2.882953e+003
2.507485e+002, 2.909469e+003
2.526770e+002, 2.938646e+003
2.546055e+002, 2.968823e+003
2.565339e+002, 2.999216e+003
2.584624e+002, 3.030066e+003
2.603909e+002, 3.062568e+003
2.623193e+002, 3.097541e+003
2.642478e+002, 3.133771e+003
2.661763e+002, 3.170598e+003
2.681047e+002, 3.208926e+003
2.700332e+002, 3.246753e+003
2.719617e+002, 3.283001e+003
2.738901e+002, 3.318365e+003
2.758186e+002, 3.355337e+003
2.777471e+002, 3.395672e+003
2.796755e+002, 3.437047e+003
2.816040e+002, 3.477925e+003
2.835325e+002, 3.518258e+003
2.854609e+002, 3.559276e+003
2.873894e+002, 3.601840e+003
2.893179e+002, 3.645646e+003
2.912463e+002, 3.689281e+003
2.931748e+002, 3.733586e+003
2.951033e+002, 3.776816e+003
2.970317e+002, 3.817339e+003
2.989602e+002, 3.854785e+003
3.008887e+002, 3.890978e+003
3.028171e+002, 3.926282e+003
3.047456e+002, 3.960515e+003
3.066741e+002, 3.993123e+003
3.086025e+002, 4.026425e+003
3.105310e+002, 4.056515e+003
3.124595e+002, 4.081326e+003
3.143879e+002, 4.100839e+003
3.163164e+002, 4.117403e+003
3.182449e+002, 4.130970e+003
3.201733e+002, 4.142139e+003
3.221018e+002, 4.152315e+003
3.240303e+002, 4.161321e+003
3.259587e+002, 4.169790e+003
3.278872e+002, 4.179276e+003
3.298157e+002, 4.191223e+003
3.317441e+002, 4.198116e+003
3.336726e+002, 4.197199e+003
3.356011e+002, 4.192387e+003
3.375295e+002, 4.189460e+003
3.394580e+002, 4.188559e+003
3.413865e+002, 4.188497e+003
3.433149e+002, 4.188823e+003
3.452434e+002, 4.189534e+003
3.471719e+002, 4.188153e+003
3.491003e+002, 4.186308e+003
3.510288e+002, 4.181114e+003
3.529573e+002, 4.169988e+003
3.548857e+002, 4.152125e+003
3.568142e+002, 4.131904e+003
3.587427e+002, 4.111866e+003
3.606711e+002, 4.092218e+003
3.625996e+002, 4.069021e+003
3.645281e+002, 4.039739e+003
3.664565e+002, 4.009516e+003
3.683850e+002, 3.981502e+003
3.703135e+002, 3.956863e+003
3.722419e+002, 3.930030e+003
3.741704e+002, 3.899363e+003
3.760989e+002, 3.865738e+003
3.780273e+002, 3.832031e+003
3.799558e+002, 3.798062e+003
3.818843e+002, 3.764444e+003
3.838127e+002, 3.731487e+003
3.857412e+002, 3.699144e+003
3.876697e+002, 3.667868e+003
3.895981e+002, 3.636470e+003
3.915266e+002, 3.606208e+003
3.934551e+002, 3.578896e+003
3.953835e+002, 3.554548e+003
3.973120e+002, 3.531543e+003
3.992405e+002, 3.509357e+003
4.011689e+002, 3.487824e+003
4.030974e+002, 3.466339e+003
4.050259e+002, 3.447001e+003
4.069543e+002, 3.426386e+003
4.088828e+002, 3.401914e+003
4.108113e+002, 3.373444e+003
4.127397e+002, 3.344746e+003
4.146682e+002, 3.317304e+003
4.165967e+002, 3.290790e+003
4.185251e+002, 3.263836e+003
4.204536e+002, 3.238962e+003
4.223821e+002, 3.211470e+003
4.243105e+002, 3.179211e+003
4.262390e+002, 3.142399e+003
4.281675e+002, 3.102912e+003
4.300959e+002, 3.059480e+003
4.320244e+002, 3.013897e+003
4.339529e+002, 2.967665e+003
4.358813e+002, 2.920162e+003
4.378098e+002, 2.872982e+003
4.397383e+002, 2.826879e+003
4.416667e+002, 2.781544e+003
4.435952e+002, 2.735471e+003
4.455237e+002, 2.687450e+003
4.474521e+002, 2.639659e+003
4.493806e+002, 2.593043e+003
4.513091e+002, 2.547890e+003
4.532375e+002, 2.502340e+003
4.551660e+002, 2.455647e+003
4.570945e+002, 2.408440e+003
4.590229e+002, 2.361463e+003
4.609514e+002, 2.313890e+003
4.628799e+002, 2.267093e+003
4.648083e+002, 2.221078e+003
4.667368e+002, 2.175924e+003
4.686653e+002, 2.132585e+003
4.705938e+002, 2.091291e+003
4.725222e+002, 2.052007e+003
4.744507e+002, 2.014798e+003
4.763792e+002, 1.980512e+003
4.783076e+002, 1.947407e+003
4.802361e+002, 1.914817e+003
4.821646e+002, 1.884018e+003
4.840930e+002, 1.856748e+003
4.860215e+002, 1.836667e+003
4.879500e+002, 1.813118e+003
4.898784e+002, 1.782468e+003
4.918069e+002, 1.744588e+003
4.937354e+002, 1.705978e+003
4.956638e+002, 1.665396e+003
4.975923e+002, 1.624816e+003
4.995208e+002, 1.584673e+003
5.014492e+002, 1.544651e+003
5.033777e+002, 1.507427e+003
5.053062e+002, 1.473957e+003
5.072346e+002, 1.443348e+003
5.091631e+002, 1.414752e+003
5.110916e+002, 1.387654e+003
5.130200e+002, 1.363169e+003
5.149485e+002, 1.342085e+003
5.168770e+002, 1.323927e+003
5.188054e+002, 1.308086e+003
5.207339e+002, 1.296442e+003
5.226624e+002, 1.285507e+003
5.245908e+002, 1.273575e+003
5.265193e+002, 1.260237e+003
5.284478e+002, 1.248476e+003
5.303762e+002, 1.239496e+003
5.323047e+002, 1.231480e+003
5.342332e+002, 1.222891e+003
5.361616e+002, 1.213477e+003
5.380901e+002, 1.203615e+003
5.400186e+002, 1.193438e+003
5.419470e+002, 1.182985e+003
5.438755e+002, 1.172391e+003
5.458040e+002, 1.161471e+003
5.477324e+002, 1.151211e+003
5.496609e+002, 1.142032e+003
5.515894e+002, 1.134029e+003
5.535178e+002, 1.127022e+003
5.554463e+002, 1.121353e+003
5.573748e+002, 1.116170e+003
5.593032e+002, 1.110773e+003
5.612317e+002, 1.104958e+003
5.631602e+002, 1.099274e+003
5.650886e+002, 1.093888e+003
5.670171e+002, 1.088471e+003
5.689456e+002, 1.082665e+003
5.708740e+002, 1.075643e+003
5.728025e+002, 1.069153e+003
5.747310e+002, 1.063992e+003
5.766594e+002, 1.059676e+003
5.785879e+002, 1.054773e+003
5.805164e+002, 1.048937e+003
5.824448e+002, 1.042993e+003
5.843733e+002, 1.036964e+003
5.863018e+002, 1.030667e+003
5.882302e+002, 1.025803e+003
5.901587e+002, 1.023751e+003
5.920872e+002, 1.022013e+003
5.940156e+002, 1.018768e+003
5.959441e+002, 1.013837e+003
5.978726e+002, 1.008881e+003
5.998010e+002, 1.004250e+003
6.017295e+002, 9.997214e+002
6.036580e+002, 9.949743e+002
6.055864e+002, 9.892962e+002
6.075149e+002, 9.843438e+002
6.094434e+002, 9.806184e+002
6.113718e+002, 9.778018e+002
6.133003e+002, 9.752783e+002
6.152288e+002, 9.733812e+002
6.171572e+002, 9.713463e+002
6.190857e+002, 9.686416e+002
6.210142e+002, 9.652620e+002
6.229426e+002, 9.629573e+002
6.248711e+002, 9.619140e+002
6.267996e+002, 9.617638e+002
6.287280e+002, 9.626532e+002
6.306565e+002, 9.646982e+002
6.325850e+002, 9.660480e+002
6.345134e+002, 9.657037e+002
6.364419e+002, 9.649941e+002
6.383704e+002, 9.650986e+002
6.402988e+002, 9.663809e+002
6.422273e+002, 9.674518e+002
6.441558e+002, 9.677199e+002
6.460842e+002, 9.677657e+002
6.480127e+002, 9.683772e+002
6.499412e+002, 9.700157e+002
6.518696e+002, 9.714329e+002
6.537981e+002, 9.727350e+002
6.557266e+002, 9.737205e+002
6.576550e+002, 9.734697e+002
6.595835e+002, 9.704213e+002
6.615120e+002, 9.686298e+002
6.634404e+002, 9.706756e+002
6.653689e+002, 9.758375e+002
6.672974e+002, 9.798565e+002
6.692258e+002, 9.809939e+002
6.711543e+002, 9.820717e+002
6.730828e+002, 9.841011e+002
6.750112e+002, 9.871118e+002
6.769397e+002, 9.901874e+002
6.788682e+002, 9.931801e+002
6.807966e+002, 9.959716e+002
6.827251e+002, 9.985953e+002
6.846536e+002, 1.001130e+003
6.865820e+002, 1.002878e+003
6.885105e+002, 1.004292e+003
6.904390e+002, 1.004885e+003
6.923674e+002, 1.003670e+003
6.942959e+002, 9.998345e+002
6.962244e+002, 9.974545e+002
6.981528e+002, 9.984952e+002
7.000813e+002, 1.001236e+003
7.020098e+002, 1.003420e+003
7.039382e+002, 1.004527e+003
7.058667e+002, 1.005970e+003
7.077952e+002, 1.007959e+003
7.097236e+002, 1.010427e+003
7.116521e+002, 1.013250e+003
7.135806e+002, 1.016554e+003
7.155090e+002, 1.019897e+003
7.174375e+002, 1.022789e+003
7.193660e+002, 1.025485e+003
7.212944e+002, 1.028944e+003
7.232229e+002, 1.034322e+003
7.251514e+002, 1.039205e+003
7.270798e+002, 1.042322e+003
7.290083e+002, 1.043818e+003
7.309368e+002, 1.046769e+003
7.328652e+002, 1.051519e+003
7.347937e+002, 1.057305e+003
7.367222e+002, 1.064189e+003
7.386506e+002, 1.072131e+003
7.405791e+002, 1.079528e+003
7.425076e+002, 1.085340e+003
7.444360e+002, 1.091439e+003
7.463645e+002, 1.098774e+003
7.482930e+002, 1.107580e+003
7.502214e+002, 1.116599e+003
7.521499e+002, 1.125454e+003
7.540784e+002, 1.134932e+003
7.560068e+002, 1.145279e+003
7.579353e+002, 1.156398e+003
7.598638e+002, 1.169266e+003
7.617922e+002, 1.182164e+003
7.637207e+002, 1.197985e+003
7.656492e+002, 1.218748e+003
7.675776e+002, 1.243967e+003
7.695061e+002, 1.275936e+003
7.714346e+002, 1.315760e+003
7.733630e+002, 1.362184e+003
7.752915e+002, 1.415199e+003
7.772200e+002, 1.477432e+003
7.791484e+002, 1.535661e+003
7.810769e+002, 1.595622e+003
7.830054e+002, 1.647257e+003
7.849338e+002, 1.678198e+003
7.868623e+002, 1.685018e+003
7.887908e+002, 1.681617e+003
7.907192e+002, 1.665763e+003
7.926477e+002, 1.641908e+003
7.945762e+002, 1.614324e+003
7.965046e+002, 1.580977e+003
7.984331e+002, 1.550107e+003
8.003616e+002, 1.524397e+003
8.022900e+002, 1.501459e+003
8.042185e+002, 1.477956e+003
8.061470e+002, 1.452071e+003
8.080754e+002, 1.429144e+003
8.100039e+002, 1.410618e+003
8.119324e+002, 1.395281e+003
8.138608e+002, 1.381336e+003
8.157893e+002, 1.368881e+003
8.177178e+002, 1.357313e+003
8.196462e+002, 1.346368e+003
8.215747e+002, 1.336045e+003
8.235032e+002, 1.326498e+003
8.254316e+002, 1.318958e+003
8.273601e+002, 1.310311e+003
8.292886e+002, 1.299332e+003
8.312170e+002, 1.287549e+003
8.331455e+002, 1.277166e+003
8.350740e+002, 1.268775e+003
8.370024e+002, 1.260221e+003
8.389309e+002, 1.250639e+003
8.408594e+002, 1.240672e+003
8.427878e+002, 1.231210e+003
8.447163e+002, 1.221542e+003
8.466448e+002, 1.213301e+003
8.485732e+002, 1.206662e+003
8.505017e+002, 1.201515e+003
8.524302e+002, 1.197730e+003
8.543586e+002, 1.195609e+003
8.562871e+002, 1.193777e+003
8.582156e+002, 1.191494e+003
8.601440e+002, 1.189487e+003
8.620725e+002, 1.188757e+003
8.640010e+002, 1.191363e+003
8.659294e+002, 1.192085e+003
8.678579e+002, 1.189291e+003
8.697864e+002, 1.184987e+003
8.717148e+002, 1.181824e+003
8.736433e+002, 1.180041e+003
8.755718e+002, 1.177628e+003
8.775002e+002, 1.173548e+003
8.794287e+002, 1.168838e+003
8.813572e+002, 1.164613e+003
8.832856e+002, 1.161575e+003
8.852141e+002, 1.157611e+003
8.871426e+002, 1.151930e+003
8.890710e+002, 1.145899e+003
8.909995e+002, 1.140867e+003
8.929280e+002, 1.136954e+003
8.948564e+002, 1.133619e+003
8.967849e+002, 1.131011e+003
8.987134e+002, 1.128887e+003
9.006418e+002, 1.127161e+003
9.025703e+002, 1.125962e+003
9.044988e+002, 1.124190e+003
9.064272e+002, 1.121330e+003
9.083557e+002, 1.117999e+003
9.102842e+002, 1.114304e+003
9.122126e+002, 1.109925e+003
9.141411e+002, 1.106257e+003
9.160696e+002, 1.104257e+003
9.179980e+002, 1.102079e+003
9.199265e+002, 1.098261e+003
9.218550e+002, 1.093095e+003
9.237834e+002, 1.089342e+003
9.257119e+002, 1.088897e+003
9.276404e+002, 1.088696e+003
9.295688e+002, 1.087256e+003
9.314973e+002, 1.084652e+003
9.334258e+002, 1.083670e+003
9.353542e+002, 1.084598e+003
9.372827e+002, 1.086617e+003
9.392112e+002, 1.090042e+003
9.411396e+002, 1.094288e+003
9.430681e+002, 1.097636e+003
9.449966e+002, 1.099103e+003
9.469250e+002, 1.100971e+003
9.488535e+002, 1.104820e+003
9.507820e+002, 1.109556e+003
9.527104e+002, 1.112084e+003
9.546389e+002, 1.110707e+003
9.565674e+002, 1.109051e+003
9.584958e+002, 1.108415e+003
9.604243e+002, 1.107513e+003
9.623528e+002, 1.103969e+003
9.642813e+002, 1.097295e+003
9.662097e+002, 1.090638e+003
9.681382e+002, 1.086813e+003
9.700667e+002, 1.082305e+003
9.719951e+002, 1.073034e+003
9.739236e+002, 1.056933e+003
9.758521e+002, 1.042298e+003
9.777805e+002, 1.030731e+003
9.797090e+002, 1.019979e+003
9.816375e+002, 1.007673e+003
9.835659e+002, 9.930245e+002
9.854944e+002, 9.815216e+002
9.874229e+002, 9.753871e+002
9.893513e+002, 9.706738e+002
9.912798e+002, 9.654642e+002
9.932083e+002, 9.599612e+002
9.951367e+002, 9.548790e+002
9.970652e+002, 9.501857e+002
9.989937e+002, 9.464006e+002
1.000922e+003, 9.436523e+002
1.002851e+003, 9.419632e+002
1.004779e+003, 9.414833e+002
1.006708e+003, 9.425827e+002
1.008636e+003, 9.441044e+002
1.010564e+003, 9.458899e+002
1.012493e+003, 9.477880e+002
1.014421e+003, 9.495262e+002
1.016350e+003, 9.508956e+002
1.018278e+003, 9.526912e+002
1.020207e+003, 9.553390e+002
1.022135e+003, 9.585269e+002
1.024064e+003, 9.620795e+002
1.025992e+003, 9.662230e+002
1.027921e+003, 9.704584e+002
1.029849e+003, 9.749257e+002
1.031778e+003, 9.794336e+002
1.033706e+003, 9.834397e+002
1.035635e+003, 9.868863e+002
1.037563e+003, 9.919711e+002
1.039491e+003, 9.997537e+002
1.041420e+003, 1.007750e+003
1.043348e+003, 1.014730e+003
1.045277e+003, 1.020874e+003
1.047205e+003, 1.026709e+003
1.049134e+003, 1.032093e+003
1.051062e+003, 1.037567e+003
1.052991e+003, 1.042964e+003
1.054919e+003, 1.048785e+003
1.056848e+003, 1.056040e+003
1.058776e+003, 1.066384e+003
1.060705e+003, 1.075730e+003
1.062633e+003, 1.082171e+003
1.064562e+003, 1.088637e+003
1.066490e+003, 1.098336e+003
1.068418e+003, 1.111136e+003
1.070347e+003, 1.123250e+003
1.072275e+003, 1.135285e+003
1.074204e+003, 1.144652e+003
1.076132e+003, 1.150131e+003
1.078061e+003, 1.151728e+003
1.079989e+003, 1.150889e+003
1.081918e+003, 1.147479e+003
1.083846e+003, 1.141704e+003
1.085775e+003, 1.133157e+003
1.087703e+003, 1.122338e+003
1.089632e+003, 1.110129e+003
1.091560e+003, 1.096362e+003
1.093489e+003, 1.082189e+003
1.095417e+003, 1.067745e+003
1.097345e+003, 1.053172e+003
1.099274e+003, 1.038077e+003
1.101202e+003, 1.022354e+003
1.103131e+003, 1.008878e+003
1.105059e+003, 9.977203e+002
1.106988e+003, 9.895109e+002
1.108916e+003, 9.858203e+002
1.110845e+003, 9.862440e+002
1.112773e+003, 9.845966e+002
1.114702e+003, 9.786192e+002
1.116630e+003, 9.731800e+002
1.118559e+003, 9.689686e+002
1.120487e+003, 9.659670e+002
1.122416e+003, 9.643046e+002
1.124344e+003, 9.642258e+002
1.126272e+003, 9.643347e+002
1.128201e+003, 9.644322e+002
1.130129e+003, 9.646508e+002
1.132058e+003, 9.651911e+002
1.133986e+003, 9.660942e+002
1.135915e+003, 9.667594e+002
1.137843e+003, 9.671835e+002
1.139772e+003, 9.672842e+002
1.141700e+003, 9.669180e+002
1.143629e+003, 9.661693e+002
1.145557e+003, 9.653597e+002
1.147486e+003, 9.641439e+002
1.149414e+003, 9.633575e+002
1.151343e+003, 9.636450e+002
1.153271e+003, 9.640689e+002
1.155199e+003, 9.632458e+002
1.157128e+003, 9.611344e+002
1.159056e+003, 9.603581e+002
1.160985e+003, 9.623075e+002
1.162913e+003, 9.644540e+002
1.164842e+003, 9.655212e+002
1.166770e+003, 9.657188e+002
1.168699e+003, 9.661844e+002
1.170627e+003, 9.670626e+002
1.172556e+003, 9.681190e+002
1.174484e+003, 9.692888e+002
1.176413e+003, 9.705983e+002
1.178341e+003, 9.720120e+002
1.180270e+003, 9.733307e+002
1.182198e+003, 9.750948e+002
1.184126e+003, 9.783980e+002
1.186055e+003, 9.809242e+002
1.187983e+003, 9.803429e+002
1.189912e+003, 9.778258e+002
1.191840e+003, 9.776620e+002
1.193769e+003, 9.814673e+002
1.195697e+003, 9.846053e+002
1.197626e+003, 9.854402e+002
1.199554e+003, 9.850526e+002
1.201483e+003, 9.842994e+002
1.203411e+003, 9.828592e+002
1.205340e+003, 9.826700e+002
1.207268e+003, 9.853484e+002
1.209197e+003, 9.876288e+002
1.211125e+003, 9.872324e+002
1.213053e+003, 9.846130e+002
1.214982e+003, 9.834642e+002
1.216910e+003, 9.846740e+002
1.218839e+003, 9.852905e+002
1.220767e+003, 9.849366e+002
1.222696e+003, 9.835392e+002
1.224624e+003, 9.809188e+002
1.226553e+003, 9.772072e+002
1.228481e+003, 9.735988e+002
1.230410e+003, 9.706003e+002
1.232338e+003, 9.675801e+002
1.234267e+003, 9.637957e+002
1.236195e+003, 9.597171e+002
1.238124e+003, 9.570465e+002
1.240052e+003, 9.568190e+002
1.241980e+003, 9.556240e+002
1.243909e+003, 9.520977e+002
1.245837e+003, 9.480810e+002
1.247766e+003, 9.453117e+002
1.249694e+003, 9.440127e+002
1.251623e+003, 9.416663e+002
1.253551e+003, 9.376105e+002
1.255480e+003, 9.334859e+002
1.257408e+003, 9.295544e+002
1.259337e+003, 9.259054e+002
1.261265e+003, 9.228021e+002
1.263194e+003, 9.203600e+002
1.265122e+003, 9.173254e+002
1.267051e+003, 9.127814e+002
1.268979e+003, 9.083360e+002
1.270907e+003, 9.048243e+002
1.272836e+003, 9.021741e+002
1.274764e+003, 8.999365e+002
1.276693e+003, 8.977350e+002
1.278621e+003, 8.967878e+002
1.280550e+003, 8.982946e+002
1.282478e+003, 9.003817e+002
1.284407e+003, 9.012488e+002
1.286335e+003, 9.006582e+002
1.288264e+003, 8.999859e+002
1.290192e+003, 8.986597e+002
1.292121e+003, 8.979039e+002
1.294049e+003, 8.985427e+002
1.295978e+003, 8.998659e+002
1.297906e+003, 9.004964e+002
1.299834e+003, 9.002963e+002
1.301763e+003, 9.003411e+002
1.303691e+003, 9.010938e+002
1.305620e+003, 9.018191e+002
1.307548e+003, 9.018547e+002
1.309477e+003, 9.015551e+002
1.311405e+003, 9.020345e+002
1.313334e+003, 9.037790e+002
1.315262e+003, 9.050850e+002
1.317191e+003, 9.046698e+002
1.319119e+003, 9.043907e+002
1.321048e+003, 9.059230e+002
1.322976e+003, 9.094094e+002
1.324905e+003, 9.116600e+002
1.326833e+003, 9.115104e+002
1.328761e+003, 9.114784e+002
1.330690e+003, 9.117704e+002
1.332618e+003, 9.125059e+002
1.334547e+003, 9.140156e+002
1.336475e+003, 9.165961e+002
1.338404e+003, 9.186044e+002
1.340332e+003, 9.193189e+002
1.342261e+003, 9.203611e+002
1.344189e+003, 9.227664e+002
1.346118e+003, 9.256926e+002
1.348046e+003, 9.275515e+002
1.349975e+003, 9.281638e+002
1.351903e+003, 9.292254e+002
1.353832e+003, 9.317854e+002
1.355760e+003, 9.338659e+002
1.357688e+003, 9.338007e+002
1.359617e+003, 9.326005e+002
1.361545e+003, 9.330139e+002
1.363474e+003, 9.358740e+002
1.365402e+003, 9.377274e+002
1.367331e+003, 9.365587e+002
1.369259e+003, 9.354939e+002
1.371188e+003, 9.364999e+002
1.373116e+003, 9.392043e+002
1.375045e+003, 9.412143e+002
1.376973e+003, 9.426331e+002
1.378902e+003, 9.431555e+002
1.380830e+003, 9.421082e+002
1.382759e+003, 9.407901e+002
1.384687e+003, 9.398682e+002
1.386615e+003, 9.394371e+002
1.388544e+003, 9.403707e+002
1.390472e+003, 9.437771e+002
1.392401e+003, 9.464570e+002
1.394329e+003, 9.473428e+002
1.396258e+003, 9.475150e+002
1.398186e+003, 9.477166e+002
1.400115e+003, 9.479418e+002
1.402043e+003, 9.483264e+002
1.403972e+003, 9.487244e+002
1.405900e+003, 9.495807e+002
1.407829e+003, 9.519383e+002
1.409757e+003, 9.541555e+002
1.411686e+003, 9.543284e+002
1.413614e+003, 9.527232e+002
1.415542e+003, 9.526686e+002
1.417471e+003, 9.554206e+002
1.419399e+003, 9.578787e+002
1.421328e+003, 9.589012e+002
1.423256e+003, 9.592734e+002
1.425185e+003, 9.595189e+002
1.427113e+003, 9.594753e+002
1.429042e+003, 9.600198e+002
1.430970e+003, 9.618698e+002
1.432899e+003, 9.633192e+002
1.434827e+003, 9.642932e+002
1.436756e+003, 9.647530e+002
1.438684e+003, 9.645123e+002
1.440613e+003, 9.635862e+002
1.442541e+003, 9.632566e+002
1.444469e+003, 9.631786e+002
1.446398e+003, 9.642063e+002
1.448326e+003, 9.669290e+002
1.450255e+003, 9.704107e+002
1.452183e+003, 9.736158e+002
1.454112e+003, 9.764641e+002
1.456040e+003, 9.797564e+002
1.457969e+003, 9.836316e+002
1.459897e+003, 9.875013e+002
1.461826e+003, 9.925658e+002
1.463754e+003, 9.965529e+002
1.465683e+003, 9.968840e+002
1.467611e+003, 9.942572e+002
1.469540e+003, 9.918798e+002
1.471468e+003, 9.895768e+002
1.473396e+003, 9.887795e+002
1.475325e+003, 9.911349e+002
1.477253e+003, 9.940382e+002
1.479182e+003, 9.954676e+002
1.481110e+003, 9.956344e+002
1.483039e+003, 9.958341e+002
1.484967e+003, 9.959142e+002
1.486896e+003, 9.965957e+002
1.488824e+003, 9.985779e+002
1.490753e+003, 1.000770e+003
1.492681e+003, 1.002510e+003
1.494610e+003, 1.003921e+003
1.496538e+003, 1.005640e+003
1.498467e+003, 1.008183e+003
1.500395e+003, 1.009785e+003
1.502323e+003, 1.009172e+003
1.504252e+003, 1.008742e+003
1.506180e+003, 1.010241e+003
1.508109e+003, 1.012854e+003
1.510037e+003, 1.014161e+003
1.511966e+003, 1.012994e+003
1.513894e+003, 1.013135e+003
1.515823e+003, 1.014896e+003
1.517751e+003, 1.017675e+003
1.519680e+003, 1.022362e+003
1.521608e+003, 1.027476e+003
1.523537e+003, 1.030178e+003
1.525465e+003, 1.029741e+003
1.527394e+003, 1.030261e+003
1.529322e+003, 1.032452e+003
1.531250e+003, 1.034662e+003
1.533179e+003, 1.036445e+003
1.535107e+003, 1.037949e+003
1.537036e+003, 1.039010e+003
1.538964e+003, 1.039756e+003
1.540893e+003, 1.041991e+003
1.542821e+003, 1.046936e+003
1.544750e+003, 1.050798e+003
1.546678e+003, 1.050971e+003
1.548607e+003, 1.050973e+003
1.550535e+003, 1.053419e+003
1.552464e+003, 1.057853e+003
1.554392e+003, 1.063592e+003
1.556321e+003, 1.071315e+003
1.558249e+003, 1.076828e+003
1.560177e+003, 1.078764e+003
1.562106e+003, 1.078965e+003
1.564034e+003, 1.077129e+003
1.565963e+003, 1.074905e+003
1.567891e+003, 1.075309e+003
1.569820e+003, 1.078543e+003
1.571748e+003, 1.081692e+003
1.573677e+003, 1.084230e+003
1.575605e+003, 1.086650e+003
1.577534e+003, 1.089077e+003
1.579462e+003, 1.091313e+003
1.581391e+003, 1.093068e+003
1.583319e+003, 1.094366e+003
1.585248e+003, 1.095801e+003
1.587176e+003, 1.097439e+003
1.589104e+003, 1.099259e+003
1.591033e+003, 1.101592e+003
1.592961e+003, 1.103878e+003
1.594890e+003, 1.105682e+003
1.596818e+003, 1.107182e+003
1.598747e+003, 1.108992e+003
1.600675e+003, 1.111189e+003
1.602604e+003, 1.113458e+003
1.604532e+003, 1.115938e+003
1.606461e+003, 1.118509e+003
1.608389e+003, 1.121013e+003
1.610318e+003, 1.123867e+003
1.612246e+003, 1.127611e+003
1.614175e+003, 1.132301e+003
1.616103e+003, 1.137050e+003
1.618031e+003, 1.141659e+003
1.619960e+003, 1.146146e+003
1.621888e+003, 1.150317e+003
1.623817e+003, 1.154080e+003
1.625745e+003, 1.157615e+003
1.627674e+003, 1.160608e+003
1.629602e+003, 1.162292e+003
1.631531e+003, 1.162537e+003
1.633459e+003, 1.162082e+003
1.635388e+003, 1.160216e+003
1.637316e+003, 1.159021e+003
1.639245e+003, 1.160290e+003
1.641173e+003, 1.161795e+003
1.643102e+003, 1.160708e+003
1.645030e+003, 1.157182e+003
1.646958e+003, 1.154872e+003
1.648887e+003, 1.155009e+003
1.650815e+003, 1.154455e+003
1.652744e+003, 1.152008e+003
1.654672e+003, 1.149994e+003
1.656601e+003, 1.150418e+003
1.658529e+003, 1.151684e+003
1.660458e+003, 1.150599e+003
1.662386e+003, 1.146511e+003
1.664315e+003, 1.143669e+003
1.666243e+003, 1.143137e+003
1.668172e+003, 1.142275e+003
1.670100e+003, 1.139965e+003
1.672029e+003, 1.137899e+003
1.673957e+003, 1.137656e+003
1.675885e+003, 1.138668e+003
1.677814e+003, 1.139050e+003
1.679742e+003, 1.138575e+003
1.681671e+003, 1.137982e+003
1.683599e+003, 1.136843e+003
1.685528e+003, 1.136022e+003
1.687456e+003, 1.135759e+003
1.689385e+003, 1.135837e+003
1.691313e+003, 1.136319e+003
1.693242e+003, 1.137046e+003
1.695170e+003, 1.136947e+003
1.697099e+003, 1.135552e+003
1.699027e+003, 1.134429e+003
1.700956e+003, 1.134168e+003
1.702884e+003, 1.133665e+003
1.704813e+003, 1.131981e+003
1.706741e+003, 1.130306e+003
1.708669e+003, 1.130569e+003
1.710598e+003, 1.132641e+003
1.712526e+003, 1.132920e+003
1.714455e+003, 1.129184e+003
1.716383e+003, 1.127875e+003
1.718312e+003, 1.130362e+003
1.720240e+003, 1.134094e+003
1.722169e+003, 1.139833e+003
1.724097e+003, 1.144925e+003
1.726026e+003, 1.144779e+003
1.727954e+003, 1.139255e+003
1.729883e+003, 1.135973e+003
1.731811e+003, 1.136184e+003
1.733740e+003, 1.136419e+003
1.735668e+003, 1.136974e+003
1.737596e+003, 1.137173e+003
1.739525e+003, 1.136775e+003
1.741453e+003, 1.136092e+003
1.743382e+003, 1.134873e+003
1.745310e+003, 1.133130e+003
1.747239e+003, 1.134557e+003
1.749167e+003, 1.143454e+003
1.751096e+003, 1.148520e+003
1.753024e+003, 1.145404e+003
1.754953e+003, 1.142419e+003
1.756881e+003, 1.143622e+003
1.758810e+003, 1.146820e+003
1.760738e+003, 1.149252e+003
1.762667e+003, 1.150935e+003
1.764595e+003, 1.152483e+003
1.766523e+003, 1.154685e+003
1.768452e+003, 1.155731e+003
1.770380e+003, 1.154098e+003
1.772309e+003, 1.153355e+003
1.774237e+003, 1.156009e+003
1.776166e+003, 1.159566e+003
1.778094e+003, 1.160878e+003
1.780023e+003, 1.160089e+003
1.781951e+003, 1.159514e+003
1.783880e+003, 1.158900e+003
1.785808e+003, 1.158991e+003
1.787737e+003, 1.159796e+003
1.789665e+003, 1.161272e+003
1.791594e+003, 1.164792e+003
1.793522e+003, 1.167783e+003
1.795450e+003, 1.166976e+003
1.797379e+003, 1.163335e+003
1.799307e+003, 1.161801e+003
1.801236e+003, 1.163028e+003
1.803164e+003, 1.163798e+003
1.805093e+003, 1.163900e+003
1.807021e+003, 1.163764e+003
1.808950e+003, 1.163320e+003
1.810878e+003, 1.163086e+003
1.812807e+003, 1.163325e+003
1.814735e+003, 1.164091e+003
1.816664e+003, 1.165581e+003
1.818592e+003, 1.167780e+003
1.820521e+003, 1.169669e+003
1.822449e+003, 1.170902e+003
1.824377e+003, 1.172055e+003
1.826306e+003, 1.173081e+003
1.828234e+003, 1.174079e+003
1.830163e+003, 1.175611e+003
1.832091e+003, 1.176835e+003
1.834020e+003, 1.176089e+003
1.835948e+003, 1.173947e+003
1.837877e+003, 1.173917e+003
1.839805e+003, 1.176800e+003
1.841734e+003, 1.178386e+003
1.843662e+003, 1.176831e+003
1.845591e+003, 1.175890e+003
1.847519e+003, 1.177795e+003
1.849448e+003, 1.180329e+003
1.851376e+003, 1.181617e+003
1.853304e+003, 1.182126e+003
1.855233e+003, 1.183047e+003
1.857161e+003, 1.184448e+003
1.859090e+003, 1.184893e+003
1.861018e+003, 1.183415e+003
1.862947e+003, 1.183602e+003
1.864875e+003, 1.188531e+003
1.866804e+003, 1.192994e+003
1.868732e+003, 1.192799e+003
1.870661e+003, 1.191428e+003
1.872589e+003, 1.193968e+003
1.874518e+003, 1.199517e+003
1.876446e+003, 1.202340e+003
1.878375e+003, 1.201312e+003
1.880303e+003, 1.200811e+003
1.882231e+003, 1.201864e+003
1.884160e+003, 1.202425e+003
1.886088e+003, 1.201943e+003
1.888017e+003, 1.201266e+003
1.889945e+003, 1.201316e+003
1.891874e+003, 1.201732e+003
1.893802e+003, 1.201560e+003
1.895731e+003, 1.200845e+003
1.897659e+003, 1.200791e+003
1.899588e+003, 1.201175e+003
1.901516e+003, 1.202299e+003
1.903445e+003, 1.204364e+003
1.905373e+003, 1.206423e+003
1.907302e+003, 1.208257e+003
1.909230e+003, 1.209786e+003
1.911158e+003, 1.211232e+003
1.913087e+003, 1.212366e+003
1.915015e+003, 1.212349e+003
1.916944e+003, 1.211236e+003
1.918872e+003, 1.211031e+003
1.920801e+003, 1.212028e+003
1.922729e+003, 1.213147e+003
1.924658e+003, 1.213934e+003
1.926586e+003, 1.214982e+003
1.928515e+003, 1.217204e+003
1.930443e+003, 1.219053e+003
1.932372e+003, 1.219148e+003
1.934300e+003, 1.218145e+003
1.936229e+003, 1.216959e+003
1.938157e+003, 1.215754e+003
1.940085e+003, 1.216030e+003
1.942014e+003, 1.218320e+003
1.943942e+003, 1.220434e+003
1.945871e+003, 1.222437e+003
1.947799e+003, 1.223314e+003
1.949728e+003, 1.221684e+003
1.951656e+003, 1.219716e+003
1.953585e+003, 1.219353e+003
1.955513e+003, 1.219922e+003
1.957442e+003, 1.219843e+003
1.959370e+003, 1.219128e+003
1.961299e+003, 1.219654e+003
1.963227e+003, 1.222699e+003
1.965156e+003, 1.224566e+003
1.967084e+003, 1.223790e+003
1.969012e+003, 1.223666e+003
1.970941e+003, 1.225244e+003
1.972869e+003, 1.227281e+003
1.974798e+003, 1.229391e+003
1.976726e+003, 1.231060e+003
1.978655e+003, 1.231457e+003
1.980583e+003, 1.230695e+003
1.982512e+003, 1.229705e+003
1.984440e+003, 1.228487e+003
1.986369e+003, 1.228170e+003
1.988297e+003, 1.229674e+003
1.990226e+003, 1.230357e+003
1.992154e+003, 1.227520e+003
1.994083e+003, 1.226420e+003
1.996011e+003, 1.231627e+003
1.997939e+003, 1.238374e+003
1.999868e+003, 1.242076e+003
2.001796e+003, 1.243448e+003
2.003725e+003, 1.244028e+003
2.005653e+003, 1.243892e+003
2.007582e+003, 1.244539e+003
2.009510e+003, 1.246865e+003
2.011439e+003, 1.247800e+003
2.013367e+003, 1.244028e+003
2.015296e+003, 1.242695e+003
2.017224e+003, 1.248614e+003
2.019153e+003, 1.254665e+003
2.021081e+003, 1.255144e+003
2.023010e+003, 1.252855e+003
2.024938e+003, 1.252088e+003
2.026866e+003, 1.252704e+003
2.028795e+003, 1.253092e+003
2.030723e+003, 1.253309e+003
2.032652e+003, 1.254117e+003
2.034580e+003, 1.256161e+003
2.036509e+003, 1.257668e+003
2.038437e+003, 1.257971e+003
2.040366e+003, 1.257982e+003
2.042294e+003, 1.257158e+003
2.044223e+003, 1.256768e+003
2.046151e+003, 1.258332e+003
2.048080e+003, 1.260561e+003
2.050008e+003, 1.261318e+003
2.051937e+003, 1.260985e+003
2.053865e+003, 1.261457e+003
2.055793e+003, 1.263055e+003
2.057722e+003, 1.264237e+003
2.059650e+003, 1.264742e+003
2.061579e+003, 1.265151e+003
2.063507e+003, 1.265176e+003
2.065436e+003, 1.265405e+003
2.067364e+003, 1.265065e+003
2.069293e+003, 1.265808e+003
2.071221e+003, 1.271059e+003
2.073150e+003, 1.277225e+003
2.075078e+003, 1.277222e+003
2.077007e+003, 1.271832e+003
2.078935e+003, 1.268451e+003
2.080864e+003, 1.267456e+003
2.082792e+003, 1.266321e+003
2.084720e+003, 1.264840e+003
2.086649e+003, 1.263768e+003
2.088577e+003, 1.263672e+003
2.090506e+003, 1.263447e+003
2.092434e+003, 1.261726e+003
2.094363e+003, 1.260808e+003
2.096291e+003, 1.262914e+003
2.098220e+003, 1.266097e+003
2.100148e+003, 1.267616e+003
2.102077e+003, 1.267878e+003
2.104005e+003, 1.269115e+003
2.105934e+003, 1.271544e+003
2.107862e+003, 1.270999e+003
2.109791e+003, 1.264277e+003
2.111719e+003, 1.260929e+003
2.113647e+003, 1.264993e+003
2.115576e+003, 1.267006e+003
2.117504e+003, 1.263379e+003
2.119433e+003, 1.260134e+003
2.121361e+003, 1.260559e+003
2.123290e+003, 1.262187e+003
2.125218e+003, 1.262881e+003
2.127147e+003, 1.263116e+003
2.129075e+003, 1.263578e+003
2.131004e+003, 1.264231e+003
2.132932e+003, 1.265375e+003
2.134861e+003, 1.266942e+003
2.136789e+003, 1.268513e+003
2.138718e+003, 1.270196e+003
2.140646e+003, 1.271196e+003
2.142574e+003, 1.270903e+003
2.144503e+003, 1.270680e+003
2.146431e+003, 1.270995e+003
2.148360e+003, 1.271496e+003
2.150288e+003, 1.272589e+003
2.152217e+003, 1.273288e+003
2.154145e+003, 1.272454e+003
2.156074e+003, 1.270576e+003
2.158002e+003, 1.267876e+003
2.159931e+003, 1.264745e+003
2.161859e+003, 1.265112e+003
2.163788e+003, 1.269119e+003
2.165716e+003, 1.270400e+003
2.167645e+003, 1.267664e+003
2.169573e+003, 1.266130e+003
2.171501e+003, 1.267520e+003
2.173430e+003, 1.268863e+003
2.175358e+003, 1.270171e+003
2.177287e+003, 1.270110e+003
2.179215e+003, 1.265712e+003
2.181144e+003, 1.262017e+003
2.183072e+003, 1.264536e+003
2.185001e+003, 1.269699e+003
2.186929e+003, 1.271888e+003
2.188858e+003, 1.271698e+003
2.190786e+003, 1.272171e+003
2.192715e+003, 1.273309e+003
2.194643e+003, 1.272147e+003
2.196572e+003, 1.268197e+003
2.198500e+003, 1.265938e+003
2.200428e+003, 1.266468e+003
2.202357e+003, 1.267207e+003
2.204285e+003, 1.267824e+003
2.206214e+003, 1.267965e+003
2.208142e+003, 1.266785e+003
2.210071e+003, 1.265848e+003
2.211999e+003, 1.266664e+003
2.213928e+003, 1.267582e+003
2.215856e+003, 1.266621e+003
2.217785e+003, 1.264885e+003
2.219713e+003, 1.264421e+003
2.221642e+003, 1.265080e+003
2.223570e+003, 1.265819e+003
2.225499e+003, 1.266631e+003
2.227427e+003, 1.267420e+003
2.229355e+003, 1.268104e+003
2.231284e+003, 1.268360e+003
2.233212e+003, 1.267737e+003
2.235141e+003, 1.267503e+003
2.237069e+003, 1.268522e+003
2.238998e+003, 1.268897e+003
2.240926e+003, 1.267038e+003
2.242855e+003, 1.265777e+003
2.244783e+003, 1.267669e+003
2.246712e+003, 1.270031e+003
2.248640e+003, 1.270846e+003
2.250569e+003, 1.270510e+003
2.252497e+003, 1.269144e+003
2.254426e+003, 1.267144e+003
2.256354e+003, 1.265647e+003
2.258282e+003, 1.264598e+003
2.260211e+003, 1.263713e+003
2.262139e+003, 1.262903e+003
2.264068e+003, 1.263844e+003
2.265996e+003, 1.267284e+003
2.267925e+003, 1.269497e+003
2.269853e+003, 1.269164e+003
2.271782e+003, 1.268799e+003
2.273710e+003, 1.269002e+003
2.275639e+003, 1.269154e+003
2.277567e+003, 1.268916e+003
2.279496e+003, 1.268809e+003
2.281424e+003, 1.269681e+003
2.283353e+003, 1.270215e+003
2.285281e+003, 1.268887e+003
2.287209e+003, 1.266720e+003
2.289138e+003, 1.264630e+003
2.291066e+003, 1.263061e+003
2.292995e+003, 1.263441e+003
2.294923e+003, 1.265536e+003
2.296852e+003, 1.267407e+003
2.298780e+003, 1.269324e+003
2.300709e+003, 1.269026e+003
2.302637e+003, 1.263705e+003
2.304566e+003, 1.262829e+003
2.306494e+003, 1.269318e+003
2.308423e+003, 1.273162e+003
2.310351e+003, 1.271500e+003
2.312280e+003, 1.270072e+003
2.314208e+003, 1.270977e+003
2.316136e+003, 1.271787e+003
2.318065e+003, 1.270983e+003
2.319993e+003, 1.270207e+003
2.321922e+003, 1.268497e+003
2.323850e+003, 1.269441e+003
2.325779e+003, 1.277135e+003
2.327707e+003, 1.289473e+003
2.329636e+003, 1.308162e+003
2.331564e+003, 1.327358e+003
2.333493e+003, 1.327590e+003
2.335421e+003, 1.311455e+003
2.337350e+003, 1.298067e+003
2.339278e+003, 1.287607e+003
2.341207e+003, 1.281091e+003
2.343135e+003, 1.279055e+003
2.345063e+003, 1.275977e+003
2.346992e+003, 1.270351e+003
2.348920e+003, 1.267008e+003
2.350849e+003, 1.269047e+003
2.352777e+003, 1.269591e+003
2.354706e+003, 1.265759e+003
2.356634e+003, 1.262748e+003
2.358563e+003, 1.261255e+003
2.360491e+003, 1.261678e+003
2.362420e+003, 1.266153e+003
2.364348e+003, 1.270021e+003
2.366277e+003, 1.269573e+003
2.368205e+003, 1.267692e+003
2.370134e+003, 1.267087e+003
2.372062e+003, 1.266984e+003
2.373990e+003, 1.266107e+003
2.375919e+003, 1.264945e+003
2.377847e+003, 1.264772e+003
2.379776e+003, 1.265353e+003
2.381704e+003, 1.264970e+003
2.383633e+003, 1.263778e+003
2.385561e+003, 1.264621e+003
2.387490e+003, 1.267560e+003
2.389418e+003, 1.269565e+003
2.391347e+003, 1.270100e+003
2.393275e+003, 1.271563e+003
2.395204e+003, 1.274971e+003
2.397132e+003, 1.277131e+003
2.399061e+003, 1.276002e+003
2.400989e+003, 1.276121e+003
2.402917e+003, 1.279734e+003
2.404846e+003, 1.282244e+003
2.406774e+003, 1.281400e+003
2.408703e+003, 1.281315e+003
2.410631e+003, 1.284842e+003
2.412560e+003, 1.288297e+003
2.414488e+003, 1.288785e+003
2.416417e+003, 1.289056e+003
2.418345e+003, 1.291207e+003
2.420274e+003, 1.294428e+003
2.422202e+003, 1.298131e+003
2.424131e+003, 1.301994e+003
2.426059e+003, 1.305653e+003
2.427988e+003, 1.309031e+003
2.429916e+003, 1.311333e+003
2.431844e+003, 1.313393e+003
2.433773e+003, 1.319150e+003
2.435701e+003, 1.327600e+003
2.437630e+003, 1.331717e+003
2.439558e+003, 1.331192e+003
2.441487e+003, 1.330478e+003
2.443415e+003, 1.329830e+003
2.445344e+003, 1.327768e+003
2.447272e+003, 1.323512e+003
2.449201e+003, 1.321122e+003
2.451129e+003, 1.321456e+003
2.453058e+003, 1.320974e+003
2.454986e+003, 1.319124e+003
2.456915e+003, 1.316173e+003
2.458843e+003, 1.311227e+003
2.460771e+003, 1.306979e+003
2.462700e+003, 1.304815e+003
2.464628e+003, 1.302469e+003
2.466557e+003, 1.298436e+003
2.468485e+003, 1.295146e+003
2.470414e+003, 1.294753e+003
2.472342e+003, 1.293950e+003
2.474271e+003, 1.290453e+003
2.476199e+003, 1.286523e+003
2.478128e+003, 1.283600e+003
2.480056e+003, 1.281275e+003
2.481985e+003, 1.278509e+003
2.483913e+003, 1.276642e+003
2.485842e+003, 1.278517e+003
2.487770e+003, 1.281567e+003
2.489698e+003, 1.281449e+003
2.491627e+003, 1.279424e+003
2.493555e+003, 1.277611e+003
2.495484e+003, 1.276427e+003
2.497412e+003, 1.277680e+003
2.499341e+003, 1.280583e+003
2.501269e+003, 1.281284e+003
2.503198e+003, 1.279943e+003
2.505126e+003, 1.278767e+003
2.507055e+003, 1.277621e+003
2.508983e+003, 1.278226e+003
2.510912e+003, 1.280586e+003
2.512840e+003, 1.281272e+003
2.514769e+003, 1.280014e+003
2.516697e+003, 1.277905e+003
2.518625e+003, 1.274817e+003
2.520554e+003, 1.272273e+003
2.522482e+003, 1.269428e+003
2.524411e+003, 1.269485e+003
2.526339e+003, 1.274875e+003
2.528268e+003, 1.277114e+003
2.530196e+003, 1.273850e+003
2.532125e+003, 1.271575e+003
2.534053e+003, 1.272159e+003
2.535982e+003, 1.272745e+003
2.537910e+003, 1.272446e+003
2.539839e+003, 1.271906e+003
2.541767e+003, 1.271238e+003
2.543696e+003, 1.270350e+003
2.545624e+003, 1.268465e+003
2.547552e+003, 1.267455e+003
2.549481e+003, 1.269086e+003
2.551409e+003, 1.270245e+003
2.553338e+003, 1.269545e+003
2.555266e+003, 1.267645e+003
2.557195e+003, 1.263183e+003
2.559123e+003, 1.259958e+003
2.561052e+003, 1.262201e+003
2.562980e+003, 1.265168e+003
2.564909e+003, 1.264421e+003
2.566837e+003, 1.262768e+003
2.568766e+003, 1.261885e+003
2.570694e+003, 1.262315e+003
2.572623e+003, 1.266063e+003
2.574551e+003, 1.270189e+003
2.576479e+003, 1.270642e+003
2.578408e+003, 1.269318e+003
2.580336e+003, 1.268781e+003
2.582265e+003, 1.268891e+003
2.584193e+003, 1.269428e+003
2.586122e+003, 1.270288e+003
2.588050e+003, 1.271242e+003
2.589979e+003, 1.272202e+003
2.591907e+003, 1.272820e+003
2.593836e+003, 1.273295e+003
2.595764e+003, 1.275193e+003
2.597693e+003, 1.277602e+003
2.599621e+003, 1.276013e+003
2.601550e+003, 1.271514e+003
2.603478e+003, 1.269393e+003
2.605406e+003, 1.269281e+003
2.607335e+003, 1.268886e+003
2.609263e+003, 1.268293e+003
2.611192e+003, 1.268430e+003
2.613120e+003, 1.269287e+003
2.615049e+003, 1.270193e+003
2.616977e+003, 1.271108e+003
2.618906e+003, 1.270261e+003
2.620834e+003, 1.267777e+003
2.622763e+003, 1.267639e+003
2.624691e+003, 1.270077e+003
2.626620e+003, 1.271032e+003
2.628548e+003, 1.270148e+003
2.630477e+003, 1.269367e+003
2.632405e+003, 1.268672e+003
2.634333e+003, 1.268782e+003
2.636262e+003, 1.269819e+003
2.638190e+003, 1.270151e+003
2.640119e+003, 1.269555e+003
2.642047e+003, 1.268721e+003
2.643976e+003, 1.267196e+003
2.645904e+003, 1.267295e+003
2.647833e+003, 1.269882e+003
2.649761e+003, 1.271382e+003
2.651690e+003, 1.271746e+003
2.653618e+003, 1.271073e+003
2.655547e+003, 1.269156e+003
2.657475e+003, 1.267937e+003
2.659404e+003, 1.267443e+003
2.661332e+003, 1.268197e+003
2.663260e+003, 1.270911e+003
2.665189e+003, 1.272521e+003
2.667117e+003, 1.272551e+003
2.669046e+003, 1.272576e+003
2.670974e+003, 1.273118e+003
2.672903e+003, 1.272042e+003
2.674831e+003, 1.267940e+003
2.676760e+003, 1.265515e+003
2.678688e+003, 1.266422e+003
2.680617e+003, 1.266915e+003
2.682545e+003, 1.266782e+003
2.684474e+003, 1.266574e+003
2.686402e+003, 1.266346e+003
2.688331e+003, 1.266359e+003
2.690259e+003, 1.266985e+003
2.692188e+003, 1.267116e+003
2.694116e+003, 1.265308e+003
2.696044e+003, 1.265664e+003
2.697973e+003, 1.269153e+003
2.699901e+003, 1.272002e+003
2.701830e+003, 1.273509e+003
2.703758e+003, 1.274570e+003
2.705687e+003, 1.275402e+003
2.707615e+003, 1.275444e+003
2.709544e+003, 1.273462e+003
2.711472e+003, 1.273070e+003
2.713401e+003, 1.275456e+003
2.715329e+003, 1.275743e+003
2.717258e+003, 1.272589e+003
2.719186e+003, 1.270192e+003
2.721115e+003, 1.269580e+003
2.723043e+003, 1.269606e+003
2.724971e+003, 1.270446e+003
2.726900e+003, 1.271551e+003
2.728828e+003, 1.272821e+003
2.730757e+003, 1.274910e+003
2.732685e+003, 1.278397e+003
2.734614e+003, 1.279621e+003
2.736542e+003, 1.276332e+003
2.738471e+003, 1.274684e+003
2.740399e+003, 1.275718e+003
2.742328e+003, 1.276415e+003
2.744256e+003, 1.276571e+003
2.746185e+003, 1.277150e+003
2.748113e+003, 1.278523e+003
2.750042e+003, 1.279250e+003
2.751970e+003, 1.279035e+003
2.753898e+003, 1.278363e+003
2.755827e+003, 1.276630e+003
2.757755e+003, 1.277531e+003
2.759684e+003, 1.281723e+003
2.761612e+003, 1.282982e+003
2.763541e+003, 1.280020e+003
2.765469e+003, 1.280201e+003
2.767398e+003, 1.285459e+003
2.769326e+003, 1.287267e+003
2.771255e+003, 1.285043e+003
2.773183e+003, 1.284515e+003
2.775112e+003, 1.285866e+003
2.777040e+003, 1.286078e+003
2.778969e+003, 1.284851e+003
2.780897e+003, 1.284492e+003
2.782825e+003, 1.285096e+003
2.784754e+003, 1.286813e+003
2.786682e+003, 1.289522e+003
2.788611e+003, 1.290076e+003
2.790539e+003, 1.288662e+003
2.792468e+003, 1.287878e+003
2.794396e+003, 1.287677e+003
2.796325e+003, 1.286521e+003
2.798253e+003, 1.284658e+003
2.800182e+003, 1.284555e+003
2.802110e+003, 1.285899e+003
2.804039e+003, 1.287601e+003
2.805967e+003, 1.289521e+003
2.807896e+003, 1.291956e+003
2.809824e+003, 1.294124e+003
2.811752e+003, 1.291969e+003
2.813681e+003, 1.287993e+003
2.815609e+003, 1.289994e+003
2.817538e+003, 1.294914e+003
2.819466e+003, 1.297028e+003
2.821395e+003, 1.297156e+003
2.823323e+003, 1.295532e+003
2.825252e+003, 1.293929e+003
2.827180e+003, 1.296124e+003
2.829109e+003, 1.299472e+003
2.831037e+003, 1.300764e+003
2.832966e+003, 1.301090e+003
2.834894e+003, 1.301212e+003
2.836823e+003, 1.301609e+003
2.838751e+003, 1.303303e+003
2.840679e+003, 1.304913e+003
2.842608e+003, 1.304944e+003
2.844536e+003, 1.304860e+003
2.846465e+003, 1.306074e+003
2.848393e+003, 1.307041e+003
2.850322e+003, 1.305965e+003
2.852250e+003, 1.305473e+003
2.854179e+003, 1.307564e+003
2.856107e+003, 1.309687e+003
2.858036e+003, 1.310700e+003
2.859964e+003, 1.311589e+003
2.861893e+003, 1.312144e+003
2.863821e+003, 1.313578e+003
2.865750e+003, 1.316517e+003
2.867678e+003, 1.319417e+003
2.869606e+003, 1.321872e+003
2.871535e+003, 1.324157e+003
2.873463e+003, 1.327300e+003
2.875392e+003, 1.328160e+003
2.877320e+003, 1.325404e+003
2.879249e+003, 1.323233e+003
2.881177e+003, 1.321769e+003
2.883106e+003, 1.323296e+003
2.885034e+003, 1.328639e+003
2.886963e+003, 1.333103e+003
2.888891e+003, 1.335963e+003
2.890820e+003, 1.339547e+003
2.892748e+003, 1.343739e+003
2.894677e+003, 1.343976e+003
2.896605e+003, 1.340617e+003
2.898533e+003, 1.338956e+003
2.900462e+003, 1.339171e+003
2.902390e+003, 1.342089e+003
2.904319e+003, 1.346842e+003
2.906247e+003, 1.348701e+003
2.908176e+003, 1.349005e+003
2.910104e+003, 1.350970e+003
2.912033e+003, 1.353846e+003
2.913961e+003, 1.356307e+003
2.915890e+003, 1.358595e+003
2.917818e+003, 1.361707e+003
2.919747e+003, 1.364228e+003
2.921675e+003, 1.363328e+003
2.923604e+003, 1.362861e+003
2.925532e+003, 1.367794e+003
2.927460e+003, 1.372808e+003
2.929389e+003, 1.373727e+003
2.931317e+003, 1.373768e+003
2.933246e+003, 1.373483e+003
2.935174e+003, 1.374623e+003
2.937103e+003, 1.379094e+003
2.939031e+003, 1.383277e+003
2.940960e+003, 1.386110e+003
2.942888e+003, 1.388342e+003
2.944817e+003, 1.389885e+003
2.946745e+003, 1.391668e+003
2.948674e+003, 1.393941e+003
2.950602e+003, 1.396740e+003
2.952531e+003, 1.400381e+003
2.954459e+003, 1.403200e+003
2.956387e+003, 1.405005e+003
2.958316e+003, 1.408201e+003
2.960244e+003, 1.412920e+003
2.962173e+003, 1.415222e+003
2.964101e+003, 1.415225e+003
2.966030e+003, 1.416482e+003
2.967958e+003, 1.418617e+003
2.969887e+003, 1.420010e+003
2.971815e+003, 1.421250e+003
2.973744e+003, 1.423900e+003
2.975672e+003, 1.426947e+003
2.977601e+003, 1.427136e+003
2.979529e+003, 1.427747e+003
2.981458e+003, 1.433816e+003
2.983386e+003, 1.439909e+003
2.985314e+003, 1.440509e+003
2.987243e+003, 1.439946e+003
2.989171e+003, 1.439676e+003
2.991100e+003, 1.441848e+003
2.993028e+003, 1.449834e+003
2.994957e+003, 1.456336e+003
2.996885e+003, 1.457851e+003
2.998814e+003, 1.459086e+003
3.000742e+003, 1.460770e+003
3.002671e+003, 1.462480e+003
3.004599e+003, 1.464079e+003
3.006528e+003, 1.466484e+003
3.008456e+003, 1.470022e+003
3.010385e+003, 1.473510e+003
3.012313e+003, 1.476919e+003
3.014241e+003, 1.482278e+003
3.016170e+003, 1.489058e+003
3.018098e+003, 1.494288e+003
3.020027e+003, 1.497885e+003
3.021955e+003, 1.498794e+003
3.023884e+003, 1.499061e+003
3.025812e+003, 1.504310e+003
3.027741e+003, 1.510721e+003
3.029669e+003, 1.512889e+003
3.031598e+003, 1.514444e+003
3.033526e+003, 1.518525e+003
3.035455e+003, 1.523799e+003
3.037383e+003, 1.530892e+003
3.039312e+003, 1.536085e+003
3.041240e+003, 1.535535e+003
3.043168e+003, 1.536559e+003
3.045097e+003, 1.541654e+003
3.047025e+003, 1.547063e+003
3.048954e+003, 1.552185e+003
3.050882e+003, 1.557831e+003
3.052811e+003, 1.564470e+003
3.054739e+003, 1.570221e+003
3.056668e+003, 1.574961e+003
3.058596e+003, 1.578268e+003
3.060525e+003, 1.580676e+003
3.062453e+003, 1.585960e+003
3.064382e+003, 1.593422e+003
3.066310e+003, 1.601967e+003
3.068239e+003, 1.609924e+003
3.070167e+003, 1.612791e+003
3.072095e+003, 1.615011e+003
3.074024e+003, 1.622391e+003
3.075952e+003, 1.629756e+003
3.077881e+003, 1.632064e+003
3.079809e+003, 1.634294e+003
3.081738e+003, 1.638380e+003
3.083666e+003, 1.643593e+003
3.085595e+003, 1.650409e+003
3.087523e+003, 1.657817e+003
3.089452e+003, 1.666082e+003
3.091380e+003, 1.674016e+003
3.093309e+003, 1.681401e+003
3.095237e+003, 1.688419e+003
3.097166e+003, 1.694802e+003
3.099094e+003, 1.699837e+003
3.101022e+003, 1.704285e+003
3.102951e+003, 1.713650e+003
3.104879e+003, 1.724821e+003
3.106808e+003, 1.730713e+003
3.108736e+003, 1.735026e+003
3.110665e+003, 1.743035e+003
3.112593e+003, 1.751884e+003
3.114522e+003, 1.760072e+003
3.116450e+003, 1.767314e+003
3.118379e+003, 1.772072e+003
3.120307e+003, 1.778309e+003
3.122236e+003, 1.787269e+003
3.124164e+003, 1.796786e+003
3.126093e+003, 1.806311e+003
3.128021e+003, 1.816469e+003
3.129949e+003, 1.827459e+003
3.131878e+003, 1.833621e+003
3.133806e+003, 1.835902e+003
3.135735e+003, 1.845583e+003
3.137663e+003, 1.860025e+003
3.139592e+003, 1.870508e+003
3.141520e+003, 1.877929e+003
3.143449e+003, 1.882598e+003
3.145377e+003, 1.886867e+003
3.147306e+003, 1.892112e+003
3.149234e+003, 1.899240e+003
3.151163e+003, 1.909620e+003
3.153091e+003, 1.920286e+003
3.155020e+003, 1.930219e+003
3.156948e+003, 1.940105e+003
3.158876e+003, 1.950106e+003
3.160805e+003, 1.960077e+003
3.162733e+003, 1.970056e+003
3.164662e+003, 1.979867e+003
3.166590e+003, 1.989668e+003
3.168519e+003, 2.001307e+003
3.170447e+003, 2.014028e+003
3.172376e+003, 2.024896e+003
3.174304e+003, 2.035229e+003
3.176233e+003, 2.047307e+003
3.178161e+003, 2.059196e+003
3.180090e+003, 2.067292e+003
3.182018e+003, 2.077148e+003
3.183947e+003, 2.093002e+003
3.185875e+003, 2.107179e+003
3.187803e+003, 2.114996e+003
3.189732e+003, 2.125156e+003
3.191660e+003, 2.138934e+003
3.193589e+003, 2.149678e+003
3.195517e+003, 2.156878e+003
3.197446e+003, 2.166562e+003
3.199374e+003, 2.177938e+003
3.201303e+003, 2.186365e+003
3.203231e+003, 2.193753e+003
3.205160e+003, 2.203110e+003
3.207088e+003, 2.213840e+003
3.209017e+003, 2.226839e+003
3.210945e+003, 2.239029e+003
3.212874e+003, 2.248073e+003
3.214802e+003, 2.257864e+003
3.216730e+003, 2.270165e+003
3.218659e+003, 2.281530e+003
3.220587e+003, 2.291010e+003
3.222516e+003, 2.302402e+003
3.224444e+003, 2.315714e+003
3.226373e+003, 2.323206e+003
3.228301e+003, 2.326647e+003
3.230230e+003, 2.333420e+003
3.232158e+003, 2.341212e+003
3.234087e+003, 2.345563e+003
3.236015e+003, 2.349941e+003
3.237944e+003, 2.358618e+003
3.239872e+003, 2.365902e+003
3.241801e+003, 2.367362e+003
3.243729e+003, 2.371040e+003
3.245657e+003, 2.381674e+003
3.247586e+003, 2.389482e+003
3.249514e+003, 2.394238e+003
3.251443e+003, 2.398243e+003
3.253371e+003, 2.401984e+003
3.255300e+003, 2.406998e+003
3.257228e+003, 2.412636e+003
3.259157e+003, 2.417476e+003
3.261085e+003, 2.421369e+003
3.263014e+003, 2.422949e+003
3.264942e+003, 2.425196e+003
3.266871e+003, 2.429083e+003
3.268799e+003, 2.436150e+003
3.270728e+003, 2.449281e+003
3.272656e+003, 2.456891e+003
3.274584e+003, 2.455859e+003
3.276513e+003, 2.457324e+003
3.278441e+003, 2.461186e+003
3.280370e+003, 2.465274e+003
3.282298e+003, 2.469808e+003
3.284227e+003, 2.476848e+003
3.286155e+003, 2.483068e+003
3.288084e+003, 2.482390e+003
3.290012e+003, 2.483180e+003
3.291941e+003, 2.492294e+003
3.293869e+003, 2.500768e+003
3.295798e+003, 2.506090e+003
3.297726e+003, 2.511759e+003
3.299655e+003, 2.518511e+003
3.301583e+003, 2.524762e+003
3.303511e+003, 2.530402e+003
3.305440e+003, 2.533791e+003
3.307368e+003, 2.536435e+003
3.309297e+003, 2.542007e+003
3.311225e+003, 2.547815e+003
3.313154e+003, 2.549908e+003
3.315082e+003, 2.553354e+003
3.317011e+003, 2.562208e+003
3.318939e+003, 2.570236e+003
3.320868e+003, 2.575560e+003
3.322796e+003, 2.583562e+003
3.324725e+003, 2.594514e+003
3.326653e+003, 2.605407e+003
3.328582e+003, 2.615653e+003
3.330510e+003, 2.622681e+003
3.332438e+003, 2.629150e+003
3.334367e+003, 2.639727e+003
3.336295e+003, 2.650332e+003
3.338224e+003, 2.657841e+003
3.340152e+003, 2.664365e+003
3.342081e+003, 2.668470e+003
3.344009e+003, 2.679086e+003
3.345938e+003, 2.700240e+003
3.347866e+003, 2.712162e+003
3.349795e+003, 2.717073e+003
3.351723e+003, 2.729157e+003
3.353652e+003, 2.743518e+003
3.355580e+003, 2.748911e+003
3.357509e+003, 2.753530e+003
3.359437e+003, 2.761878e+003
3.361365e+003, 2.775167e+003
3.363294e+003, 2.798292e+003
3.365222e+003, 2.815920e+003
3.367151e+003, 2.825785e+003
3.369079e+003, 2.833467e+003
3.371008e+003, 2.839982e+003
3.372936e+003, 2.852792e+003
3.374865e+003, 2.868895e+003
3.376793e+003, 2.882198e+003
3.378722e+003, 2.894521e+003
3.380650e+003, 2.906765e+003
3.382579e+003, 2.920013e+003
3.384507e+003, 2.935539e+003
3.386436e+003, 2.948728e+003
3.388364e+003, 2.956828e+003
3.390292e+003, 2.969244e+003
3.392221e+003, 2.984951e+003
3.394149e+003, 2.996836e+003
3.396078e+003, 3.006407e+003
3.398006e+003, 3.015100e+003
3.399935e+003, 3.025250e+003
3.401863e+003, 3.038614e+003
3.403792e+003, 3.053682e+003
3.405720e+003, 3.071708e+003
3.407649e+003, 3.086648e+003
3.409577e+003, 3.097860e+003
3.411506e+003, 3.109937e+003
3.413434e+003, 3.122850e+003
3.415363e+003, 3.134938e+003
3.417291e+003, 3.146365e+003
3.419219e+003, 3.156732e+003
3.421148e+003, 3.167287e+003
3.423076e+003, 3.180329e+003
3.425005e+003, 3.190258e+003
3.426933e+003, 3.194910e+003
3.428862e+003, 3.201439e+003
3.430790e+003, 3.211195e+003
3.432719e+003, 3.217978e+003
3.434647e+003, 3.223458e+003
3.436576e+003, 3.233795e+003
3.438504e+003, 3.242666e+003
3.440433e+003, 3.237600e+003
3.442361e+003, 3.236510e+003
3.444290e+003, 3.249293e+003
3.446218e+003, 3.261161e+003
3.448146e+003, 3.269480e+003
3.450075e+003, 3.274204e+003
3.452003e+003, 3.275740e+003
3.453932e+003, 3.277893e+003
3.455860e+003, 3.280065e+003
3.457789e+003, 3.282392e+003
3.459717e+003, 3.283181e+003
3.461646e+003, 3.280284e+003
3.463574e+003, 3.279061e+003
3.465503e+003, 3.281457e+003
3.467431e+003, 3.281578e+003
3.469360e+003, 3.278779e+003
3.471288e+003, 3.280442e+003
3.473217e+003, 3.283356e+003
3.475145e+003, 3.278508e+003
3.477073e+003, 3.272738e+003
3.479002e+003, 3.273798e+003
3.480930e+003, 3.272790e+003
3.482859e+003, 3.266092e+003
3.484787e+003, 3.263784e+003
3.486716e+003, 3.268096e+003
3.488644e+003, 3.265717e+003
3.490573e+003, 3.259530e+003
3.492501e+003, 3.260047e+003
3.494430e+003, 3.260376e+003
3.496358e+003, 3.251974e+003
3.498287e+003, 3.243045e+003
3.500215e+003, 3.236933e+003
3.502144e+003, 3.231528e+003
3.504072e+003, 3.226650e+003
3.506000e+003, 3.224914e+003
3.507929e+003, 3.224495e+003
3.509857e+003, 3.217512e+003
3.511786e+003, 3.209877e+003
3.513714e+003, 3.209263e+003
3.515643e+003, 3.209050e+003
3.517571e+003, 3.206572e+003
3.519500e+003, 3.203761e+003
3.521428e+003, 3.201085e+003
3.523357e+003, 3.195096e+003
3.525285e+003, 3.186283e+003
3.527214e+003, 3.173337e+003
3.529142e+003, 3.162778e+003
3.531071e+003, 3.165194e+003
3.532999e+003, 3.164803e+003
3.534927e+003, 3.150942e+003
3.536856e+003, 3.143399e+003
3.538784e+003, 3.144023e+003
3.540713e+003, 3.139056e+003
3.542641e+003, 3.130529e+003
3.544570e+003, 3.125492e+003
3.546498e+003, 3.122121e+003
3.548427e+003, 3.120930e+003
3.550355e+003, 3.115729e+003
3.552284e+003, 3.103589e+003
3.554212e+003, 3.092800e+003
3.556141e+003, 3.084599e+003
3.558069e+003, 3.082211e+003
3.559998e+003, 3.082331e+003
3.561926e+003, 3.076850e+003
3.563854e+003, 3.069997e+003
3.565783e+003, 3.065017e+003
3.567711e+003, 3.059174e+003
3.569640e+003, 3.051001e+003
3.571568e+003, 3.044199e+003
3.573497e+003, 3.038768e+003
3.575425e+003, 3.037696e+003
3.577354e+003, 3.036970e+003
3.579282e+003, 3.031438e+003
3.581211e+003, 3.022984e+003
3.583139e+003, 3.013266e+003
3.585068e+003, 3.000605e+003
3.586996e+003, 2.983505e+003
3.588925e+003, 2.968395e+003
3.590853e+003, 2.954859e+003
3.592781e+003, 2.943792e+003
3.594710e+003, 2.930781e+003
3.596638e+003, 2.909279e+003
3.598567e+003, 2.887135e+003
3.600495e+003, 2.869235e+003
3.602424e+003, 2.844494e+003
3.604352e+003, 2.812715e+003
3.606281e+003, 2.777489e+003
3.608209e+003, 2.740529e+003
3.610138e+003, 2.704625e+003
3.612066e+003, 2.668128e+003
3.613995e+003, 2.628146e+003
3.615923e+003, 2.593384e+003
3.617852e+003, 2.566316e+003
3.619780e+003, 2.540702e+003
3.621708e+003, 2.516377e+003
3.623637e+003, 2.492998e+003
3.625565e+003, 2.470203e+003
3.627494e+003, 2.447125e+003
3.629422e+003, 2.425182e+003
3.631351e+003, 2.406462e+003
3.633279e+003, 2.385024e+003
3.635208e+003, 2.361163e+003
3.637136e+003, 2.337830e+003
3.639065e+003, 2.315019e+003
3.640993e+003, 2.293817e+003
3.642922e+003, 2.270527e+003
3.644850e+003, 2.241013e+003
3.646779e+003, 2.213355e+003
3.648707e+003, 2.188221e+003
3.650635e+003, 2.162245e+003
3.652564e+003, 2.135447e+003
3.654492e+003, 2.108103e+003
3.656421e+003, 2.080374e+003
3.658349e+003, 2.053487e+003
3.660278e+003, 2.023893e+003
3.662206e+003, 1.991020e+003
3.664135e+003, 1.957520e+003
3.666063e+003, 1.924537e+003
3.667992e+003, 1.896549e+003
3.669920e+003, 1.869563e+003
3.671849e+003, 1.839349e+003
3.673777e+003, 1.808843e+003
3.675706e+003, 1.777943e+003
3.677634e+003, 1.752514e+003
3.679563e+003, 1.732275e+003
3.681491e+003, 1.711690e+003
3.683419e+003, 1.691441e+003
3.685348e+003, 1.671539e+003
3.687276e+003, 1.653810e+003
3.689205e+003, 1.640440e+003
3.691133e+003, 1.623106e+003
3.693062e+003, 1.602146e+003
3.694990e+003, 1.588100e+003
3.696919e+003, 1.576502e+003
3.698847e+003, 1.561119e+003
3.700776e+003, 1.544328e+003
3.702704e+003, 1.528286e+003
3.704633e+003, 1.506999e+003
3.706561e+003, 1.480904e+003
3.708490e+003, 1.462022e+003
3.710418e+003, 1.446455e+003
3.712346e+003, 1.427508e+003
3.714275e+003, 1.408066e+003
3.716203e+003, 1.388802e+003
3.718132e+003, 1.371731e+003
3.720060e+003, 1.356941e+003
3.721989e+003, 1.342336e+003
3.723917e+003, 1.327856e+003
3.725846e+003, 1.313161e+003
3.727774e+003, 1.299230e+003
3.729703e+003, 1.286216e+003
3.731631e+003, 1.274916e+003
3.733560e+003, 1.265310e+003
3.735488e+003, 1.258048e+003
3.737417e+003, 1.251764e+003
3.739345e+003, 1.244367e+003
3.741273e+003, 1.236765e+003
3.743202e+003, 1.229857e+003
3.745130e+003, 1.221997e+003
3.747059e+003, 1.213475e+003
3.748987e+003, 1.206412e+003
3.750916e+003, 1.201077e+003
3.752844e+003, 1.198713e+003
3.754773e+003, 1.196354e+003
3.756701e+003, 1.192261e+003
3.758630e+003, 1.188129e+003
3.760558e+003, 1.183996e+003
3.762487e+003, 1.179883e+003
3.764415e+003, 1.176350e+003
3.766344e+003, 1.174664e+003
3.768272e+003, 1.172979e+003
3.770200e+003, 1.171331e+003
3.772129e+003, 1.166875e+003
3.774057e+003, 1.161024e+003
3.775986e+003, 1.161527e+003
3.777914e+003, 1.163290e+003
3.779843e+003, 1.160018e+003
3.781771e+003, 1.157535e+003
3.783700e+003, 1.157430e+003
3.785628e+003, 1.160563e+003
3.787557e+003, 1.164359e+003
3.789485e+003, 1.159563e+003
3.791414e+003, 1.152949e+003
3.793342e+003, 1.149738e+003
3.795271e+003, 1.147225e+003
3.797199e+003, 1.144726e+003
3.799127e+003, 1.144306e+003
3.801056e+003, 1.144547e+003
3.802984e+003, 1.141639e+003
3.804913e+003, 1.138925e+003
3.806841e+003, 1.138370e+003
3.808770e+003, 1.137990e+003
3.810698e+003, 1.137463e+003
3.812627e+003, 1.135347e+003
3.814555e+003, 1.134075e+003
3.816484e+003, 1.139917e+003
3.818412e+003, 1.142435e+003
3.820341e+003, 1.136881e+003
3.822269e+003, 1.132646e+003
3.824198e+003, 1.130712e+003
3.826126e+003, 1.135639e+003
3.828054e+003, 1.138952e+003
3.829983e+003, 1.128726e+003
3.831911e+003, 1.122396e+003
3.833840e+003, 1.124151e+003
3.835768e+003, 1.124228e+003
3.837697e+003, 1.123119e+003
3.839625e+003, 1.122927e+003
3.841554e+003, 1.122961e+003
3.843482e+003, 1.123206e+003
3.845411e+003, 1.121581e+003
3.847339e+003, 1.118113e+003
3.849268e+003, 1.118549e+003
3.851196e+003, 1.119744e+003
3.853125e+003, 1.117157e+003
3.855053e+003, 1.115299e+003
3.856981e+003, 1.115698e+003
3.858910e+003, 1.114260e+003
3.860838e+003, 1.111672e+003
3.862767e+003, 1.111474e+003
3.864695e+003, 1.112111e+003
3.866624e+003, 1.112725e+003
3.868552e+003, 1.113341e+003
3.870481e+003, 1.113877e+003
3.872409e+003, 1.112526e+003
3.874338e+003, 1.110714e+003
3.876266e+003, 1.110554e+003
3.878195e+003, 1.111171e+003
3.880123e+003, 1.112941e+003
3.882052e+003, 1.112741e+003
3.883980e+003, 1.111457e+003
3.885908e+003, 1.113143e+003
3.887837e+003, 1.114188e+003
3.889765e+003, 1.111387e+003
3.891694e+003, 1.110155e+003
3.893622e+003, 1.111340e+003
3.895551e+003, 1.113565e+003
3.897479e+003, 1.114876e+003
3.899408e+003, 1.110510e+003
3.901336e+003, 1.108355e+003
3.903265e+003, 1.111529e+003
3.905193e+003, 1.111875e+003
3.907122e+003, 1.110040e+003
3.909050e+003, 1.109006e+003
3.910979e+003, 1.108120e+003
3.912907e+003, 1.106575e+003
3.914835e+003, 1.107162e+003
3.916764e+003, 1.109953e+003
3.918692e+003, 1.112156e+003
3.920621e+003, 1.113363e+003
3.922549e+003, 1.112576e+003
3.924478e+003, 1.112498e+003
3.926406e+003, 1.113776e+003
3.928335e+003, 1.111178e+003
3.930263e+003, 1.107160e+003
3.932192e+003, 1.106527e+003
3.934120e+003, 1.107302e+003
3.936049e+003, 1.109390e+003
3.937977e+003, 1.109220e+003
3.939906e+003, 1.107381e+003
3.941834e+003, 1.106399e+003
3.943762e+003, 1.106977e+003
3.945691e+003, 1.110870e+003
3.947619e+003, 1.111725e+003
3.949548e+003, 1.109363e+003
3.951476e+003, 1.108786e+003
3.953405e+003, 1.109102e+003
3.955333e+003, 1.109480e+003
3.957262e+003, 1.109891e+003
3.959190e+003, 1.110357e+003
3.961119e+003, 1.110987e+003
3.963047e+003, 1.111077e+003
3.964976e+003, 1.108011e+003
3.966904e+003, 1.107433e+003
3.968833e+003, 1.111592e+003
3.970761e+003, 1.112770e+003
3.972689e+003, 1.111380e+003
3.974618e+003, 1.109805e+003
3.976546e+003, 1.107904e+003
3.978475e+003, 1.105390e+003
3.980403e+003, 1.103372e+003
3.982332e+003, 1.102227e+003
3.984260e+003, 1.103534e+003
3.986189e+003, 1.105296e+003
3.988117e+003, 1.106998e+003
3.990046e+003, 1.104777e+003
3.991974e+003, 1.099150e+003
3.993903e+003, 1.098172e+003
3.995831e+003, 1.099135e+003
3.997760e+003, 1.099299e+003
3.999688e+003, 1.099618e+003
4.001616e+003, 1.100351e+003
4.003545e+003, 1.101148e+003
4.005473e+003, 1.101604e+003
4.007402e+003, 1.100547e+003
4.009330e+003, 1.100392e+003
4.011259e+003, 1.102069e+003
4.013187e+003, 1.100546e+003
4.015116e+003, 1.097475e+003
4.017044e+003, 1.095102e+003
4.018973e+003, 1.095490e+003
4.020901e+003, 1.099663e+003
4.022830e+003, 1.100376e+003
4.024758e+003, 1.098013e+003
4.026687e+003, 1.092555e+003
4.028615e+003, 1.088678e+003
4.030543e+003, 1.089697e+003
4.032472e+003, 1.090105e+003
4.034400e+003, 1.089915e+003
4.036329e+003, 1.090101e+003
4.038257e+003, 1.089302e+003
4.040186e+003, 1.086297e+003
4.042114e+003, 1.083392e+003
4.044043e+003, 1.081591e+003
4.045971e+003, 1.085566e+003
4.047900e+003, 1.089162e+003
4.049828e+003, 1.088573e+003
4.051757e+003, 1.086903e+003
4.053685e+003, 1.084784e+003
4.055614e+003, 1.082890e+003
4.057542e+003, 1.081880e+003
4.059470e+003, 1.082914e+003
4.061399e+003, 1.083734e+003
4.063327e+003, 1.083802e+003
4.065256e+003, 1.080380e+003
4.067184e+003, 1.076970e+003
4.069113e+003, 1.076363e+003
4.071041e+003, 1.076657e+003
4.072970e+003, 1.077183e+003
4.074898e+003, 1.075409e+003
4.076827e+003, 1.073252e+003
4.078755e+003, 1.071951e+003
4.080684e+003, 1.072037e+003
4.082612e+003, 1.073159e+003
4.084541e+003, 1.071018e+003
4.086469e+003, 1.067916e+003
4.088397e+003, 1.064736e+003
4.090326e+003, 1.064793e+003
4.092254e+003, 1.067908e+003
4.094183e+003, 1.069184e+003
4.096111e+003, 1.070153e+003
4.098040e+003, 1.073100e+003
4.099968e+003, 1.072521e+003
4.101896e+003, 1.068555e+003
4.103825e+003, 1.065022e+003
4.105754e+003, 1.062474e+003
4.107682e+003, 1.061438e+003
4.109610e+003, 1.060936e+003
4.111539e+003, 1.060796e+003
4.113468e+003, 1.060922e+003
4.115396e+003, 1.060873e+003
4.117324e+003, 1.060391e+003
4.119253e+003, 1.059537e+003
4.121182e+003, 1.058643e+003
4.123110e+003, 1.059209e+003
4.125038e+003, 1.060199e+003
4.126967e+003, 1.061380e+003
4.128896e+003, 1.060663e+003
4.130824e+003, 1.058769e+003
4.132752e+003, 1.058856e+003
4.134681e+003, 1.059232e+003
4.136609e+003, 1.059359e+003
4.138538e+003, 1.057458e+003
4.140466e+003, 1.055270e+003
4.142395e+003, 1.058696e+003
4.144323e+003, 1.060391e+003
4.146251e+003, 1.056733e+003
4.148180e+003, 1.056603e+003
4.150108e+003, 1.058459e+003
4.152037e+003, 1.058780e+003
4.153965e+003, 1.059095e+003
4.155894e+003, 1.059888e+003
4.157822e+003, 1.057373e+003
4.159751e+003, 1.054813e+003
4.161679e+003, 1.058600e+003
4.163607e+003, 1.060015e+003
4.165536e+003, 1.057345e+003
4.167465e+003, 1.056465e+003
4.169393e+003, 1.056125e+003
4.171321e+003, 1.054220e+003
4.173250e+003, 1.055586e+003
4.175179e+003, 1.060547e+003
4.177107e+003, 1.058123e+003
4.179035e+003, 1.054172e+003
4.180964e+003, 1.052774e+003
4.182893e+003, 1.053323e+003
4.184821e+003, 1.055153e+003
4.186749e+003, 1.055240e+003
4.188678e+003, 1.055573e+003
4.190606e+003, 1.058329e+003
4.192535e+003, 1.058665e+003
4.194463e+003, 1.056966e+003
4.196392e+003, 1.054163e+003
4.198320e+003, 1.051700e+003
4.200249e+003, 1.050102e+003
4.202177e+003, 1.051058e+003
4.204105e+003, 1.052749e+003
4.206034e+003, 1.052145e+003
4.207962e+003, 1.050817e+003
4.209891e+003, 1.049333e+003
4.211819e+003, 1.052248e+003
4.213748e+003, 1.055409e+003
4.215676e+003, 1.054094e+003
4.217604e+003, 1.052668e+003
4.219533e+003, 1.051675e+003
4.221462e+003, 1.050503e+003
4.223390e+003, 1.051202e+003
4.225318e+003, 1.056217e+003
4.227247e+003, 1.054774e+003
4.229176e+003, 1.048969e+003
4.231104e+003, 1.045511e+003
4.233032e+003, 1.044721e+003
4.234961e+003, 1.046443e+003
4.236890e+003, 1.050089e+003
4.238818e+003, 1.053575e+003
4.240746e+003, 1.053537e+003
4.242675e+003, 1.051664e+003
##END=



