##NAMES=Opal
##RRUFFID=R060652
##IDEAL CHEMISTRY=SiO_2_·<i>n</i>H_2_O
##LOCALITY=Ethiopia
##OWNER=RRUFF
##SOURCE=Gemological Institute of America
##DESCRIPTION=Colorless cloudy glassy fragment, variety opal-C
##STATUS=The identification of this mineral has been confirmed by X-ray diffraction and chemical analysis
##URL=https://www.rruff.net/odr/rruff_sample/R060652
##MEASURED CHEMISTRY=(Si_0.98_Al_0.02_)(O_1.98_(OH)_0.02_)·0.57H_2_O ; OH estimated by charge balance  H_2_O by difference
##DIFFRACTION SAMPLE DESCRIPTION=Powder
##FILETYPE=Raman RAW
##RAMAN WAVELENGTH=780

7.687793e+001, 7.879960e+002
7.880640e+001, 7.484388e+002
8.073486e+001, 7.337097e+002
8.266333e+001, 7.450660e+002
8.459180e+001, 7.792474e+002
8.652026e+001, 8.363734e+002
8.844873e+001, 9.145098e+002
9.037720e+001, 9.965115e+002
9.230566e+001, 1.077911e+003
9.423413e+001, 1.104078e+003
9.616260e+001, 1.100029e+003
9.809106e+001, 1.106448e+003
1.000195e+002, 1.116272e+003
1.019480e+002, 1.129836e+003
1.038765e+002, 1.136232e+003
1.058049e+002, 1.131680e+003
1.077334e+002, 1.123963e+003
1.096619e+002, 1.114027e+003
1.115903e+002, 1.101266e+003
1.135188e+002, 1.083582e+003
1.154473e+002, 1.060531e+003
1.173757e+002, 1.040196e+003
1.193042e+002, 1.023923e+003
1.212327e+002, 1.008436e+003
1.231611e+002, 9.919780e+002
1.250896e+002, 9.757306e+002
1.270181e+002, 9.609031e+002
1.289465e+002, 9.472474e+002
1.308750e+002, 9.344937e+002
1.328035e+002, 9.214094e+002
1.347319e+002, 9.103576e+002
1.366604e+002, 9.027397e+002
1.385889e+002, 8.967084e+002
1.405173e+002, 8.908106e+002
1.424458e+002, 8.849783e+002
1.443743e+002, 8.778832e+002
1.463027e+002, 8.676183e+002
1.482312e+002, 8.585262e+002
1.501597e+002, 8.515931e+002
1.520881e+002, 8.458401e+002
1.540166e+002, 8.405119e+002
1.559451e+002, 8.356100e+002
1.578735e+002, 8.311732e+002
1.598020e+002, 8.269574e+002
1.617305e+002, 8.236882e+002
1.636589e+002, 8.220762e+002
1.655874e+002, 8.208793e+002
1.675159e+002, 8.193336e+002
1.694443e+002, 8.175738e+002
1.713728e+002, 8.160391e+002
1.733013e+002, 8.143207e+002
1.752297e+002, 8.136577e+002
1.771582e+002, 8.149766e+002
1.790867e+002, 8.161246e+002
1.810151e+002, 8.156364e+002
1.829436e+002, 8.143855e+002
1.848721e+002, 8.137496e+002
1.868005e+002, 8.137161e+002
1.887290e+002, 8.146620e+002
1.906575e+002, 8.171324e+002
1.925859e+002, 8.196159e+002
1.945144e+002, 8.214570e+002
1.964429e+002, 8.230480e+002
1.983713e+002, 8.244937e+002
2.002998e+002, 8.257688e+002
2.022283e+002, 8.281658e+002
2.041567e+002, 8.320559e+002
2.060852e+002, 8.357333e+002
2.080137e+002, 8.387344e+002
2.099421e+002, 8.413533e+002
2.118706e+002, 8.433632e+002
2.137991e+002, 8.451471e+002
2.157275e+002, 8.482687e+002
2.176560e+002, 8.528940e+002
2.195845e+002, 8.576835e+002
2.215129e+002, 8.625809e+002
2.234414e+002, 8.674349e+002
2.253699e+002, 8.720020e+002
2.272983e+002, 8.765726e+002
2.292268e+002, 8.815121e+002
2.311553e+002, 8.868243e+002
2.330837e+002, 8.925181e+002
2.350122e+002, 8.987343e+002
2.369407e+002, 9.047767e+002
2.388691e+002, 9.100853e+002
2.407976e+002, 9.154602e+002
2.427261e+002, 9.210121e+002
2.446545e+002, 9.270801e+002
2.465830e+002, 9.351317e+002
2.485115e+002, 9.453245e+002
2.504399e+002, 9.543943e+002
2.523684e+002, 9.607682e+002
2.542969e+002, 9.675097e+002
2.562253e+002, 9.755814e+002
2.581538e+002, 9.846163e+002
2.600823e+002, 9.941943e+002
2.620107e+002, 1.004361e+003
2.639392e+002, 1.015457e+003
2.658677e+002, 1.027769e+003
2.677961e+002, 1.039990e+003
2.697246e+002, 1.051978e+003
2.716531e+002, 1.063604e+003
2.735815e+002, 1.074057e+003
2.755100e+002, 1.084443e+003
2.774385e+002, 1.096723e+003
2.793669e+002, 1.110773e+003
2.812954e+002, 1.125370e+003
2.832239e+002, 1.141475e+003
2.851523e+002, 1.156036e+003
2.870808e+002, 1.167139e+003
2.890093e+002, 1.177840e+003
2.909377e+002, 1.190473e+003
2.928662e+002, 1.204157e+003
2.947947e+002, 1.217360e+003
2.967231e+002, 1.230053e+003
2.986516e+002, 1.241960e+003
3.005801e+002, 1.252912e+003
3.025085e+002, 1.263227e+003
3.044370e+002, 1.273414e+003
3.063655e+002, 1.282613e+003
3.082939e+002, 1.289722e+003
3.102224e+002, 1.295351e+003
3.121509e+002, 1.300614e+003
3.140793e+002, 1.305474e+003
3.160078e+002, 1.310077e+003
3.179363e+002, 1.315296e+003
3.198647e+002, 1.319042e+003
3.217932e+002, 1.319932e+003
3.237217e+002, 1.319838e+003
3.256501e+002, 1.320073e+003
3.275786e+002, 1.320665e+003
3.295071e+002, 1.321875e+003
3.314355e+002, 1.324877e+003
3.333640e+002, 1.325376e+003
3.352925e+002, 1.322234e+003
3.372209e+002, 1.318372e+003
3.391494e+002, 1.313737e+003
3.410779e+002, 1.309387e+003
3.430063e+002, 1.306731e+003
3.449348e+002, 1.304881e+003
3.468633e+002, 1.300888e+003
3.487917e+002, 1.294215e+003
3.507202e+002, 1.286799e+003
3.526487e+002, 1.278292e+003
3.545771e+002, 1.269879e+003
3.565056e+002, 1.262842e+003
3.584341e+002, 1.255037e+003
3.603625e+002, 1.244641e+003
3.622910e+002, 1.232648e+003
3.642195e+002, 1.221547e+003
3.661479e+002, 1.211648e+003
3.680764e+002, 1.200657e+003
3.700049e+002, 1.188220e+003
3.719333e+002, 1.175595e+003
3.738618e+002, 1.163191e+003
3.757903e+002, 1.150432e+003
3.777188e+002, 1.136583e+003
3.796472e+002, 1.122403e+003
3.815757e+002, 1.109097e+003
3.835042e+002, 1.096688e+003
3.854326e+002, 1.084685e+003
3.873611e+002, 1.073092e+003
3.892896e+002, 1.061991e+003
3.912180e+002, 1.051759e+003
3.931465e+002, 1.041510e+003
3.950750e+002, 1.030683e+003
3.970034e+002, 1.019863e+003
3.989319e+002, 1.009357e+003
4.008604e+002, 9.993353e+002
4.027888e+002, 9.908776e+002
4.047173e+002, 9.839922e+002
4.066458e+002, 9.762803e+002
4.085742e+002, 9.669332e+002
4.105027e+002, 9.578409e+002
4.124312e+002, 9.505802e+002
4.143596e+002, 9.426752e+002
4.162881e+002, 9.320735e+002
4.182166e+002, 9.202133e+002
4.201450e+002, 9.101496e+002
4.220735e+002, 9.013535e+002
4.240020e+002, 8.902929e+002
4.259304e+002, 8.766193e+002
4.278589e+002, 8.619760e+002
4.297874e+002, 8.460900e+002
4.317158e+002, 8.301887e+002
4.336443e+002, 8.149716e+002
4.355728e+002, 7.995804e+002
4.375012e+002, 7.831076e+002
4.394297e+002, 7.659636e+002
4.413582e+002, 7.489351e+002
4.432866e+002, 7.320197e+002
4.452151e+002, 7.153959e+002
4.471436e+002, 6.991735e+002
4.490720e+002, 6.830418e+002
4.510005e+002, 6.667737e+002
4.529290e+002, 6.508135e+002
4.548574e+002, 6.354282e+002
4.567859e+002, 6.203586e+002
4.587144e+002, 6.051760e+002
4.606428e+002, 5.901542e+002
4.625713e+002, 5.761766e+002
4.644998e+002, 5.632842e+002
4.664282e+002, 5.497751e+002
4.683567e+002, 5.346630e+002
4.702852e+002, 5.206465e+002
4.722136e+002, 5.083784e+002
4.741421e+002, 4.967038e+002
4.760706e+002, 4.850507e+002
4.779990e+002, 4.738582e+002
4.799275e+002, 4.635915e+002
4.818560e+002, 4.540436e+002
4.837844e+002, 4.451822e+002
4.857129e+002, 4.371408e+002
4.876414e+002, 4.278340e+002
4.895698e+002, 4.165611e+002
4.914983e+002, 4.049713e+002
4.934268e+002, 3.929452e+002
4.953552e+002, 3.808576e+002
4.972837e+002, 3.685185e+002
4.992122e+002, 3.565605e+002
5.011406e+002, 3.453154e+002
5.030691e+002, 3.348297e+002
5.049976e+002, 3.252278e+002
5.069260e+002, 3.165182e+002
5.088545e+002, 3.084846e+002
5.107830e+002, 3.011156e+002
5.127114e+002, 2.944803e+002
5.146399e+002, 2.887110e+002
5.165684e+002, 2.833840e+002
5.184968e+002, 2.785567e+002
5.204253e+002, 2.738984e+002
5.223538e+002, 2.690827e+002
5.242822e+002, 2.644410e+002
5.262107e+002, 2.604926e+002
5.281392e+002, 2.570577e+002
5.300676e+002, 2.532940e+002
5.319961e+002, 2.491044e+002
5.339246e+002, 2.455162e+002
5.358530e+002, 2.426455e+002
5.377815e+002, 2.399379e+002
5.397100e+002, 2.373478e+002
5.416384e+002, 2.347754e+002
5.435669e+002, 2.322748e+002
5.454954e+002, 2.296468e+002
5.474238e+002, 2.265468e+002
5.493523e+002, 2.233777e+002
5.512808e+002, 2.207674e+002
5.532092e+002, 2.186365e+002
5.551377e+002, 2.165555e+002
5.570662e+002, 2.145231e+002
5.589946e+002, 2.126060e+002
5.609231e+002, 2.108811e+002
5.628516e+002, 2.089241e+002
5.647800e+002, 2.064893e+002
5.667085e+002, 2.040519e+002
5.686370e+002, 2.019102e+002
5.705654e+002, 1.996754e+002
5.724939e+002, 1.968580e+002
5.744224e+002, 1.939398e+002
5.763508e+002, 1.917015e+002
5.782793e+002, 1.899491e+002
5.802078e+002, 1.879399e+002
5.821362e+002, 1.856970e+002
5.840647e+002, 1.835450e+002
5.859932e+002, 1.815179e+002
5.879216e+002, 1.795750e+002
5.898501e+002, 1.777012e+002
5.917786e+002, 1.759388e+002
5.937070e+002, 1.743253e+002
5.956355e+002, 1.728022e+002
5.975640e+002, 1.714965e+002
5.994924e+002, 1.701357e+002
6.014209e+002, 1.682283e+002
6.033494e+002, 1.661467e+002
6.052778e+002, 1.646476e+002
6.072063e+002, 1.636374e+002
6.091348e+002, 1.626338e+002
6.110632e+002, 1.615874e+002
6.129917e+002, 1.607422e+002
6.149202e+002, 1.604437e+002
6.168486e+002, 1.596712e+002
6.187771e+002, 1.576652e+002
6.207056e+002, 1.561097e+002
6.226340e+002, 1.559164e+002
6.245625e+002, 1.559035e+002
6.264910e+002, 1.552696e+002
6.284194e+002, 1.544301e+002
6.303479e+002, 1.538406e+002
6.322764e+002, 1.533877e+002
6.342048e+002, 1.527505e+002
6.361333e+002, 1.519753e+002
6.380618e+002, 1.517708e+002
6.399902e+002, 1.524741e+002
6.419187e+002, 1.525825e+002
6.438472e+002, 1.516121e+002
6.457756e+002, 1.508458e+002
6.477041e+002, 1.503798e+002
6.496326e+002, 1.500992e+002
6.515610e+002, 1.502666e+002
6.534895e+002, 1.502116e+002
6.554180e+002, 1.491509e+002
6.573464e+002, 1.480956e+002
6.592749e+002, 1.481216e+002
6.612034e+002, 1.486029e+002
6.631318e+002, 1.483911e+002
6.650603e+002, 1.476627e+002
6.669888e+002, 1.474287e+002
6.689172e+002, 1.477797e+002
6.708457e+002, 1.476738e+002
6.727742e+002, 1.469135e+002
6.747026e+002, 1.464860e+002
6.766311e+002, 1.465791e+002
6.785596e+002, 1.465909e+002
6.804880e+002, 1.463443e+002
6.824165e+002, 1.460694e+002
6.843450e+002, 1.457800e+002
6.862734e+002, 1.456193e+002
6.882019e+002, 1.458883e+002
6.901304e+002, 1.461016e+002
6.920588e+002, 1.456640e+002
6.939873e+002, 1.449673e+002
6.959158e+002, 1.446550e+002
6.978442e+002, 1.446603e+002
6.997727e+002, 1.447401e+002
7.017012e+002, 1.448946e+002
7.036296e+002, 1.451601e+002
7.055581e+002, 1.455429e+002
7.074866e+002, 1.459286e+002
7.094150e+002, 1.463720e+002
7.113435e+002, 1.463986e+002
7.132720e+002, 1.456221e+002
7.152004e+002, 1.451738e+002
7.171289e+002, 1.456633e+002
7.190574e+002, 1.462030e+002
7.209858e+002, 1.465279e+002
7.229143e+002, 1.467274e+002
7.248428e+002, 1.466471e+002
7.267712e+002, 1.466782e+002
7.286997e+002, 1.474927e+002
7.306282e+002, 1.485415e+002
7.325566e+002, 1.485671e+002
7.344851e+002, 1.481063e+002
7.364136e+002, 1.488860e+002
7.383420e+002, 1.506501e+002
7.402705e+002, 1.520851e+002
7.421990e+002, 1.531194e+002
7.441274e+002, 1.537045e+002
7.460559e+002, 1.535722e+002
7.479844e+002, 1.544128e+002
7.499128e+002, 1.569363e+002
7.518413e+002, 1.594271e+002
7.537698e+002, 1.614021e+002
7.556982e+002, 1.636580e+002
7.576267e+002, 1.661975e+002
7.595552e+002, 1.693484e+002
7.614836e+002, 1.732963e+002
7.634121e+002, 1.778664e+002
7.653406e+002, 1.826884e+002
7.672690e+002, 1.883124e+002
7.691975e+002, 1.950874e+002
7.711260e+002, 2.031900e+002
7.730544e+002, 2.134022e+002
7.749829e+002, 2.247892e+002
7.769114e+002, 2.358197e+002
7.788398e+002, 2.461747e+002
7.807683e+002, 2.545525e+002
7.826968e+002, 2.609563e+002
7.846252e+002, 2.642289e+002
7.865537e+002, 2.640497e+002
7.884822e+002, 2.618479e+002
7.904106e+002, 2.567035e+002
7.923391e+002, 2.513902e+002
7.942676e+002, 2.459048e+002
7.961960e+002, 2.403135e+002
7.981245e+002, 2.344850e+002
8.000530e+002, 2.288301e+002
8.019814e+002, 2.233908e+002
8.039099e+002, 2.182773e+002
8.058384e+002, 2.134096e+002
8.077668e+002, 2.090616e+002
8.096953e+002, 2.056498e+002
8.116238e+002, 2.024901e+002
8.135522e+002, 1.988748e+002
8.154807e+002, 1.954805e+002
8.174092e+002, 1.930777e+002
8.193376e+002, 1.912111e+002
8.212661e+002, 1.894086e+002
8.231946e+002, 1.875602e+002
8.251230e+002, 1.853973e+002
8.270515e+002, 1.829764e+002
8.289800e+002, 1.804517e+002
8.309084e+002, 1.778513e+002
8.328369e+002, 1.754365e+002
8.347654e+002, 1.732195e+002
8.366938e+002, 1.709727e+002
8.386223e+002, 1.686834e+002
8.405508e+002, 1.667145e+002
8.424792e+002, 1.651342e+002
8.444077e+002, 1.632795e+002
8.463362e+002, 1.609432e+002
8.482646e+002, 1.589952e+002
8.501931e+002, 1.575505e+002
8.521216e+002, 1.566828e+002
8.540500e+002, 1.565348e+002
8.559785e+002, 1.567087e+002
8.579070e+002, 1.578236e+002
8.598354e+002, 1.579666e+002
8.617639e+002, 1.556152e+002
8.636924e+002, 1.535013e+002
8.656208e+002, 1.527769e+002
8.675493e+002, 1.525565e+002
8.694778e+002, 1.527146e+002
8.714063e+002, 1.527185e+002
8.733347e+002, 1.520832e+002
8.752632e+002, 1.511926e+002
8.771917e+002, 1.503589e+002
8.791201e+002, 1.495234e+002
8.810486e+002, 1.485457e+002
8.829771e+002, 1.475838e+002
8.849055e+002, 1.470305e+002
8.868340e+002, 1.465693e+002
8.887625e+002, 1.453765e+002
8.906909e+002, 1.439297e+002
8.926194e+002, 1.434572e+002
8.945479e+002, 1.435583e+002
8.964763e+002, 1.429255e+002
8.984048e+002, 1.417605e+002
9.003333e+002, 1.411709e+002
9.022617e+002, 1.410910e+002
9.041902e+002, 1.405628e+002
9.061187e+002, 1.395593e+002
9.080471e+002, 1.386823e+002
9.099756e+002, 1.379431e+002
9.119041e+002, 1.374662e+002
9.138325e+002, 1.373719e+002
9.157610e+002, 1.369599e+002
9.176895e+002, 1.359315e+002
9.196179e+002, 1.353260e+002
9.215464e+002, 1.355531e+002
9.234749e+002, 1.354285e+002
9.254033e+002, 1.346498e+002
9.273318e+002, 1.341454e+002
9.292603e+002, 1.341630e+002
9.311887e+002, 1.340550e+002
9.331172e+002, 1.336258e+002
9.350457e+002, 1.333254e+002
9.369741e+002, 1.332520e+002
9.389026e+002, 1.332730e+002
9.408311e+002, 1.333660e+002
9.427595e+002, 1.335196e+002
9.446880e+002, 1.337510e+002
9.466165e+002, 1.340104e+002
9.485449e+002, 1.343339e+002
9.504734e+002, 1.345792e+002
9.524019e+002, 1.347017e+002
9.543303e+002, 1.347138e+002
9.562588e+002, 1.347602e+002
9.581873e+002, 1.344494e+002
9.601157e+002, 1.335165e+002
9.620442e+002, 1.322674e+002
9.639727e+002, 1.308357e+002
9.659011e+002, 1.291702e+002
9.678296e+002, 1.271845e+002
9.697581e+002, 1.250281e+002
9.716865e+002, 1.226807e+002
9.736150e+002, 1.203335e+002
9.755435e+002, 1.180554e+002
9.774719e+002, 1.159116e+002
9.794004e+002, 1.140975e+002
9.813289e+002, 1.122756e+002
9.832573e+002, 1.100043e+002
9.851858e+002, 1.077852e+002
9.871143e+002, 1.060396e+002
9.890427e+002, 1.046048e+002
9.909712e+002, 1.032735e+002
9.928997e+002, 1.022114e+002
9.948281e+002, 1.016841e+002
9.967566e+002, 1.014242e+002
9.986851e+002, 1.013207e+002
1.000614e+003, 1.011285e+002
1.002542e+003, 1.003791e+002
1.004470e+003, 9.955401e+001
1.006399e+003, 9.930225e+001
1.008327e+003, 9.926945e+001
1.010256e+003, 9.893434e+001
1.012184e+003, 9.861658e+001
1.014113e+003, 9.884457e+001
1.016041e+003, 9.924387e+001
1.017970e+003, 9.932102e+001
1.019898e+003, 9.926595e+001
1.021827e+003, 9.924963e+001
1.023755e+003, 9.934002e+001
1.025684e+003, 9.963965e+001
1.027612e+003, 1.000901e+002
1.029541e+003, 1.006675e+002
1.031469e+003, 1.012902e+002
1.033397e+003, 1.017594e+002
1.035326e+003, 1.022769e+002
1.037254e+003, 1.031512e+002
1.039183e+003, 1.041995e+002
1.041111e+003, 1.054100e+002
1.043040e+003, 1.064531e+002
1.044968e+003, 1.064767e+002
1.046897e+003, 1.065019e+002
1.048825e+003, 1.082983e+002
1.050754e+003, 1.103950e+002
1.052682e+003, 1.105937e+002
1.054611e+003, 1.103923e+002
1.056539e+003, 1.117017e+002
1.058468e+003, 1.135461e+002
1.060396e+003, 1.148616e+002
1.062324e+003, 1.159865e+002
1.064253e+003, 1.172376e+002
1.066181e+003, 1.185831e+002
1.068110e+003, 1.200834e+002
1.070038e+003, 1.215570e+002
1.071967e+003, 1.229439e+002
1.073895e+003, 1.240653e+002
1.075824e+003, 1.248450e+002
1.077752e+003, 1.251586e+002
1.079681e+003, 1.249079e+002
1.081609e+003, 1.241137e+002
1.083538e+003, 1.225398e+002
1.085466e+003, 1.207392e+002
1.087395e+003, 1.192579e+002
1.089323e+003, 1.175906e+002
1.091251e+003, 1.152636e+002
1.093180e+003, 1.127435e+002
1.095108e+003, 1.101181e+002
1.097037e+003, 1.077189e+002
1.098965e+003, 1.058458e+002
1.100894e+003, 1.041335e+002
1.102822e+003, 1.024040e+002
1.104751e+003, 1.007580e+002
1.106679e+003, 9.903026e+001
1.108608e+003, 9.772311e+001
1.110536e+003, 9.733282e+001
1.112465e+003, 9.697263e+001
1.114393e+003, 9.634074e+001
1.116322e+003, 9.561536e+001
1.118250e+003, 9.462880e+001
1.120178e+003, 9.394907e+001
1.122107e+003, 9.385020e+001
1.124035e+003, 9.386584e+001
1.125964e+003, 9.404418e+001
1.127892e+003, 9.397089e+001
1.129821e+003, 9.338451e+001
1.131749e+003, 9.298560e+001
1.133678e+003, 9.294189e+001
1.135606e+003, 9.297591e+001
1.137535e+003, 9.309229e+001
1.139463e+003, 9.312173e+001
1.141392e+003, 9.304431e+001
1.143320e+003, 9.285458e+001
1.145249e+003, 9.252064e+001
1.147177e+003, 9.227816e+001
1.149105e+003, 9.217139e+001
1.151034e+003, 9.190342e+001
1.152962e+003, 9.142150e+001
1.154891e+003, 9.148274e+001
1.156819e+003, 9.211469e+001
1.158748e+003, 9.268431e+001
1.160676e+003, 9.315201e+001
1.162605e+003, 9.328054e+001
1.164533e+003, 9.309446e+001
1.166462e+003, 9.272619e+001
1.168390e+003, 9.226470e+001
1.170319e+003, 9.221494e+001
1.172247e+003, 9.234008e+001
1.174176e+003, 9.176919e+001
1.176104e+003, 9.088583e+001
1.178032e+003, 9.052185e+001
1.179961e+003, 9.042554e+001
1.181889e+003, 9.022249e+001
1.183818e+003, 9.000541e+001
1.185746e+003, 8.974577e+001
1.187675e+003, 8.969662e+001
1.189603e+003, 9.032603e+001
1.191532e+003, 9.098836e+001
1.193460e+003, 9.140379e+001
1.195389e+003, 9.138253e+001
1.197317e+003, 9.055616e+001
1.199246e+003, 8.970286e+001
1.201174e+003, 8.903025e+001
1.203103e+003, 8.884129e+001
1.205031e+003, 8.960557e+001
1.206959e+003, 8.987862e+001
1.208888e+003, 8.901512e+001
1.210816e+003, 8.832009e+001
1.212745e+003, 8.813969e+001
1.214673e+003, 8.803775e+001
1.216602e+003, 8.797733e+001
1.218530e+003, 8.761114e+001
1.220459e+003, 8.685722e+001
1.222387e+003, 8.649034e+001
1.224316e+003, 8.656212e+001
1.226244e+003, 8.615036e+001
1.228173e+003, 8.528246e+001
1.230101e+003, 8.486018e+001
1.232030e+003, 8.479780e+001
1.233958e+003, 8.458489e+001
1.235886e+003, 8.423724e+001
1.237815e+003, 8.382024e+001
1.239743e+003, 8.329296e+001
1.241672e+003, 8.261932e+001
1.243600e+003, 8.174057e+001
1.245529e+003, 8.021118e+001
1.247457e+003, 7.887436e+001
1.249386e+003, 7.890385e+001
1.251314e+003, 7.906300e+001
1.253243e+003, 7.830942e+001
1.255171e+003, 7.757169e+001
1.257100e+003, 7.750395e+001
1.259028e+003, 7.729050e+001
1.260957e+003, 7.656135e+001
1.262885e+003, 7.577409e+001
1.264813e+003, 7.495436e+001
1.266742e+003, 7.421758e+001
1.268670e+003, 7.354973e+001
1.270599e+003, 7.305105e+001
1.272527e+003, 7.272862e+001
1.274456e+003, 7.261922e+001
1.276384e+003, 7.272593e+001
1.278313e+003, 7.281068e+001
1.280241e+003, 7.287945e+001
1.282170e+003, 7.305569e+001
1.284098e+003, 7.324966e+001
1.286027e+003, 7.310600e+001
1.287955e+003, 7.284344e+001
1.289884e+003, 7.277552e+001
1.291812e+003, 7.290389e+001
1.293740e+003, 7.333482e+001
1.295669e+003, 7.380565e+001
1.297597e+003, 7.421734e+001
1.299526e+003, 7.442833e+001
1.301454e+003, 7.423985e+001
1.303383e+003, 7.410999e+001
1.305311e+003, 7.425224e+001
1.307240e+003, 7.432835e+001
1.309168e+003, 7.418963e+001
1.311097e+003, 7.426270e+001
1.313025e+003, 7.465262e+001
1.314954e+003, 7.500294e+001
1.316882e+003, 7.530467e+001
1.318811e+003, 7.550332e+001
1.320739e+003, 7.560923e+001
1.322667e+003, 7.556954e+001
1.324596e+003, 7.553688e+001
1.326524e+003, 7.608376e+001
1.328453e+003, 7.682006e+001
1.330381e+003, 7.723892e+001
1.332310e+003, 7.733675e+001
1.334238e+003, 7.678826e+001
1.336167e+003, 7.638284e+001
1.338095e+003, 7.679810e+001
1.340024e+003, 7.713394e+001
1.341952e+003, 7.703866e+001
1.343881e+003, 7.702637e+001
1.345809e+003, 7.726369e+001
1.347738e+003, 7.727767e+001
1.349666e+003, 7.699236e+001
1.351594e+003, 7.673870e+001
1.353523e+003, 7.658748e+001
1.355451e+003, 7.717111e+001
1.357380e+003, 7.812973e+001
1.359308e+003, 7.782641e+001
1.361237e+003, 7.694436e+001
1.363165e+003, 7.676431e+001
1.365094e+003, 7.685056e+001
1.367022e+003, 7.680565e+001
1.368951e+003, 7.662896e+001
1.370879e+003, 7.607481e+001
1.372808e+003, 7.579152e+001
1.374736e+003, 7.643542e+001
1.376665e+003, 7.664936e+001
1.378593e+003, 7.590479e+001
1.380521e+003, 7.555688e+001
1.382450e+003, 7.575255e+001
1.384378e+003, 7.595762e+001
1.386307e+003, 7.615058e+001
1.388235e+003, 7.634470e+001
1.390164e+003, 7.649483e+001
1.392092e+003, 7.636251e+001
1.394021e+003, 7.617681e+001
1.395949e+003, 7.633311e+001
1.397878e+003, 7.652233e+001
1.399806e+003, 7.641274e+001
1.401735e+003, 7.636026e+001
1.403663e+003, 7.666298e+001
1.405592e+003, 7.681706e+001
1.407520e+003, 7.656208e+001
1.409448e+003, 7.649240e+001
1.411377e+003, 7.677666e+001
1.413305e+003, 7.685924e+001
1.415234e+003, 7.674581e+001
1.417162e+003, 7.669569e+001
1.419091e+003, 7.672666e+001
1.421019e+003, 7.703336e+001
1.422948e+003, 7.733668e+001
1.424876e+003, 7.709533e+001
1.426805e+003, 7.681863e+001
1.428733e+003, 7.690139e+001
1.430662e+003, 7.703085e+001
1.432590e+003, 7.709985e+001
1.434519e+003, 7.710937e+001
1.436447e+003, 7.701879e+001
1.438375e+003, 7.721716e+001
1.440304e+003, 7.775488e+001
1.442232e+003, 7.783884e+001
1.444161e+003, 7.753808e+001
1.446089e+003, 7.714724e+001
1.448018e+003, 7.683732e+001
1.449946e+003, 7.702085e+001
1.451875e+003, 7.736399e+001
1.453803e+003, 7.746560e+001
1.455732e+003, 7.772482e+001
1.457660e+003, 7.881428e+001
1.459589e+003, 7.888571e+001
1.461517e+003, 7.727844e+001
1.463446e+003, 7.629963e+001
1.465374e+003, 7.619052e+001
1.467302e+003, 7.594776e+001
1.469231e+003, 7.556934e+001
1.471159e+003, 7.529171e+001
1.473088e+003, 7.510217e+001
1.475016e+003, 7.496529e+001
1.476945e+003, 7.491348e+001
1.478873e+003, 7.504663e+001
1.480802e+003, 7.515555e+001
1.482730e+003, 7.519894e+001
1.484659e+003, 7.506401e+001
1.486587e+003, 7.463954e+001
1.488516e+003, 7.451093e+001
1.490444e+003, 7.469134e+001
1.492373e+003, 7.473220e+001
1.494301e+003, 7.466894e+001
1.496229e+003, 7.458974e+001
1.498158e+003, 7.457476e+001
1.500086e+003, 7.492086e+001
1.502015e+003, 7.505230e+001
1.503943e+003, 7.428083e+001
1.505872e+003, 7.381409e+001
1.507800e+003, 7.431364e+001
1.509729e+003, 7.443122e+001
1.511657e+003, 7.401469e+001
1.513586e+003, 7.363866e+001
1.515514e+003, 7.337275e+001
1.517443e+003, 7.387624e+001
1.519371e+003, 7.453526e+001
1.521300e+003, 7.414296e+001
1.523228e+003, 7.371510e+001
1.525156e+003, 7.398320e+001
1.527085e+003, 7.423082e+001
1.529013e+003, 7.418884e+001
1.530942e+003, 7.419698e+001
1.532870e+003, 7.432634e+001
1.534799e+003, 7.431485e+001
1.536727e+003, 7.417564e+001
1.538656e+003, 7.389567e+001
1.540584e+003, 7.363612e+001
1.542513e+003, 7.372546e+001
1.544441e+003, 7.386638e+001
1.546370e+003, 7.376233e+001
1.548298e+003, 7.387460e+001
1.550227e+003, 7.434716e+001
1.552155e+003, 7.497193e+001
1.554083e+003, 7.570415e+001
1.556012e+003, 7.618605e+001
1.557940e+003, 7.642685e+001
1.559869e+003, 7.649474e+001
1.561797e+003, 7.641585e+001
1.563726e+003, 7.613223e+001
1.565654e+003, 7.587825e+001
1.567583e+003, 7.589161e+001
1.569511e+003, 7.572271e+001
1.571440e+003, 7.522029e+001
1.573368e+003, 7.531384e+001
1.575297e+003, 7.595322e+001
1.577225e+003, 7.614352e+001
1.579154e+003, 7.611592e+001
1.581082e+003, 7.658002e+001
1.583010e+003, 7.685213e+001
1.584939e+003, 7.585841e+001
1.586867e+003, 7.532093e+001
1.588796e+003, 7.632506e+001
1.590724e+003, 7.684018e+001
1.592653e+003, 7.671544e+001
1.594581e+003, 7.689825e+001
1.596510e+003, 7.727560e+001
1.598438e+003, 7.732365e+001
1.600367e+003, 7.732509e+001
1.602295e+003, 7.762650e+001
1.604224e+003, 7.794072e+001
1.606152e+003, 7.813170e+001
1.608081e+003, 7.829060e+001
1.610009e+003, 7.844817e+001
1.611938e+003, 7.845189e+001
1.613866e+003, 7.835356e+001
1.615794e+003, 7.844618e+001
1.617723e+003, 7.870145e+001
1.619651e+003, 7.923949e+001
1.621580e+003, 7.962280e+001
1.623508e+003, 7.962145e+001
1.625437e+003, 7.938023e+001
1.627365e+003, 7.883301e+001
1.629294e+003, 7.877921e+001
1.631222e+003, 7.909060e+001
1.633151e+003, 7.876329e+001
1.635079e+003, 7.818479e+001
1.637008e+003, 7.792398e+001
1.638936e+003, 7.770333e+001
1.640865e+003, 7.740532e+001
1.642793e+003, 7.707633e+001
1.644721e+003, 7.673450e+001
1.646650e+003, 7.614990e+001
1.648578e+003, 7.544907e+001
1.650507e+003, 7.542068e+001
1.652435e+003, 7.552811e+001
1.654364e+003, 7.489886e+001
1.656292e+003, 7.435285e+001
1.658221e+003, 7.432028e+001
1.660149e+003, 7.412495e+001
1.662078e+003, 7.366119e+001
1.664006e+003, 7.324170e+001
1.665935e+003, 7.287500e+001
1.667863e+003, 7.259115e+001
1.669792e+003, 7.224084e+001
1.671720e+003, 7.158904e+001
1.673648e+003, 7.096449e+001
1.675577e+003, 7.047697e+001
1.677505e+003, 7.003439e+001
1.679434e+003, 6.965244e+001
1.681362e+003, 6.988769e+001
1.683291e+003, 7.019901e+001
1.685219e+003, 6.929301e+001
1.687148e+003, 6.828109e+001
1.689076e+003, 6.796597e+001
1.691005e+003, 6.787558e+001
1.692933e+003, 6.795952e+001
1.694862e+003, 6.796895e+001
1.696790e+003, 6.789839e+001
1.698719e+003, 6.773121e+001
1.700647e+003, 6.754463e+001
1.702575e+003, 6.749760e+001
1.704504e+003, 6.734645e+001
1.706432e+003, 6.691786e+001
1.708361e+003, 6.650257e+001
1.710289e+003, 6.611562e+001
1.712218e+003, 6.613271e+001
1.714146e+003, 6.629857e+001
1.716075e+003, 6.592849e+001
1.718003e+003, 6.553164e+001
1.719932e+003, 6.539251e+001
1.721860e+003, 6.541765e+001
1.723789e+003, 6.564593e+001
1.725717e+003, 6.553090e+001
1.727646e+003, 6.518810e+001
1.729574e+003, 6.522806e+001
1.731502e+003, 6.525961e+001
1.733431e+003, 6.487849e+001
1.735359e+003, 6.437620e+001
1.737288e+003, 6.378053e+001
1.739216e+003, 6.358307e+001
1.741145e+003, 6.375806e+001
1.743073e+003, 6.377433e+001
1.745002e+003, 6.370369e+001
1.746930e+003, 6.360287e+001
1.748859e+003, 6.356527e+001
1.750787e+003, 6.368290e+001
1.752716e+003, 6.352219e+001
1.754644e+003, 6.307438e+001
1.756573e+003, 6.277648e+001
1.758501e+003, 6.263006e+001
1.760429e+003, 6.275195e+001
1.762358e+003, 6.277097e+001
1.764286e+003, 6.236192e+001
1.766215e+003, 6.225882e+001
1.768143e+003, 6.250756e+001
1.770072e+003, 6.258664e+001
1.772000e+003, 6.246149e+001
1.773929e+003, 6.198185e+001
1.775857e+003, 6.153992e+001
1.777786e+003, 6.145687e+001
1.779714e+003, 6.128080e+001
1.781643e+003, 6.097490e+001
1.783571e+003, 6.125320e+001
1.785500e+003, 6.167487e+001
1.787428e+003, 6.124183e+001
1.789356e+003, 6.074460e+001
1.791285e+003, 6.077006e+001
1.793213e+003, 6.059593e+001
1.795142e+003, 6.010660e+001
1.797070e+003, 6.032703e+001
1.798999e+003, 6.071764e+001
1.800927e+003, 5.992678e+001
1.802856e+003, 5.929370e+001
1.804784e+003, 5.975428e+001
1.806713e+003, 6.002482e+001
1.808641e+003, 5.995282e+001
1.810570e+003, 5.996230e+001
1.812498e+003, 5.990045e+001
1.814427e+003, 5.933818e+001
1.816355e+003, 5.889498e+001
1.818283e+003, 5.890808e+001
1.820212e+003, 5.880676e+001
1.822140e+003, 5.854331e+001
1.824069e+003, 5.849043e+001
1.825997e+003, 5.851936e+001
1.827926e+003, 5.858589e+001
1.829854e+003, 5.828812e+001
1.831783e+003, 5.737332e+001
1.833711e+003, 5.700962e+001
1.835640e+003, 5.719691e+001
1.837568e+003, 5.754903e+001
1.839497e+003, 5.759219e+001
1.841425e+003, 5.628646e+001
1.843354e+003, 5.571356e+001
1.845282e+003, 5.636837e+001
1.847210e+003, 5.656872e+001
1.849139e+003, 5.632552e+001
1.851067e+003, 5.588622e+001
1.852996e+003, 5.552021e+001
1.854924e+003, 5.539146e+001
1.856853e+003, 5.563377e+001
1.858781e+003, 5.620234e+001
1.860710e+003, 5.571840e+001
1.862638e+003, 5.487828e+001
1.864567e+003, 5.491319e+001
1.866495e+003, 5.512914e+001
1.868424e+003, 5.527620e+001
1.870352e+003, 5.528481e+001
1.872281e+003, 5.513767e+001
1.874209e+003, 5.458380e+001
1.876137e+003, 5.409947e+001
1.878066e+003, 5.437034e+001
1.879994e+003, 5.434412e+001
1.881923e+003, 5.366944e+001
1.883851e+003, 5.373616e+001
1.885780e+003, 5.415491e+001
1.887708e+003, 5.399230e+001
1.889637e+003, 5.361595e+001
1.891565e+003, 5.313852e+001
1.893494e+003, 5.272496e+001
1.895422e+003, 5.240596e+001
1.897351e+003, 5.261126e+001
1.899279e+003, 5.287646e+001
1.901208e+003, 5.269891e+001
1.903136e+003, 5.248312e+001
1.905064e+003, 5.233540e+001
1.906993e+003, 5.224887e+001
1.908921e+003, 5.223679e+001
1.910850e+003, 5.253220e+001
1.912778e+003, 5.252663e+001
1.914707e+003, 5.181482e+001
1.916635e+003, 5.144144e+001
1.918564e+003, 5.146510e+001
1.920492e+003, 5.135905e+001
1.922421e+003, 5.121288e+001
1.924349e+003, 5.103575e+001
1.926278e+003, 5.113601e+001
1.928206e+003, 5.156617e+001
1.930135e+003, 5.160896e+001
1.932063e+003, 5.138921e+001
1.933991e+003, 5.110965e+001
1.935920e+003, 5.075196e+001
1.937848e+003, 5.025572e+001
1.939777e+003, 5.042850e+001
1.941705e+003, 5.101430e+001
1.943634e+003, 5.091865e+001
1.945562e+003, 5.071688e+001
1.947491e+003, 5.094624e+001
1.949419e+003, 5.063815e+001
1.951348e+003, 4.985148e+001
1.953276e+003, 4.969692e+001
1.955205e+003, 4.972301e+001
1.957133e+003, 4.934163e+001
1.959062e+003, 4.927162e+001
1.960990e+003, 4.962999e+001
1.962918e+003, 4.931223e+001
1.964847e+003, 4.879635e+001
1.966775e+003, 4.898186e+001
1.968704e+003, 4.901314e+001
1.970632e+003, 4.841898e+001
1.972561e+003, 4.863065e+001
1.974489e+003, 4.921736e+001
1.976418e+003, 4.902876e+001
1.978346e+003, 4.865380e+001
1.980275e+003, 4.827896e+001
1.982203e+003, 4.818331e+001
1.984132e+003, 4.827231e+001
1.986060e+003, 4.807333e+001
1.987989e+003, 4.784535e+001
1.989917e+003, 4.773461e+001
1.991845e+003, 4.775136e+001
1.993774e+003, 4.784643e+001
1.995702e+003, 4.751363e+001
1.997631e+003, 4.723989e+001
1.999559e+003, 4.751522e+001
2.001488e+003, 4.741555e+001
2.003416e+003, 4.680770e+001
2.005345e+003, 4.644682e+001
2.007273e+003, 4.634731e+001
2.009202e+003, 4.667781e+001
2.011130e+003, 4.670361e+001
2.013059e+003, 4.630536e+001
2.014987e+003, 4.645339e+001
2.016916e+003, 4.663992e+001
2.018844e+003, 4.589116e+001
2.020772e+003, 4.556717e+001
2.022701e+003, 4.591426e+001
2.024629e+003, 4.603802e+001
2.026558e+003, 4.588290e+001
2.028486e+003, 4.515863e+001
2.030415e+003, 4.474339e+001
2.032343e+003, 4.482861e+001
2.034272e+003, 4.499382e+001
2.036200e+003, 4.514513e+001
2.038129e+003, 4.526976e+001
2.040057e+003, 4.508793e+001
2.041986e+003, 4.452430e+001
2.043914e+003, 4.434972e+001
2.045843e+003, 4.440787e+001
2.047771e+003, 4.452738e+001
2.049699e+003, 4.441722e+001
2.051628e+003, 4.396741e+001
2.053556e+003, 4.369410e+001
2.055485e+003, 4.353330e+001
2.057413e+003, 4.336213e+001
2.059342e+003, 4.320858e+001
2.061270e+003, 4.305634e+001
2.063199e+003, 4.318162e+001
2.065127e+003, 4.330839e+001
2.067056e+003, 4.301566e+001
2.068984e+003, 4.263208e+001
2.070913e+003, 4.223278e+001
2.072841e+003, 4.200496e+001
2.074770e+003, 4.196450e+001
2.076698e+003, 4.220807e+001
2.078626e+003, 4.234393e+001
2.080555e+003, 4.225595e+001
2.082483e+003, 4.231991e+001
2.084412e+003, 4.236654e+001
2.086340e+003, 4.221730e+001
2.088269e+003, 4.183984e+001
2.090197e+003, 4.127342e+001
2.092126e+003, 4.171014e+001
2.094054e+003, 4.216590e+001
2.095983e+003, 4.156995e+001
2.097911e+003, 4.111517e+001
2.099840e+003, 4.099940e+001
2.101768e+003, 4.111779e+001
2.103697e+003, 4.124237e+001
2.105625e+003, 4.123236e+001
2.107553e+003, 4.088928e+001
2.109482e+003, 4.038466e+001
2.111410e+003, 4.067528e+001
2.113339e+003, 4.090761e+001
2.115267e+003, 4.052135e+001
2.117196e+003, 4.028512e+001
2.119124e+003, 4.027287e+001
2.121053e+003, 4.065022e+001
2.122981e+003, 4.077631e+001
2.124910e+003, 4.034569e+001
2.126838e+003, 3.995015e+001
2.128767e+003, 3.968287e+001
2.130695e+003, 3.972258e+001
2.132624e+003, 3.971523e+001
2.134552e+003, 3.956921e+001
2.136480e+003, 3.933744e+001
2.138409e+003, 3.907952e+001
2.140337e+003, 3.869910e+001
2.142266e+003, 3.883389e+001
2.144194e+003, 3.948414e+001
2.146123e+003, 3.933442e+001
2.148051e+003, 3.907151e+001
2.149980e+003, 3.923377e+001
2.151908e+003, 3.939717e+001
2.153837e+003, 3.946553e+001
2.155765e+003, 3.914290e+001
2.157694e+003, 3.874115e+001
2.159622e+003, 3.835415e+001
2.161551e+003, 3.842989e+001
2.163479e+003, 3.867263e+001
2.165407e+003, 3.839602e+001
2.167336e+003, 3.836002e+001
2.169264e+003, 3.875671e+001
2.171193e+003, 3.852206e+001
2.173121e+003, 3.809650e+001
2.175050e+003, 3.792804e+001
2.176978e+003, 3.766116e+001
2.178907e+003, 3.735305e+001
2.180835e+003, 3.770164e+001
2.182764e+003, 3.793647e+001
2.184692e+003, 3.766880e+001
2.186621e+003, 3.749036e+001
2.188549e+003, 3.734919e+001
2.190478e+003, 3.695849e+001
2.192406e+003, 3.670390e+001
2.194334e+003, 3.666036e+001
2.196263e+003, 3.655426e+001
2.198191e+003, 3.648475e+001
2.200120e+003, 3.669048e+001
2.202048e+003, 3.657040e+001
2.203977e+003, 3.619054e+001
2.205905e+003, 3.589324e+001
2.207834e+003, 3.588584e+001
2.209762e+003, 3.641478e+001
2.211691e+003, 3.585872e+001
2.213619e+003, 3.502692e+001
2.215548e+003, 3.538878e+001
2.217476e+003, 3.544947e+001
2.219405e+003, 3.500347e+001
2.221333e+003, 3.481104e+001
2.223261e+003, 3.477871e+001
2.225190e+003, 3.492204e+001
2.227118e+003, 3.492317e+001
2.229047e+003, 3.482690e+001
2.230975e+003, 3.477375e+001
2.232904e+003, 3.466291e+001
2.234832e+003, 3.445675e+001
2.236761e+003, 3.447257e+001
2.238689e+003, 3.449542e+001
2.240618e+003, 3.433477e+001
2.242546e+003, 3.420642e+001
2.244475e+003, 3.415012e+001
2.246403e+003, 3.430760e+001
2.248332e+003, 3.432711e+001
2.250260e+003, 3.409509e+001
2.252188e+003, 3.391460e+001
2.254117e+003, 3.389338e+001
2.256045e+003, 3.425648e+001
2.257974e+003, 3.396890e+001
2.259902e+003, 3.323077e+001
2.261831e+003, 3.317748e+001
2.263759e+003, 3.326196e+001
2.265688e+003, 3.328581e+001
2.267616e+003, 3.316506e+001
2.269545e+003, 3.302957e+001
2.271473e+003, 3.303854e+001
2.273402e+003, 3.306321e+001
2.275330e+003, 3.303248e+001
2.277259e+003, 3.270742e+001
2.279187e+003, 3.249338e+001
2.281115e+003, 3.250659e+001
2.283044e+003, 3.231271e+001
2.284972e+003, 3.218665e+001
2.286901e+003, 3.259242e+001
2.288829e+003, 3.251573e+001
2.290758e+003, 3.211910e+001
2.292686e+003, 3.200484e+001
2.294615e+003, 3.183777e+001
2.296543e+003, 3.152641e+001
2.298472e+003, 3.140193e+001
2.300400e+003, 3.138659e+001
2.302329e+003, 3.146037e+001
2.304257e+003, 3.148227e+001
2.306186e+003, 3.146512e+001
2.308114e+003, 3.143460e+001
2.310042e+003, 3.147585e+001
2.311971e+003, 3.154433e+001
2.313899e+003, 3.087085e+001
2.315828e+003, 3.033795e+001
2.317756e+003, 3.040405e+001
2.319685e+003, 3.078751e+001
2.321613e+003, 3.116923e+001
2.323542e+003, 3.111979e+001
2.325470e+003, 3.143881e+001
2.327399e+003, 3.206446e+001
2.329327e+003, 3.250129e+001
2.331256e+003, 3.267705e+001
2.333184e+003, 3.254479e+001
2.335113e+003, 3.167001e+001
2.337041e+003, 3.089991e+001
2.338969e+003, 3.087550e+001
2.340898e+003, 3.043546e+001
2.342826e+003, 2.984283e+001
2.344755e+003, 2.967209e+001
2.346683e+003, 2.977423e+001
2.348612e+003, 2.997510e+001
2.350540e+003, 2.959418e+001
2.352469e+003, 2.941257e+001
2.354397e+003, 2.968237e+001
2.356326e+003, 2.929770e+001
2.358254e+003, 2.892832e+001
2.360183e+003, 2.937613e+001
2.362111e+003, 2.918766e+001
2.364040e+003, 2.875430e+001
2.365968e+003, 2.891598e+001
2.367896e+003, 2.889085e+001
2.369825e+003, 2.865043e+001
2.371753e+003, 2.867951e+001
2.373682e+003, 2.860701e+001
2.375610e+003, 2.827498e+001
2.377539e+003, 2.835687e+001
2.379467e+003, 2.837889e+001
2.381396e+003, 2.788623e+001
2.383324e+003, 2.795334e+001
2.385253e+003, 2.812267e+001
2.387181e+003, 2.763230e+001
2.389110e+003, 2.753789e+001
2.391038e+003, 2.771427e+001
2.392967e+003, 2.707726e+001
2.394895e+003, 2.692627e+001
2.396823e+003, 2.751154e+001
2.398752e+003, 2.762851e+001
2.400680e+003, 2.751696e+001
2.402609e+003, 2.729739e+001
2.404537e+003, 2.726654e+001
2.406466e+003, 2.722117e+001
2.408394e+003, 2.695671e+001
2.410323e+003, 2.679362e+001
2.412251e+003, 2.680463e+001
2.414180e+003, 2.728058e+001
2.416108e+003, 2.728549e+001
2.418037e+003, 2.684863e+001
2.419965e+003, 2.636364e+001
2.421894e+003, 2.621619e+001
2.423822e+003, 2.639118e+001
2.425750e+003, 2.618122e+001
2.427679e+003, 2.604642e+001
2.429607e+003, 2.620281e+001
2.431536e+003, 2.603698e+001
2.433464e+003, 2.581717e+001
2.435393e+003, 2.582990e+001
2.437321e+003, 2.553775e+001
2.439250e+003, 2.527723e+001
2.441178e+003, 2.565087e+001
2.443107e+003, 2.567262e+001
2.445035e+003, 2.544324e+001
2.446964e+003, 2.533054e+001
2.448892e+003, 2.544518e+001
2.450821e+003, 2.564848e+001
2.452749e+003, 2.506030e+001
2.454677e+003, 2.488924e+001
2.456606e+003, 2.542125e+001
2.458534e+003, 2.525180e+001
2.460463e+003, 2.490724e+001
2.462391e+003, 2.462585e+001
2.464320e+003, 2.452785e+001
2.466248e+003, 2.449127e+001
2.468177e+003, 2.443744e+001
2.470105e+003, 2.428677e+001
2.472034e+003, 2.414115e+001
2.473962e+003, 2.410846e+001
2.475891e+003, 2.399335e+001
2.477819e+003, 2.392677e+001
2.479748e+003, 2.425906e+001
2.481676e+003, 2.409820e+001
2.483604e+003, 2.366797e+001
2.485533e+003, 2.386608e+001
2.487461e+003, 2.371245e+001
2.489390e+003, 2.327417e+001
2.491318e+003, 2.350219e+001
2.493247e+003, 2.345888e+001
2.495175e+003, 2.303141e+001
2.497104e+003, 2.277003e+001
2.499032e+003, 2.266932e+001
2.500961e+003, 2.269065e+001
2.502889e+003, 2.256606e+001
2.504818e+003, 2.259259e+001
2.506746e+003, 2.291373e+001
2.508675e+003, 2.289385e+001
2.510603e+003, 2.273284e+001
2.512531e+003, 2.254245e+001
2.514460e+003, 2.235053e+001
2.516388e+003, 2.229390e+001
2.518317e+003, 2.259878e+001
2.520245e+003, 2.251797e+001
2.522174e+003, 2.232556e+001
2.524102e+003, 2.231491e+001
2.526031e+003, 2.229378e+001
2.527959e+003, 2.228256e+001
2.529888e+003, 2.232496e+001
2.531816e+003, 2.247935e+001
2.533745e+003, 2.248650e+001
2.535673e+003, 2.183406e+001
2.537602e+003, 2.172970e+001
2.539530e+003, 2.198437e+001
2.541458e+003, 2.198523e+001
2.543387e+003, 2.194891e+001
2.545315e+003, 2.195404e+001
2.547244e+003, 2.222040e+001
2.549172e+003, 2.219303e+001
2.551101e+003, 2.190422e+001
2.553029e+003, 2.162305e+001
2.554958e+003, 2.148481e+001
2.556886e+003, 2.155898e+001
2.558815e+003, 2.206269e+001
2.560743e+003, 2.238803e+001
2.562672e+003, 2.249429e+001
2.564600e+003, 2.280313e+001
2.566529e+003, 2.289000e+001
2.568457e+003, 2.270151e+001
2.570385e+003, 2.239822e+001
2.572314e+003, 2.196211e+001
2.574242e+003, 2.151580e+001
2.576171e+003, 2.165269e+001
2.578099e+003, 2.186738e+001
2.580028e+003, 2.195929e+001
2.581956e+003, 2.160047e+001
2.583885e+003, 2.113128e+001
2.585813e+003, 2.066429e+001
2.587742e+003, 2.013553e+001
2.589670e+003, 2.008758e+001
2.591599e+003, 2.052948e+001
2.593527e+003, 2.007880e+001
2.595456e+003, 1.971000e+001
2.597384e+003, 1.965891e+001
2.599313e+003, 1.939656e+001
2.601241e+003, 1.940394e+001
2.603169e+003, 1.973209e+001
2.605098e+003, 1.971033e+001
2.607026e+003, 1.954888e+001
2.608955e+003, 1.932147e+001
2.610883e+003, 1.905367e+001
2.612812e+003, 1.886798e+001
2.614740e+003, 1.879538e+001
2.616669e+003, 1.884891e+001
2.618597e+003, 1.874360e+001
2.620526e+003, 1.853585e+001
2.622454e+003, 1.894238e+001
2.624383e+003, 1.882800e+001
2.626311e+003, 1.831535e+001
2.628240e+003, 1.913833e+001
2.630168e+003, 1.905812e+001
2.632096e+003, 1.815588e+001
2.634025e+003, 1.823278e+001
2.635953e+003, 1.834072e+001
2.637882e+003, 1.832757e+001
2.639810e+003, 1.832395e+001
2.641739e+003, 1.837047e+001
2.643667e+003, 1.838825e+001
2.645596e+003, 1.812585e+001
2.647524e+003, 1.803815e+001
2.649453e+003, 1.809212e+001
2.651381e+003, 1.816566e+001
2.653310e+003, 1.799829e+001
2.655238e+003, 1.773591e+001
2.657167e+003, 1.760639e+001
2.659095e+003, 1.774479e+001
2.661023e+003, 1.787204e+001
2.662952e+003, 1.762933e+001
2.664880e+003, 1.748651e+001
2.666809e+003, 1.743223e+001
2.668737e+003, 1.741600e+001
2.670666e+003, 1.729019e+001
2.672594e+003, 1.713031e+001
2.674523e+003, 1.699972e+001
2.676451e+003, 1.701828e+001
2.678380e+003, 1.690075e+001
2.680308e+003, 1.653228e+001
2.682237e+003, 1.691311e+001
2.684165e+003, 1.710333e+001
2.686094e+003, 1.673009e+001
2.688022e+003, 1.632580e+001
2.689950e+003, 1.636175e+001
2.691879e+003, 1.677870e+001
2.693807e+003, 1.646830e+001
2.695736e+003, 1.625366e+001
2.697664e+003, 1.626928e+001
2.699593e+003, 1.609599e+001
2.701521e+003, 1.618520e+001
2.703450e+003, 1.635841e+001
2.705378e+003, 1.584001e+001
2.707307e+003, 1.604517e+001
2.709235e+003, 1.636583e+001
2.711164e+003, 1.520240e+001
2.713092e+003, 1.521334e+001
2.715021e+003, 1.569410e+001
2.716949e+003, 1.551715e+001
2.718877e+003, 1.572533e+001
2.720806e+003, 1.584894e+001
2.722734e+003, 1.540636e+001
2.724663e+003, 1.559618e+001
2.726591e+003, 1.561439e+001
2.728520e+003, 1.504805e+001
2.730448e+003, 1.513977e+001
2.732377e+003, 1.524366e+001
2.734305e+003, 1.515090e+001
2.736234e+003, 1.502134e+001
2.738162e+003, 1.493250e+001
2.740091e+003, 1.486874e+001
2.742019e+003, 1.471710e+001
2.743948e+003, 1.463026e+001
2.745876e+003, 1.465094e+001
2.747804e+003, 1.481789e+001
2.749733e+003, 1.515718e+001
2.751661e+003, 1.524122e+001
2.753590e+003, 1.466539e+001
2.755518e+003, 1.477318e+001
2.757447e+003, 1.482712e+001
2.759375e+003, 1.443154e+001
2.761304e+003, 1.405732e+001
2.763232e+003, 1.403446e+001
2.765161e+003, 1.428433e+001
2.767089e+003, 1.400999e+001
2.769018e+003, 1.410699e+001
2.770946e+003, 1.445701e+001
2.772875e+003, 1.443882e+001
2.774803e+003, 1.400059e+001
2.776731e+003, 1.361499e+001
2.778660e+003, 1.405516e+001
2.780588e+003, 1.361216e+001
2.782517e+003, 1.331175e+001
2.784445e+003, 1.406141e+001
2.786374e+003, 1.385333e+001
2.788302e+003, 1.338137e+001
2.790231e+003, 1.302028e+001
2.792159e+003, 1.352055e+001
2.794088e+003, 1.367942e+001
2.796016e+003, 1.348203e+001
2.797945e+003, 1.353503e+001
2.799873e+003, 1.325172e+001
2.801802e+003, 1.292334e+001
2.803730e+003, 1.292854e+001
2.805658e+003, 1.285587e+001
2.807587e+003, 1.275107e+001
2.809515e+003, 1.266513e+001
2.811444e+003, 1.264859e+001
2.813372e+003, 1.267754e+001
2.815301e+003, 1.266968e+001
2.817229e+003, 1.228965e+001
2.819158e+003, 1.228270e+001
2.821086e+003, 1.243932e+001
2.823015e+003, 1.212009e+001
2.824943e+003, 1.234835e+001
2.826872e+003, 1.248351e+001
2.828800e+003, 1.200673e+001
2.830729e+003, 1.228921e+001
2.832657e+003, 1.235690e+001
2.834585e+003, 1.202795e+001
2.836514e+003, 1.215524e+001
2.838442e+003, 1.240141e+001
2.840371e+003, 1.252327e+001
2.842299e+003, 1.219899e+001
2.844228e+003, 1.208593e+001
2.846156e+003, 1.192843e+001
2.848085e+003, 1.144748e+001
2.850013e+003, 1.150726e+001
2.851942e+003, 1.159618e+001
2.853870e+003, 1.158445e+001
2.855799e+003, 1.187053e+001
2.857727e+003, 1.173882e+001
2.859656e+003, 1.144425e+001
2.861584e+003, 1.150719e+001
2.863512e+003, 1.142746e+001
2.865441e+003, 1.130166e+001
2.867369e+003, 1.122132e+001
2.869298e+003, 1.120919e+001
2.871226e+003, 1.122068e+001
2.873155e+003, 1.124378e+001
2.875083e+003, 1.131271e+001
2.877012e+003, 1.125760e+001
2.878940e+003, 1.114189e+001
2.880869e+003, 1.105061e+001
2.882797e+003, 1.073980e+001
2.884726e+003, 1.070155e+001
2.886654e+003, 1.100323e+001
2.888583e+003, 1.104431e+001
2.890511e+003, 1.099027e+001
2.892439e+003, 1.089252e+001
2.894368e+003, 1.074816e+001
2.896296e+003, 1.068890e+001
2.898225e+003, 1.062864e+001
2.900153e+003, 1.051101e+001
2.902082e+003, 1.054464e+001
2.904010e+003, 1.027664e+001
2.905939e+003, 9.958449e+000
2.907867e+003, 1.041320e+001
2.909796e+003, 1.047102e+001
2.911724e+003, 1.036329e+001
2.913653e+003, 1.036977e+001
2.915581e+003, 1.044321e+001
2.917510e+003, 1.039943e+001
2.919438e+003, 1.022096e+001
2.921366e+003, 9.953913e+000
2.923295e+003, 1.028296e+001
2.925223e+003, 1.048704e+001
2.927152e+003, 9.978370e+000
2.929080e+003, 9.776216e+000
2.931009e+003, 9.985364e+000
2.932937e+003, 1.035634e+001
2.934866e+003, 9.983355e+000
2.936794e+003, 1.015256e+001
2.938723e+003, 1.048814e+001
2.940651e+003, 1.050906e+001
2.942580e+003, 1.040044e+001
2.944508e+003, 1.022428e+001
2.946437e+003, 1.006903e+001
2.948365e+003, 1.012536e+001
2.950293e+003, 1.021462e+001
2.952222e+003, 1.021707e+001
2.954150e+003, 1.002846e+001
2.956079e+003, 1.019739e+001
2.958007e+003, 1.013724e+001
2.959936e+003, 9.836066e+000
2.961864e+003, 9.683613e+000
2.963793e+003, 9.805043e+000
2.965721e+003, 9.948124e+000
2.967650e+003, 9.913712e+000
2.969578e+003, 9.686001e+000
2.971507e+003, 9.345733e+000
2.973435e+003, 9.260789e+000
2.975364e+003, 1.013220e+001
2.977292e+003, 9.748759e+000
2.979220e+003, 9.367692e+000
2.981149e+003, 9.715880e+000
2.983077e+003, 9.790375e+000
2.985006e+003, 9.845975e+000
2.986934e+003, 9.765134e+000
2.988863e+003, 9.327148e+000
2.990791e+003, 9.453721e+000
2.992720e+003, 9.460530e+000
2.994648e+003, 9.188107e+000
2.996577e+003, 9.124518e+000
2.998505e+003, 9.099807e+000
3.000434e+003, 9.137431e+000
3.002362e+003, 9.259967e+000
3.004291e+003, 8.991088e+000
3.006219e+003, 9.047678e+000
3.008147e+003, 9.297589e+000
3.010076e+003, 9.077908e+000
3.012004e+003, 9.014586e+000
3.013933e+003, 9.226393e+000
3.015861e+003, 9.602962e+000
3.017790e+003, 9.164280e+000
3.019718e+003, 8.677584e+000
3.021647e+003, 8.511109e+000
3.023575e+003, 8.887380e+000
3.025504e+003, 9.382306e+000
3.027432e+003, 9.096749e+000
3.029361e+003, 8.407675e+000
3.031289e+003, 8.634203e+000
3.033218e+003, 8.666135e+000
3.035146e+003, 8.646727e+000
3.037074e+003, 8.717772e+000
3.039003e+003, 8.932001e+000
3.040931e+003, 8.854450e+000
3.042860e+003, 8.655562e+000
3.044788e+003, 8.553890e+000
3.046717e+003, 8.622114e+000
3.048645e+003, 8.621943e+000
3.050574e+003, 8.612325e+000
3.052502e+003, 8.830647e+000
3.054431e+003, 8.747804e+000
3.056359e+003, 8.730730e+000
3.058288e+003, 8.801990e+000
3.060216e+003, 8.487502e+000
3.062145e+003, 8.374986e+000
3.064073e+003, 8.574622e+000
3.066001e+003, 8.994246e+000
3.067930e+003, 8.529632e+000
3.069858e+003, 8.304345e+000
3.071787e+003, 8.412004e+000
3.073715e+003, 8.756973e+000
3.075644e+003, 8.707134e+000
3.077572e+003, 8.564799e+000
3.079501e+003, 8.490347e+000
3.081429e+003, 8.603882e+000
3.083358e+003, 8.324373e+000
3.085286e+003, 8.396873e+000
3.087215e+003, 8.792022e+000
3.089143e+003, 8.549348e+000
3.091072e+003, 8.536098e+000
3.093000e+003, 8.418155e+000
3.094928e+003, 8.125349e+000
3.096857e+003, 8.506774e+000
3.098785e+003, 8.784166e+000
3.100714e+003, 8.728960e+000
3.102642e+003, 8.354518e+000
3.104571e+003, 8.139114e+000
3.106499e+003, 8.423511e+000
3.108428e+003, 8.787148e+000
3.110356e+003, 8.782777e+000
3.112285e+003, 8.936093e+000
3.114213e+003, 8.650157e+000
3.116142e+003, 8.279948e+000
3.118070e+003, 8.522268e+000
3.119999e+003, 8.640758e+000
3.121927e+003, 8.634184e+000
3.123855e+003, 8.559825e+000
3.125784e+003, 8.496477e+000
3.127712e+003, 8.441621e+000
3.129641e+003, 8.322196e+000
3.131569e+003, 8.213801e+000
3.133498e+003, 8.328646e+000
3.135426e+003, 8.510012e+000
3.137355e+003, 8.579805e+000
3.139283e+003, 8.555367e+000
3.141212e+003, 8.671375e+000
3.143140e+003, 8.686072e+000
3.145069e+003, 8.697708e+000
3.146997e+003, 8.691235e+000
3.148926e+003, 8.395259e+000
3.150854e+003, 8.248478e+000
3.152782e+003, 8.555772e+000
3.154711e+003, 9.108891e+000
3.156639e+003, 8.672338e+000
3.158568e+003, 8.682674e+000
3.160496e+003, 8.656748e+000
3.162425e+003, 8.369159e+000
3.164353e+003, 8.166491e+000
3.166282e+003, 8.257730e+000
3.168210e+003, 8.549253e+000
3.170139e+003, 8.831369e+000
3.172067e+003, 8.540822e+000
3.173996e+003, 8.505292e+000
3.175924e+003, 8.508522e+000
3.177853e+003, 8.400718e+000
3.179781e+003, 8.354579e+000
3.181709e+003, 8.397404e+000
3.183638e+003, 8.574615e+000
3.185566e+003, 8.780491e+000
3.187495e+003, 8.508699e+000
3.189423e+003, 8.377194e+000
3.191352e+003, 8.363248e+000
3.193280e+003, 8.404782e+000
3.195209e+003, 8.504516e+000
3.197137e+003, 8.414155e+000
3.199066e+003, 8.387506e+000
3.200994e+003, 8.458063e+000
3.202923e+003, 8.313239e+000
3.204851e+003, 8.298677e+000
3.206780e+003, 8.413566e+000
3.208708e+003, 8.511791e+000
3.210636e+003, 8.264336e+000
3.212565e+003, 8.346398e+000
3.214493e+003, 8.534725e+000
3.216422e+003, 8.655366e+000
3.218350e+003, 8.579470e+000
3.220279e+003, 8.496530e+000
3.222207e+003, 8.633520e+000
3.224136e+003, 8.785366e+000
3.226064e+003, 8.542833e+000
3.227993e+003, 8.231100e+000
3.229921e+003, 8.133009e+000
3.231850e+003, 8.205620e+000
3.233778e+003, 8.327195e+000
3.235707e+003, 8.068333e+000
3.237635e+003, 8.162128e+000
3.239563e+003, 8.440497e+000
3.241492e+003, 8.586529e+000
3.243420e+003, 8.102454e+000
3.245349e+003, 7.775784e+000
3.247277e+003, 7.650115e+000
3.249206e+003, 7.669014e+000
3.251134e+003, 7.847110e+000
3.253063e+003, 8.175694e+000
3.254991e+003, 8.210665e+000
3.256920e+003, 7.936221e+000
3.258848e+003, 7.841591e+000
3.260777e+003, 7.610789e+000
3.262705e+003, 7.881366e+000
3.264634e+003, 8.342616e+000
3.266562e+003, 8.177480e+000
3.268490e+003, 8.287996e+000
3.270419e+003, 8.011158e+000
3.272347e+003, 7.797598e+000
3.274276e+003, 8.213910e+000
3.276204e+003, 8.414557e+000
3.278133e+003, 8.407037e+000
3.280061e+003, 8.236247e+000
3.281990e+003, 8.020911e+000
3.283918e+003, 8.155628e+000
3.285847e+003, 8.230113e+000
3.287775e+003, 8.309558e+000
3.289704e+003, 8.309977e+000
3.291632e+003, 7.968050e+000
3.293561e+003, 8.043892e+000
3.295489e+003, 7.798425e+000
3.297417e+003, 7.679199e+000
3.299346e+003, 8.271312e+000
3.301274e+003, 7.881147e+000
3.303203e+003, 8.186768e+000
3.305131e+003, 8.197646e+000
3.307060e+003, 7.529777e+000
3.308988e+003, 7.939567e+000
3.310917e+003, 8.040399e+000
3.312845e+003, 8.228151e+000
3.314774e+003, 8.373207e+000
3.316702e+003, 7.935798e+000
3.318631e+003, 7.869112e+000
3.320559e+003, 7.727540e+000
3.322488e+003, 7.594548e+000
3.324416e+003, 7.637264e+000
3.326344e+003, 7.766875e+000
3.328273e+003, 7.932250e+000
3.330201e+003, 7.874066e+000
3.332130e+003, 7.566129e+000
3.334058e+003, 7.178017e+000
3.335987e+003, 7.520539e+000
3.337915e+003, 7.551264e+000
3.339844e+003, 7.435026e+000
3.341772e+003, 7.593030e+000
3.343701e+003, 7.694966e+000
3.345629e+003, 7.871522e+000
3.347558e+003, 7.917203e+000
3.349486e+003, 7.812592e+000
3.351415e+003, 7.768793e+000
3.353343e+003, 7.736457e+000
3.355271e+003, 7.788850e+000
3.357200e+003, 7.853224e+000
3.359128e+003, 7.838154e+000
3.361057e+003, 7.749659e+000
3.362985e+003, 7.560457e+000
3.364914e+003, 7.440415e+000
3.366842e+003, 7.431446e+000
3.368771e+003, 7.451935e+000
3.370699e+003, 7.981388e+000
3.372628e+003, 7.872221e+000
3.374556e+003, 7.579509e+000
3.376485e+003, 7.592589e+000
3.378413e+003, 7.401468e+000
3.380342e+003, 7.499537e+000
3.382270e+003, 7.737272e+000
3.384198e+003, 7.776895e+000
3.386127e+003, 7.316700e+000
3.388055e+003, 7.684319e+000
3.389984e+003, 7.705842e+000
3.391912e+003, 7.687890e+000
3.393841e+003, 7.679289e+000
3.395769e+003, 7.171195e+000
3.397698e+003, 7.317498e+000
3.399626e+003, 7.329619e+000
3.401555e+003, 7.327715e+000
3.403483e+003, 7.534729e+000
3.405412e+003, 7.694754e+000
3.407340e+003, 7.575689e+000
3.409269e+003, 7.431375e+000
3.411197e+003, 7.498855e+000
3.413125e+003, 7.875875e+000
3.415054e+003, 8.230294e+000
3.416982e+003, 8.600165e+000
3.418911e+003, 8.585635e+000
3.420839e+003, 8.246504e+000
3.422768e+003, 7.966856e+000
3.424696e+003, 8.183879e+000
3.426625e+003, 8.281444e+000
3.428553e+003, 8.266916e+000
3.430482e+003, 8.213706e+000
3.432410e+003, 8.102853e+000
3.434339e+003, 7.602487e+000
3.436267e+003, 7.452718e+000
3.438196e+003, 7.458838e+000
3.440124e+003, 7.344215e+000
3.442052e+003, 7.103704e+000
3.443981e+003, 7.178726e+000
3.445909e+003, 7.524868e+000
3.447838e+003, 7.437193e+000
3.449766e+003, 6.758266e+000
3.451695e+003, 7.023322e+000
3.453623e+003, 7.102106e+000
3.455552e+003, 7.095642e+000
##END=



