##NAMES=Perryite
##RRUFFID=R070052
##IDEAL CHEMISTRY=(Ni,Fe)_8_(Si,P)_3_
##LOCALITY=Mount Egerton meteorite, Gaskoyne River, Western Australia, Australia
##OWNER=RRUFF
##SOURCE=Michael Scott
##DESCRIPTION=Gray metallic polished fragment embedded in epoxy
##STATUS=The identification of this mineral is not yet confirmed
##URL=https://www.rruff.net/odr/rruff_sample/R070052
##FILETYPE=Raman RAW
##RAMAN WAVELENGTH=532

142.2199, 55.80525
144.1484, 62.38509
146.0769, 69.86601
148.0053, 75.82011
149.9338, 80.26788
151.8623, 83.44029
153.7907, 84.52615
155.7192, 84.03162
157.6477, 85.41472
159.5761, 91.62355
161.5046, 97.12695
163.4331, 98.76198
165.3615, 91.64017
167.2900, 86.72038
169.2185, 86.48049
171.1469, 89.71796
173.0754, 91.67175
175.0039, 90.54697
176.9323, 88.66412
178.8608, 87.66554
180.7893, 88.73370
182.7177, 88.75791
184.6462, 85.62351
186.5747, 80.06541
188.5031, 76.97179
190.4316, 78.78640
192.3601, 81.72607
194.2885, 83.04517
196.2170, 82.77445
198.1455, 81.36320
200.0739, 77.97091
202.0024, 72.71560
203.9309, 70.12450
205.8593, 71.88882
207.7878, 74.91701
209.7163, 77.38329
211.6447, 79.80880
213.5732, 80.36552
215.5017, 77.81810
217.4301, 72.49399
219.3586, 68.60666
221.2871, 67.09192
223.2155, 66.36863
225.1440, 65.43029
227.0725, 63.04578
229.0009, 62.22382
230.9294, 64.30158
232.8579, 68.03542
234.7863, 70.31139
236.7148, 69.91045
238.6433, 68.77891
240.5717, 67.47617
242.5002, 65.46006
244.4287, 64.19804
246.3571, 65.01243
248.2856, 67.08173
250.2141, 68.03727
252.1425, 66.33659
254.0710, 64.46581
255.9995, 64.09130
257.9279, 65.49666
259.8564, 66.33131
261.7849, 65.12093
263.7133, 62.88389
265.6418, 61.86626
267.5703, 62.90582
269.4987, 64.20143
271.4272, 65.34376
273.3557, 66.35410
275.2841, 66.32082
277.2126, 63.98369
279.1411, 61.47012
281.0695, 62.06251
282.9980, 68.20426
284.9265, 72.41396
286.8549, 71.00869
288.7834, 62.70328
290.7119, 57.97735
292.6404, 59.80071
294.5688, 63.93258
296.4973, 65.93176
298.4258, 65.00800
300.3542, 63.58617
302.2827, 62.66674
304.2112, 62.34506
306.1396, 62.46503
308.0681, 62.63205
309.9966, 63.37275
311.9250, 65.08337
313.8535, 68.63260
315.7820, 69.98933
317.7104, 67.64961
319.6389, 62.70481
321.5674, 58.60622
323.4958, 55.22197
325.4243, 53.02481
327.3528, 52.65825
329.2812, 55.21151
331.2097, 58.46229
333.1381, 61.84546
335.0666, 64.14127
336.9951, 64.47673
338.9235, 62.47875
340.8520, 60.31503
342.7805, 58.96667
344.7089, 58.83826
346.6374, 59.90248
348.5659, 61.21521
350.4943, 61.78190
352.4228, 61.80651
354.3513, 62.40249
356.2797, 62.37468
358.2082, 60.67469
360.1367, 58.15136
362.0651, 56.98700
363.9936, 57.18126
365.9221, 57.19383
367.8505, 56.77426
369.7790, 56.20542
371.7075, 55.62325
373.6359, 55.36356
375.5644, 55.90183
377.4929, 57.39526
379.4213, 59.29878
381.3498, 59.85302
383.2783, 58.88170
385.2067, 56.98312
387.1352, 55.87873
389.0637, 56.18572
390.9921, 56.94572
392.9206, 57.62932
394.8491, 57.88350
396.7775, 57.06208
398.7060, 54.68927
400.6345, 52.13614
402.5629, 51.33667
404.4914, 53.32383
406.4199, 55.10847
408.3483, 54.76600
410.2768, 51.99939
412.2053, 50.94029
414.1337, 55.07587
416.0622, 59.46161
417.9907, 60.37536
419.9191, 56.20356
421.8476, 52.86607
423.7761, 53.60302
425.7045, 56.54340
427.6330, 57.96373
429.5615, 57.07035
431.4899, 56.26350
433.4184, 55.66954
435.3469, 54.84066
437.2753, 54.82272
439.2038, 57.79305
441.1323, 60.00175
443.0607, 58.41839
444.9892, 52.68217
446.9177, 49.26665
448.8461, 51.49590
450.7746, 55.66195
452.7031, 57.70409
454.6315, 53.96281
456.5600, 51.32853
458.4885, 51.52204
460.4169, 53.95774
462.3454, 55.31714
464.2739, 55.23506
466.2023, 54.85485
468.1308, 54.62836
470.0593, 52.73899
471.9877, 51.25014
473.9162, 52.09277
475.8447, 54.21916
477.7731, 55.80416
479.7016, 54.17807
481.6301, 51.81285
483.5585, 49.35293
485.4870, 48.25930
487.4155, 48.60904
489.3439, 49.01904
491.2724, 50.04832
493.2009, 52.78243
495.1293, 58.13684
497.0578, 61.45872
498.9863, 61.29111
500.9147, 59.30029
502.8432, 55.96605
504.7717, 51.79290
506.7001, 48.89938
508.6286, 48.16054
510.5571, 48.78263
512.4855, 50.48903
514.4140, 54.12631
516.3425, 55.71677
518.2709, 52.72268
520.1994, 47.92452
522.1279, 46.18267
524.0563, 50.34055
525.9848, 54.23447
527.9133, 55.23643
529.8417, 52.85793
531.7702, 51.36065
533.6987, 50.45226
535.6271, 50.37931
537.5556, 52.00093
539.4841, 56.07996
541.4125, 58.02107
543.3410, 55.09826
545.2695, 50.64331
547.1979, 49.43644
549.1264, 53.20021
551.0549, 56.27098
552.9833, 56.31580
554.9118, 54.17446
556.8403, 53.05777
558.7687, 54.70002
560.6972, 56.07863
562.6257, 56.37205
564.5541, 55.03426
566.4826, 53.50022
568.4111, 51.40643
570.3395, 50.23541
572.2680, 50.38028
574.1965, 51.11799
576.1249, 52.36368
578.0534, 55.37563
579.9819, 58.36372
581.9103, 58.95586
583.8388, 56.62138
585.7673, 54.13507
587.6957, 51.59895
589.6242, 49.99508
591.5527, 49.83537
593.4811, 51.50558
595.4096, 52.35357
597.3381, 50.93784
599.2665, 48.87778
601.1950, 48.06982
603.1235, 49.48436
605.0519, 50.87995
606.9804, 51.88666
608.9089, 52.33263
610.8373, 52.24999
612.7658, 50.83274
614.6943, 49.73964
616.6227, 49.78490
618.5512, 50.95264
620.4797, 52.36322
622.4081, 54.87339
624.3366, 56.96092
626.2651, 57.17847
628.1935, 55.00143
630.1220, 53.40438
632.0505, 53.85817
633.9789, 54.41880
635.9074, 53.18830
637.8359, 48.60478
639.7643, 45.42165
641.6928, 44.31890
643.6213, 44.62571
645.5497, 45.76177
647.4782, 48.26025
649.4067, 50.26000
651.3351, 51.05721
653.2636, 50.78611
655.1921, 50.31266
657.1205, 49.44579
659.0490, 48.91508
660.9775, 48.30301
662.9059, 47.88145
664.8344, 48.06097
666.7629, 48.90971
668.6913, 49.49847
670.6198, 50.14215
672.5483, 51.58085
674.4767, 52.28996
676.4052, 51.29626
678.3337, 49.42009
680.2621, 48.39387
682.1906, 48.13044
684.1191, 47.74520
686.0475, 46.46060
687.9760, 45.98466
689.9045, 46.64535
691.8329, 48.66692
693.7614, 50.53494
695.6899, 52.69711
697.6183, 54.14252
699.5468, 54.85845
701.4753, 55.36804
703.4037, 55.54998
705.3322, 54.72875
707.2607, 53.11810
709.1891, 51.86232
711.1176, 51.12879
713.0461, 50.90329
714.9745, 51.53732
716.9030, 52.65926
718.8315, 53.00676
720.7599, 51.93314
722.6884, 51.29551
724.6169, 52.33622
726.5453, 54.97425
728.4738, 56.63413
730.4023, 56.52060
732.3307, 55.84465
734.2592, 55.67994
736.1877, 54.02414
738.1161, 52.62762
740.0446, 51.94632
741.9731, 53.09557
743.9016, 55.24169
745.8300, 57.14559
747.7585, 57.59602
749.6870, 56.09521
751.6154, 54.61385
753.5439, 55.49171
755.4724, 57.53733
757.4008, 57.52215
759.3293, 53.45421
761.2578, 50.04302
763.1862, 49.01839
765.1147, 50.05613
767.0432, 50.98180
768.9716, 51.36920
770.9001, 51.30209
772.8286, 51.05652
774.7570, 49.77312
776.6855, 48.49918
778.6140, 47.85532
780.5424, 48.53178
782.4709, 49.52889
784.3994, 50.58399
786.3278, 51.33867
788.2563, 51.78860
790.1848, 51.65298
792.1132, 50.97224
794.0417, 50.17359
795.9702, 49.68029
797.8986, 49.88836
799.8271, 49.24613
801.7556, 47.24006
803.6840, 45.38629
805.6125, 45.53584
807.5410, 47.94910
809.4694, 50.34344
811.3979, 51.40010
813.3264, 51.74166
815.2548, 51.96991
817.1833, 52.34404
819.1118, 51.19887
821.0402, 48.68229
822.9687, 46.65301
824.8972, 46.55926
826.8256, 48.26789
828.7541, 50.42916
830.6826, 51.81070
832.6110, 50.71862
834.5395, 48.52002
836.4680, 47.11785
838.3964, 48.49420
840.3249, 48.55987
842.2534, 47.72708
844.1818, 47.42791
846.1103, 48.50823
848.0388, 50.25793
849.9672, 51.59311
851.8957, 52.36219
853.8242, 53.09100
855.7526, 54.22871
857.6811, 53.42605
859.6096, 51.04164
861.5380, 49.68570
863.4665, 49.65205
865.3950, 49.98666
867.3234, 50.31538
869.2519, 52.15381
871.1804, 54.04650
873.1088, 53.99423
875.0373, 51.39666
876.9658, 48.81705
878.8942, 50.23438
880.8227, 52.09098
882.7512, 53.05452
884.6796, 53.21043
886.6081, 53.91322
888.5366, 52.33339
890.4650, 49.86712
892.3935, 48.89580
894.3220, 49.19233
896.2504, 48.67963
898.1789, 49.10752
900.1074, 50.84010
902.0358, 51.39734
903.9643, 50.89928
905.8928, 51.94128
907.8212, 54.44828
909.7497, 54.27781
911.6782, 51.42732
913.6066, 48.67451
915.5351, 47.35919
917.4636, 48.22894
919.3920, 50.88484
921.3205, 53.18999
923.2490, 55.14968
925.1774, 57.90895
927.1059, 60.53833
929.0344, 59.45419
930.9628, 56.24790
932.8913, 54.77608
934.8198, 55.95123
936.7482, 57.00717
938.6767, 57.21075
940.6052, 58.78755
942.5336, 59.49646
944.4621, 57.92765
946.3906, 54.92608
948.3190, 53.40553
950.2475, 53.00069
952.1760, 53.07505
954.1044, 54.38099
956.0329, 56.24843
957.9614, 57.68954
959.8898, 57.11380
961.8183, 55.50374
963.7468, 53.72408
965.6752, 52.92175
967.6037, 53.31290
969.5322, 54.40579
971.4606, 55.34497
973.3891, 54.56193
975.3176, 53.10232
977.2460, 50.91538
979.1745, 50.72159
981.1030, 52.34083
983.0314, 56.44512
984.9599, 59.86307
986.8884, 61.77166
988.8168, 61.87577
990.7453, 61.39232
992.6738, 58.64533
994.6022, 56.08334
996.5307, 54.34504
998.4592, 54.54755
1000.388, 56.12753
1002.316, 57.91642
1004.245, 58.20799
1006.173, 55.40427
1008.102, 53.41400
1010.030, 54.28357
1011.958, 57.03115
1013.887, 58.56619
1015.815, 57.59941
1017.744, 57.22174
1019.672, 59.63050
1021.601, 63.42807
1023.529, 64.39232
1025.458, 61.87589
1027.386, 60.16037
1029.315, 60.92044
1031.243, 61.99746
1033.172, 63.06470
1035.100, 64.48474
1037.028, 65.13445
1038.957, 64.38359
1040.885, 63.66750
1042.814, 63.73592
1044.742, 64.97295
1046.671, 65.68949
1048.599, 64.97135
1050.528, 64.19098
1052.456, 64.31735
1054.385, 65.06759
1056.313, 66.11910
1058.242, 68.34222
1060.170, 69.08507
1062.099, 66.69141
1064.027, 63.50101
1065.955, 61.81213
1067.884, 61.67463
1069.812, 61.12732
1071.741, 59.62479
1073.669, 58.51460
1075.598, 58.60110
1077.526, 59.52857
1079.455, 60.16384
1081.383, 60.08905
1083.312, 60.27147
1085.240, 62.14809
1087.169, 64.13306
1089.097, 63.46446
1091.026, 57.23771
1092.954, 53.76822
1094.882, 55.15733
1096.811, 57.60761
1098.739, 58.29361
1100.668, 57.50648
1102.596, 57.53172
1104.525, 59.29345
1106.453, 60.73000
1108.382, 60.74393
1110.310, 59.77693
1112.239, 59.07669
1114.167, 58.46357
1116.096, 58.46005
1118.024, 59.79096
1119.953, 61.31787
1121.881, 61.82418
1123.809, 61.45610
1125.738, 61.20314
1127.666, 61.13008
1129.595, 60.86617
1131.523, 60.65659
1133.452, 60.56870
1135.380, 59.32474
1137.309, 55.75476
1139.237, 52.50208
1141.166, 50.59211
1143.094, 49.80203
1145.023, 50.00087
1146.951, 52.62354
1148.880, 54.20868
1150.808, 53.94180
1152.736, 52.40170
1154.665, 49.90776
1156.593, 45.66047
1158.522, 44.61534
1160.450, 49.28130
1162.379, 53.89665
1164.307, 56.02989
1166.236, 56.60551
1168.164, 55.88931
1170.093, 53.00366
1172.021, 50.99380
1173.950, 51.53706
1175.878, 53.10328
1177.807, 54.28874
1179.735, 54.57876
1181.663, 54.54845
1183.592, 54.39868
1185.520, 54.68129
1187.449, 55.32478
1189.377, 55.96574
1191.306, 56.94344
1193.234, 57.47071
1195.163, 57.37995
1197.091, 57.10199
1199.020, 56.77457
1200.948, 54.45833
1202.877, 50.89117
1204.805, 49.83207
1206.734, 52.84847
1208.662, 54.92895
1210.590, 54.24625
1212.519, 53.91957
1214.447, 54.28043
1216.376, 54.68437
1218.304, 54.24487
1220.233, 52.07612
1222.161, 49.80078
1224.090, 49.90861
1226.018, 54.26473
1227.947, 55.74492
1229.875, 51.16045
1231.804, 46.15833
1233.732, 44.77894
1235.661, 47.98214
1237.589, 50.92450
1239.517, 52.75322
1241.446, 53.95303
1243.374, 54.60447
1245.303, 55.07411
1247.231, 56.08160
1249.160, 56.06076
1251.088, 54.95190
1253.017, 54.34845
1254.945, 54.76200
1256.874, 55.97204
1258.802, 57.00259
1260.731, 57.06008
1262.659, 55.73321
1264.588, 54.44936
1266.516, 53.26881
1268.444, 52.63185
1270.373, 53.21003
1272.301, 54.02491
1274.230, 53.59612
1276.158, 51.87459
1278.087, 50.61977
1280.015, 50.44246
1281.944, 51.34404
1283.872, 53.43899
1285.801, 56.09758
1287.729, 57.12656
1289.658, 57.33778
1291.586, 57.36934
1293.515, 55.79447
1295.443, 51.29943
1297.371, 47.86490
1299.300, 49.93740
1301.228, 53.49035
1303.157, 55.64883
1305.085, 56.05491
1307.014, 55.77536
1308.942, 55.28000
1310.871, 55.09722
1312.799, 56.05118
1314.728, 57.07312
1316.656, 57.86218
1318.585, 58.28520
1320.513, 57.83097
1322.442, 55.73352
1324.370, 54.61932
1326.298, 56.58456
1328.227, 59.02680
1330.155, 59.32219
1332.084, 57.63568
1334.012, 56.22340
1335.941, 55.63948
1337.869, 56.62357
1339.798, 59.67301
1341.726, 62.24986
1343.655, 62.45898
1345.583, 60.84174
1347.512, 59.93840
1349.440, 60.11635
1351.369, 59.63760
1353.297, 56.82232
1355.225, 53.50508
1357.154, 53.31300
1359.082, 59.13873
1361.011, 62.49566
1362.939, 60.21299
1364.868, 57.23379
1366.796, 57.53071
1368.725, 60.68657
1370.653, 62.27405
1372.582, 59.69998
1374.510, 58.18863
1376.439, 61.19501
1378.367, 64.39324
1380.296, 65.36542
1382.224, 64.68273
1384.152, 62.81337
1386.081, 58.18306
1388.009, 54.71090
1389.938, 54.30756
1391.866, 54.90958
1393.795, 56.62163
1395.723, 59.55291
1397.652, 60.98042
1399.580, 59.34586
1401.509, 57.07998
1403.437, 54.47480
1405.366, 52.94790
1407.294, 54.28850
1409.223, 58.79232
1411.151, 61.15692
1413.079, 59.47890
1415.008, 58.43023
1416.936, 58.56127
1418.865, 58.11687
1420.793, 57.35814
1422.722, 57.02016
1424.650, 57.46339
1426.579, 58.00678
1428.507, 57.81673
1430.436, 57.11016
1432.364, 57.03581
1434.293, 58.35879
1436.221, 61.14841
1438.150, 61.40445
1440.078, 56.05843
1442.006, 53.13901
1443.935, 57.13107
1445.863, 62.84612
1447.792, 63.55066
1449.720, 59.43551
1451.649, 57.04782
1453.577, 57.87428
1455.506, 58.92971
1457.434, 58.76291
1459.363, 57.58785
1461.291, 56.35430
1463.220, 55.06351
1465.148, 54.57275
1467.077, 55.69815
1469.005, 56.61572
1470.933, 55.78576
1472.862, 54.12910
1474.790, 53.34651
1476.719, 53.58204
1478.647, 54.50077
1480.576, 56.78424
1482.504, 58.57629
1484.433, 59.03983
1486.361, 58.62965
1488.290, 57.89435
1490.218, 56.70349
1492.147, 56.34007
1494.075, 59.63649
1496.004, 59.89417
1497.932, 52.20424
1499.860, 43.42004
1501.789, 41.13856
1503.717, 45.87604
1505.646, 49.76302
1507.574, 52.93934
1509.503, 55.17989
1511.431, 56.24329
1513.360, 56.24152
1515.288, 55.22978
1517.217, 53.24008
1519.145, 52.11405
1521.074, 52.37561
1523.002, 52.77692
1524.931, 53.08920
1526.859, 52.94798
1528.787, 52.64642
1530.716, 52.51017
1532.644, 52.11723
1534.573, 51.01588
1536.501, 50.75442
1538.430, 52.46453
1540.358, 54.21040
1542.287, 55.12123
1544.215, 55.18867
1546.144, 53.84268
1548.072, 50.54197
1550.001, 50.30930
1551.929, 56.58300
1553.858, 62.16879
1555.786, 62.46601
1557.714, 60.77691
1559.643, 61.90555
1561.571, 65.81848
1563.500, 68.18913
1565.428, 68.00253
1567.357, 67.11944
1569.285, 67.15497
1571.214, 66.19190
1573.142, 60.84629
1575.071, 52.43299
1576.999, 48.99134
1578.928, 52.71853
1580.856, 56.00871
1582.785, 56.26841
1584.713, 55.97794
1586.641, 56.95782
1588.570, 58.59431
1590.498, 59.12671
1592.427, 58.42095
1594.355, 56.77035
1596.284, 53.10576
1598.212, 50.40292
1600.141, 49.61550
1602.069, 50.37230
1603.998, 53.14790
1605.926, 57.92424
1607.855, 59.93386
1609.783, 57.14592
1611.712, 55.23690
1613.640, 56.82961
1615.568, 58.75218
1617.497, 59.10351
1619.425, 57.81235
1621.354, 54.72388
1623.282, 48.55008
1625.211, 45.12515
1627.139, 47.97350
1629.068, 50.50785
1630.996, 49.01101
1632.925, 46.21106
1634.853, 46.99886
1636.782, 52.10323
1638.710, 53.91670
1640.639, 49.03203
1642.567, 46.14910
1644.495, 49.28885
1646.424, 53.08673
1648.352, 52.62300
1650.281, 49.23587
1652.209, 49.66914
1654.138, 55.88039
1656.066, 60.07601
1657.995, 60.59618
1659.923, 60.08733
1661.852, 58.42494
1663.780, 56.81538
1665.709, 57.31763
1667.637, 60.19170
1669.566, 60.66179
1671.494, 57.36046
1673.422, 54.27869
1675.351, 51.29138
1677.279, 49.47502
1679.208, 50.06479
1681.136, 52.11010
1683.065, 53.43041
1684.993, 53.83154
1686.922, 54.47576
1688.850, 56.93707
1690.779, 57.27625
1692.707, 50.89133
1694.636, 45.42385
1696.564, 49.13308
1698.493, 59.46647
1700.421, 63.29295
1702.349, 57.97531
1704.278, 54.95132
1706.206, 57.56181
1708.135, 59.63516
1710.063, 58.76841
1711.992, 56.82172
1713.920, 55.63655
1715.849, 55.17483
1717.777, 54.77058
1719.706, 54.63654
1721.634, 53.94371
1723.563, 52.04427
1725.491, 50.20301
1727.420, 47.53120
1729.348, 46.06385
1731.276, 49.77657
1733.205, 58.40361
1735.133, 62.78851
1737.062, 61.21869
1738.990, 59.54160
1740.919, 58.94003
1742.847, 58.45642
1744.776, 57.27542
1746.704, 56.15594
1748.633, 56.69088
1750.561, 58.73611
1752.490, 58.81732
1754.418, 55.59978
1756.347, 54.06249
1758.275, 57.38811
1760.203, 60.06098
1762.132, 58.47406
1764.060, 54.94973
1765.989, 52.43900
1767.917, 50.96217
1769.846, 50.93765
1771.774, 52.82161
1773.703, 54.64807
1775.631, 56.55547
1777.560, 57.41976
1779.488, 55.01677
1781.417, 52.21576
1783.345, 53.73469
1785.274, 58.64182
1787.202, 59.71337
1789.130, 55.17753
1791.059, 52.40112
1792.987, 53.95170
1794.916, 56.33339
1796.844, 59.46380
1798.773, 61.37107
1800.701, 58.00368
1802.630, 50.93036
1804.558, 48.40588
1806.487, 51.78641
1808.415, 54.74675
1810.344, 56.06756
1812.272, 57.05005
1814.201, 59.07105
1816.129, 60.24115
1818.057, 57.21475
1819.986, 51.61581
1821.914, 50.77013
1823.843, 56.40300
1825.771, 59.46381
1827.700, 57.02822
1829.628, 55.55180
1831.557, 56.84752
1833.485, 59.29827
1835.414, 63.61552
1837.342, 67.67672
1839.271, 65.66680
1841.199, 56.03202
1843.128, 50.32903
1845.056, 50.35002
1846.984, 51.69598
1848.913, 55.37728
1850.841, 58.69026
1852.770, 59.50227
1854.698, 59.77286
1856.627, 63.43106
1858.555, 69.92780
1860.484, 69.58498
1862.412, 59.42830
1864.341, 53.32237
1866.269, 55.39364
1868.198, 57.51444
1870.126, 56.80598
1872.055, 55.33759
1873.983, 53.38278
1875.911, 52.13623
1877.840, 55.58479
1879.768, 63.60451
1881.697, 68.18716
1883.625, 67.73957
1885.554, 66.98337
1887.482, 67.90721
1889.411, 67.68360
1891.339, 62.97209
1893.268, 57.69655
1895.196, 57.12342
1897.125, 59.73608
1899.053, 59.38770
1900.982, 55.24369
1902.910, 53.91698
1904.839, 58.04785
1906.767, 61.61553
1908.695, 63.08009
1910.624, 63.56758
1912.552, 62.94692
1914.481, 62.25116
1916.409, 63.68277
1918.338, 67.01627
1920.266, 67.90375
1922.195, 63.09778
1924.123, 62.40205
1926.052, 71.19055
1927.980, 76.37319
1929.909, 72.72369
1931.837, 66.77506
1933.766, 61.48872
1935.694, 57.56165
1937.622, 57.06946
1939.551, 59.75795
1941.479, 60.06863
1943.408, 57.13065
1945.336, 55.31385
1947.265, 55.18809
1949.193, 56.53484
1951.122, 61.13702
1953.050, 65.12764
1954.979, 64.74104
1956.907, 62.48316
1958.836, 62.25989
1960.764, 63.80264
1962.693, 65.53816
1964.621, 68.03777
1966.549, 67.58084
1968.478, 60.25801
1970.406, 55.16233
1972.335, 56.00739
1974.263, 58.52016
1976.192, 60.90909
1978.120, 62.63831
1980.049, 62.00415
1981.977, 59.48746
1983.906, 60.48315
1985.834, 67.36500
1987.763, 70.60098
1989.691, 68.34849
1991.620, 65.25826
1993.548, 60.75121
1995.476, 57.43582
1997.405, 57.54088
1999.333, 58.66096
2001.262, 57.52813
2003.190, 55.40169
2005.119, 56.30814
2007.047, 60.27056
2008.976, 64.41293
2010.904, 68.98273
2012.833, 71.77803
2014.761, 72.02957
2016.690, 70.81239
2018.618, 67.39548
2020.547, 63.84194
2022.475, 61.13933
2024.403, 59.75847
2026.332, 60.88039
2028.260, 64.38609
2030.189, 68.22636
2032.117, 73.21048
2034.046, 76.57864
2035.974, 79.32451
2037.903, 78.80120
2039.831, 71.96973
2041.760, 65.04375
2043.688, 59.99755
2045.617, 56.83606
2047.545, 55.63953
2049.473, 56.30880
2051.402, 59.30987
2053.330, 64.33712
2055.259, 68.03056
2057.187, 70.08752
2059.116, 71.38364
2061.044, 72.50640
2062.973, 72.02000
2064.901, 67.70942
2066.830, 63.81026
2068.758, 63.44984
2070.687, 64.08087
2072.615, 62.46387
2074.543, 59.55641
2076.472, 58.15221
2078.400, 58.29934
2080.329, 59.51105
2082.257, 62.13398
2084.186, 64.70797
2086.114, 67.67315
2088.043, 69.26530
2089.971, 68.19111
2091.900, 66.70365
2093.828, 66.30768
2095.757, 65.85209
2097.685, 63.48100
2099.614, 60.49220
2101.542, 60.04904
2103.470, 61.96100
2105.399, 62.63593
2107.327, 60.97930
2109.256, 61.63665
2111.184, 67.38239
2113.113, 71.30470
2115.041, 71.94743
2116.970, 71.31785
2118.898, 67.92218
2120.827, 65.91152
2122.755, 71.22939
2124.684, 78.30889
2126.612, 77.41206
2128.541, 70.71896
2130.469, 66.00993
2132.397, 63.49095
2134.326, 63.53975
2136.254, 67.03855
2138.183, 69.57716
2140.111, 69.80125
2142.040, 69.88242
2143.968, 71.13444
2145.897, 71.47430
2147.825, 68.41012
2149.754, 65.19802
2151.682, 65.14196
2153.611, 67.22176
2155.539, 70.25182
2157.468, 73.80629
2159.396, 73.58729
2161.324, 69.31823
2163.253, 66.86760
2165.181, 66.71267
2167.110, 68.91638
2169.038, 76.59274
2170.967, 80.29575
2172.895, 72.25527
2174.824, 65.01234
2176.752, 66.37894
2178.681, 70.65941
2180.609, 73.53982
2182.538, 74.88669
2184.466, 73.87784
2186.395, 70.95206
2188.323, 69.13699
2190.251, 68.47646
2192.180, 68.10366
2194.108, 67.97983
2196.037, 68.31995
2197.965, 70.16674
2199.894, 69.73319
2201.822, 62.06339
2203.751, 57.26188
2205.679, 62.37506
2207.608, 69.19366
2209.536, 72.27503
2211.465, 72.91087
2213.393, 71.76485
2215.322, 69.80428
2217.250, 70.32341
2219.178, 73.12936
2221.107, 73.49541
2223.035, 71.15849
2224.964, 69.59673
2226.892, 69.12215
2228.821, 69.51348
2230.749, 71.30470
2232.678, 72.71697
2234.606, 72.89005
2236.535, 72.94786
2238.463, 73.15104
2240.392, 73.72631
2242.320, 75.27098
2244.249, 76.96507
2246.177, 78.11877
2248.105, 78.44551
2250.034, 76.54812
2251.962, 72.93244
2253.891, 70.79591
2255.819, 70.23165
2257.748, 71.41743
2259.676, 75.29226
2261.605, 76.58295
2263.533, 72.53693
2265.462, 69.26656
2267.390, 67.15331
2269.319, 67.12126
2271.247, 72.35243
2273.176, 76.29958
2275.104, 71.56660
2277.032, 67.16344
2278.961, 75.26242
2280.889, 86.66382
2282.818, 85.12584
2284.746, 75.79055
2286.675, 73.79793
2288.603, 78.64755
2290.532, 79.95364
2292.460, 76.55480
2294.389, 74.67375
2296.317, 73.84765
2298.246, 75.82369
2300.174, 83.42274
2302.103, 87.86844
2304.031, 85.91312
2305.959, 83.44267
2307.888, 81.89581
2309.816, 81.53862
2311.745, 83.56232
2313.673, 85.73773
2315.602, 85.58086
2317.530, 84.93680
2319.459, 86.54890
2321.387, 89.45254
2323.316, 91.22482
2325.244, 92.12939
2327.173, 94.01948
2329.101, 96.83546
2331.030, 99.20863
2332.958, 100.9700
2334.886, 104.3610
2336.815, 110.8735
2338.743, 114.1646
2340.672, 113.1020
2342.600, 108.7604
2344.529, 97.80729
2346.457, 88.77824
2348.386, 85.20700
2350.314, 83.01388
2352.243, 81.17657
2354.171, 78.93243
2356.100, 75.05929
2358.028, 71.16132
2359.957, 68.31877
2361.885, 66.97201
2363.813, 68.67513
2365.742, 72.29726
2367.670, 74.64841
2369.599, 75.69875
2371.527, 74.57080
2373.456, 71.11055
2375.384, 70.18384
2377.313, 72.25186
2379.241, 72.87785
2381.170, 71.23718
2383.098, 69.73975
2385.027, 67.70374
2386.955, 68.21014
2388.884, 75.55592
2390.812, 79.84892
2392.740, 75.11929
2394.669, 71.37799
2396.597, 73.66263
2398.526, 76.90585
2400.454, 78.63034
2402.383, 79.76805
2404.311, 81.60546
2406.240, 82.82427
2408.168, 81.03598
2410.097, 78.05278
2412.025, 77.12219
2413.954, 77.70215
2415.882, 78.68713
2417.811, 79.78180
2419.739, 78.22092
2421.667, 74.38924
2423.596, 72.56518
2425.524, 73.01604
2427.453, 73.77647
2429.381, 75.33408
2431.310, 74.80181
2433.238, 69.37907
2435.167, 66.82749
2437.095, 67.98444
2439.024, 71.04040
2440.952, 77.85303
2442.881, 81.38519
2444.809, 77.06741
2446.738, 73.23951
2448.666, 74.38483
2450.594, 75.88546
2452.523, 76.13241
2454.451, 74.86680
2456.380, 69.06021
2458.308, 64.67062
2460.237, 70.20000
2462.165, 77.28143
2464.094, 73.84896
2466.022, 67.56802
2467.951, 71.64639
2469.879, 80.57970
2471.808, 81.54537
2473.736, 76.64367
2475.665, 73.55944
2477.593, 72.20411
2479.521, 72.11024
2481.450, 73.07165
2483.378, 71.56683
2485.307, 67.50975
2487.235, 70.09207
2489.164, 82.90277
2491.092, 86.70187
2493.021, 73.32243
2494.949, 68.02253
2496.878, 74.61921
2498.806, 78.33656
2500.735, 76.59013
2502.663, 74.43462
2504.592, 72.07118
2506.520, 71.76270
2508.448, 76.78664
2510.377, 79.91830
2512.305, 77.27472
2514.234, 74.78419
2516.162, 75.96405
2518.091, 76.03860
2520.019, 71.22797
2521.948, 67.04511
2523.876, 66.53059
2525.805, 68.41985
2527.733, 73.73891
2529.662, 78.87132
2531.590, 80.44957
2533.519, 79.90371
2535.447, 77.30164
2537.375, 74.84267
2539.304, 76.77073
2541.232, 79.94447
2543.161, 79.19575
2545.089, 76.19702
2547.018, 73.60423
2548.946, 71.99252
2550.875, 74.05284
2552.803, 78.65578
2554.732, 80.71771
2556.660, 80.49340
2558.589, 78.26432
2560.517, 74.56541
2562.446, 74.76216
2564.374, 79.02361
2566.302, 78.46066
2568.231, 71.94888
2570.159, 69.14982
2572.088, 70.18875
2574.016, 73.23972
2575.945, 78.41513
2577.873, 82.54306
2579.802, 86.41157
2581.730, 84.13571
2583.659, 67.98718
2585.587, 63.38569
2587.516, 75.59624
2589.444, 82.23119
2591.373, 79.11448
2593.301, 76.64972
2595.229, 77.53951
2597.158, 77.57925
2599.086, 75.59290
2601.015, 73.12132
2602.943, 69.13818
2604.872, 67.01194
2606.800, 67.09064
2608.729, 69.98463
2610.657, 79.52667
2612.586, 84.52667
2614.514, 76.84749
2616.443, 70.31046
2618.371, 70.65021
2620.300, 71.56676
2622.228, 69.47302
2624.156, 69.94728
2626.085, 78.63488
2628.013, 85.17987
2629.942, 82.08064
2631.870, 78.46075
2633.799, 79.56349
2635.727, 81.18629
2637.656, 82.26535
2639.584, 81.26395
2641.513, 74.50238
2643.441, 69.20774
2645.370, 71.29078
2647.298, 75.38286
2649.227, 80.25931
2651.155, 82.24041
2653.083, 75.03301
2655.012, 67.71665
2656.940, 66.03352
2658.869, 68.68579
2660.797, 80.16762
2662.726, 89.20936
2664.654, 81.42062
2666.583, 70.30495
2668.511, 67.84553
2670.440, 70.30688
2672.368, 77.34918
2674.297, 83.83900
2676.225, 84.89957
2678.154, 82.49747
2680.082, 76.07366
2682.010, 70.08464
2683.939, 70.42660
2685.867, 73.45525
2687.796, 76.96001
2689.724, 78.77911
2691.653, 73.69653
2693.581, 68.23156
2695.510, 71.95378
2697.438, 78.67195
2699.367, 81.87620
2701.295, 81.97083
2703.224, 76.74395
2705.152, 71.27397
2707.081, 73.08044
2709.009, 76.79143
2710.938, 74.62555
2712.866, 70.93740
2714.794, 71.45136
2716.723, 73.89571
2718.651, 77.83828
2720.580, 79.72111
2722.508, 71.61277
2724.437, 62.42532
2726.365, 63.96237
2728.294, 70.66762
2730.222, 78.97781
2732.151, 85.03773
2734.079, 82.48946
2736.008, 77.67353
2737.936, 78.76254
2739.865, 80.57674
2741.793, 75.53639
2743.721, 69.49107
2745.650, 69.66736
2747.578, 71.44302
2749.507, 69.26961
2751.435, 67.61593
2753.364, 72.77348
2755.292, 78.74925
2757.221, 78.87417
2759.149, 77.78866
2761.078, 80.57989
2763.006, 82.77386
2764.935, 78.75918
2766.863, 74.83444
2768.792, 76.99768
2770.720, 80.58541
2772.648, 82.53403
2774.577, 83.74187
2776.505, 84.64236
2778.434, 85.23451
2780.362, 85.51826
2782.291, 85.49300
2784.219, 86.10929
2786.148, 84.99200
2788.076, 79.53121
2790.005, 74.43236
2791.933, 71.50316
2793.862, 70.74512
2795.790, 74.11157
2797.719, 76.67093
2799.647, 75.41849
2801.575, 74.70132
2803.504, 76.88954
2805.432, 78.23389
2807.361, 76.14066
2809.289, 74.76327
2811.218, 75.28665
2813.146, 77.13789
2815.075, 81.94988
2817.003, 83.05269
2818.932, 75.43593
2820.860, 71.26014
2822.789, 76.26189
2824.717, 79.47599
2826.646, 79.74929
2828.574, 78.21134
2830.502, 74.08839
2832.431, 72.54533
2834.359, 75.11178
2836.288, 79.24225
2838.216, 86.53101
2840.145, 87.10971
2842.073, 79.76129
2844.002, 74.62560
2845.930, 72.54441
2847.859, 75.30698
2849.787, 84.31289
2851.716, 86.19750
2853.644, 81.28235
2855.573, 76.16359
2857.501, 71.48859
2859.429, 70.73771
2861.358, 73.59519
2863.286, 78.86176
2865.215, 85.41117
2867.143, 86.47089
2869.072, 83.86160
2871.000, 82.95215
2872.929, 82.56453
2874.857, 77.94833
2876.786, 73.02405
2878.714, 79.01446
2880.643, 86.81302
2882.571, 80.94051
2884.500, 72.20420
2886.428, 74.63493
2888.356, 80.20374
2890.285, 81.00897
2892.213, 80.46900
2894.142, 82.71896
2896.070, 82.65491
2897.999, 72.29680
2899.927, 64.95809
2901.856, 70.43596
2903.784, 77.88602
2905.713, 86.14118
2907.641, 89.26089
2909.570, 80.59654
2911.498, 73.76047
2913.427, 71.26851
2915.355, 73.68866
2917.283, 83.48721
2919.212, 88.82329
2921.140, 85.82763
2923.069, 83.17449
2924.997, 81.62222
2926.926, 80.60149
2928.854, 80.05077
2930.783, 81.71908
2932.711, 85.79449
2934.640, 86.65695
2936.568, 84.29542
2938.497, 80.45321
2940.425, 75.93922
2942.354, 76.23724
2944.282, 79.25205
2946.210, 77.37955
2948.139, 73.75450
2950.067, 76.67174
2951.996, 81.98250
2953.924, 83.77711
2955.853, 83.10111
2957.781, 78.15057
2959.710, 74.74405
2961.638, 82.11658
2963.567, 87.95471
2965.495, 82.22330
2967.424, 76.86857
2969.352, 78.33324
2971.281, 81.79015
2973.209, 88.96346
2975.137, 90.65670
2977.066, 82.51675
2978.994, 76.55206
2980.923, 75.21861
2982.851, 78.39037
2984.780, 88.18814
2986.708, 91.37448
2988.637, 86.92853
2990.565, 86.09557
2992.494, 89.78812
2994.422, 88.71240
2996.351, 83.54330
2998.279, 81.97459
3000.208, 82.76640
3002.136, 81.74641
3004.064, 80.29908
3005.993, 82.45264
3007.921, 85.15748
3009.850, 82.93217
3011.778, 79.84472
3013.707, 78.52208
3015.635, 79.56478
3017.564, 86.61578
3019.492, 91.14219
3021.421, 87.95488
3023.349, 84.65891
3025.278, 84.89339
3027.206, 84.35269
3029.135, 81.46989
3031.063, 79.34119
3032.991, 78.22803
3034.920, 78.53351
3036.848, 81.03707
3038.777, 79.10343
3040.705, 72.41029
3042.634, 72.38670
3044.562, 77.37134
3046.491, 79.72392
3048.419, 79.86493
3050.348, 78.57832
3052.276, 76.60111
3054.205, 74.73942
3056.133, 73.49825
3058.062, 74.04697
3059.990, 74.59301
3061.918, 72.09796
3063.847, 71.92906
3065.775, 78.83544
3067.704, 83.19849
3069.632, 78.35166
3071.561, 76.23172
3073.489, 79.26351
3075.418, 82.46380
3077.346, 85.40253
3079.275, 87.97642
3081.203, 90.38158
3083.132, 87.92290
3085.060, 81.76344
3086.989, 81.46085
3088.917, 84.45198
3090.845, 82.85921
3092.774, 80.08778
3094.702, 83.93447
3096.631, 87.50020
3098.559, 81.03336
3100.488, 76.29906
3102.416, 84.96725
3104.345, 91.84346
3106.273, 90.60625
3108.202, 87.99329
3110.130, 85.76165
3112.059, 82.31370
3113.987, 75.67949
3115.916, 75.44668
3117.844, 81.79278
3119.772, 83.35032
3121.701, 80.08691
3123.629, 75.23437
3125.558, 70.56585
3127.486, 72.42432
3129.415, 77.82596
3131.343, 85.53008
3133.272, 90.39829
3135.200, 84.67977
3137.129, 77.85876
3139.057, 73.18983
3140.986, 72.55592
3142.914, 81.87690
3144.843, 84.20460
3146.771, 74.31844
3148.699, 74.23703
3150.628, 88.20706
3152.556, 88.53513
3154.485, 75.10909
3156.413, 75.95660
3158.342, 85.55334
3160.270, 85.77734
3162.199, 82.30350
3164.127, 85.98726
3166.056, 89.58378
3167.984, 83.69849
3169.913, 78.69161
3171.841, 82.80457
3173.770, 85.52819
3175.698, 82.01935
3177.626, 81.52098
3179.555, 86.63510
3181.483, 87.88393
3183.412, 83.45627
3185.340, 83.09931
3187.269, 85.99729
3189.197, 88.51282
3191.126, 89.50751
3193.054, 84.27380
3194.983, 78.22763
3196.911, 79.71413
3198.840, 82.06063
3200.768, 79.39198
3202.697, 78.53590
3204.625, 85.29267
3206.553, 86.69520
3208.482, 78.67999
3210.410, 72.97266
3212.339, 70.47173
3214.267, 76.15416
3216.196, 87.57949
3218.124, 86.35323
3220.053, 78.37183
3221.981, 77.09607
3223.910, 79.19038
3225.838, 82.74377
3227.767, 84.13789
3229.695, 79.87423
3231.624, 74.18697
3233.552, 66.41879
3235.480, 63.89771
3237.409, 68.86135
3239.337, 74.52567
3241.266, 80.41808
3243.194, 85.53404
3245.123, 89.45498
3247.051, 90.64446
3248.980, 89.35734
3250.908, 82.21204
3252.837, 77.64948
3254.765, 88.46201
3256.694, 95.63734
3258.622, 84.25607
3260.551, 75.55652
3262.479, 72.79750
3264.407, 79.21039
3266.336, 97.74538
3268.264, 100.7197
3270.193, 89.78418
3272.121, 85.64922
3274.050, 86.31519
3275.978, 89.53952
3277.907, 92.14876
3279.835, 88.87180
3281.764, 86.10173
3283.692, 89.02186
3285.621, 89.67956
3287.549, 84.70834
3289.478, 80.30266
3291.406, 76.87782
3293.334, 75.16927
3295.263, 75.30077
3297.191, 80.62719
3299.120, 87.25764
3301.048, 86.65845
3302.977, 83.19569
3304.905, 79.50607
3306.834, 77.22235
3308.762, 76.93713
3310.691, 78.24223
3312.619, 81.89532
3314.548, 85.38385
3316.476, 88.65466
3318.405, 90.98985
3320.333, 91.59049
3322.261, 84.23499
3324.190, 76.35780
3326.118, 83.97808
3328.047, 91.92904
3329.975, 87.61999
3331.904, 82.91299
3333.832, 81.35821
3335.761, 81.41283
3337.689, 83.29679
3339.618, 83.19644
3341.546, 81.27964
3343.475, 82.48092
3345.403, 85.38432
3347.332, 88.28167
3349.260, 89.45816
3351.188, 85.99176
3353.117, 81.93241
3355.045, 77.83286
3356.974, 76.46503
3358.902, 78.92542
3360.831, 79.77879
3362.759, 78.86254
3364.688, 78.61186
3366.616, 79.75902
3368.545, 88.67618
3370.473, 94.85926
3372.402, 81.34271
3374.330, 70.82580
3376.259, 78.58035
3378.187, 83.54562
3380.115, 80.28384
3382.044, 79.32629
3383.972, 81.39816
3385.901, 84.73269
3387.829, 87.84429
3389.758, 87.01143
3391.686, 84.12389
3393.615, 78.50457
3395.543, 76.43394
3397.472, 83.90076
3399.400, 89.78069
3401.329, 92.63235
3403.257, 90.88548
3405.186, 85.17608
3407.114, 83.47386
3409.042, 84.85925
3410.971, 89.29012
3412.899, 92.38132
3414.828, 88.10701
3416.756, 85.15116
3418.685, 87.86959
3420.613, 87.62773
3422.542, 81.44549
3424.470, 86.89182
3426.399, 101.2591
3428.327, 101.2800
3430.256, 94.04667
3432.184, 86.40485
3434.113, 82.67062
3436.041, 88.20803
3437.969, 91.47606
3439.898, 86.39574
3441.826, 83.60777
3443.755, 83.33492
3445.683, 83.68355
3447.612, 85.01346
3449.540, 91.22522
3451.469, 95.56499
3453.397, 87.93234
3455.326, 82.59364
3457.254, 89.53275
3459.183, 92.28523
3461.111, 89.03882
3463.040, 88.14630
3464.968, 89.57761
3466.896, 92.01854
3468.825, 94.15591
3470.753, 95.71350
3472.682, 93.86030
3474.610, 82.59152
3476.539, 78.66093
3478.467, 87.71368
3480.396, 87.92220
3482.324, 79.75977
3484.253, 88.29599
3486.181, 102.3091
3488.110, 103.8741
3490.038, 99.76962
3491.967, 92.23218
3493.895, 86.98331
3495.823, 87.19923
3497.752, 86.04025
3499.680, 83.81742
3501.609, 88.04491
3503.537, 93.47921
3505.466, 86.16267
3507.394, 79.60875
3509.323, 85.41736
3511.251, 90.82024
3513.180, 91.97807
3515.108, 92.51515
3517.037, 92.63180
3518.965, 91.83159
3520.894, 91.03119
3522.822, 93.73165
3524.750, 95.34711
3526.679, 90.34857
3528.607, 87.72650
3530.536, 89.95090
3532.464, 91.38672
3534.393, 91.49464
3536.321, 90.53786
3538.250, 89.80420
3540.178, 93.53716
3542.107, 95.66874
3544.035, 87.86211
3545.964, 85.93053
3547.892, 94.63499
3549.821, 97.86728
3551.749, 95.20261
3553.677, 89.09270
3555.606, 83.27211
3557.534, 84.85473
3559.463, 86.08128
3561.391, 82.29122
3563.320, 79.46867
3565.248, 78.81505
3567.177, 80.04639
3569.105, 83.49805
3571.034, 93.64125
3572.962, 102.0277
3574.891, 93.32517
3576.819, 88.38689
3578.748, 99.77853
3580.676, 102.1087
3582.604, 93.55324
3584.533, 91.88750
3586.461, 94.27252
3588.390, 94.87388
3590.318, 92.67368
3592.247, 84.29021
3594.175, 80.25153
3596.104, 84.79444
3598.032, 89.02446
3599.961, 92.35117
3601.889, 94.11633
3603.818, 94.01441
3605.746, 88.49203
3607.675, 86.62798
3609.603, 99.51218
3611.531, 100.1432
3613.460, 86.74326
3615.388, 81.98145
3617.317, 83.53218
3619.245, 86.06721
3621.174, 87.07963
3623.102, 82.46841
3625.031, 81.04996
3626.959, 85.42690
3628.888, 82.03318
3630.816, 73.53314
3632.745, 82.22249
3634.673, 95.31487
3636.602, 99.04103
3638.530, 99.46214
3640.458, 98.82267
3642.387, 95.94425
3644.315, 90.66923
3646.244, 82.52743
3648.172, 76.41398
3650.101, 84.68553
3652.029, 93.40829
3653.958, 94.31184
3655.886, 91.58407
3657.815, 85.46664
3659.743, 87.78149
3661.672, 95.07506
3663.600, 96.88044
3665.529, 96.97955
3667.457, 98.98494
3669.385, 97.58103
3671.314, 91.22952
3673.242, 89.80859
3675.171, 92.32275
3677.099, 92.81932
3679.028, 92.95906
3680.956, 93.32294
3682.885, 97.19753
3684.813, 107.2686
3686.742, 100.0046
3688.670, 79.47708
3690.599, 83.94408
3692.527, 95.53918
3694.456, 94.84054
3696.384, 91.88142
3698.313, 89.14747
3700.241, 91.56270
3702.169, 97.86945
3704.098, 89.66994
3706.026, 78.73337
3707.955, 78.56834
3709.883, 84.31304
3711.812, 96.25822
3713.740, 98.20114
3715.669, 90.03221
3717.597, 90.71011
3719.526, 94.40782
3721.454, 93.59998
3723.383, 92.21803
3725.311, 91.15306
3727.240, 94.07154
3729.168, 100.4820
3731.096, 100.2358
3733.025, 97.22348
3734.953, 95.84799
3736.882, 95.36752
3738.810, 95.88932
3740.739, 94.08367
3742.667, 90.35457
3744.596, 92.68288
3746.524, 95.35932
3748.453, 89.06826
3750.381, 86.63740
3752.310, 93.26608
3754.238, 93.53339
3756.167, 88.09985
3758.095, 89.38707
3760.023, 93.26736
3761.952, 97.95905
3763.880, 97.49746
3765.809, 89.96423
3767.737, 84.48434
3769.666, 82.34318
3771.594, 88.39148
3773.523, 95.85184
3775.451, 101.3458
3777.380, 99.95904
3779.308, 90.70055
3781.237, 84.05479
3783.165, 81.32112
3785.094, 89.10445
3787.022, 95.45390
3788.950, 89.42811
3790.879, 86.67136
3792.807, 88.87298
3794.736, 90.64072
3796.664, 93.06854
3798.593, 101.7684
3800.521, 107.0084
3802.450, 100.8454
3804.378, 97.68645
3806.307, 97.76762
3808.235, 96.76884
3810.164, 95.15421
3812.092, 92.62758
3814.021, 92.32196
3815.949, 98.95348
3817.877, 90.14568
3819.806, 73.70899
3821.734, 80.48276
3823.663, 91.90792
3825.591, 94.54913
3827.520, 95.05227
3829.448, 94.87337
3831.377, 90.23386
3833.305, 85.49461
3835.234, 90.45731
3837.162, 96.29250
3839.091, 100.4193
3841.019, 95.40981
3842.948, 83.35092
3844.876, 93.37963
3846.804, 105.6360
3848.733, 95.43679
3850.661, 86.90808
3852.590, 85.76957
3854.518, 89.16367
3856.447, 94.95525
3858.375, 99.68008
3860.304, 100.5658
3862.232, 93.82654
3864.161, 92.12440
3866.089, 96.36566
3868.018, 98.46079
3869.946, 98.33013
3871.875, 93.23061
3873.803, 88.34023
3875.731, 85.63535
3877.660, 85.78160
3879.588, 88.28162
3881.517, 93.07383
3883.445, 96.24324
3885.374, 97.59379
3887.302, 91.32741
3889.231, 79.48965
3891.159, 82.54823
3893.088, 90.07767
3895.016, 90.11191
3896.945, 93.85478
3898.873, 105.1549
3900.802, 104.6174
3902.730, 98.37810
3904.658, 101.1499
3906.587, 101.0600
3908.515, 91.04743
3910.444, 86.12962
3912.372, 87.88873
3914.301, 96.62779
3916.229, 103.8579
3918.158, 102.3031
3920.086, 102.1022
3922.015, 104.9139
3923.943, 104.6707
3925.872, 101.9594
3927.800, 93.32246
3929.729, 90.39463
3931.657, 97.32030
3933.585, 96.83617
3935.514, 91.88483
3937.442, 92.42441
3939.371, 94.35021
3941.299, 95.96513
3943.228, 97.80077
3945.156, 99.69565
3947.085, 99.81066
3949.013, 99.78217
3950.942, 100.6561
3952.870, 99.11791
3954.799, 95.94206
3956.727, 94.27464
3958.656, 94.12039
3960.584, 100.4387
3962.512, 103.7088
3964.441, 98.30447
3966.369, 94.83811
3968.298, 93.33661
3970.226, 93.86008
3972.155, 95.28844
3974.083, 97.35049
3976.012, 100.2346
3977.940, 102.1930
3979.869, 98.57973
3981.797, 94.21586
3983.726, 88.58791
3985.654, 92.32936
3987.583, 103.9596
3989.511, 97.10662
3991.439, 89.67330
3993.368, 101.0502
3995.296, 103.9543
3997.225, 96.15205
3999.153, 92.33020
4001.082, 92.36668
4003.010, 96.27531
4004.939, 99.56625
4006.867, 100.4735
4008.796, 97.93935
4010.724, 96.03449
4012.653, 97.62183
4014.581, 100.3245
4016.510, 102.5392
4018.438, 100.9207
4020.366, 99.69835
4022.295, 100.9419
4024.223, 101.5702
4026.152, 103.9312
4028.080, 104.5281
4030.009, 102.7122
4031.937, 99.16806
4033.866, 96.74808
4035.794, 100.1759
4037.723, 102.7795
4039.651, 101.5708
4041.580, 95.35977
4043.508, 91.75684
4045.437, 97.98177
4047.365, 101.4223
4049.293, 100.6441
4051.222, 100.1097
4053.150, 100.2724
4055.079, 96.85381
4057.007, 94.27557
4058.936, 99.72266
4060.864, 103.1168
4062.793, 102.4827
4064.721, 105.0158
4066.650, 102.0257
4068.578, 95.33155
4070.507, 99.32794
4072.435, 103.4604
4074.364, 105.1745
4076.292, 109.7328
4078.220, 107.5993
4080.149, 103.7124
4082.077, 101.5949
4084.006, 102.3042
4085.934, 101.1591
4087.863, 98.98605
4089.791, 101.6712
4091.720, 105.9773
4093.648, 107.5385
4095.577, 102.6345
4097.505, 103.5516
4099.434, 109.5880
4101.362, 102.9629
4103.291, 98.90428
4105.219, 100.3557
4107.147, 99.42371
4109.076, 101.9311
4111.004, 108.9605
4112.933, 109.0256
4114.861, 102.6848
4116.790, 106.5580
4118.718, 113.3132
4120.646, 105.9677
4122.575, 99.94875
4124.503, 104.7187
4126.432, 107.2277
4128.360, 105.5973
4130.289, 104.3038
4132.217, 106.7981
4134.146, 112.5074
4136.074, 110.9982
4138.003, 106.0109
4139.931, 105.9456
4141.860, 106.7037
4143.788, 103.9178
4145.717, 105.4296
4147.645, 111.9011
4149.574, 111.2339
4151.502, 110.2620
4153.431, 109.9181
4155.359, 110.6011
4157.288, 117.5342
4159.216, 118.1407
4161.145, 112.1992
4163.073, 106.4890
4165.001, 105.1847
4166.930, 104.6767
4168.858, 104.9646
4170.787, 108.3229
4172.715, 114.4596
4174.644, 114.3515
4176.572, 109.7343
4178.500, 111.4273
4180.429, 117.0443
4182.357, 129.7574
4184.286, 130.9887
4186.214, 118.8944
4188.143, 117.6734
4190.071, 120.9381
4192.000, 122.0067
4193.928, 119.0211
4195.857, 112.4518
4197.785, 118.5472
4199.714, 127.0672
4201.642, 128.7815
4203.571, 125.0840
4205.499, 116.4045
4207.428, 120.0246
4209.356, 124.6537
4211.285, 119.3912
4213.213, 117.7215
4215.142, 120.9183
4217.070, 127.2361
4218.999, 130.7427
4220.927, 124.7320
4222.855, 125.0427
4224.784, 131.6159
4226.712, 126.8388
4228.641, 120.8474
4230.569, 121.0275
4232.498, 121.3484
4234.426, 122.4969
4236.354, 134.0587
4238.283, 140.8009
4240.211, 129.7927
4242.140, 128.9557
4244.068, 134.4941
4245.997, 127.0267
4247.925, 123.4392
4249.854, 133.9118
4251.782, 136.5123
4253.711, 133.8599
4255.639, 129.8868
4257.568, 131.1967
4259.496, 142.2614
4261.425, 143.8338
4263.353, 139.2099
4265.282, 127.9761
4267.210, 126.0861
4269.139, 137.7364
4271.067, 145.9419
4272.996, 149.6855
4274.924, 146.1308
4276.853, 140.7885
4278.781, 135.2782
4280.709, 139.4034
4282.638, 146.5268
4284.566, 153.4327
4286.495, 155.7700
4288.423, 154.0798
4290.352, 149.9168
4292.280, 147.4238
4294.208, 148.7453
4296.137, 152.2596
4298.065, 155.8601
4299.994, 154.1945
4301.922, 153.9148
4303.851, 157.2245
4305.779, 156.0941
4307.708, 154.9990
4309.636, 161.6285
4311.565, 162.1802
4313.493, 155.4947
4315.422, 160.3506
4317.350, 168.2440
4319.279, 174.9599
4321.207, 170.7147
4323.136, 159.4115
4325.064, 157.4202
4326.993, 156.5544
4328.921, 153.1938
4330.850, 153.3141
4332.778, 156.1816
4334.707, 162.5392
4336.635, 163.1812
4338.563, 157.1538
4340.492, 156.7687
4342.420, 159.8007
4344.349, 165.3474
4346.277, 167.3219
4348.206, 166.3773
4350.134, 169.4269
4352.063, 168.8053
4353.991, 157.3051
4355.919, 164.4059
4357.848, 177.5081
4359.776, 166.6490
4361.705, 161.9745
4363.633, 171.7997
4365.562, 181.2195
4367.490, 183.9229
4369.419, 167.1597
4371.347, 160.3684
4373.276, 163.3214
4375.204, 162.9993
4377.133, 164.7115
4379.061, 172.6559
4380.990, 166.3826
4382.918, 157.3656
4384.847, 167.5251
4386.775, 172.3548
4388.704, 167.6792
4390.632, 161.6228
4392.561, 162.1246
4394.489, 177.1262
4396.417, 180.1051
4398.346, 174.5689
4400.274, 173.0218
4402.203, 176.7069
4404.131, 185.3922
4406.060, 185.3388
4407.988, 180.6001
4409.917, 174.9225
4411.845, 168.9792
4413.773, 164.0983
4415.702, 162.8230
4417.630, 168.7307
4419.559, 190.1337
4421.487, 183.3936
4423.416, 169.2187
4425.344, 178.0241
4427.273, 185.7664
4429.201, 188.9147
4431.130, 191.8626
4433.058, 186.2809
4434.987, 165.6970
4436.915, 169.4572
4438.844, 181.3948
4440.772, 168.1848
4442.701, 165.5193
4444.629, 176.3276
4446.558, 179.8321
4448.486, 179.2640
4450.415, 175.4637
4452.343, 176.0429
4454.271, 179.9678
4456.200, 188.1469
4458.128, 188.5993
4460.057, 179.7553
4461.985, 173.1532
4463.914, 169.1917
4465.842, 168.0597
4467.771, 172.4260
4469.699, 177.7547
4471.627, 173.9376
4473.556, 175.8637
4475.484, 184.6026
4477.413, 193.6191
4479.341, 194.2630
4481.270, 178.9773
4483.198, 183.1090
4485.127, 193.4388
4487.055, 185.9324
4488.984, 176.5002
4490.912, 169.0373
4492.841, 173.6355
4494.769, 176.5951
4496.698, 170.3418
4498.626, 174.4662
4500.555, 181.4972
4502.483, 183.1453
4504.412, 176.1021
4506.340, 166.0663
4508.269, 177.2071
4510.197, 184.6738
4512.125, 178.9011
4514.054, 173.4905
4515.982, 171.6991
4517.911, 180.6704
4519.839, 178.1084
4521.768, 170.5936
4523.696, 183.1635
4525.625, 186.5898
4527.553, 175.4160
4529.481, 170.1002
4531.410, 171.1170
4533.338, 179.1694
4535.267, 186.6220
4537.195, 188.4806
4539.124, 174.0785
4541.052, 166.5312
4542.981, 167.5516
4544.909, 168.2188
4546.838, 169.8029
4548.766, 172.8641
4550.695, 175.0416
4552.623, 177.2770
4554.552, 180.8196
4556.480, 181.7789
4558.409, 180.8503
4560.337, 180.6514
4562.266, 177.3224
4564.194, 171.6255
4566.123, 177.6403
4568.051, 184.0840
4569.979, 185.9122
4571.908, 176.2960
4573.836, 168.0421
4575.765, 175.7243
4577.693, 179.3600
4579.622, 178.4112
4581.550, 176.4660
4583.479, 175.1706
4585.407, 174.5156
4587.335, 169.1190
4589.264, 166.4021
4591.192, 171.0361
4593.121, 170.6831
4595.049, 169.2252
4596.978, 170.5623
4598.906, 174.3324
4600.835, 178.1647
4602.763, 176.2244
4604.692, 176.8928
4606.620, 180.5316
4608.549, 174.2696
4610.477, 170.5504
4612.406, 175.3760
4614.334, 163.7270
4616.263, 155.4017
4618.191, 169.3407
4620.120, 171.3495
4622.048, 166.9357
4623.977, 170.2719
4625.905, 174.2077
4627.833, 176.5111
4629.762, 170.4639
4631.690, 167.4634
4633.619, 170.4417
4635.547, 175.1047
4637.476, 173.5920
4639.404, 159.9581
4641.333, 164.4327
4643.261, 175.6318
4645.189, 181.0893
4647.118, 178.1698
4649.046, 171.4480
4650.975, 171.0523
4652.903, 168.4165
4654.832, 165.0519
4656.760, 178.2992
4658.689, 182.1565
4660.617, 167.3857
4662.546, 178.4755
4664.474, 186.5127
4666.403, 173.3344
4668.331, 164.8300
4670.260, 161.7266
4672.188, 163.9424
4674.117, 168.7512
4676.045, 173.6270
4677.974, 176.1304
4679.902, 170.3275
4681.831, 159.9491
4683.759, 160.5113
4685.688, 171.2114
4687.616, 187.0699
4689.544, 175.8500
4691.473, 165.3892
4693.401, 170.1127
4695.330, 178.9648
4697.258, 185.4662
4699.187, 185.0795
4701.115, 176.9507
4703.043, 169.1042
4704.972, 171.1494
4706.900, 176.4453
4708.829, 180.0248
4710.757, 169.2365
4712.686, 168.1475
4714.614, 176.4254
4716.543, 182.8346
4718.471, 183.5624
4720.400, 179.3020
4722.328, 181.3430
4724.257, 178.0355
4726.185, 163.6692
4728.114, 175.1795
4730.042, 185.2139
4731.971, 179.0507
4733.899, 180.1921
4735.828, 180.6553
4737.756, 168.7610
4739.685, 164.2658
4741.613, 166.1725
4743.542, 174.2289
4745.470, 176.6318
4747.398, 175.8752
4749.327, 180.4174
4751.255, 177.9821
4753.184, 170.8278
4755.112, 170.6049
4757.041, 171.6889
4758.969, 172.7739
4760.897, 175.1680
4762.826, 173.8440
4764.754, 167.6565
4766.683, 158.7245
4768.611, 157.5504
4770.540, 167.3521
4772.468, 171.2054
4774.397, 171.7957
4776.325, 170.6947
4778.254, 169.7295
4780.182, 171.0470
4782.111, 177.0816
4784.039, 170.9555
4785.968, 161.4835
4787.896, 155.8082
4789.825, 161.7889
4791.753, 171.4602
4793.682, 175.0025
4795.610, 173.5999
4797.539, 172.2180
4799.467, 180.5630
4801.396, 182.8556
4803.324, 179.6674
4805.252, 173.5411
4807.181, 175.4237
4809.109, 182.7494
4811.038, 187.0799
4812.966, 181.7376
4814.895, 169.9983
4816.823, 167.3655
4818.751, 169.0633
4820.680, 173.3232
4822.608, 178.3615
4824.537, 181.3007
4826.465, 181.4687
4828.394, 180.0417
4830.322, 177.2644
4832.251, 173.8114
4834.179, 176.0139
4836.108, 175.1467
4838.036, 168.3457
4839.965, 178.2915
4841.893, 186.0667
4843.822, 183.7479
4845.750, 174.3893
4847.679, 169.7041
4849.607, 176.8738
4851.536, 168.8224
4853.464, 163.4968
4855.393, 170.2978
4857.321, 181.3974
4859.250, 186.5261
4861.178, 177.1007
4863.106, 170.8869
4865.035, 172.2520
4866.963, 184.0033
4868.892, 185.3286
4870.820, 182.2588
4872.749, 178.8367
4874.677, 184.3315
4876.605, 188.2980
4878.534, 183.1589
4880.462, 180.0994
4882.391, 177.7284
4884.319, 173.9369
4886.248, 173.2335
4888.176, 175.0831
4890.105, 179.6688
4892.033, 173.0255
4893.962, 169.6516
4895.890, 184.0407
4897.819, 177.9123
4899.747, 169.1309
4901.676, 174.0456
4903.604, 171.6955
4905.533, 171.1556
4907.461, 180.6460
4909.390, 182.8245
4911.318, 180.1570
4913.247, 174.1250
4915.175, 170.5817
4917.104, 170.9935
4919.032, 176.4171
4920.960, 180.9822
4922.889, 183.6967
4924.817, 183.9517
4926.746, 183.0766
4928.674, 182.3781
4930.603, 182.6270
4932.531, 182.0589
4934.459, 177.9471
4936.388, 168.4155
4938.316, 175.4251
4940.245, 184.5892
4942.173, 187.8444
4944.102, 182.6519
4946.030, 177.9792
4947.959, 177.8626
4949.887, 176.6037
4951.816, 179.4368
4953.744, 188.3793
4955.673, 184.4768
4957.601, 182.0445
4959.530, 185.3285
4961.458, 189.7333
4963.387, 187.7102
4965.315, 178.5580
4967.244, 175.9663
4969.172, 173.8066
4971.101, 172.3538
4973.029, 187.5276
4974.958, 185.4118
4976.886, 169.0420
4978.814, 173.7528
4980.743, 175.6688
4982.671, 173.7728
4984.600, 180.4546
4986.528, 178.5754
4988.457, 172.5510
4990.385, 177.0290
4992.313, 183.9097
4994.242, 188.7079
4996.170, 185.0553
4998.099, 178.5280
5000.027, 176.6866
5001.956, 189.5985
5003.884, 185.5872
5005.813, 179.5900
5007.741, 193.0214
5009.670, 185.4350
5011.598, 174.5887
5013.527, 172.9801
5015.455, 183.3931
5017.384, 190.0011
5019.312, 185.0560
5021.241, 191.1766
5023.169, 189.3568
5025.098, 174.6360
5027.026, 197.8494
5028.955, 201.0201
5030.883, 179.4861
5032.812, 186.0226
5034.740, 182.6929
5036.668, 170.7798
5038.597, 182.7070
5040.525, 192.0640
5042.454, 195.0134
5044.382, 192.3670
5046.311, 188.4065
5048.239, 185.5394
5050.167, 186.3389
5052.096, 190.1200
5054.024, 189.6964
5055.953, 177.7596
5057.881, 181.0244
5059.810, 186.9930
5061.738, 187.9027
5063.667, 195.7523
5065.595, 196.9315
5067.524, 187.7473
5069.452, 201.9915
5071.381, 199.7524
5073.309, 179.1332
5075.238, 172.8723
5077.166, 179.1153
5079.095, 191.3699
5081.023, 201.0666
5082.952, 193.2502
5084.880, 182.5420
5086.809, 190.8778
5088.737, 188.8386
5090.666, 188.4062
5092.594, 201.5655
5094.522, 183.8315
5096.451, 174.6707
5098.379, 195.3920
5100.308, 188.8672
5102.236, 192.8031
5104.165, 210.7568
5106.093, 198.3742
5108.021, 194.8525
5109.950, 200.2112
5111.878, 195.9055
5113.807, 194.8176
5115.735, 193.4934
5117.664, 183.5832
5119.592, 198.1722
5121.521, 208.8494
5123.449, 193.3975
5125.378, 179.5341
5127.306, 172.7323
5129.235, 174.0095
5131.163, 172.4706
5133.092, 177.5154
5135.020, 187.9496
5136.949, 194.5499
5138.877, 189.3777
5140.806, 181.4779
5142.734, 185.3915
5144.663, 198.6413
5146.591, 207.3777
5148.520, 199.7272
5150.448, 201.2713
5152.376, 203.1629
5154.305, 201.0928
5156.233, 195.5507
5158.162, 194.2375
5160.090, 197.8200
5162.019, 205.1526
5163.947, 198.9457
5165.875, 189.2854
5167.804, 192.8474
5169.732, 207.7537
5171.661, 216.1306
5173.589, 205.8434
5175.518, 196.6746
5177.446, 196.2934
5179.375, 203.8822
5181.303, 196.1867
5183.232, 194.0997
5185.160, 197.3862
5187.089, 197.0603
5189.017, 192.2949
5190.946, 191.6650
5192.874, 206.6945
5194.803, 195.5218
5196.731, 190.3084
5198.660, 204.2238
5200.588, 206.5605
5202.517, 201.9272
5204.445, 196.5285
5206.374, 204.5330
5208.302, 205.2027
5210.230, 200.2015
5212.159, 193.3519
5214.087, 180.7265
5216.016, 181.7901
5217.944, 202.7519
5219.873, 210.8334
5221.801, 211.8369
5223.729, 208.1697
5225.658, 197.9381
5227.586, 197.9055
5229.515, 203.9526
5231.443, 210.3017
5233.372, 216.6142
5235.300, 216.1470
5237.229, 207.7311
5239.157, 205.3560
5241.086, 197.5398
5243.014, 190.5238
5244.943, 208.6947
5246.871, 213.0105
5248.800, 209.5662
5250.728, 206.6658
5252.657, 209.8947
5254.585, 206.7114
5256.514, 197.0088
5258.442, 205.5780
5260.371, 197.5100
5262.299, 186.2244
5264.228, 207.4892
5266.156, 212.2704
5268.084, 210.6808
5270.013, 210.2722
5271.941, 197.6324
5273.870, 196.6805
5275.798, 207.4472
5277.727, 216.4646
5279.655, 211.6113
5281.583, 205.7914
5283.512, 215.2462
5285.440, 208.8822
5287.369, 205.1038
5289.297, 208.8484
5291.226, 207.7696
5293.154, 209.4834
5295.083, 210.7733
5297.011, 204.2509
5298.940, 213.6012
5300.868, 218.6866
5302.797, 209.0002
5304.725, 196.2304
5306.654, 195.7982
5308.582, 203.8586
5310.511, 207.3203
5312.439, 215.3179
5314.368, 222.3704
5316.296, 224.1900
5318.225, 220.4125
5320.153, 216.7305
5322.082, 212.8007
5324.010, 201.6157
5325.938, 196.9427
5327.867, 205.1450
5329.795, 226.9767
5331.724, 218.4295
5333.652, 204.5188
5335.581, 199.4781
5337.509, 224.7759
5339.438, 223.2109
5341.366, 217.2920
5343.294, 231.7722
5345.223, 213.0902
5347.151, 209.6165
5349.080, 223.6763
5351.008, 222.0877
5352.937, 215.1832
5354.865, 215.0781
5356.794, 229.2852
5358.722, 217.3051
5360.651, 217.0321
5362.579, 228.4926
5364.508, 215.3668
5366.436, 216.0302
5368.365, 219.5039
5370.293, 215.5284
5372.222, 218.2755
5374.150, 222.7652
5376.079, 227.1575
5378.007, 233.7886
5379.936, 224.6385
5381.864, 212.9034
5383.792, 208.2171
5385.721, 219.0690
5387.649, 223.3082
5389.578, 221.3992
5391.506, 223.0671
5393.435, 219.9879
5395.363, 217.3156
5397.292, 219.5007
5399.220, 240.4773
5401.148, 229.8895
5403.077, 211.4806
5405.005, 232.6135
5406.934, 223.8495
5408.862, 227.9824
5410.791, 245.6419
5412.719, 217.0384
5414.648, 209.4962
5416.576, 212.4194
5418.505, 209.3453
5420.433, 216.6449
5422.362, 225.0195
5424.290, 227.7882
5426.219, 210.5592
5428.147, 230.5861
5430.076, 238.1448
5432.004, 211.8609
5433.933, 214.4965
5435.861, 209.5022
5437.790, 206.5934
5439.718, 224.4364
5441.646, 237.0592
5443.575, 233.4428
5445.503, 220.2210
5447.432, 227.4898
5449.360, 228.7263
5451.289, 229.0676
5453.217, 233.2617
5455.146, 231.4444
5457.074, 237.4975
5459.002, 241.4877
5460.931, 226.9203
5462.859, 223.2434
5464.788, 231.9243
5466.716, 245.5835
5468.645, 244.8085
5470.573, 229.7546
5472.502, 229.1751
5474.430, 256.0831
5476.359, 213.6177
5478.287, 210.8788
5480.216, 230.8675
5482.144, 224.1515
5484.073, 236.6825
5486.001, 236.5627
5487.930, 223.3735
5489.858, 225.1245
5491.787, 237.1170
5493.715, 238.5735
5495.644, 223.5678
5497.572, 238.7065
5499.500, 238.6199
5501.429, 235.2652
5503.357, 246.9536
5505.286, 238.1531
5507.214, 243.1442
5509.143, 252.0160
5511.071, 234.0242
5513.000, 235.6620
5514.928, 247.6216
5516.856, 257.4251
5518.785, 238.6018
5520.713, 240.7404
5522.642, 250.4706
5524.570, 254.0831
5526.499, 227.2666
5528.427, 224.5306
5530.356, 238.0700
5532.284, 249.3446
5534.213, 231.3589
5536.141, 229.0967
5538.070, 240.1501
5539.998, 245.7585
5541.927, 239.5395
5543.855, 234.1603
5545.784, 236.3293
5547.712, 255.4465
5549.641, 251.7469
5551.569, 239.6261
5553.498, 230.7614
5555.426, 237.8337
5557.354, 241.2852
5559.283, 243.5918
5561.211, 247.6642
5563.140, 246.6336
5565.068, 265.5801
5566.997, 270.1971
5568.925, 231.8964
5570.854, 229.0211
5572.782, 222.8271
5574.710, 218.7260
5576.639, 240.6202
5578.567, 235.7710
5580.496, 229.9364
5582.424, 233.1275
5584.353, 248.3926
5586.281, 270.1600
5588.210, 270.0822
5590.138, 252.6821
5592.067, 245.9023
5593.995, 230.1447
5595.924, 234.8996
5597.852, 256.1830
5599.781, 237.5012
5601.709, 251.1118
5603.638, 259.3642
5605.566, 247.5540
5607.495, 247.0794
5609.423, 242.4594
5611.352, 242.9754
5613.280, 252.4371
5615.208, 258.3513
5617.137, 263.7968
5619.065, 270.0609
5620.994, 275.7596
5622.922, 272.9026
5624.851, 254.5617
5626.779, 236.5014
5628.708, 232.6920
5630.636, 262.0000
5632.564, 263.2705
5634.493, 252.7780
5636.421, 251.5012
5638.350, 248.5448
5640.278, 257.6273
5642.207, 259.0857
5644.135, 237.4152
5646.064, 242.8007
5647.992, 251.5371
5649.921, 257.0392
5651.849, 258.5304
5653.778, 262.4263
5655.706, 256.5096
5657.635, 259.9050
5659.563, 285.5926
5661.492, 279.2609
5663.420, 264.7910
5665.349, 256.2566
5667.277, 260.4243
5669.206, 267.9861
5671.134, 256.8777
5673.063, 243.5097
5674.991, 244.8125
5676.919, 247.7518
5678.848, 254.2016
5680.776, 267.4698
5682.705, 284.8602
5684.633, 269.1904
5686.562, 270.4242
5688.490, 271.9662
5690.418, 260.9352
5692.347, 272.3805
5694.275, 266.8074
5696.204, 271.2985
5698.132, 295.0248
5700.061, 267.0384
5701.989, 256.3837
5703.918, 263.3326
5705.846, 275.5058
5707.775, 261.0449
5709.703, 253.4866
5711.632, 252.8270
5713.560, 255.5644
5715.489, 257.1751
5717.417, 271.3092
5719.346, 270.0094
5721.274, 257.3458
5723.203, 267.2071
5725.131, 279.9593
5727.060, 268.5597
5728.988, 253.4523
5730.917, 279.8162
5732.845, 275.1672
5734.773, 268.7730
5736.702, 270.4054
5738.630, 278.6994
5740.559, 269.1112
5742.487, 273.3329
5744.416, 277.4312
5746.344, 262.2715
5748.272, 267.2111
5750.201, 279.5579
5752.129, 282.3258
5754.058, 271.1022
5755.986, 279.4345
5757.915, 286.7110
5759.843, 288.0749
5761.772, 285.8838
5763.700, 290.1618
5765.629, 281.8022
5767.557, 266.8513
5769.486, 259.3540
5771.414, 276.5052
5773.343, 281.3661
5775.271, 277.2151
5777.200, 273.8857
5779.128, 279.7472
5781.057, 281.2480
5782.985, 278.1099
5784.914, 278.7600
5786.842, 287.6590
5788.771, 286.8771
5790.699, 279.4165
5792.627, 278.3009
5794.556, 283.2285
5796.484, 267.9867
5798.413, 277.1215
5800.341, 292.7770
5802.270, 296.2513
5804.198, 272.2198
5806.126, 289.9497
5808.055, 301.0676
5809.983, 300.0256
5811.912, 295.8157
5813.840, 294.5301
5815.769, 293.4268
5817.697, 282.2898
5819.626, 264.9958
5821.554, 273.0898
5823.483, 270.2463
5825.411, 280.2723
5827.340, 294.5878
5829.268, 282.2228
5831.197, 288.3342
5833.125, 300.8153
5835.054, 303.0495
5836.982, 287.9344
5838.911, 296.2594
5840.839, 304.0386
5842.768, 300.3273
5844.696, 287.9828
5846.625, 283.0286
5848.553, 291.9144
5850.481, 294.7180
5852.410, 296.8857
5854.338, 311.5468
5856.267, 295.7912
5858.195, 300.0012
5860.124, 308.5840
5862.052, 305.3081
5863.980, 294.4843
5865.909, 290.3184
5867.837, 301.7114
5869.766, 316.5008
5871.694, 314.5363
5873.623, 282.8360
5875.551, 290.7372
5877.480, 305.3726
5879.408, 300.2903
5881.337, 309.2520
5883.265, 299.3112
5885.194, 294.8506
5887.122, 298.1982
5889.051, 296.4759
5890.979, 301.3942
5892.908, 306.0529
5894.836, 312.6310
5896.765, 319.7912
5898.693, 307.1242
5900.622, 310.5957
5902.550, 309.6715
5904.479, 300.6451
5906.407, 290.3612
5908.335, 298.8436
5910.264, 316.4179
5912.192, 316.1727
5914.121, 298.6508
5916.049, 315.3451
5917.978, 292.9594
5919.906, 282.2854
5921.834, 294.1976
5923.763, 316.3804
5925.691, 295.5140
5927.620, 293.1951
5929.548, 295.1019
5931.477, 298.1245
5933.405, 318.0743
5935.334, 306.3988
5937.262, 302.6377
5939.191, 307.7224
5941.119, 313.6346
5943.048, 317.6360
5944.976, 332.0198
5946.905, 320.5297
5948.833, 306.6980
5950.762, 325.9035
5952.690, 328.9094
5954.619, 315.7400
5956.547, 308.0592
5958.476, 313.8285
5960.404, 325.2576
5962.333, 321.9803
5964.261, 327.9368
5966.189, 321.2407
5968.118, 299.7443
5970.046, 317.9108
5971.975, 317.4959
5973.903, 310.4677
5975.832, 310.6483
5977.760, 321.2979
5979.688, 314.8704
5981.617, 321.6775
5983.545, 325.4360
5985.474, 318.8705
5987.402, 305.8176
5989.331, 315.8826
5991.259, 324.3207
5993.188, 323.3932
5995.116, 321.4731
5997.045, 338.3466
5998.973, 331.4243
6000.902, 332.6492
6002.830, 331.5278
6004.759, 325.1129
6006.687, 339.4832
6008.616, 312.7791
6010.544, 316.1434
6012.473, 328.1201
6014.401, 325.5305
6016.330, 331.8136
6018.258, 351.1169
6020.187, 343.4170
6022.115, 324.3134
6024.043, 316.9197
6025.972, 318.5750
6027.900, 325.9267
6029.829, 339.7424
6031.757, 345.7963
6033.686, 335.1669
6035.614, 333.1820
6037.542, 341.9977
6039.471, 345.2224
6041.399, 342.1768
6043.328, 337.7248
6045.256, 324.5328
6047.185, 332.2890
6049.113, 342.0953
6051.042, 340.7975
6052.970, 326.8514
6054.899, 324.4404
6056.827, 343.1613
6058.756, 356.7346
6060.684, 365.7381
6062.613, 375.4374
6064.541, 334.6922
6066.470, 359.3087
6068.398, 368.9540
6070.327, 356.3598
6072.255, 348.7586
6074.184, 346.7398
6076.112, 333.9423
6078.041, 323.0695
6079.969, 327.5118
6081.897, 345.5676
6083.826, 332.0125
6085.754, 329.7131
6087.683, 339.7404
6089.611, 353.1673
6091.540, 360.3184
6093.468, 351.5790
6095.396, 346.4914
6097.325, 339.2375
6099.253, 332.1864
6101.182, 332.4467
6103.110, 351.7320
6105.039, 342.6657
6106.967, 341.4368
6108.896, 333.6659
6110.824, 321.8390
6112.753, 339.2057
6114.681, 349.2287
6116.610, 343.0309
6118.538, 347.0029
6120.467, 357.6049
6122.395, 349.3272
6124.324, 354.6055
6126.252, 348.1855
6128.181, 341.9384
6130.109, 342.1588
6132.038, 347.0305
6133.966, 343.8414
6135.895, 359.3959
6137.823, 361.9900
6139.751, 349.3232
6141.680, 336.4567
6143.608, 350.1875
6145.537, 346.3320
6147.465, 345.2498
6149.394, 345.4566
6151.322, 346.7905
6153.250, 357.8982
6155.179, 348.2716
6157.107, 342.2826
6159.036, 348.6882
6160.964, 351.8141
6162.893, 338.7763
6164.821, 371.4470
6166.750, 350.0625
6168.678, 346.0179
6170.607, 356.7484
6172.535, 361.2866
6174.464, 359.5999
6176.392, 363.5565
6178.321, 347.5077
6180.249, 349.1557
6182.178, 359.1124
6184.106, 340.7082
6186.035, 362.5804
6187.963, 356.8815
6189.892, 338.9727
6191.820, 337.7513
6193.749, 357.9957
6195.677, 366.2964
6197.605, 360.5281
6199.534, 351.3552
6201.462, 354.6184
6203.391, 358.3621
6205.319, 345.3982
6207.248, 364.9078
6209.176, 354.5833
6211.104, 345.2257
6213.033, 356.2999
6214.961, 368.6305
6216.890, 335.3715
6218.818, 346.8439
6220.747, 352.4355
6222.675, 358.7940
6224.604, 360.3212
6226.532, 347.3329
6228.461, 334.8249
6230.389, 349.7472
6232.318, 357.4169
6234.246, 358.2266
6236.175, 366.2792
6238.103, 385.9849
6240.032, 363.5625
6241.960, 368.7708
6243.889, 369.8914
6245.817, 374.3824
6247.746, 385.2250
6249.674, 374.1195
6251.603, 334.7354
6253.531, 360.1808
6255.459, 366.6007
6257.388, 355.8275
6259.316, 360.2043
6261.245, 353.4418
6263.173, 355.2255
6265.102, 345.6096
6267.030, 357.4543
6268.958, 372.9337
6270.887, 359.9161
6272.815, 350.3971
6274.744, 367.1222
6276.672, 382.3451
6278.601, 381.9359
6280.529, 368.6431
6282.458, 357.0540
6284.386, 388.1791
6286.315, 393.8218
6288.243, 379.2461
6290.172, 366.0008
6292.100, 362.9421
6294.029, 364.3528
6295.957, 354.0911
6297.886, 390.9263
6299.814, 373.6110
6301.743, 363.0786
6303.671, 371.6349
6305.600, 356.1734
6307.528, 363.3243
6309.457, 367.8501
6311.385, 360.2147
6313.313, 361.4476
6315.242, 375.8077
6317.170, 389.0895
6319.099, 388.0641
6321.027, 374.9811
6322.956, 368.2895
6324.884, 369.4428
6326.813, 376.5365
6328.741, 384.5946
6330.669, 368.1477
6332.598, 377.5504
6334.526, 367.3370
6336.455, 365.8235
6338.383, 369.5142
6340.312, 361.1693
6342.240, 353.2778
6344.169, 384.7904
6346.097, 380.6433
6348.026, 375.1056
6349.954, 372.0104
6351.883, 357.5179
6353.811, 335.0393
6355.740, 368.6658
6357.668, 381.7332
6359.597, 388.8668
6361.525, 380.3452
6363.454, 370.3802
6365.382, 385.8899
6367.311, 358.2910
6369.239, 367.1841
6371.167, 366.0918
6373.096, 356.9951
6375.024, 358.6247
6376.953, 372.7123
6378.881, 362.4513
6380.810, 365.6190
6382.738, 356.8978
6384.667, 365.4401
6386.595, 373.2171
6388.523, 371.1190
6390.452, 385.4068
6392.380, 384.4438
6394.309, 372.5972
6396.237, 365.5828
6398.166, 379.5484
6400.094, 387.6249
6402.023, 372.5652
6403.951, 391.9796
6405.880, 378.1427
6407.808, 398.0125
6409.737, 388.7952
6411.665, 371.3983
6413.594, 367.4706
6415.522, 361.1923
6417.451, 388.4725
6419.379, 405.0307
6421.308, 374.8607
6423.236, 369.1011
6425.165, 387.5065
6427.093, 392.2087
6429.021, 373.7652
6430.950, 378.6794
6432.878, 369.0733
6434.807, 371.1620
6436.735, 382.7882
6438.664, 378.6097
6440.592, 358.7617
6442.521, 376.2843
6444.449, 365.8883
6446.377, 360.8513
6448.306, 380.9361
6450.234, 399.4893
6452.163, 394.6310
6454.091, 370.3070
6456.020, 355.4500
6457.948, 375.1673
6459.877, 379.0966
6461.805, 380.8727
6463.734, 369.9642
6465.662, 361.7159
6467.591, 378.7205
6469.519, 361.8500
6471.448, 392.1726
6473.376, 398.2690
6475.305, 383.5850
6477.233, 374.4179
6479.162, 365.3666
6481.090, 354.0003
6483.019, 394.4976
6484.947, 360.0565
6486.875, 366.9730
6488.804, 371.9706
6490.732, 381.5898
6492.661, 386.7163
6494.589, 374.8045
6496.518, 391.2535
6498.446, 397.0636
6500.375, 378.5022
6502.303, 375.6462
6504.231, 391.0685
6506.160, 385.2871
6508.088, 359.4803
6510.017, 373.0662
6511.945, 349.4505
6513.874, 353.5107
6515.802, 370.1645
6517.731, 381.4508
6519.659, 369.8487
6521.588, 359.9916
6523.516, 389.1716
6525.445, 377.8886
6527.373, 378.1193
6529.302, 362.4379
6531.230, 374.7856
6533.159, 377.5486
6535.087, 376.2577
6537.016, 386.7249
6538.944, 359.5624
6540.873, 372.4409
6542.801, 355.7376
6544.729, 361.2940
6546.658, 378.4976
6548.586, 400.3506
6550.515, 414.5300
6552.443, 402.8174
6554.372, 381.4840
6556.300, 393.9347
6558.229, 381.6075
6560.157, 377.6736
6562.085, 375.7810
6564.014, 382.7869
6565.942, 389.9867
6567.871, 369.5070
6569.799, 374.1662
6571.728, 376.1864
6573.656, 349.8712
6575.585, 359.6714
6577.513, 365.9879
6579.442, 367.2794
6581.370, 379.2703
6583.299, 373.8801
6585.227, 368.0863
6587.156, 393.7403
6589.084, 366.6400
6591.013, 352.6965
6592.941, 353.4756
6594.870, 353.4161
6596.798, 364.7741
6598.727, 397.3956
6600.655, 382.8453
6602.583, 384.3456
6604.512, 370.7266
6606.440, 372.9948
6608.369, 369.1435
6610.297, 357.3621
6612.226, 360.0231
6614.154, 381.7293
6616.083, 352.2218
6618.011, 395.4322
6619.939, 372.6334
6621.868, 368.2397
6623.796, 379.0323
6625.725, 383.6650
6627.653, 382.5790
##END=



