##NAMES=Phlogopite
##RRUFFID=R050485
##IDEAL CHEMISTRY=KMg_3_(AlSi_3_O_10_)(OH)_2_
##LOCALITY=Libby, Montana, USA
##OWNER=RRUFF
##SOURCE=California Institute of Technology
##DESCRIPTION=Green micaceous fragment
##STATUS=The identification of this mineral has been confirmed by X-ray diffraction and chemical analysis
##URL=https://www.rruff.net/odr/rruff_sample/R050485
##MEASURED CHEMISTRY=(K_0.92_Na_0.06_Ca_0.02_)(Mg_0.80_Fe^2+^_0.17_Ti_0.02_Cr_0.01_)_3_(Si_2.83_Al_1.17_)O_10_(OH)_2_
##DIFFRACTION SAMPLE DESCRIPTION=Powder
##CELL PARAMETERS=a: 5.2874 b: 9.5213 c: 10.3428 alpha: 90 beta: 101.802 gamma: 90 volume: 509.68 crystal system: monoclinic
##FILETYPE=Raman Processed
##RAMAN WAVELENGTH=780

139.4600, 337.7435
141.3884, 338.4261
143.3169, 339.0229
145.2454, 339.2399
147.1738, 339.2546
149.1023, 339.3290
151.0308, 339.4501
152.9592, 339.4212
154.8877, 338.9074
156.8162, 338.6920
158.7446, 339.1466
160.6731, 339.8656
162.6016, 340.5052
164.5300, 341.0572
166.4585, 341.4003
168.3870, 341.4599
170.3154, 341.4088
172.2439, 341.0793
174.1724, 340.8075
176.1008, 340.9182
178.0293, 341.2843
179.9578, 341.6084
181.8862, 341.7906
183.8147, 342.1461
185.7432, 343.1314
187.6716, 343.8524
189.6001, 343.6170
191.5286, 342.8860
193.4570, 342.4923
195.3855, 342.8076
197.3140, 341.9340
199.2424, 339.1198
201.1709, 336.1200
203.0994, 333.1429
205.0278, 330.4914
206.9563, 328.5131
208.8848, 327.2469
210.8132, 326.0495
212.7417, 324.8168
214.6702, 323.8745
216.5986, 323.4603
218.5271, 323.1236
220.4556, 322.5244
222.3840, 321.7945
224.3125, 321.3387
226.2410, 321.2053
228.1694, 321.2393
230.0979, 321.6694
232.0264, 321.9226
233.9548, 321.4701
235.8833, 320.8607
237.8118, 320.7724
239.7402, 321.2436
241.6687, 321.3911
243.5972, 321.0790
245.5256, 320.8765
247.4541, 320.9665
249.3826, 321.1827
251.3110, 321.3961
253.2395, 321.6428
255.1680, 322.2033
257.0964, 323.2081
259.0249, 323.5260
260.9534, 322.7397
262.8818, 321.9772
264.8103, 321.7101
266.7388, 321.6462
268.6672, 321.4946
270.5957, 321.3369
272.5242, 321.6614
274.4526, 322.5823
276.3811, 323.1678
278.3096, 322.7969
280.2380, 322.6192
282.1665, 323.5544
284.0950, 324.7491
286.0234, 324.7480
287.9519, 323.6494
289.8804, 322.7480
291.8088, 322.0450
293.7373, 321.8219
295.6658, 322.5644
297.5942, 323.3420
299.5227, 323.8647
301.4512, 324.0224
303.3796, 323.5398
305.3081, 322.5185
307.2366, 321.5067
309.1650, 320.2092
311.0935, 319.7840
313.0220, 321.1732
314.9504, 322.6802
316.8789, 323.1340
318.8074, 323.0181
320.7358, 323.1966
322.6643, 323.6476
324.5928, 324.1656
326.5212, 324.8847
328.4497, 325.3684
330.3782, 325.3591
332.3066, 325.2925
334.2351, 325.4292
336.1636, 325.7481
338.0920, 326.2416
340.0205, 326.9195
341.9490, 327.4133
343.8774, 327.7153
345.8059, 327.7678
347.7344, 327.3616
349.6628, 326.8864
351.5913, 326.6084
353.5198, 326.4316
355.4482, 326.2759
357.3767, 326.1545
359.3052, 325.5794
361.2336, 323.8763
363.1621, 322.7794
365.0906, 322.9979
367.0190, 323.1571
368.9475, 322.5461
370.8760, 321.4895
372.8044, 320.1430
374.7329, 318.5221
376.6614, 317.6617
378.5898, 318.3138
380.5183, 318.2199
382.4468, 316.6302
384.3752, 315.3193
386.3037, 315.3420
388.2322, 315.7027
390.1606, 315.3720
392.0891, 314.6303
394.0176, 314.8024
395.9460, 316.4426
397.8745, 316.8716
399.8030, 315.5355
401.7314, 314.3108
403.6599, 313.9281
405.5884, 313.6005
407.5168, 312.8882
409.4453, 311.9487
411.3738, 310.8789
413.3022, 309.6194
415.2307, 308.7661
417.1592, 308.4338
419.0876, 308.1963
421.0161, 308.1754
422.9446, 307.8415
424.8730, 306.5492
426.8015, 305.3061
428.7300, 305.0834
430.6584, 305.4933
432.5869, 305.4857
434.5154, 305.0948
436.4438, 304.6648
438.3723, 304.2070
440.3008, 303.7660
442.2292, 303.4998
444.1577, 303.0476
446.0862, 302.2586
448.0146, 301.3076
449.9431, 300.1185
451.8716, 298.8517
453.8000, 298.3031
455.7285, 298.4672
457.6570, 298.2211
459.5854, 297.0928
461.5139, 296.3599
463.4424, 296.7176
465.3708, 297.0668
467.2993, 296.5963
469.2278, 296.0192
471.1563, 296.4379
473.0847, 297.4196
475.0132, 297.8569
476.9417, 297.7259
478.8701, 297.3468
480.7986, 296.3716
482.7271, 295.9312
484.6555, 296.6237
486.5840, 297.3848
488.5125, 297.8644
490.4409, 298.0167
492.3694, 297.4673
494.2979, 296.6851
496.2263, 296.8315
498.1548, 297.9687
500.0833, 298.3740
502.0117, 297.2251
503.9402, 296.6982
505.8687, 297.5093
507.7971, 298.2191
509.7256, 298.4163
511.6541, 298.2242
513.5825, 297.4848
515.5110, 296.6011
517.4395, 296.2216
519.3679, 296.3212
521.2964, 296.2096
523.2249, 295.6402
525.1533, 295.3849
527.0818, 295.7344
529.0103, 295.9565
530.9387, 296.0229
532.8672, 295.6561
534.7957, 294.5717
536.7241, 293.2108
538.6526, 291.7060
540.5811, 290.2719
542.5095, 289.5531
544.4380, 289.5800
546.3665, 289.5607
548.2949, 289.6923
550.2234, 289.1234
552.1519, 287.4700
554.0803, 285.7810
556.0088, 284.3865
557.9373, 283.0915
559.8657, 281.8824
561.7942, 280.6086
563.7227, 278.9760
565.6511, 277.2200
567.5796, 276.1573
569.5081, 275.8559
571.4365, 275.0755
573.3650, 273.6847
575.2935, 272.4201
577.2219, 271.4839
579.1504, 270.6301
581.0789, 269.8867
583.0073, 268.9316
584.9358, 267.3172
586.8643, 265.7900
588.7927, 265.2513
590.7212, 265.2935
592.6497, 264.8921
594.5781, 264.1780
596.5066, 264.0543
598.4351, 264.5677
600.3635, 264.5406
602.2920, 263.5766
604.2205, 262.8890
606.1489, 263.0323
608.0774, 263.1369
610.0059, 262.9387
611.9343, 262.6696
613.8628, 262.4357
615.7913, 262.2399
617.7197, 262.1366
619.6482, 262.0772
621.5767, 261.9889
623.5051, 261.8777
625.4336, 261.5414
627.3621, 260.8241
629.2905, 260.6603
631.2190, 261.8004
633.1475, 262.3625
635.0759, 261.5844
637.0044, 260.8976
638.9329, 261.0738
640.8613, 261.2194
642.7898, 260.2832
644.7183, 259.3844
646.6467, 260.0211
648.5752, 261.5260
650.5037, 262.6387
652.4321, 263.3029
654.3606, 263.3792
656.2891, 262.6597
658.2175, 262.3410
660.1460, 262.7089
662.0745, 262.9716
664.0029, 263.1122
665.9314, 263.2331
667.8599, 263.1930
669.7883, 263.2369
671.7168, 263.7342
673.6453, 264.1440
675.5737, 264.1469
677.5022, 263.7608
679.4307, 262.7893
681.3591, 261.4880
683.2876, 260.8298
685.2161, 260.7785
687.1445, 259.4319
689.0730, 256.3155
691.0015, 253.9573
692.9299, 252.4172
694.8584, 251.4788
696.7869, 251.5472
698.7153, 250.9537
700.6438, 248.5373
702.5723, 246.4897
704.5007, 246.3210
706.4292, 246.3930
708.3577, 245.7529
710.2861, 244.8286
712.2146, 243.8146
714.1431, 243.0021
716.0715, 243.2467
718.0000, 244.1684
719.9285, 244.0422
721.8569, 243.0507
723.7854, 242.7644
725.7139, 243.2356
727.6423, 242.9976
729.5708, 241.7302
731.4993, 240.7622
733.4277, 240.4172
735.3562, 240.1990
737.2847, 239.9921
739.2131, 239.9295
741.1416, 240.2087
743.0701, 240.3696
744.9985, 240.0548
746.9270, 239.5647
748.8555, 239.1707
750.7839, 238.8666
752.7124, 238.6266
754.6409, 238.3252
756.5693, 237.8340
758.4978, 237.2947
760.4263, 236.9255
762.3547, 236.7231
764.2832, 236.8926
766.2117, 237.5094
768.1401, 237.8482
770.0686, 237.8598
771.9971, 237.5878
773.9255, 236.8637
775.8540, 236.0562
777.7825, 234.8542
779.7109, 234.1171
781.6394, 234.5866
783.5679, 235.0061
785.4963, 234.7825
787.4248, 234.2236
789.3533, 233.3684
791.2817, 232.5133
793.2102, 231.8432
795.1387, 231.2966
797.0671, 230.8761
798.9956, 230.5790
800.9241, 230.4384
802.8525, 230.3874
804.7810, 230.1919
806.7095, 229.8639
808.6379, 229.1281
810.5664, 227.8471
812.4949, 227.2399
814.4233, 227.6194
816.3518, 227.6833
818.2803, 227.2396
820.2087, 226.9844
822.1372, 227.0569
824.0657, 227.1398
825.9941, 227.2329
827.9226, 227.1051
829.8511, 226.5785
831.7795, 226.0730
833.7080, 225.5750
835.6365, 225.4448
837.5649, 226.3165
839.4934, 227.1317
841.4219, 227.2868
843.3503, 227.0098
845.2788, 226.2849
847.2073, 225.4874
849.1357, 224.9345
851.0642, 224.6837
852.9927, 225.0597
854.9211, 225.6611
856.8496, 225.4616
858.7781, 224.6795
860.7065, 224.0831
862.6350, 223.6768
864.5635, 223.6751
866.4919, 224.0385
868.4204, 224.1633
870.3489, 224.0134
872.2773, 223.9152
874.2058, 223.9375
876.1343, 223.6711
878.0627, 223.0440
879.9912, 222.2087
881.9197, 220.9613
883.8481, 220.4695
885.7766, 221.1719
887.7051, 222.0455
889.6335, 223.4295
891.5620, 223.8944
893.4905, 222.3178
895.4189, 221.1576
897.3474, 221.5893
899.2759, 221.7953
901.2043, 220.7196
903.1328, 219.7542
905.0613, 219.6691
906.9897, 219.8642
908.9182, 220.1758
910.8467, 220.2626
912.7751, 219.7319
914.7036, 219.1124
916.6321, 218.8452
918.5605, 218.7887
920.4890, 218.8425
922.4175, 218.7960
924.3459, 218.4156
926.2744, 218.0471
928.2029, 218.1123
930.1313, 218.2936
932.0598, 218.0704
933.9883, 217.5835
935.9167, 217.1491
937.8452, 216.9179
939.7737, 217.2681
941.7021, 217.8918
943.6306, 217.7742
945.5591, 217.0826
947.4875, 216.5471
949.4160, 216.1744
951.3445, 215.9718
953.2729, 215.9070
955.2014, 215.9483
957.1299, 216.1294
959.0583, 216.0400
960.9868, 215.6477
962.9153, 215.2324
964.8438, 214.7934
966.7722, 214.8924
968.7007, 215.4961
970.6292, 215.9556
972.5576, 216.3471
974.4861, 216.4115
976.4146, 216.1501
978.3430, 216.1634
980.2715, 216.3717
982.2000, 216.4389
984.1284, 216.4780
986.0569, 215.8165
987.9854, 214.2426
989.9138, 213.7574
991.8423, 214.7350
993.7708, 214.9565
995.6992, 213.9900
997.6277, 213.4790
999.5562, 213.7982
1001.485, 213.7086
1003.413, 212.8884
1005.342, 212.4498
1007.270, 212.6557
1009.198, 212.6264
1011.127, 212.1822
1013.055, 212.1089
1014.984, 212.6001
1016.912, 212.7181
1018.841, 212.3192
1020.769, 211.8560
1022.698, 211.2622
1024.626, 210.8822
1026.555, 210.8716
1028.483, 210.7558
1030.412, 210.4283
1032.340, 210.1617
1034.269, 209.9839
1036.197, 209.9009
1038.125, 210.0512
1040.054, 210.0263
1041.982, 209.7278
1043.911, 209.3619
1045.839, 208.8582
1047.768, 208.4341
1049.696, 207.9031
1051.625, 207.7278
1053.553, 208.1461
1055.482, 208.6089
1057.410, 209.4001
1059.339, 209.3620
1061.267, 208.0490
1063.196, 207.0995
1065.124, 206.6809
1067.052, 206.2946
1068.981, 205.9428
1070.909, 205.7377
1072.838, 205.6027
1074.766, 205.5002
1076.695, 205.5916
1078.623, 205.1695
1080.552, 204.1002
1082.480, 203.2676
1084.409, 202.6760
1086.337, 202.4617
1088.266, 202.7286
1090.194, 202.5187
1092.123, 201.7528
1094.051, 201.3241
1095.979, 201.1783
1097.908, 201.1896
1099.836, 201.4545
1101.765, 201.2818
1103.693, 200.5825
1105.622, 200.0614
1107.550, 199.7272
1109.479, 199.0497
1111.407, 198.2415
1113.336, 197.8982
1115.264, 197.7720
1117.193, 197.7124
1119.121, 197.7466
1121.050, 197.3393
1122.978, 196.6754
1124.906, 196.6784
1126.835, 197.0968
1128.763, 197.1558
1130.692, 196.9173
1132.620, 196.3822
1134.549, 195.8523
1136.477, 195.9599
1138.406, 196.1707
1140.334, 195.8154
1142.263, 195.4493
1144.191, 195.6146
1146.120, 195.7604
1148.048, 195.3814
1149.977, 195.0229
1151.905, 195.1530
1153.833, 195.2476
1155.762, 194.8931
1157.690, 194.7019
1159.619, 195.2041
1161.547, 195.3820
1163.476, 194.5592
1165.404, 193.7945
1167.333, 193.3615
1169.261, 193.2535
1171.190, 193.9587
1173.118, 194.1120
1175.047, 192.8202
1176.975, 191.9214
1178.904, 192.1326
1180.832, 192.1902
1182.760, 191.8137
1184.689, 191.4579
1186.617, 191.1415
1188.546, 190.5822
1190.474, 189.7103
1192.403, 189.3554
1194.331, 189.5725
1196.260, 189.3675
1198.188, 188.8430
1200.117, 188.7175
1202.045, 188.8481
1203.974, 189.0734
1205.902, 189.2686
1207.831, 188.5945
1209.759, 187.4473
1211.688, 186.9751
1213.616, 186.8483
1215.544, 186.5320
1217.473, 185.9727
1219.401, 184.9380
1221.330, 184.0852
1223.258, 183.9203
1225.187, 183.9492
1227.115, 184.2787
1229.044, 184.2566
1230.972, 183.0014
1232.901, 181.9994
1234.829, 182.1287
1236.758, 182.0937
1238.686, 181.5809
1240.615, 180.9986
1242.543, 180.3391
1244.471, 179.7489
1246.400, 179.2322
1248.328, 178.7881
1250.257, 178.4944
1252.185, 178.3398
1254.114, 178.2359
1256.042, 178.0979
1257.971, 177.8761
1259.899, 177.1326
1261.828, 176.1994
1263.756, 175.8638
1265.685, 175.8423
1267.613, 175.9269
1269.542, 175.9235
1271.470, 175.4459
1273.398, 174.9271
1275.327, 174.7661
1277.255, 174.5253
1279.184, 173.9731
1281.112, 173.5561
1283.041, 173.4974
1284.969, 173.3651
1286.898, 172.8537
1288.826, 172.4899
1290.755, 172.5266
1292.683, 172.6325
1294.612, 172.7299
1296.540, 172.4180
1298.469, 171.7767
1300.397, 171.4247
1302.325, 171.2933
1304.254, 171.3237
1306.182, 171.5775
1308.111, 172.0849
1310.039, 172.3679
1311.968, 171.8800
1313.896, 171.2517
1315.825, 170.6572
1317.753, 170.4389
1319.682, 171.3561
1321.610, 171.6449
1323.539, 170.2263
1325.467, 169.4538
1327.396, 170.1308
1329.324, 170.4687
1331.252, 170.1738
1333.181, 169.9831
1335.109, 169.9160
1337.038, 169.4583
1338.966, 168.6973
1340.895, 168.4981
1342.823, 168.6584
1344.752, 168.5470
1346.680, 168.3316
1348.609, 168.5022
1350.537, 168.6407
1352.466, 167.9298
1354.394, 166.9749
1356.323, 166.2890
1358.251, 165.8371
1360.179, 165.5520
1362.108, 165.5966
1364.036, 166.1164
1365.965, 166.1908
1367.893, 165.7612
1369.822, 165.2014
1371.750, 164.5200
1373.679, 163.8432
1375.607, 163.3364
1377.536, 163.5520
1379.464, 163.9643
1381.393, 164.1913
1383.321, 164.1304
1385.250, 163.2046
1387.178, 162.2908
1389.106, 161.9067
1391.035, 161.7832
1392.963, 161.7963
1394.892, 162.0777
1396.820, 163.0127
1398.749, 163.0599
1400.677, 162.0874
1402.606, 161.5573
1404.534, 161.4063
1406.463, 161.1728
1408.391, 160.9328
1410.320, 161.0192
1412.248, 161.1293
1414.177, 160.5659
1416.105, 160.2211
1418.033, 160.8888
1419.962, 161.2313
1421.890, 160.6212
1423.819, 160.4268
1425.747, 161.0699
1427.676, 160.9328
1429.604, 159.8702
1431.533, 159.5955
1433.461, 159.8438
1435.390, 159.8133
1437.318, 159.8391
1439.247, 160.2645
1441.175, 160.4002
1443.104, 159.5800
1445.032, 159.2853
1446.960, 160.3306
1448.889, 160.5707
1450.817, 159.3744
1452.746, 159.1606
1454.674, 160.1768
1456.603, 160.2320
1458.531, 159.5104
1460.460, 159.6247
1462.388, 160.0332
1464.317, 159.9376
1466.245, 159.7389
1468.174, 159.4897
1470.102, 159.1615
1472.031, 159.0104
1473.959, 158.8125
1475.887, 158.2785
1477.816, 158.2137
1479.744, 158.7434
1481.673, 158.9324
1483.601, 158.7448
1485.530, 158.4303
1487.458, 158.2328
1489.387, 158.3371
1491.315, 158.2127
1493.244, 157.4823
1495.172, 157.3141
1497.101, 158.3361
1499.029, 158.7016
1500.958, 158.0307
1502.886, 157.6191
1504.814, 157.5366
1506.743, 157.4818
1508.671, 157.4134
1510.600, 157.4939
1512.528, 157.4173
1514.457, 156.7886
1516.385, 156.4404
1518.314, 156.8893
1520.242, 157.2553
1522.171, 157.1661
1524.099, 156.8611
1526.028, 156.3703
1527.956, 156.1188
1529.885, 156.1390
1531.813, 155.9870
1533.741, 155.7634
1535.670, 155.7376
1537.598, 155.6809
1539.527, 155.4310
1541.455, 155.2318
1543.384, 155.1796
1545.312, 155.0541
1547.241, 154.8946
1549.169, 155.0398
1551.098, 155.2240
1553.026, 154.9895
1554.955, 154.7628
1556.883, 155.0098
1558.812, 155.1053
1560.740, 154.5657
1562.668, 154.2289
1564.597, 154.3970
1566.525, 154.3003
1568.454, 153.9479
1570.382, 153.9201
1572.311, 154.1201
1574.239, 154.0887
1576.168, 153.9234
1578.096, 154.0410
1580.025, 154.1508
1581.953, 154.0233
1583.882, 153.8488
1585.810, 153.6816
1587.739, 153.1071
1589.667, 152.4279
1591.595, 152.1694
1593.524, 151.9701
1595.452, 151.5943
1597.381, 151.6095
1599.309, 152.5176
1601.238, 152.7754
1603.166, 152.1878
1605.095, 152.3236
1607.023, 152.7690
1608.952, 152.1203
1610.880, 151.2861
1612.809, 151.2775
1614.737, 151.3926
1616.666, 151.4582
1618.594, 151.1935
1620.522, 150.4757
1622.451, 149.9470
1624.379, 149.5170
1626.308, 149.5073
1628.236, 149.7868
1630.165, 149.7456
1632.093, 149.5154
1634.022, 149.1433
1635.950, 148.8310
1637.879, 148.6233
1639.807, 148.7346
1641.736, 149.0925
1643.664, 149.0085
1645.593, 148.7071
1647.521, 148.1801
1649.449, 147.6645
1651.378, 147.6590
1653.306, 147.4800
1655.235, 146.5334
1657.163, 145.7464
1659.092, 145.7253
1661.020, 145.8660
1662.949, 145.7938
1664.877, 146.0045
1666.806, 146.0183
1668.734, 145.0606
1670.663, 144.5731
1672.591, 144.6900
1674.520, 144.7966
1676.448, 144.6801
1678.376, 143.8819
1680.305, 143.0531
1682.233, 142.5712
1684.162, 142.3804
1686.090, 142.6823
1688.019, 142.4532
1689.947, 141.7209
1691.876, 141.4184
1693.804, 141.5606
1695.733, 141.5396
1697.661, 141.1944
1699.590, 140.7657
1701.518, 140.5995
1703.447, 140.7844
1705.375, 140.7361
1707.303, 140.2645
1709.232, 139.6628
1711.160, 139.3709
1713.089, 139.5680
1715.017, 139.5185
1716.946, 138.6517
1718.874, 138.0866
1720.803, 137.8423
1722.731, 137.0902
1724.660, 136.3472
1726.588, 136.0405
1728.517, 135.6007
1730.445, 134.7975
1732.374, 134.3844
1734.302, 134.4158
1736.230, 134.2250
1738.159, 133.7624
1740.087, 133.4313
1742.016, 133.2469
1743.944, 132.9190
1745.873, 132.7836
1747.801, 132.6606
1749.730, 131.9836
1751.658, 130.8386
1753.587, 130.1677
1755.515, 129.9516
1757.444, 129.5473
1759.372, 129.4156
1761.301, 129.5986
1763.229, 129.0316
1765.157, 128.3259
1767.086, 128.1538
1769.014, 127.8433
1770.943, 127.5881
1772.871, 127.0134
1774.800, 125.6550
1776.728, 125.1433
1778.657, 125.3593
1780.585, 124.8990
1782.514, 124.1824
1784.442, 123.7093
1786.371, 123.3337
1788.299, 123.4319
1790.228, 123.3778
1792.156, 122.9485
1794.084, 122.2144
1796.013, 121.2139
1797.941, 120.5109
1799.870, 120.0768
1801.798, 120.1474
1803.727, 120.1634
1805.655, 119.4543
1807.584, 118.5897
1809.512, 118.1632
1811.441, 117.7140
1813.369, 117.4137
1815.298, 117.5878
1817.226, 117.6011
1819.155, 117.3261
1821.083, 116.6324
1823.011, 115.8134
1824.940, 115.7198
1826.868, 115.2720
1828.797, 113.9844
1830.725, 113.4044
1832.654, 113.4755
1834.582, 113.0285
1836.511, 112.4311
1838.439, 112.1712
1840.368, 111.6839
1842.296, 111.3298
1844.225, 111.2078
1846.153, 110.9354
1848.082, 110.5558
1850.010, 110.2000
1851.938, 109.8837
1853.867, 109.5413
1855.795, 108.8828
1857.724, 108.1655
1859.652, 107.8414
1861.581, 107.5629
1863.509, 107.4064
1865.438, 107.9014
1867.366, 107.6868
1869.295, 106.5716
1871.223, 105.9386
1873.152, 105.6208
1875.080, 105.2782
1877.009, 104.9850
1878.937, 104.4247
1880.865, 104.2021
1882.794, 104.3465
1884.722, 104.3004
1886.651, 104.1388
1888.579, 103.5554
1890.508, 103.4025
1892.436, 103.2985
1894.365, 102.5505
1896.293, 102.0256
1898.222, 101.9727
1900.150, 101.8196
1902.079, 101.4637
1904.007, 101.2962
1905.936, 101.2447
1907.864, 100.6423
1909.792, 99.99415
1911.721, 99.81437
1913.649, 99.74234
1915.578, 99.61156
1917.506, 98.91094
1919.435, 98.31660
1921.363, 98.36947
1923.292, 97.92095
1925.220, 97.27592
1927.149, 97.17056
1929.077, 97.11328
1931.006, 96.51432
1932.934, 96.06788
1934.863, 96.16543
1936.791, 95.81663
1938.719, 95.09727
1940.648, 94.61489
1942.576, 94.40316
1944.505, 94.13412
1946.433, 93.78589
1948.362, 93.79018
1950.290, 93.92656
1952.219, 93.54586
1954.147, 92.31814
1956.076, 91.85366
1958.004, 92.32847
1959.933, 92.13360
1961.861, 91.61657
1963.790, 91.61449
1965.718, 91.37520
1967.646, 90.80383
1969.575, 90.42553
1971.503, 89.97258
1973.432, 89.34638
1975.360, 89.11842
1977.289, 89.15763
1979.217, 89.01402
1981.146, 88.98521
1983.074, 88.63927
1985.003, 88.06779
1986.931, 88.19578
1988.860, 88.31260
1990.788, 87.62135
1992.717, 86.72569
1994.645, 86.10190
1996.573, 86.27792
1998.502, 86.47046
2000.430, 86.28495
2002.359, 86.15858
2004.287, 85.77836
2006.216, 85.32616
2008.144, 85.39712
2010.073, 85.14660
2012.001, 84.31770
2013.930, 84.05971
2015.858, 84.31374
2017.787, 84.25121
2019.715, 84.09287
2021.644, 84.02171
2023.572, 83.85844
2025.500, 83.53504
2027.429, 82.99934
2029.357, 82.55769
2031.286, 82.76978
2033.214, 82.93510
2035.143, 82.54402
2037.071, 82.44633
2039.000, 82.48422
2040.928, 82.29731
2042.857, 82.42695
2044.785, 82.13863
2046.714, 81.64223
2048.642, 81.85379
2050.571, 81.80648
2052.499, 81.72900
2054.427, 81.68836
2056.356, 81.02403
2058.284, 80.31942
2060.213, 80.21774
2062.141, 80.22594
2064.070, 80.11511
2065.998, 79.90275
2067.927, 79.34975
2069.855, 79.04350
2071.784, 79.22697
2073.712, 79.39392
2075.641, 79.56429
2077.569, 79.30200
2079.498, 78.55330
2081.426, 78.25857
2083.354, 78.57000
2085.283, 78.67535
2087.211, 78.54055
2089.140, 78.34465
2091.068, 77.91824
2092.997, 77.82998
2094.925, 77.90749
2096.854, 77.62928
2098.782, 77.50162
2100.711, 77.18250
2102.639, 76.88322
2104.568, 77.06928
2106.496, 77.29830
2108.425, 76.96375
2110.353, 76.14646
2112.281, 75.98782
2114.210, 75.83725
2116.138, 75.45460
2118.067, 75.20739
2119.995, 74.86450
2121.924, 74.61359
2123.852, 74.44892
2125.781, 74.66902
2127.709, 74.65755
2129.638, 74.46291
2131.566, 74.15797
2133.495, 73.83110
2135.423, 73.41357
2137.352, 73.16889
2139.280, 73.27424
2141.208, 73.09580
2143.137, 72.96448
2145.065, 72.86126
2146.994, 72.38050
2148.922, 72.08570
2150.851, 71.85044
2152.779, 71.40353
2154.708, 71.38609
2156.636, 71.38393
2158.565, 71.36355
2160.493, 71.58038
2162.422, 71.15370
2164.350, 70.26785
2166.279, 69.92299
2168.207, 70.32841
2170.135, 70.09193
2172.064, 69.08251
2173.992, 68.54491
2175.921, 68.69456
2177.849, 68.75212
2179.778, 68.37498
2181.706, 67.91996
2183.635, 67.79981
2185.563, 67.76930
2187.492, 67.03291
2189.420, 66.82326
2191.349, 67.36343
2193.277, 66.66690
2195.206, 65.86610
2197.134, 65.95688
2199.063, 66.07639
2200.991, 65.88913
2202.919, 65.23659
2204.848, 64.90520
2206.776, 64.90199
2208.705, 64.80331
2210.633, 64.56929
2212.562, 64.13712
2214.490, 63.87749
2216.419, 63.87438
2218.347, 63.57743
2220.276, 62.74104
2222.204, 62.21770
2224.133, 62.17857
2226.061, 62.20585
2227.990, 62.21566
2229.918, 61.58840
2231.846, 60.97272
2233.775, 60.82133
2235.703, 60.81123
2237.632, 60.90708
2239.560, 60.70699
2241.489, 60.12581
2243.417, 59.86045
2245.346, 60.09137
2247.274, 60.18145
2249.203, 59.34602
2251.131, 59.14491
2253.060, 59.37458
2254.988, 59.02279
2256.917, 58.84404
2258.845, 59.00431
2260.773, 58.99411
2262.702, 58.52652
2264.630, 57.63782
2266.559, 57.28225
2268.487, 57.92029
2270.416, 57.73967
2272.344, 57.24911
2274.273, 57.29869
2276.201, 57.12948
2278.130, 56.61600
2280.058, 56.18106
2281.987, 56.33118
2283.915, 56.23553
2285.844, 55.79881
2287.772, 55.44692
2289.700, 55.15589
2291.629, 55.12157
2293.557, 55.14185
2295.486, 55.09878
2297.414, 54.87444
2299.343, 54.34866
2301.271, 53.99559
2303.200, 53.79981
2305.128, 53.78304
2307.057, 53.81586
2308.985, 53.73719
2310.914, 53.64641
2312.842, 53.44502
2314.771, 52.96959
2316.699, 52.96378
2318.627, 52.91439
2320.556, 52.25130
2322.484, 51.85807
2324.413, 52.05165
2326.341, 52.68678
2328.270, 52.73657
2330.198, 52.29822
2332.127, 51.69027
2334.055, 51.42928
2335.984, 51.64953
2337.912, 51.46601
2339.841, 51.15945
2341.769, 50.71648
2343.698, 50.25326
2345.626, 50.33923
2347.554, 50.18546
2349.483, 50.01823
2351.411, 49.88582
2353.340, 49.53691
2355.268, 49.36333
2357.197, 49.46515
2359.125, 49.36386
2361.054, 48.91137
2362.982, 48.49785
2364.911, 48.33995
2366.839, 48.42165
2368.768, 48.27134
2370.696, 48.05499
2372.625, 47.93230
2374.553, 47.61687
2376.481, 47.25437
2378.410, 46.99209
2380.338, 46.94811
2382.267, 46.83270
2384.195, 46.80711
2386.124, 46.65215
2388.052, 46.39132
2389.981, 46.04335
2391.909, 45.83208
2393.838, 45.70817
2395.766, 45.56469
2397.695, 45.49511
2399.623, 45.48511
2401.552, 45.48282
2403.480, 45.08875
2405.408, 44.43805
2407.337, 44.47945
2409.265, 44.47720
2411.194, 44.12115
2413.122, 44.09798
2415.051, 44.33987
2416.979, 44.06348
2418.908, 43.89692
2420.836, 43.81704
2422.765, 43.00241
2424.693, 42.56047
2426.622, 42.68973
2428.550, 42.08995
2430.479, 41.71340
2432.407, 41.97160
2434.335, 42.06217
2436.264, 42.01142
2438.192, 41.40778
2440.121, 41.27696
2442.049, 41.15667
2443.978, 40.63662
2445.906, 40.39576
2447.835, 40.20465
2449.763, 40.35325
2451.692, 40.37291
2453.620, 39.93509
2455.549, 40.06789
2457.477, 39.99076
2459.406, 39.13509
2461.334, 38.91815
2463.262, 39.23553
2465.191, 39.55080
2467.119, 39.50833
2469.048, 39.37791
2470.976, 38.63859
2472.905, 38.29296
2474.833, 38.28331
2476.762, 38.01176
2478.690, 37.73513
2480.619, 37.70143
2482.547, 37.40042
2484.476, 36.78532
2486.404, 36.52082
2488.333, 37.07836
2490.261, 36.85100
2492.189, 36.02021
2494.118, 36.10176
2496.046, 36.18489
2497.975, 35.94633
2499.903, 35.56249
2501.832, 35.26741
2503.760, 34.99266
2505.689, 35.09111
2507.617, 35.22513
2509.546, 34.98880
2511.474, 34.69592
2513.403, 34.41762
2515.331, 34.22084
2517.260, 33.92441
2519.188, 33.69714
2521.116, 33.55522
2523.045, 33.55355
2524.973, 33.72861
2526.902, 33.57011
2528.830, 33.33411
2530.759, 33.03432
2532.687, 33.10915
2534.616, 33.12334
2536.544, 32.75013
2538.473, 32.86317
2540.401, 32.82531
2542.330, 32.28716
2544.258, 31.91125
2546.187, 31.80249
2548.115, 32.06548
2550.043, 31.70887
2551.972, 31.15410
2553.900, 30.81721
2555.829, 30.89643
2557.757, 31.04703
2559.686, 31.35226
2561.614, 31.00169
2563.543, 30.53890
2565.471, 30.51748
2567.400, 30.49190
2569.328, 30.49597
2571.257, 30.26978
2573.185, 29.94176
2575.114, 29.71574
2577.042, 29.65458
2578.970, 29.44584
2580.899, 29.28280
2582.827, 29.25645
2584.756, 28.94237
2586.684, 28.62571
2588.613, 28.66859
2590.541, 28.35114
2592.470, 28.04689
2594.398, 27.94833
2596.327, 27.68112
2598.255, 27.59545
2600.184, 27.46067
2602.112, 27.07345
2604.041, 26.82360
2605.969, 27.08718
2607.897, 26.96790
2609.826, 26.69884
2611.754, 26.58776
2613.683, 26.41653
2615.611, 26.20164
2617.540, 25.65621
2619.468, 25.42897
2621.397, 25.53827
2623.325, 25.49645
2625.254, 25.41946
2627.182, 25.23641
2629.111, 24.97207
2631.039, 24.74874
2632.968, 24.61010
2634.896, 24.64198
2636.824, 24.57228
2638.753, 24.40619
2640.681, 24.06706
2642.610, 23.94536
2644.538, 23.87567
2646.467, 23.97873
2648.395, 23.74193
2650.324, 23.44045
2652.252, 23.23995
2654.181, 22.97002
2656.109, 22.85924
2658.038, 22.89919
2659.966, 22.85401
2661.895, 22.87948
2663.823, 22.74876
2665.751, 22.41409
2667.680, 22.23487
2669.608, 22.29493
2671.537, 22.56256
2673.465, 22.57302
2675.394, 22.11329
2677.322, 22.00371
2679.251, 22.01134
2681.179, 22.19692
2683.108, 21.78964
2685.036, 21.29992
2686.965, 21.16961
2688.893, 21.15162
2690.822, 21.01218
2692.750, 20.90868
2694.678, 21.03811
2696.607, 21.03379
2698.535, 20.79535
2700.464, 20.53892
2702.392, 20.47499
2704.321, 20.51199
2706.249, 20.25440
2708.178, 20.28379
2710.106, 20.31968
2712.035, 19.96278
2713.963, 19.74592
2715.892, 19.76109
2717.820, 19.87761
2719.749, 19.61216
2721.677, 19.49072
2723.605, 19.92557
2725.534, 19.97698
2727.462, 19.72708
2729.391, 19.42145
2731.319, 18.95930
2733.248, 18.71167
2735.176, 18.83534
2737.105, 18.99417
2739.033, 18.93018
2740.962, 18.69039
2742.890, 18.77816
2744.819, 18.59931
2746.747, 18.24877
2748.676, 18.01409
2750.604, 17.89749
2752.532, 17.89909
2754.461, 17.98631
2756.389, 17.90806
2758.318, 17.81256
2760.246, 17.71306
2762.175, 17.50611
2764.103, 17.37141
2766.032, 17.35938
2767.960, 17.30387
2769.889, 17.25518
2771.817, 17.16543
2773.746, 16.81710
2775.674, 16.59754
2777.603, 16.49136
2779.531, 16.45365
2781.459, 16.28010
2783.388, 16.08040
2785.316, 16.07190
2787.245, 16.24029
2789.173, 16.09039
2791.102, 15.47806
2793.030, 15.75089
2794.959, 15.98228
2796.887, 15.85604
2798.816, 15.93242
2800.744, 15.85199
2802.673, 15.59447
2804.601, 15.50182
2806.530, 15.48152
2808.458, 15.49642
2810.386, 15.51622
2812.315, 14.95280
2814.243, 14.66775
2816.172, 15.07682
2818.100, 14.98897
2820.029, 15.03691
2821.957, 15.20536
2823.886, 14.79437
2825.814, 14.38770
2827.743, 14.19690
2829.671, 14.41861
2831.600, 14.22632
2833.528, 14.15876
2835.457, 14.59701
2837.385, 14.54076
2839.313, 14.36097
2841.242, 14.20919
2843.170, 13.89482
2845.099, 13.62062
2847.027, 13.54557
2848.956, 13.83228
2850.884, 13.67589
2852.813, 13.43260
2854.741, 13.41398
2856.670, 13.11783
2858.598, 13.02350
2860.527, 13.29492
2862.455, 13.05667
2864.384, 12.91350
2866.312, 12.89019
2868.240, 12.92747
2870.169, 12.83156
2872.097, 12.70965
2874.026, 12.76651
2875.954, 12.65941
2877.883, 12.64676
2879.811, 12.75625
2881.740, 12.88117
2883.668, 13.02755
2885.597, 12.72925
2887.525, 12.58923
2889.454, 12.25635
2891.382, 12.11178
2893.311, 12.49857
2895.239, 12.64998
2897.167, 12.39205
2899.096, 11.92278
2901.024, 12.03451
2902.953, 11.94777
2904.881, 11.76213
2906.810, 11.77378
2908.738, 12.06384
2910.667, 12.07034
2912.595, 11.68607
2914.524, 11.69450
2916.452, 11.58992
2918.381, 11.36901
2920.309, 11.00674
2922.238, 10.89683
2924.166, 11.11916
2926.094, 11.53672
2928.023, 11.38245
2929.951, 11.28552
2931.880, 11.16024
2933.808, 10.69292
2935.737, 10.86143
2937.665, 10.92148
2939.594, 10.59926
2941.522, 10.69725
2943.451, 10.65129
2945.379, 10.54305
2947.308, 10.54128
2949.236, 10.63904
2951.165, 10.60979
2953.093, 10.38553
2955.021, 10.25519
2956.950, 10.12123
2958.878, 10.05226
2960.807, 10.04829
2962.735, 9.861590
2964.664, 9.697909
2966.592, 9.597518
2968.521, 9.607385
2970.449, 9.801785
2972.378, 9.896369
2974.306, 9.635919
2976.235, 9.547962
2978.163, 9.640546
2980.092, 9.908207
2982.020, 9.623761
2983.948, 9.449347
2985.877, 9.423875
2987.805, 9.439620
2989.734, 9.225830
2991.662, 9.117234
2993.591, 9.162363
2995.519, 8.958512
2997.448, 9.106564
2999.376, 9.247524
3001.305, 8.896626
3003.233, 8.599455
3005.162, 8.575353
3007.090, 8.734493
3009.019, 8.438826
3010.947, 8.643739
3012.875, 8.750813
3014.804, 8.397780
3016.732, 8.341254
3018.661, 8.344688
3020.589, 8.351346
3022.518, 8.367278
3024.446, 8.049773
3026.375, 8.086207
3028.303, 8.506040
3030.232, 8.087459
3032.160, 8.250716
3034.089, 8.285357
3036.017, 7.484565
3037.946, 7.736567
3039.874, 7.887870
3041.802, 7.836458
3043.731, 7.842156
3045.659, 7.729119
3047.588, 7.629529
3049.516, 7.636943
3051.445, 7.374417
3053.373, 7.412484
3055.302, 7.503301
3057.230, 7.366967
3059.159, 7.156635
3061.087, 7.314228
3063.016, 7.478010
3064.944, 7.190024
3066.873, 7.332705
3068.801, 7.348703
3070.729, 7.061245
3072.658, 6.638502
3074.586, 6.864785
3076.515, 7.109144
3078.443, 6.984584
3080.372, 6.890356
3082.300, 6.643209
3084.229, 6.481676
3086.157, 6.714211
3088.086, 6.535758
3090.014, 6.466058
3091.943, 6.583984
3093.871, 6.578345
3095.800, 6.596995
3097.728, 6.628715
3099.656, 6.599725
3101.585, 6.479730
3103.513, 6.471128
3105.442, 6.334561
3107.370, 5.930753
3109.299, 5.841472
3111.227, 6.167294
3113.156, 6.372841
3115.084, 6.110504
3117.013, 5.982271
3118.941, 5.973839
3120.870, 5.891501
3122.798, 5.741889
3124.727, 5.666275
3126.655, 5.757236
3128.583, 5.729949
3130.512, 5.233231
3132.440, 5.555356
3134.369, 5.637748
3136.297, 5.294188
3138.226, 5.428127
3140.154, 5.697080
3142.083, 5.487874
3144.011, 5.129398
3145.940, 5.375364
3147.868, 5.154269
3149.797, 5.174699
3151.725, 5.551547
3153.654, 5.242692
3155.582, 5.269209
3157.510, 5.253165
3159.439, 5.046463
3161.367, 5.144047
3163.296, 5.007371
3165.224, 4.968892
3167.153, 5.128358
3169.081, 4.858046
3171.010, 4.838113
3172.938, 4.858621
3174.867, 4.714391
3176.795, 4.632364
3178.724, 4.714849
3180.652, 4.826155
3182.581, 4.896555
3184.509, 4.744994
3186.438, 4.704996
3188.366, 4.747661
3190.294, 4.686082
3192.223, 3.958069
3194.151, 4.170607
3196.080, 4.651988
3198.008, 4.696136
3199.937, 4.646767
3201.865, 4.116124
3203.794, 4.134481
3205.722, 4.913322
3207.651, 4.551948
3209.579, 4.458469
3211.508, 4.472261
3213.436, 4.254667
3215.365, 4.198779
3217.293, 4.588531
3219.221, 4.645240
3221.150, 4.209113
3223.078, 4.015025
3225.007, 3.926525
3226.935, 3.979739
3228.864, 4.111986
3230.792, 4.348754
3232.721, 3.975631
3234.649, 3.726734
3236.578, 3.778799
3238.506, 3.567447
3240.435, 3.311089
3242.363, 3.546967
3244.292, 3.943689
3246.220, 3.763427
3248.148, 3.524234
3250.077, 3.580091
3252.005, 3.767437
3253.934, 3.614226
3255.862, 3.578650
3257.791, 3.314640
3259.719, 3.197762
3261.648, 3.623410
3263.576, 3.274157
3265.505, 3.352301
3267.433, 3.498416
3269.362, 3.406344
3271.290, 3.301353
3273.219, 3.292892
3275.147, 3.285797
3277.075, 3.251372
3279.004, 3.056456
3280.932, 3.143789
3282.861, 3.075530
3284.789, 2.961730
3286.718, 3.270374
3288.646, 3.401335
3290.575, 3.345623
3292.503, 3.118700
3294.432, 2.812237
3296.360, 3.056224
3298.289, 3.151734
3300.217, 3.117932
3302.146, 3.165706
3304.074, 3.079253
3306.002, 3.076428
3307.931, 3.113162
3309.859, 3.074638
3311.788, 2.926186
3313.716, 3.183719
3315.645, 3.195576
3317.573, 3.180510
3319.502, 3.440864
3321.430, 3.089905
3323.359, 2.944194
3325.287, 2.932778
3327.216, 3.005959
3329.144, 3.090144
3331.073, 2.880259
3333.001, 2.882440
3334.929, 3.134315
3336.858, 3.158873
3338.786, 3.063007
3340.715, 2.682034
3342.643, 2.581816
3344.572, 2.943182
3346.500, 2.899057
3348.429, 2.841995
3350.357, 2.684620
3352.286, 2.655838
3354.214, 3.112877
3356.143, 2.757320
3358.071, 2.561215
3360.000, 2.649798
3361.928, 2.764392
3363.856, 2.943278
3365.785, 2.834057
3367.713, 2.662158
3369.642, 2.637550
3371.570, 2.779918
3373.499, 2.741451
3375.427, 2.664305
3377.356, 2.496760
3379.284, 2.284109
3381.213, 2.960462
3383.141, 2.821210
3385.070, 2.897755
3386.998, 3.175936
3388.927, 2.642843
3390.855, 2.521026
3392.783, 2.668436
3394.712, 2.688449
3396.640, 2.474026
3398.569, 2.588341
3400.497, 2.686672
3402.426, 2.971350
3404.354, 2.969981
3406.283, 2.321115
3408.211, 2.913634
3410.140, 2.671496
3412.068, 2.571558
3413.997, 2.783855
3415.925, 2.578025
3417.854, 2.449345
3419.782, 2.494825
3421.710, 2.500560
3423.639, 2.371488
3425.567, 2.401263
3427.496, 2.686762
3429.424, 2.573462
3431.353, 2.298358
3433.281, 2.302822
3435.210, 2.760993
3437.138, 2.610591
3439.067, 2.619131
3440.995, 2.772582
3442.924, 2.626935
3444.852, 2.172542
3446.781, 2.635912
3448.709, 2.971959
3450.637, 2.874684
3452.566, 2.947879
3454.494, 2.625657
3456.423, 2.034081
3458.351, 2.008497
3460.280, 2.554984
3462.208, 2.636033
3464.137, 2.318732
3466.065, 2.232658
3467.994, 2.247218
3469.922, 2.246438
3471.851, 2.379956
3473.779, 2.555905
3475.708, 2.377127
3477.636, 2.254676
3479.564, 2.373310
3481.493, 2.216979
3483.421, 2.185937
3485.350, 2.115611
3487.278, 2.158958
3489.207, 2.323091
3491.135, 2.122828
3493.064, 2.371027
3494.992, 2.285143
3496.921, 1.934151
3498.849, 1.726546
3500.778, 2.236555
3502.706, 2.169581
3504.635, 2.126535
3506.563, 2.467378
3508.491, 2.931881
3510.420, 2.269480
3512.348, 2.005780
3514.277, 1.993521
3516.205, 2.350961
3518.134, 2.915837
3520.062, 3.036409
3521.991, 2.432897
3523.919, 2.478118
3525.848, 2.314862
3527.776, 1.818613
3529.705, 1.980646
3531.633, 2.028039
3533.562, 2.469829
3535.490, 2.636242
3537.418, 2.365599
3539.347, 2.060636
3541.275, 2.397213
3543.204, 2.083288
3545.132, 2.261569
3547.061, 2.540977
3548.989, 2.154569
3550.918, 2.178833
3552.846, 2.319572
3554.775, 2.161213
3556.703, 1.949248
3558.632, 2.037663
3560.560, 2.730810
3562.489, 2.043860
3564.417, 2.121589
3566.345, 2.482665
3568.274, 2.392766
3570.202, 1.611894
3572.131, 1.602444
3574.059, 2.216865
3575.988, 2.751123
3577.916, 2.732085
3579.845, 2.236339
3581.773, 2.523399
3583.702, 2.403633
3585.630, 1.944788
3587.559, 1.890191
3589.487, 2.235214
3591.416, 2.019542
3593.344, 1.873502
3595.272, 2.332958
3597.201, 2.432998
3599.129, 2.281838
3601.058, 2.426019
3602.986, 2.169910
3604.915, 2.310277
3606.843, 2.098004
3608.772, 1.923395
3610.700, 1.943915
3612.629, 1.670533
3614.557, 2.266712
3616.486, 2.156201
3618.414, 1.868181
3620.343, 1.810224
3622.271, 1.917786
3624.199, 1.549680
3626.128, 1.629658
3628.056, 1.537069
3629.985, 1.644735
3631.913, 1.966811
3633.842, 2.106588
3635.770, 2.125768
3637.699, 2.196309
3639.627, 2.057949
3641.556, 1.915813
3643.484, 1.890146
3645.413, 1.840221
3647.341, 1.846222
3649.270, 1.620517
3651.198, 1.663209
3653.126, 1.798687
3655.055, 1.831820
3656.983, 2.011136
3658.912, 2.044724
3660.840, 1.751416
3662.769, 1.686600
3664.697, 1.786262
3666.626, 1.892799
3668.554, 2.319697
3670.483, 2.071388
3672.411, 1.840429
3674.340, 2.186393
3676.268, 2.144101
3678.197, 1.321098
3680.125, 1.789507
3682.053, 1.990505
3683.982, 1.934078
3685.910, 2.065655
3687.839, 2.036830
3689.767, 1.677980
3691.696, 1.797261
3693.624, 1.722122
3695.553, 1.378622
3697.481, 1.350296
3699.410, 1.493330
3701.338, 1.608283
3703.267, 1.923796
3705.195, 1.820515
3707.124, 1.777630
3709.052, 2.228582
3710.980, 2.300782
3712.909, 1.857894
3714.837, 1.847458
3716.766, 1.652608
3718.694, 1.913856
3720.623, 1.582836
3722.551, 1.344415
3724.480, 1.542301
3726.408, 1.745856
3728.337, 1.648481
3730.265, 1.633420
3732.194, 1.573683
3734.122, 1.644540
3736.051, 1.913564
3737.979, 2.175759
3739.907, 1.933575
3741.836, 1.874541
3743.764, 1.793382
3745.693, 1.575285
3747.621, 1.480126
3749.550, 1.636482
3751.478, 1.887348
3753.407, 1.906855
3755.335, 1.876268
3757.264, 1.596913
3759.192, 1.655443
3761.121, 1.856970
3763.049, 1.694881
3764.978, 1.230751
3766.906, 1.423078
3768.834, 1.805033
3770.763, 1.978334
3772.691, 1.975302
3774.620, 1.725713
3776.548, 1.328225
3778.477, 1.860845
3780.405, 1.885600
3782.334, 1.854095
3784.262, 1.608436
3786.191, 1.641576
3788.119, 1.958402
3790.048, 1.953152
3791.976, 1.573473
3793.905, 1.578860
3795.833, 1.416990
3797.761, 1.604545
3799.690, 1.879582
3801.618, 1.893179
3803.547, 1.838722
3805.475, 2.358190
3807.404, 1.372805
3809.332, 1.667850
3811.261, 1.708443
3813.189, 1.667058
3815.118, 1.766036
3817.046, 1.442133
3818.975, 1.269725
3820.903, 1.633278
3822.832, 1.323024
3824.760, 1.551819
3826.688, 1.778775
3828.617, 1.529104
3830.545, 1.232362
3832.474, 1.398355
3834.402, 1.497018
3836.331, 1.513141
3838.259, 1.390828
3840.188, 1.464866
3842.116, 1.469968
3844.045, 1.190645
3845.973, 1.308265
3847.902, 1.143527
3849.830, 1.375924
3851.759, 1.413067
3853.687, 1.666336
3855.615, 1.840397
3857.544, 1.692748
3859.472, 1.664014
3861.401, 2.141773
3863.329, 2.203496
3865.258, 1.711039
3867.186, 1.853084
3869.115, 1.477195
3871.043, 1.280259
3872.972, 1.893411
3874.900, 1.578987
3876.829, 2.133142
3878.757, 2.099270
3880.686, 1.967210
3882.614, 1.726552
3884.542, 1.748338
3886.471, 1.811513
3888.399, 1.591638
3890.328, 1.656702
3892.256, 1.218576
3894.185, 1.667828
3896.113, 1.862604
3898.042, 1.348593
3899.970, 1.237206
3901.899, 1.491985
3903.827, 1.530404
3905.756, 2.067557
3907.684, 1.633370
3909.613, 1.503639
3911.541, 1.448239
3913.469, 1.509809
3915.398, 1.896245
3917.326, 1.734913
3919.255, 1.061070
3921.183, 1.632034
3923.112, 1.524241
3925.040, 1.864071
3926.969, 1.541223
3928.897, 1.676732
3930.826, 2.130604
3932.754, 1.973949
3934.683, 1.592745
3936.611, 2.017558
3938.540, 1.653157
3940.468, 1.569877
3942.396, 1.667006
3944.325, 1.346322
3946.253, 1.674016
3948.182, 2.051916
3950.110, 2.112174
3952.039, 1.822408
3953.967, 1.131398
3955.896, 2.218953
3957.824, 1.295260
3959.753, 1.499630
3961.681, 1.749658
3963.610, 1.443489
3965.538, 1.194088
3967.467, 1.407089
3969.395, 1.768504
3971.323, 1.713839
3973.252, 1.956235
3975.180, 1.927995
3977.109, 2.064420
3979.037, 1.852751
3980.966, 2.040399
3982.894, 2.032203
3984.823, 1.679959
3986.751, 1.657451
3988.680, 2.146999
3990.608, 2.231717
3992.537, 1.981588
3994.465, 1.781302
3996.394, 2.605381
3998.322, 2.016158
4000.250, 2.247506
4002.179, 2.142432
4004.107, 2.041585
4006.036, 2.216080
4007.964, 2.553429
4009.893, 2.715945
4011.821, 2.481730
4013.750, 2.244414
4015.678, 2.402447
4017.607, 1.728467
4019.535, 1.994775
4021.464, 2.432446
4023.392, 2.049109
4025.321, 2.044137
4027.249, 2.294907
4029.177, 1.935098
4031.106, 1.979225
4033.034, 2.437676
4034.963, 2.112904
4036.891, 2.655010
4038.820, 2.508471
4040.748, 2.374309
4042.677, 2.264521
4044.605, 2.125146
4046.534, 2.074156
4048.462, 2.200552
4050.391, 2.548377
4052.319, 2.574392
4054.248, 2.223885
4056.176, 2.147727
4058.104, 2.332128
4060.033, 2.347034
4061.961, 2.211476
4063.890, 2.485452
4065.818, 2.371831
4067.747, 1.725382
4069.675, 2.077631
4071.604, 2.528593
4073.532, 2.170053
4075.461, 2.787116
4077.389, 2.570163
4079.318, 2.635661
4081.246, 2.290092
4083.175, 2.211040
4085.103, 2.374722
4087.031, 2.512017
4088.960, 2.565613
4090.888, 2.339249
4092.817, 2.524468
4094.745, 2.679367
4096.674, 2.378679
4098.603, 2.395388
4100.531, 2.115481
4102.459, 2.074533
4104.388, 2.298031
4106.316, 2.054049
4108.245, 1.998210
4110.173, 2.459374
4112.102, 2.391974
4114.030, 2.200503
4115.958, 2.406812
4117.887, 2.341228
4119.815, 2.450248
4121.744, 1.696231
4123.672, 2.197046
4125.601, 2.571950
4127.529, 2.264170
4129.458, 2.060403
4131.386, 2.295148
4133.315, 2.196025
4135.243, 1.588269
4137.172, 2.248786
4139.100, 2.766849
4141.029, 1.966192
4142.957, 2.408548
4144.886, 2.248299
4146.814, 2.119146
4148.743, 2.227575
4150.671, 2.348995
4152.600, 2.421248
4154.528, 2.470973
4156.457, 2.234729
4158.385, 1.982376
4160.313, 2.369394
4162.242, 2.431767
4164.170, 2.115945
4166.099, 1.902430
4168.027, 2.249487
4169.956, 2.787975
4171.884, 2.264860
4173.813, 2.042765
4175.741, 1.872033
4177.669, 2.014054
4179.598, 1.851014
4181.526, 1.977082
4183.455, 2.434943
4185.383, 2.054288
4187.312, 1.629617
4189.240, 2.085312
4191.169, 2.139295
4193.097, 2.294446
4195.026, 2.581129
4196.954, 2.401571
4198.883, 2.242314
4200.811, 1.820184
4202.740, 2.087023
4204.668, 2.178695
4206.597, 1.669542
4208.525, 1.988457
4210.454, 2.412352
4212.382, 2.335055
4214.311, 2.377187
4216.239, 1.780975
4218.167, 2.166347
4220.096, 2.467962
4222.024, 2.032895
4223.953, 1.757292
4225.881, 2.136550
4227.810, 1.770890
4229.738, 2.353599
4231.667, 2.380118
4233.595, 2.282672
4235.523, 2.304079
4237.452, 1.893797
4239.380, 1.690515
4241.309, 1.978917
4243.237, 2.243233
4245.166, 2.451760
4247.094, 2.490968
4249.023, 1.869791
4250.951, 1.684012
4252.880, 2.098989
4254.808, 1.771239
4256.737, 2.221622
4258.665, 2.259630
4260.594, 2.487130
4262.522, 1.883988
4264.451, 2.008165
4266.379, 2.422869
4268.308, 2.075325
4270.236, 2.125388
4272.165, 2.131765
4274.093, 2.070621
4276.021, 2.110339
4277.950, 2.197002
4279.878, 2.187377
4281.807, 1.996002
4283.735, 2.191322
4285.664, 2.658185
4287.592, 1.844163
4289.521, 1.329227
4291.449, 1.947315
4293.377, 1.864505
4295.306, 2.438731
4297.234, 2.176781
4299.163, 1.874591
4301.091, 1.878743
4303.020, 1.820179
4304.948, 1.996107
4306.877, 2.513921
4308.805, 1.847487
4310.734, 2.019051
4312.662, 2.047176
4314.591, 1.749365
4316.519, 1.921568
4318.448, 1.900362
4320.376, 1.871865
4322.305, 1.970812
4324.233, 2.038369
4326.162, 2.280396
4328.090, 2.133287
4330.019, 1.790075
4331.947, 1.915773
4333.875, 2.275385
4335.804, 2.156667
4337.732, 2.400306
4339.661, 2.242570
4341.589, 1.828864
4343.518, 1.935857
4345.446, 1.952404
4347.375, 1.906630
4349.303, 1.875136
4351.231, 2.651928
4353.160, 2.290538
4355.088, 2.252391
4357.017, 2.412126
4358.945, 1.687717
4360.874, 1.511938
4362.802, 1.813993
4364.731, 1.278562
4366.659, 1.898245
4368.588, 1.752753
4370.516, 1.754339
4372.445, 2.234395
4374.373, 2.302329
4376.302, 2.433648
4378.230, 1.784348
4380.159, 1.528008
4382.087, 2.249211
##END=



