##NAMES=Plancheite
##RRUFFID=R070233
##IDEAL CHEMISTRY=Cu_8_(Si_4_O_11_)_2_(OH)_4_·H_2_O
##LOCALITY=Tsumeb mine, Tsumeb, Otavi District, Oshikoto, Namibia
##OWNER=RRUFF
##SOURCE=Michael Scott
##DESCRIPTION=Light blue radial fibrous, chatoyant crystals with drusy malachite
##STATUS=The identification of this mineral is not yet confirmed
##URL=https://www.rruff.net/odr/rruff_sample/R070233
##FILETYPE=Raman Processed
##RAMAN WAVELENGTH=532

235.0213, 73689.76
236.9497, 73903.14
238.8782, 74043.73
240.8067, 74155.10
242.7351, 74238.08
244.6636, 74299.23
246.5921, 74342.34
248.5205, 74388.38
250.4490, 74420.91
252.3775, 74434.89
254.3059, 74442.81
256.2344, 74485.95
258.1629, 74582.65
260.0913, 74727.16
262.0198, 74924.23
263.9483, 75181.67
265.8767, 75474.02
267.8052, 75783.85
269.7337, 76098.00
271.6621, 76448.11
273.5906, 76828.71
275.5191, 77210.98
277.4475, 77558.27
279.3760, 77850.27
281.3045, 78101.30
283.2329, 78319.31
285.1614, 78509.56
287.0899, 78659.33
289.0183, 78799.95
290.9468, 78925.72
292.8753, 79036.46
294.8037, 79141.67
296.7322, 79263.05
298.6607, 79397.41
300.5891, 79541.13
302.5176, 79729.26
304.4461, 79970.89
306.3745, 80222.51
308.3030, 80444.98
310.2315, 80613.17
312.1599, 80767.23
314.0884, 80924.96
316.0169, 81091.49
317.9453, 81246.45
319.8738, 81411.14
321.8023, 81578.08
323.7307, 81738.72
325.6592, 81870.04
327.5877, 82044.77
329.5161, 82272.14
331.4446, 82543.38
333.3731, 82818.65
335.3015, 83093.53
337.2300, 83343.87
339.1585, 83558.05
341.0869, 83723.09
343.0154, 83859.58
344.9439, 83965.05
346.8723, 84055.61
348.8008, 84160.62
350.7293, 84309.20
352.6578, 84467.63
354.5862, 84620.80
356.5147, 84761.94
358.4432, 84916.48
360.3716, 85074.21
362.3001, 85238.77
364.2286, 85415.01
366.1570, 85608.54
368.0855, 85797.22
370.0140, 85968.29
371.9424, 86117.52
373.8709, 86291.98
375.7994, 86513.95
377.7278, 86758.92
379.6563, 87001.78
381.5848, 87244.67
383.5132, 87479.58
385.4417, 87692.53
387.3702, 87883.50
389.2986, 88086.36
391.2271, 88323.12
393.1556, 88551.03
395.0840, 88746.20
397.0125, 88889.83
398.9410, 89039.22
400.8694, 89208.83
402.7979, 89392.06
404.7264, 89566.23
406.6548, 89714.48
408.5833, 89866.79
410.5118, 90037.84
412.4402, 90242.16
414.3687, 90403.89
416.2972, 90492.59
418.2256, 90554.19
420.1541, 90641.73
422.0826, 90770.45
424.0110, 90923.53
425.9395, 91102.61
427.8680, 91315.38
429.7964, 91556.23
431.7249, 91823.88
433.6534, 92115.89
435.5818, 92423.63
437.5103, 92739.94
439.4388, 93047.90
441.3672, 93331.66
443.2957, 93589.67
445.2242, 93833.30
447.1526, 94087.86
449.0811, 94285.11
451.0096, 94392.02
452.9380, 94411.83
454.8665, 94440.07
456.7950, 94489.05
458.7234, 94562.89
460.6519, 94670.99
462.5804, 94817.33
464.5089, 94981.84
466.4373, 95158.72
468.3658, 95343.01
470.2943, 95531.80
472.2227, 95716.42
474.1512, 95890.38
476.0797, 96058.38
478.0081, 96222.29
479.9366, 96344.30
481.8651, 96403.30
483.7935, 96444.27
485.7220, 96503.06
487.6505, 96567.68
489.5789, 96688.63
491.5074, 96888.29
493.4359, 97149.11
495.3643, 97417.96
497.2928, 97673.83
499.2213, 97919.27
501.1497, 98157.85
503.0782, 98396.19
505.0067, 98569.14
506.9351, 98673.86
508.8636, 98731.52
510.7921, 98762.95
512.7205, 98755.70
514.6490, 98804.70
516.5775, 98947.33
518.5059, 99168.59
520.4344, 99392.19
522.3629, 99601.42
524.2913, 99803.80
526.2198, 99989.29
528.1483, 100153.4
530.0767, 100327.3
532.0052, 100539.2
533.9337, 100760.7
535.8621, 100969.4
537.7906, 101161.4
539.7191, 101371.3
541.6475, 101591.0
543.5760, 101826.6
545.5045, 102093.8
547.4329, 102437.0
549.3614, 102725.4
551.2899, 102909.9
553.2183, 102978.2
555.1468, 103020.5
557.0753, 103059.0
559.0037, 103071.6
560.9322, 103049.0
562.8607, 102980.3
564.7891, 102968.9
566.7176, 103052.5
568.6461, 103195.9
570.5745, 103345.4
572.5030, 103488.3
574.4315, 103657.9
576.3599, 103864.9
578.2884, 104099.2
580.2169, 104337.8
582.1453, 104573.0
584.0738, 104805.2
586.0023, 105024.1
587.9307, 105222.7
589.8592, 105421.9
591.7877, 105638.0
593.7161, 105828.7
595.6447, 105970.6
597.5731, 106056.3
599.5016, 106116.0
601.4301, 106149.4
603.3585, 106180.6
605.2870, 106240.8
607.2155, 106338.7
609.1439, 106465.1
611.0724, 106611.5
613.0009, 106774.4
614.9293, 106958.9
616.8578, 107189.7
618.7863, 107385.0
620.7147, 107485.8
622.6432, 107500.6
624.5717, 107538.1
626.5001, 107646.9
628.4286, 107773.8
630.3571, 107895.3
632.2855, 108023.5
634.2140, 108170.9
636.1425, 108343.6
638.0709, 108543.6
639.9994, 108759.9
641.9279, 108971.1
643.8563, 109217.3
645.7848, 109524.4
647.7133, 109843.0
649.6417, 110085.7
651.5702, 110161.3
653.4987, 110236.0
655.4271, 110375.5
657.3556, 110548.4
659.2841, 110644.8
661.2125, 110638.0
663.1410, 110615.6
665.0695, 110624.5
666.9979, 110681.8
668.9264, 110755.5
670.8549, 110859.2
672.7833, 110976.7
674.7118, 111088.9
676.6403, 111186.8
678.5687, 111301.2
680.4972, 111428.0
682.4257, 111563.1
684.3541, 111706.5
686.2826, 111881.1
688.2111, 112023.9
690.1395, 112103.3
692.0680, 112161.7
693.9965, 112259.0
695.9249, 112405.1
697.8534, 112560.4
699.7819, 112712.9
701.7103, 112862.9
703.6388, 113015.4
705.5673, 113173.4
707.4957, 113335.3
709.4242, 113510.9
711.3527, 113696.9
713.2811, 113871.7
715.2096, 114020.0
717.1381, 114169.2
719.0665, 114334.0
720.9950, 114513.6
722.9235, 114660.3
724.8519, 114754.9
726.7804, 114842.3
728.7089, 114951.6
730.6373, 115088.4
732.5658, 115236.4
734.4943, 115409.8
736.4227, 115590.5
738.3512, 115758.8
740.2797, 115886.4
742.2081, 116041.9
744.1366, 116243.5
746.0651, 116437.1
747.9935, 116569.9
749.9220, 116637.6
751.8505, 116696.2
753.7789, 116768.9
755.7074, 116846.3
757.6359, 116920.9
759.5643, 117013.9
761.4928, 117088.6
763.4213, 117121.2
765.3497, 117149.6
767.2782, 117227.5
769.2067, 117361.9
771.1351, 117523.6
773.0636, 117708.1
774.9921, 117914.5
776.9205, 118143.4
778.8490, 118409.5
780.7775, 118655.6
782.7059, 118846.7
784.6344, 118995.3
786.5629, 119149.1
788.4913, 119314.8
790.4198, 119461.8
792.3483, 119617.8
794.2767, 119766.7
796.2052, 119834.7
798.1337, 119744.6
800.0621, 119700.1
801.9906, 119744.6
803.9191, 119869.6
805.8475, 120031.0
807.7760, 120232.2
809.7045, 120425.7
811.6329, 120579.0
813.5614, 120692.4
815.4899, 120786.3
817.4183, 120881.5
819.3468, 120923.4
821.2753, 120868.8
823.2037, 120744.5
825.1322, 120694.5
827.0607, 120790.4
828.9891, 120889.6
830.9176, 120954.1
832.8461, 121002.6
834.7745, 121052.7
836.7030, 121052.4
838.6315, 121150.4
840.5599, 121431.4
842.4884, 121865.7
844.4169, 122230.4
846.3453, 122417.6
848.2738, 122611.4
850.2023, 122868.0
852.1307, 123151.0
854.0592, 123390.3
855.9877, 123577.9
857.9161, 123708.8
859.8446, 123778.8
861.7731, 123798.6
863.7015, 123817.3
865.6300, 123866.8
867.5585, 123896.9
869.4869, 123895.6
871.4154, 123873.2
873.3439, 123850.5
875.2723, 123836.8
877.2008, 123838.1
879.1293, 123872.4
881.0577, 123937.5
882.9862, 124002.5
884.9147, 124030.1
886.8431, 124107.5
888.7716, 124239.9
890.7001, 124431.0
892.6285, 124689.4
894.5570, 125035.0
896.4855, 125377.5
898.4139, 125670.5
900.3424, 125934.0
902.2709, 126211.9
904.1993, 126509.9
906.1278, 126802.4
908.0563, 127089.7
909.9847, 127354.1
911.9132, 127558.5
913.8417, 127681.1
915.7701, 127783.2
917.6986, 127882.9
919.6271, 127971.8
921.5555, 128049.6
923.4840, 128138.3
925.4125, 128224.4
927.3410, 128328.9
929.2695, 128460.4
931.1979, 128617.2
933.1264, 128777.7
935.0549, 129021.4
936.9833, 129367.3
938.9118, 129753.3
940.8403, 130118.9
942.7687, 130447.8
944.6972, 130740.6
946.6257, 130985.4
948.5541, 131189.7
950.4826, 131362.0
952.4111, 131510.6
954.3395, 131665.0
956.2680, 131857.3
958.1965, 132055.4
960.1249, 132224.2
962.0534, 132362.3
963.9819, 132530.5
965.9103, 132741.2
967.8388, 132922.3
969.7673, 133048.5
971.6957, 133113.6
973.6242, 133094.1
975.5527, 132950.6
977.4811, 132801.3
979.4096, 132704.7
981.3381, 132661.2
983.2665, 132623.3
985.1950, 132580.0
987.1235, 132600.0
989.0519, 132703.7
990.9804, 132869.4
992.9089, 133069.3
994.8373, 133297.4
996.7658, 133502.5
998.6943, 133644.2
1000.623, 133748.6
1002.551, 133844.0
1004.480, 133939.5
1006.408, 134025.3
1008.337, 134104.3
1010.265, 134199.0
1012.194, 134340.3
1014.122, 134529.9
1016.050, 134716.2
1017.979, 134869.1
1019.907, 135047.6
1021.836, 135276.2
1023.764, 135543.3
1025.693, 135789.7
1027.621, 136000.8
1029.550, 136187.3
1031.478, 136342.9
1033.407, 136475.3
1035.335, 136605.3
1037.264, 136731.8
1039.192, 136869.5
1041.120, 137044.2
1043.049, 137223.8
1044.977, 137371.0
1046.906, 137478.9
1048.834, 137579.4
1050.763, 137663.0
1052.691, 137755.2
1054.620, 137875.2
1056.548, 138031.1
1058.477, 138218.1
1060.405, 138490.3
1062.334, 138752.5
1064.262, 138937.9
1066.191, 139069.7
1068.119, 139253.9
1070.047, 139499.0
1071.976, 139755.9
1073.904, 140019.0
1075.833, 140263.2
1077.761, 140445.9
1079.690, 140533.4
1081.618, 140638.0
1083.547, 140813.8
1085.475, 141006.9
1087.404, 141158.8
1089.332, 141250.8
1091.261, 141399.5
1093.189, 141645.7
1095.118, 141899.9
1097.046, 142103.2
1098.975, 142261.9
1100.903, 142423.1
1102.832, 142607.9
1104.760, 142747.0
1106.688, 142797.2
1108.617, 142803.2
1110.545, 142855.1
1112.474, 143044.4
1114.402, 143156.8
1116.331, 143075.7
1118.259, 143000.4
1120.188, 143153.5
1122.116, 143564.1
1124.045, 143861.3
1125.973, 143902.2
1127.902, 143936.6
1129.830, 144099.4
1131.759, 144339.8
1133.687, 144530.2
1135.615, 144641.5
1137.544, 144737.8
1139.472, 144856.3
1141.401, 144977.0
1143.329, 145069.3
1145.258, 145118.9
1147.186, 145197.9
1149.115, 145322.8
1151.043, 145462.4
1152.972, 145595.0
1154.900, 145712.1
1156.829, 145808.9
1158.757, 145871.1
1160.686, 145924.3
1162.614, 145967.1
1164.542, 146023.3
1166.471, 146146.4
1168.399, 146386.3
1170.328, 146583.3
1172.256, 146640.3
1174.185, 146707.7
1176.113, 146909.5
1178.042, 147267.8
1179.970, 147543.8
1181.899, 147658.6
1183.827, 147759.3
1185.756, 147899.7
1187.684, 148055.4
1189.613, 148168.3
1191.541, 148227.2
1193.469, 148329.3
1195.398, 148550.3
1197.326, 148812.3
1199.255, 149049.7
1201.183, 149260.2
1203.112, 149484.9
1205.040, 149713.5
1206.969, 149937.0
1208.897, 150137.7
1210.826, 150312.0
1212.754, 150473.3
1214.683, 150682.6
1216.611, 150812.5
1218.540, 150826.0
1220.468, 150837.0
1222.396, 150945.6
1224.325, 151164.0
1226.253, 151441.4
1228.182, 151776.3
1230.110, 152143.6
1232.039, 152493.8
1233.967, 152834.2
1235.896, 153204.9
1237.824, 153601.6
1239.753, 153919.0
1241.681, 154118.8
1243.610, 154244.9
1245.538, 154343.2
1247.467, 154431.2
1249.395, 154445.3
1251.323, 154339.2
1253.252, 154283.2
1255.180, 154336.3
1257.109, 154460.8
1259.037, 154601.3
1260.966, 154749.1
1262.894, 154913.5
1264.823, 155077.3
1266.751, 155251.5
1268.680, 155444.6
1270.608, 155646.9
1272.537, 155845.1
1274.465, 156044.9
1276.394, 156235.2
1278.322, 156408.6
1280.250, 156593.2
1282.179, 156808.2
1284.107, 157059.5
1286.036, 157344.7
1287.964, 157661.1
1289.893, 158009.7
1291.821, 158404.6
1293.750, 158810.1
1295.678, 159161.3
1297.607, 159410.0
1299.535, 159708.4
1301.464, 160130.0
1303.392, 160521.2
1305.321, 160795.7
1307.249, 160979.9
1309.177, 161155.6
1311.106, 161335.2
1313.034, 161498.9
1314.963, 161645.3
1316.891, 161787.5
1318.820, 161927.0
1320.748, 162070.0
1322.677, 162249.8
1324.605, 162475.8
1326.534, 162724.1
1328.462, 163010.8
1330.391, 163280.7
1332.319, 163466.8
1334.248, 163545.3
1336.176, 163618.5
1338.104, 163684.7
1340.033, 163774.5
1341.961, 163931.0
1343.890, 164126.5
1345.818, 164290.4
1347.747, 164406.5
1349.675, 164566.5
1351.604, 164772.4
1353.532, 164991.6
1355.461, 165206.2
1357.389, 165398.7
1359.318, 165557.8
1361.246, 165697.4
1363.175, 165806.3
1365.103, 165907.3
1367.031, 166001.1
1368.960, 166061.9
1370.888, 166117.3
1372.817, 166299.5
1374.745, 166670.7
1376.674, 166989.6
1378.602, 167115.5
1380.531, 167199.4
1382.459, 167375.5
1384.388, 167644.9
1386.316, 167837.6
1388.245, 167921.5
1390.173, 168015.4
1392.102, 168195.1
1394.030, 168375.5
1395.958, 168440.4
1397.887, 168377.2
1399.815, 168403.9
1401.744, 168563.2
1403.672, 168715.5
1405.601, 168811.0
1407.529, 168889.2
1409.458, 169006.9
1411.386, 169171.2
1413.315, 169331.0
1415.243, 169469.1
1417.172, 169644.1
1419.100, 169906.9
1421.029, 170187.2
1422.957, 170385.8
1424.885, 170488.4
1426.814, 170626.0
1428.742, 170829.9
1430.671, 171032.5
1432.599, 171230.3
1434.528, 171420.1
1436.456, 171603.5
1438.385, 171795.8
1440.313, 171944.0
1442.242, 171993.5
1444.170, 172062.3
1446.099, 172161.9
1448.027, 172293.7
1449.956, 172476.9
1451.884, 172731.8
1453.813, 172931.0
1455.741, 173030.8
1457.669, 173149.8
1459.598, 173357.4
1461.526, 173587.8
1463.455, 173732.2
1465.383, 173782.7
1467.312, 173941.6
1469.240, 174273.3
1471.169, 174596.6
1473.097, 174867.8
1475.026, 175077.4
1476.954, 175195.8
1478.883, 175235.8
1480.811, 175302.0
1482.740, 175418.5
1484.668, 175583.5
1486.596, 175842.5
1488.525, 176161.1
1490.453, 176471.9
1492.382, 176796.8
1494.310, 177298.7
1496.239, 178041.0
1498.167, 178707.4
1500.096, 179115.8
1502.024, 179400.8
1503.953, 179628.3
1505.881, 179797.5
1507.810, 179962.6
1509.738, 180224.9
1511.667, 180363.0
1513.595, 180270.6
1515.523, 180219.8
1517.452, 180374.0
1519.380, 180697.0
1521.309, 181044.5
1523.237, 181388.8
1525.166, 181733.4
1527.094, 182068.7
1529.023, 182348.8
1530.951, 182528.3
1532.880, 182649.3
1534.808, 182798.2
1536.737, 183005.0
1538.665, 183206.0
1540.594, 183424.8
1542.522, 183641.4
1544.450, 183822.4
1546.379, 184017.9
1548.307, 184295.0
1550.236, 184648.5
1552.164, 184955.9
1554.093, 185184.7
1556.021, 185398.2
1557.950, 185581.8
1559.878, 185771.6
1561.807, 186033.5
1563.735, 186328.2
1565.664, 186493.3
1567.592, 186493.5
1569.521, 186517.2
1571.449, 186637.5
1573.377, 186756.8
1575.306, 186809.3
1577.234, 186836.2
1579.163, 186919.0
1581.091, 187066.9
1583.020, 187188.5
1584.948, 187265.5
1586.877, 187345.5
1588.805, 187457.3
1590.734, 187585.0
1592.662, 187689.1
1594.591, 187786.9
1596.519, 187988.3
1598.448, 188323.6
1600.376, 188627.1
1602.304, 188824.7
1604.233, 188963.8
1606.161, 189052.6
1608.090, 189089.9
1610.018, 189114.1
1611.947, 189140.4
1613.875, 189027.4
1615.804, 188730.4
1617.732, 188413.0
1619.661, 188149.5
1621.589, 187948.7
1623.518, 187817.6
1625.446, 187763.9
1627.375, 187770.7
1629.303, 187801.9
1631.231, 187924.0
1633.160, 188206.6
1635.088, 188440.5
1637.017, 188473.3
1638.945, 188368.6
1640.874, 188304.2
1642.802, 188307.7
1644.731, 188247.8
1646.659, 188115.6
1648.588, 187987.3
1650.516, 187884.8
1652.445, 187826.7
1654.373, 187820.5
1656.302, 187856.9
1658.230, 187921.1
1660.158, 188002.1
1662.087, 188081.5
1664.015, 188157.4
1665.944, 188213.8
1667.872, 188248.8
1669.801, 188262.6
1671.729, 188246.7
1673.658, 188202.7
1675.586, 188227.8
1677.515, 188386.4
1679.443, 188519.6
1681.372, 188560.8
1683.300, 188628.0
1685.229, 188795.3
1687.157, 189022.0
1689.085, 189214.8
1691.014, 189340.5
1692.942, 189496.7
1694.871, 189702.3
1696.799, 189873.8
1698.728, 190044.2
1700.656, 190139.7
1702.585, 190077.6
1704.513, 189925.6
1706.442, 189878.5
1708.370, 189983.8
1710.299, 190071.2
1712.227, 190068.8
1714.156, 190125.5
1716.084, 190291.8
1718.012, 190491.1
1719.941, 190668.3
1721.869, 190817.3
1723.798, 190940.0
1725.726, 191049.8
1727.655, 191104.5
1729.583, 191035.4
1731.512, 191017.3
1733.440, 191145.7
1735.369, 191318.4
1737.297, 191425.4
1739.226, 191494.5
1741.154, 191684.4
1743.083, 192057.7
1745.011, 192327.3
1746.939, 192334.4
1748.868, 192401.0
1750.797, 192636.2
1752.725, 192929.0
1754.653, 193203.2
1756.582, 193434.6
1758.510, 193545.9
1760.439, 193515.7
1762.367, 193464.0
1764.296, 193414.8
1766.224, 193371.9
1768.153, 193390.8
1770.081, 193413.0
1772.010, 193358.5
1773.938, 193278.0
1775.867, 193352.1
1777.795, 193601.1
1779.724, 193827.7
1781.652, 193977.2
1783.580, 194134.6
1785.509, 194309.8
1787.437, 194491.3
1789.366, 194654.1
1791.294, 194808.5
1793.223, 195025.3
1795.151, 195306.2
1797.080, 195421.9
1799.008, 195273.3
1800.937, 195186.7
1802.865, 195324.5
1804.794, 195510.2
1806.722, 195664.7
1808.651, 195791.9
1810.579, 195863.1
1812.507, 195886.4
1814.436, 195968.1
1816.364, 196112.2
1818.293, 196266.7
1820.221, 196420.4
1822.150, 196551.6
1824.078, 196674.5
1826.007, 196762.2
1827.935, 196775.9
1829.864, 196748.9
1831.792, 196765.1
1833.721, 196837.4
1835.649, 196969.6
1837.578, 197178.3
1839.506, 197411.0
1841.434, 197646.9
1843.363, 197870.1
1845.291, 198053.8
1847.220, 198203.3
1849.148, 198345.4
1851.077, 198476.8
1853.005, 198612.5
1854.934, 198794.7
1856.862, 198923.0
1858.791, 198986.4
1860.719, 199007.5
1862.648, 198957.1
1864.576, 198904.1
1866.505, 198950.2
1868.433, 199077.1
1870.361, 199151.0
1872.290, 199155.9
1874.218, 199151.0
1876.147, 199089.7
1878.075, 199102.9
1880.004, 199279.4
1881.932, 199486.9
1883.861, 199629.0
1885.789, 199745.3
1887.718, 199896.1
1889.646, 200064.8
1891.575, 200236.8
1893.503, 200408.4
1895.432, 200496.8
1897.360, 200467.9
1899.288, 200401.8
1901.217, 200366.1
1903.145, 200337.7
1905.074, 200307.2
1907.002, 200311.7
1908.931, 200393.4
1910.859, 200549.8
1912.788, 200737.2
1914.716, 200922.6
1916.645, 201104.4
1918.573, 201222.3
1920.502, 201352.8
1922.430, 201567.6
1924.359, 201770.9
1926.287, 201918.3
1928.215, 202006.8
1930.144, 201980.9
1932.072, 201850.5
1934.001, 201833.3
1935.929, 202021.4
1937.858, 202148.6
1939.786, 202100.8
1941.715, 202084.0
1943.643, 202178.3
1945.572, 202321.7
1947.500, 202473.9
1949.429, 202618.9
1951.357, 202731.5
1953.286, 202805.5
1955.214, 202811.5
1957.142, 202701.8
1959.071, 202628.2
1960.999, 202651.5
1962.928, 202672.5
1964.856, 202704.8
1966.785, 202716.8
1968.713, 202667.8
1970.642, 202608.1
1972.570, 202591.6
1974.499, 202627.4
1976.427, 202803.8
1978.356, 203135.3
1980.284, 203474.7
1982.213, 203810.7
1984.141, 204082.7
1986.069, 204182.0
1987.998, 204284.9
1989.926, 204531.2
1991.855, 204808.1
1993.783, 204986.5
1995.712, 205074.1
1997.640, 205092.1
1999.569, 205025.9
2001.497, 205030.8
2003.426, 205185.4
2005.354, 205303.2
2007.283, 205353.5
2009.211, 205370.0
2011.140, 205358.9
2013.068, 205317.4
2014.996, 205210.8
2016.925, 205093.0
2018.853, 205093.1
2020.782, 205214.5
2022.710, 205304.7
2024.639, 205363.8
2026.567, 205428.8
2028.496, 205473.9
2030.424, 205586.7
2032.353, 205840.2
2034.281, 206074.0
2036.210, 206208.2
2038.138, 206261.5
2040.067, 206171.1
2041.995, 206036.5
2043.923, 206159.7
2045.852, 206536.7
2047.780, 206700.6
2049.709, 206548.4
2051.637, 206437.0
2053.566, 206442.4
2055.494, 206406.9
2057.423, 206275.4
2059.351, 206143.2
2061.280, 206078.4
2063.208, 206065.2
2065.136, 206090.3
2067.065, 206168.8
2068.993, 206301.8
2070.922, 206488.9
2072.850, 206786.6
2074.779, 207198.4
2076.708, 207492.1
2078.636, 207538.0
2080.564, 207579.2
2082.493, 207735.0
2084.421, 207821.4
2086.350, 207760.0
2088.278, 207616.7
2090.207, 207440.8
2092.135, 207279.8
2094.064, 207202.0
2095.992, 207212.6
2097.921, 207232.8
2099.849, 207228.1
2101.778, 207261.2
2103.706, 207340.0
2105.635, 207367.7
2107.563, 207286.3
2109.491, 207211.3
2111.420, 207238.5
2113.348, 207268.4
2115.277, 207254.3
2117.205, 207231.7
2119.134, 207208.4
2121.062, 207211.9
2122.991, 207299.7
2124.919, 207457.0
2126.848, 207685.4
2128.776, 207993.2
2130.705, 208225.2
2132.633, 208317.5
2134.562, 208374.6
2136.490, 208406.1
2138.418, 208432.2
2140.347, 208522.5
2142.275, 208574.5
2144.204, 208456.8
2146.132, 208297.4
2148.061, 208297.6
2149.989, 208437.0
2151.918, 208595.3
2153.846, 208772.5
2155.775, 208988.4
2157.703, 209244.7
2159.632, 209437.3
2161.560, 209499.3
2163.489, 209544.4
2165.417, 209619.3
2167.345, 209630.6
2169.274, 209468.5
2171.202, 209315.1
2173.131, 209395.3
2175.059, 209535.0
2176.988, 209471.7
2178.916, 209287.2
2180.845, 209207.0
2182.773, 209236.1
2184.702, 209271.7
2186.630, 209291.5
2188.559, 209425.5
2190.487, 209710.8
2192.416, 209945.3
2194.344, 210063.8
2196.272, 210129.7
2198.201, 210144.3
2200.129, 210149.3
2202.058, 210213.7
2203.986, 210254.0
2205.915, 210157.2
2207.843, 210003.0
2209.772, 209915.3
2211.700, 209891.7
2213.629, 209952.4
2215.557, 210105.4
2217.486, 210088.0
2219.414, 209863.3
2221.343, 209794.0
2223.271, 209954.3
2225.199, 210173.9
2227.128, 210455.6
2229.056, 210672.0
2230.985, 210689.6
2232.913, 210711.5
2234.842, 210905.5
2236.770, 211100.8
2238.699, 211085.2
2240.627, 211027.5
2242.556, 211241.0
2244.484, 211628.8
2246.413, 211813.0
2248.341, 211812.5
2250.270, 211877.9
2252.198, 212010.5
2254.126, 212207.9
2256.055, 212495.7
2257.983, 212677.3
2259.912, 212634.9
2261.840, 212614.5
2263.769, 212737.7
2265.697, 212791.2
2267.626, 212671.2
2269.554, 212486.7
2271.483, 212307.8
2273.411, 212137.8
2275.340, 211987.4
2277.268, 211879.6
2279.197, 211857.8
2281.125, 211898.0
2283.053, 211881.2
2284.982, 211813.7
2286.910, 211817.6
2288.839, 211866.8
2290.767, 212010.6
2292.696, 212321.5
2294.624, 212523.9
2296.553, 212592.6
2298.481, 212584.1
2300.410, 212480.0
2302.338, 212373.8
2304.267, 212299.1
2306.195, 212258.8
2308.124, 212269.0
2310.052, 212322.5
2311.980, 212408.7
2313.909, 212536.4
2315.837, 212739.1
2317.766, 212965.1
2319.694, 213115.2
2321.623, 213186.8
2323.551, 213188.2
2325.480, 213106.3
2327.408, 213158.3
2329.337, 213358.1
2331.265, 213407.7
2333.194, 213256.5
2335.122, 213172.3
2337.051, 213266.1
2338.979, 213267.0
2340.907, 213040.8
2342.836, 212891.0
2344.764, 212987.8
2346.693, 213085.6
2348.621, 212949.5
2350.550, 212915.0
2352.478, 213257.7
2354.407, 213643.4
2356.335, 213776.3
2358.264, 213738.5
2360.192, 213641.5
2362.121, 213490.4
2364.049, 213313.2
2365.978, 213133.5
2367.906, 212901.4
2369.834, 212652.4
2371.763, 212613.8
2373.691, 212816.0
2375.620, 212964.7
2377.548, 213003.0
2379.477, 213079.1
2381.405, 213194.5
2383.334, 213256.6
2385.262, 213239.7
2387.191, 213208.5
2389.119, 213208.3
2391.048, 213217.7
2392.976, 213267.0
2394.905, 213324.9
2396.833, 213385.8
2398.761, 213431.2
2400.690, 213336.8
2402.618, 213298.1
2404.547, 213573.6
2406.475, 213869.6
2408.404, 213832.1
2410.332, 213632.5
2412.261, 213548.1
2414.189, 213545.3
2416.118, 213521.3
2418.046, 213492.8
2419.975, 213496.1
2421.903, 213530.7
2423.832, 213543.4
2425.760, 213530.1
2427.688, 213647.8
2429.617, 213920.5
2431.545, 214034.0
2433.474, 213851.4
2435.402, 213820.8
2437.331, 214207.5
2439.259, 214376.6
2441.188, 214172.5
2443.116, 214002.6
2445.045, 213919.4
2446.973, 213952.6
2448.902, 214188.8
2450.830, 214388.4
2452.759, 214340.2
2454.687, 214312.4
2456.615, 214485.3
2458.544, 214686.2
2460.472, 214819.4
2462.401, 214915.0
2464.329, 215015.7
2466.258, 215111.7
2468.186, 215159.5
2470.115, 215211.9
2472.043, 215346.6
2473.972, 215503.3
2475.900, 215555.8
2477.829, 215516.9
2479.757, 215490.2
2481.686, 215465.0
2483.614, 215407.3
2485.542, 215332.8
2487.471, 215204.8
2489.399, 215051.5
2491.328, 214931.8
2493.256, 214852.2
2495.185, 214933.8
2497.113, 215236.8
2499.042, 215478.0
2500.970, 215616.7
2502.899, 215684.0
2504.827, 215633.2
2506.756, 215595.8
2508.684, 215615.2
2510.613, 215577.3
2512.541, 215454.3
2514.469, 215330.2
2516.398, 215239.8
2518.326, 215182.3
2520.255, 215169.6
2522.183, 215182.7
2524.112, 215170.8
2526.040, 215220.9
2527.969, 215409.0
2529.897, 215588.9
2531.826, 215676.2
2533.754, 215742.0
2535.683, 215860.3
2537.611, 215962.8
2539.540, 215952.4
2541.468, 215945.0
2543.396, 216023.5
2545.325, 216156.8
2547.253, 216353.9
2549.182, 216516.5
2551.110, 216512.5
2553.039, 216418.8
2554.967, 216371.3
2556.896, 216341.4
2558.824, 216268.5
2560.753, 216191.5
2562.681, 216162.7
2564.610, 216193.6
2566.538, 216283.0
2568.467, 216409.8
2570.395, 216512.8
2572.323, 216580.9
2574.252, 216691.2
2576.180, 216817.5
2578.109, 216822.3
2580.037, 216727.8
2581.966, 216730.5
2583.894, 216845.9
2585.823, 216869.8
2587.751, 216800.3
2589.680, 216900.6
2591.608, 217206.6
2593.537, 217442.6
2595.465, 217573.0
2597.394, 217706.2
2599.322, 217821.8
2601.250, 217974.2
2603.179, 218177.5
2605.107, 218283.2
2607.036, 218254.4
2608.964, 218208.3
2610.893, 218168.5
2612.821, 218118.8
2614.750, 218055.6
2616.678, 218073.5
2618.607, 218210.2
2620.535, 218301.2
2622.464, 218292.0
2624.392, 218253.0
2626.321, 218163.8
2628.249, 218091.5
2630.177, 218082.7
2632.106, 217998.2
2634.034, 217770.9
2635.963, 217662.0
2637.891, 217819.0
2639.820, 217949.0
2641.748, 217934.4
2643.677, 217961.6
2645.605, 218065.2
2647.534, 218190.3
2649.462, 218318.3
2651.391, 218441.0
2653.319, 218560.0
2655.248, 218624.2
2657.176, 218574.7
2659.104, 218517.8
2661.033, 218573.7
2662.961, 218488.8
2664.890, 218120.2
2666.818, 217845.0
2668.747, 217859.8
2670.675, 217923.7
2672.604, 217972.8
2674.532, 218023.0
2676.461, 218021.9
2678.389, 218077.1
2680.318, 218222.6
2682.246, 218350.5
2684.175, 218400.2
2686.103, 218420.2
2688.031, 218441.4
2689.960, 218437.6
2691.888, 218462.1
2693.817, 218420.7
2695.745, 218262.0
2697.674, 218142.2
2699.602, 218090.8
2701.531, 218152.8
2703.459, 218389.0
2705.388, 218647.9
2707.316, 218925.5
2709.245, 219086.1
2711.173, 218998.7
2713.102, 218930.3
2715.030, 218975.6
2716.958, 219048.9
2718.887, 219139.8
2720.815, 219212.3
2722.744, 219308.2
2724.672, 219318.0
2726.601, 219151.3
2728.529, 219082.4
2730.458, 219283.1
2732.386, 219446.1
2734.315, 219357.7
2736.243, 219354.7
2738.172, 219642.4
2740.100, 219788.3
2742.029, 219637.8
2743.957, 219507.0
2745.885, 219538.3
2747.814, 219564.8
2749.742, 219547.9
2751.671, 219561.2
2753.599, 219597.3
2755.528, 219720.3
2757.456, 219935.5
2759.385, 220179.2
2761.313, 220411.3
2763.242, 220631.0
2765.170, 220850.9
2767.099, 220966.5
2769.027, 220959.8
2770.956, 220862.3
2772.884, 220676.0
2774.813, 220495.8
2776.741, 220382.2
2778.669, 220258.2
2780.598, 220153.1
2782.526, 220010.1
2784.455, 219798.0
2786.383, 219798.7
2788.312, 220056.9
2790.240, 220269.2
2792.169, 220372.1
2794.097, 220397.4
2796.026, 220318.9
2797.954, 220215.8
2799.883, 220095.5
2801.811, 220000.8
2803.740, 219950.5
2805.668, 219901.3
2807.596, 219863.5
2809.525, 219862.6
2811.453, 219893.5
2813.382, 219861.8
2815.310, 219774.0
2817.239, 219698.5
2819.167, 219637.8
2821.096, 219581.4
2823.024, 219537.6
2824.953, 219539.1
2826.881, 219577.8
2828.810, 219660.0
2830.738, 219748.4
2832.667, 219802.9
2834.595, 219790.5
2836.523, 219601.0
2838.452, 219361.0
2840.380, 219290.3
2842.309, 219315.2
2844.237, 219349.1
2846.166, 219398.0
2848.094, 219450.9
2850.023, 219519.9
2851.951, 219654.9
2853.880, 219746.4
2855.808, 219675.3
2857.737, 219585.3
2859.665, 219585.8
2861.594, 219621.1
2863.522, 219670.3
2865.450, 219740.5
2867.379, 219839.3
2869.307, 219935.5
2871.236, 219992.2
2873.164, 220054.2
2875.093, 220169.8
2877.021, 220195.6
2878.950, 220049.4
2880.878, 219999.0
2882.807, 220163.2
2884.735, 220264.1
2886.664, 220194.3
2888.592, 220184.1
2890.521, 220251.6
2892.449, 220309.8
2894.377, 220347.2
2896.306, 220353.0
2898.234, 220317.6
2900.163, 220295.0
2902.091, 220289.7
2904.020, 220292.9
2905.948, 220307.1
2907.877, 220273.4
2909.805, 220229.3
2911.734, 220334.9
2913.662, 220527.8
2915.591, 220625.3
2917.519, 220658.4
2919.448, 220701.2
2921.376, 220716.8
2923.304, 220648.9
2925.233, 220545.4
2927.161, 220460.3
2929.090, 220391.9
2931.018, 220391.2
2932.947, 220343.1
2934.875, 220113.0
2936.804, 219896.3
2938.732, 219767.5
2940.661, 219730.3
2942.589, 219861.6
2944.518, 219892.8
2946.446, 219670.2
2948.375, 219482.6
2950.303, 219384.4
2952.231, 219351.1
2954.160, 219382.3
2956.088, 219465.8
2958.017, 219604.6
2959.945, 219659.3
2961.874, 219607.0
2963.802, 219508.8
2965.731, 219372.2
2967.659, 219195.7
2969.588, 219014.5
2971.516, 218918.5
2973.445, 218907.3
2975.373, 218977.0
2977.302, 219077.7
2979.230, 219090.0
2981.158, 219067.9
2983.087, 219113.8
2985.015, 219127.9
2986.944, 219016.6
2988.872, 218869.6
2990.801, 218713.3
2992.729, 218639.8
2994.658, 218761.5
2996.586, 218866.3
2998.515, 218860.3
3000.443, 218806.2
3002.372, 218689.4
3004.300, 218568.5
3006.229, 218480.3
3008.157, 218346.2
3010.085, 218176.1
3012.014, 217974.0
3013.942, 217758.8
3015.871, 217748.3
3017.799, 217907.9
3019.728, 217950.0
3021.656, 217919.3
3023.585, 217993.8
3025.513, 218108.3
3027.442, 218102.6
3029.370, 218102.0
3031.299, 218288.2
3033.227, 218504.9
3035.156, 218659.5
3037.084, 218717.3
3039.012, 218579.9
3040.941, 218477.0
3042.869, 218623.5
3044.798, 218630.7
3046.726, 218390.4
3048.655, 218194.7
3050.583, 218107.3
3052.512, 218041.0
3054.440, 217997.3
3056.369, 217913.9
3058.297, 217811.3
3060.226, 217932.6
3062.154, 218200.7
3064.083, 218211.6
3066.011, 218080.9
3067.939, 218101.2
3069.868, 218142.0
3071.796, 218075.3
3073.725, 217912.3
3075.653, 217621.3
3077.582, 217348.4
3079.510, 217192.3
3081.439, 217096.2
3083.367, 217030.9
3085.296, 217071.4
3087.224, 217256.2
3089.153, 217420.6
3091.081, 217525.0
3093.010, 217678.8
3094.938, 217895.2
3096.866, 217845.1
3098.795, 217570.3
3100.723, 217457.7
3102.652, 217457.1
3104.580, 217447.3
3106.509, 217428.3
3108.437, 217387.3
3110.366, 217341.2
3112.294, 217360.5
3114.223, 217299.2
3116.151, 217003.4
3118.080, 216757.2
3120.008, 216693.4
3121.937, 216641.3
3123.865, 216557.8
3125.793, 216579.2
3127.722, 216753.7
3129.650, 216787.1
3131.579, 216683.2
3133.507, 216689.5
3135.436, 216762.5
3137.364, 216752.8
3139.293, 216705.3
3141.221, 216728.5
3143.150, 216744.7
3145.078, 216622.2
3147.007, 216532.2
3148.935, 216621.8
3150.864, 216669.0
3152.792, 216581.4
3154.720, 216453.4
3156.649, 216283.8
3158.577, 216174.3
3160.506, 216163.5
3162.434, 216056.0
3164.363, 215879.8
3166.291, 215788.1
3168.220, 215750.7
3170.148, 215627.7
3172.077, 215510.3
3174.005, 215583.8
3175.934, 215674.6
3177.862, 215662.5
3179.791, 215605.0
3181.719, 215486.0
3183.647, 215487.6
3185.576, 215689.9
3187.504, 215885.7
3189.433, 215984.7
3191.361, 216132.0
3193.290, 216276.8
3195.218, 216191.4
3197.147, 215920.8
3199.075, 215642.7
3201.004, 215371.7
3202.932, 215183.0
3204.861, 214997.9
3206.789, 214682.6
3208.718, 214459.8
3210.646, 214398.5
3212.574, 214447.9
3214.503, 214564.8
3216.431, 214697.4
3218.360, 214832.8
3220.288, 214836.8
3222.217, 214717.5
3224.145, 214512.4
3226.074, 214280.7
3228.002, 214133.3
3229.931, 214051.4
3231.859, 214044.3
3233.788, 214015.8
3235.716, 213846.0
3237.645, 213691.3
3239.573, 213550.8
3241.501, 213578.0
3243.430, 213846.2
3245.358, 213955.9
3247.287, 213863.5
3249.215, 213745.6
3251.144, 213626.9
3253.072, 213646.3
3255.001, 213711.9
3256.929, 213699.0
3258.858, 213631.0
3260.786, 213500.7
3262.715, 213376.8
3264.643, 213260.0
3266.572, 213212.1
3268.500, 213251.6
3270.428, 213276.0
3272.357, 213275.8
3274.285, 213137.1
3276.214, 212933.4
3278.142, 213102.5
3280.071, 213393.8
3281.999, 213409.6
3283.928, 213331.8
3285.856, 213350.9
3287.785, 213287.1
3289.713, 213037.4
3291.642, 212871.0
3293.570, 212934.8
3295.499, 212861.7
3297.427, 212660.2
3299.355, 212659.0
3301.284, 212765.3
3303.212, 212704.6
3305.141, 212551.8
3307.069, 212424.2
3308.998, 212269.3
3310.926, 212063.0
3312.855, 211852.7
3314.783, 211664.1
3316.712, 211518.0
3318.640, 211419.1
3320.569, 211411.6
3322.497, 211485.2
3324.426, 211714.6
3326.354, 211938.3
3328.282, 211833.4
3330.211, 211617.8
3332.139, 211505.5
3334.068, 211369.8
3335.996, 211150.9
3337.925, 210991.9
3339.853, 210956.8
3341.782, 210804.3
3343.710, 210565.5
3345.639, 210705.6
3347.567, 211038.3
3349.496, 211081.1
3351.424, 210981.9
3353.353, 210883.1
3355.281, 210724.6
3357.209, 210444.9
3359.138, 210203.8
3361.066, 210067.3
3362.995, 209861.9
3364.923, 209598.8
3366.852, 209446.9
3368.780, 209388.0
3370.709, 209325.3
3372.637, 209319.1
3374.566, 209497.3
3376.494, 209633.1
3378.423, 209579.5
3380.351, 209549.2
3382.280, 209622.3
3384.208, 209602.7
3386.136, 209502.4
3388.065, 209507.5
3389.993, 209558.4
3391.922, 209504.1
3393.851, 209420.8
3395.779, 209412.6
3397.708, 209363.2
3399.636, 209207.7
3401.564, 209082.4
3403.493, 209017.3
3405.421, 208920.1
3407.350, 208806.4
3409.278, 208870.3
3411.207, 208991.9
3413.135, 208946.8
3415.064, 208887.5
3416.992, 208961.9
3418.921, 209011.3
3420.849, 208988.7
3422.778, 208955.3
3424.706, 208907.5
3426.635, 208928.7
3428.563, 208978.9
3430.491, 208939.9
3432.420, 208875.4
3434.348, 208877.3
3436.277, 208880.9
3438.205, 208907.2
3440.134, 208820.8
3442.062, 208574.4
3443.991, 208401.5
3445.919, 208302.5
3447.848, 208213.3
3449.776, 208152.8
3451.705, 208211.1
3453.633, 208241.1
3455.562, 208180.7
3457.490, 207998.2
3459.418, 207671.8
3461.347, 207416.3
3463.275, 207260.6
3465.204, 207123.4
3467.132, 206989.4
3469.061, 206768.1
3470.989, 206592.2
3472.918, 206605.5
3474.846, 206620.8
3476.775, 206539.2
3478.703, 206570.1
3480.632, 206729.2
3482.560, 206716.6
3484.489, 206592.2
3486.417, 206582.7
3488.345, 206589.2
3490.274, 206554.1
3492.202, 206479.0
3494.131, 206332.9
3496.059, 206290.0
3497.988, 206354.7
3499.916, 206382.3
3501.845, 206381.7
3503.773, 206518.5
3505.702, 206572.7
3507.630, 206237.8
3509.559, 205905.4
3511.487, 205700.2
3513.416, 205680.7
3515.344, 205859.5
3517.272, 205872.9
3519.201, 205780.8
3521.129, 205741.7
3523.058, 205759.1
3524.986, 205915.8
3526.915, 205942.0
3528.843, 205566.8
3530.772, 205435.8
3532.700, 205549.3
3534.629, 205511.2
3536.557, 205361.8
3538.486, 205191.8
3540.414, 205047.9
3542.343, 205001.4
3544.271, 204967.7
3546.199, 204954.2
3548.128, 204853.4
3550.056, 204671.2
3551.985, 204554.2
3553.913, 204480.8
3555.842, 204444.2
3557.770, 204398.9
3559.699, 204314.0
3561.627, 204247.0
3563.556, 204207.4
3565.484, 204212.6
3567.413, 204240.7
3569.341, 204235.0
3571.270, 204189.1
3573.198, 204135.0
3575.126, 203992.6
3577.055, 203693.5
3578.983, 203568.9
3580.912, 203690.5
3582.840, 203724.0
3584.769, 203727.1
3586.697, 203832.7
3588.626, 203963.3
3590.554, 204025.3
3592.483, 204114.4
3594.411, 204234.8
3596.340, 204356.0
3598.268, 204454.5
3600.197, 204454.3
3602.125, 204376.8
3604.053, 204218.8
3605.982, 204109.2
3607.910, 204144.3
3609.839, 204142.2
3611.767, 204085.3
3613.696, 203725.9
3615.624, 203294.5
3617.553, 203365.9
3619.481, 203482.7
3621.410, 203304.7
3623.338, 203102.2
3625.267, 202918.6
3627.195, 202871.5
3629.124, 202930.1
3631.052, 202937.1
3632.980, 202934.4
3634.909, 202976.2
3636.837, 202969.9
3638.766, 202908.3
3640.694, 202664.5
3642.623, 202283.5
3644.551, 202204.8
3646.480, 202246.7
3648.408, 202120.3
3650.337, 202054.4
3652.265, 202134.4
3654.194, 202254.7
3656.122, 202393.9
3658.051, 202326.7
3659.979, 202163.0
3661.907, 202112.3
3663.836, 202058.4
3665.764, 201899.1
3667.693, 201885.5
3669.621, 202106.1
3671.550, 202034.5
3673.478, 201838.0
3675.407, 201977.3
3677.335, 202118.6
3679.264, 201998.9
3681.192, 201792.0
3683.121, 201511.0
3685.049, 201258.2
3686.978, 201070.5
3688.906, 201107.8
3690.834, 201171.4
3692.763, 201117.9
3694.691, 201009.3
3696.620, 200842.2
3698.548, 200713.6
3700.477, 200666.5
3702.405, 201012.5
3704.334, 201337.1
3706.262, 201191.3
3708.191, 201081.3
3710.119, 201108.2
3712.048, 201025.0
3713.976, 200832.2
3715.905, 200485.0
3717.833, 200213.9
3719.761, 200366.6
3721.690, 200394.6
3723.618, 200194.5
3725.547, 199945.8
3727.475, 199726.2
3729.404, 199888.0
3731.332, 200043.0
3733.261, 199820.3
3735.189, 199625.9
3737.118, 199537.5
3739.046, 199462.1
3740.975, 199404.8
3742.903, 199414.0
3744.832, 199383.6
3746.760, 199201.4
3748.688, 199016.0
3750.617, 198846.6
3752.545, 198549.7
3754.474, 198266.9
3756.402, 198390.3
3758.331, 198602.7
3760.259, 198715.4
3762.188, 198883.0
3764.116, 199086.5
3766.045, 199114.5
3767.973, 199056.9
3769.902, 199130.7
3771.830, 199149.4
3773.759, 199047.9
3775.687, 198882.0
3777.615, 198689.3
3779.544, 198536.4
3781.472, 198418.5
3783.401, 198316.2
3785.329, 198220.0
3787.258, 198165.3
3789.186, 197836.0
3791.115, 197393.8
3793.043, 197543.7
3794.972, 197783.4
3796.900, 197690.7
3798.829, 197596.3
3800.757, 197596.4
3802.686, 197523.0
3804.614, 197402.7
3806.542, 197213.7
3808.471, 197140.5
3810.399, 197305.8
3812.328, 197345.4
3814.256, 197207.9
3816.185, 197075.4
3818.113, 196931.4
3820.042, 196758.2
3821.970, 196617.5
3823.899, 196539.5
3825.827, 196548.9
3827.756, 196601.7
3829.684, 196503.0
3831.613, 196381.6
3833.541, 196317.5
3835.469, 196271.0
3837.398, 196236.0
3839.326, 196260.6
3841.255, 196262.2
3843.183, 196032.3
3845.112, 195820.5
3847.040, 195779.7
3848.969, 195634.8
3850.897, 195413.9
3852.826, 195339.6
3854.754, 195316.6
3856.683, 195251.6
3858.611, 195255.0
3860.540, 195361.8
3862.468, 195304.7
3864.396, 195153.9
3866.325, 195025.3
3868.253, 194897.4
3870.182, 194726.2
3872.110, 194725.8
3874.039, 194858.0
3875.967, 194876.2
3877.896, 194827.2
3879.824, 194705.9
3881.753, 194663.2
3883.681, 194739.2
3885.610, 194671.8
3887.538, 194539.0
3889.467, 194448.4
3891.395, 194387.0
3893.323, 194345.6
3895.252, 194408.7
3897.180, 194502.8
3899.109, 194239.5
3901.037, 193974.4
3902.966, 193989.2
3904.894, 194020.2
3906.823, 194038.0
3908.751, 194022.3
3910.680, 193978.0
3912.608, 193858.4
3914.537, 193850.3
3916.465, 194034.0
3918.394, 194105.2
3920.322, 194074.2
3922.250, 193924.1
3924.179, 193828.1
3926.107, 193889.3
3928.036, 193859.2
3929.964, 193733.1
3931.893, 193537.1
3933.821, 193308.5
3935.750, 193031.2
3937.678, 192906.8
3939.607, 192959.3
3941.535, 192953.6
3943.464, 192892.2
3945.392, 192724.2
3947.321, 192601.7
3949.249, 192539.9
3951.177, 192491.1
3953.106, 192417.3
3955.034, 192243.6
3956.963, 192092.4
3958.891, 192038.3
3960.820, 191986.3
3962.748, 191930.7
3964.677, 191808.4
3966.605, 191754.8
3968.534, 191870.6
3970.462, 191779.3
3972.391, 191500.7
3974.319, 191237.2
3976.248, 191028.2
3978.176, 190942.1
3980.104, 190819.3
3982.033, 190668.1
3983.961, 190795.8
3985.890, 190939.3
3987.818, 190785.3
3989.747, 190684.0
3991.675, 190678.3
3993.604, 190740.5
3995.532, 190783.9
3997.461, 190665.3
3999.389, 190603.3
4001.318, 190687.7
4003.246, 190548.6
4005.175, 190279.6
4007.103, 189957.4
4009.031, 189758.2
4010.960, 189756.7
4012.888, 189769.5
4014.817, 189757.9
4016.745, 189607.6
4018.674, 189526.6
4020.602, 189590.4
4022.531, 189597.4
4024.459, 189546.5
4026.388, 189449.0
4028.316, 189320.0
4030.245, 189101.6
4032.173, 189118.0
4034.102, 189254.1
4036.030, 189216.9
4037.958, 189034.6
4039.887, 188673.0
4041.815, 188581.0
4043.744, 188680.5
4045.672, 188546.0
4047.601, 188511.0
4049.529, 188783.8
4051.458, 188754.8
4053.386, 188478.7
4055.315, 188403.5
4057.243, 188325.0
4059.172, 188080.8
4061.100, 188095.2
4063.029, 188290.7
4064.957, 188192.2
4066.885, 188141.3
4068.814, 188349.4
4070.742, 188382.3
4072.671, 188261.0
4074.599, 188288.9
4076.528, 188172.3
4078.456, 187741.0
4080.385, 187499.4
4082.313, 187442.5
4084.242, 187409.8
4086.170, 187347.2
4088.099, 187167.7
4090.027, 187168.8
4091.956, 187250.7
4093.884, 187053.4
4095.813, 186864.2
4097.741, 186886.3
4099.669, 186741.1
4101.598, 186506.0
4103.526, 186359.8
4105.455, 186301.7
4107.383, 186325.5
4109.312, 186360.5
4111.240, 186400.9
4113.169, 186535.4
4115.097, 186459.6
4117.026, 186044.8
4118.954, 186040.8
4120.883, 186225.1
4122.811, 186190.6
4124.740, 186084.8
4126.668, 185914.7
4128.597, 185897.5
4130.525, 185966.8
4132.454, 186093.1
4134.382, 186097.8
4136.311, 185940.7
4138.239, 185796.8
4140.167, 185634.9
4142.096, 185356.9
4144.024, 185247.2
4145.953, 185302.7
4147.881, 185251.8
4149.810, 185157.5
4151.738, 185081.7
4153.667, 184956.5
4155.595, 184782.7
4157.523, 184558.3
4159.452, 184351.5
4161.380, 184203.8
4163.309, 184057.3
4165.237, 183962.7
4167.166, 184200.0
4169.094, 184283.8
4171.023, 183936.4
4172.951, 183880.6
4174.880, 183945.1
4176.808, 183770.7
4178.737, 183619.2
4180.665, 183576.8
4182.594, 183522.4
4184.522, 183441.3
4186.451, 183319.7
4188.379, 183114.7
4190.308, 182843.7
4192.236, 182768.5
4194.165, 182735.2
4196.093, 182659.5
4198.021, 182427.1
4199.950, 182131.3
4201.878, 182127.5
4203.807, 182120.0
4205.735, 181992.2
4207.664, 181755.6
4209.592, 181525.1
4211.521, 181450.9
4213.449, 181539.2
4215.377, 181742.4
4217.306, 181680.8
4219.234, 181511.0
4221.163, 181465.0
4223.091, 181227.4
4225.020, 180853.0
4226.948, 180821.9
4228.877, 180847.2
4230.805, 180713.0
4232.734, 180910.2
4234.662, 181251.2
4236.591, 181212.0
4238.519, 181055.8
4240.448, 180837.0
4242.376, 180666.8
##END=



