##NAMES=Pyrosmalite-(Fe)
##RRUFFID=R050158
##IDEAL CHEMISTRY=Fe^2+^_8_Si_6_O_15_(OH)_10_
##LOCALITY=Burguillos del Cerro, Badajos, Spain
##OWNER=RRUFF
##SOURCE=Jim McGlasson
##DESCRIPTION=Green subhedral crystal aggregate
##STATUS=The identification of this mineral has been confirmed by X-ray diffraction and chemical analysis
##URL=https://www.rruff.net/odr/rruff_sample/R050158
##MEASURED CHEMISTRY=(Fe^2+^_0.92_Mn^2+^_0.06_Mg_0.02_)_8_Si_6_O_15_(OH_0.83_Cl_0.17_)_10_
##DIFFRACTION SAMPLE DESCRIPTION=Powder
##CELL PARAMETERS=a: 13.3189 b: 13.3189 c: 7.0942 alpha: 90 beta: 90 gamma: 120 volume: 1089.9 crystal system: hexagonal
##FILETYPE=Raman RAW
##RAMAN WAVELENGTH=532

86.70313, 103.0947
88.63159, 87.87679
90.56006, 87.00717
92.48853, 108.3127
94.41699, 135.8605
96.34546, 172.2312
98.27393, 215.5485
100.2024, 254.8413
102.1309, 284.1036
104.0593, 310.5821
105.9878, 340.4051
107.9163, 372.4965
109.8447, 408.6485
111.7732, 448.5420
113.7017, 491.0606
115.6301, 542.0042
117.5586, 605.5217
119.4871, 676.6951
121.4155, 745.6044
123.3440, 812.5656
125.2725, 876.6104
127.2009, 921.8940
129.1294, 923.8013
131.0579, 931.8949
132.9863, 946.9347
134.9148, 967.7090
136.8433, 991.6432
138.7717, 1022.890
140.7002, 1054.559
142.6287, 1083.307
144.5571, 1112.029
146.4856, 1134.597
148.4141, 1150.113
150.3425, 1159.722
152.2710, 1161.760
154.1995, 1152.586
156.1279, 1138.880
158.0564, 1126.882
159.9849, 1115.321
161.9133, 1107.143
163.8418, 1102.999
165.7703, 1104.224
167.6987, 1105.617
169.6272, 1106.804
171.5557, 1108.237
173.4841, 1110.277
175.4126, 1111.733
177.3411, 1114.927
179.2695, 1120.442
181.1980, 1128.126
183.1265, 1138.493
185.0549, 1156.727
186.9834, 1177.989
188.9119, 1190.442
190.8403, 1194.981
192.7688, 1190.684
194.6973, 1175.122
196.6257, 1149.346
198.5542, 1115.059
200.4827, 1068.396
202.4111, 1012.337
204.3396, 960.8007
206.2681, 912.2316
208.1965, 868.4974
210.1250, 830.0474
212.0535, 797.0690
213.9819, 768.8762
215.9104, 744.8103
217.8389, 725.4539
219.7673, 710.5099
221.6958, 701.2596
223.6243, 695.8400
225.5527, 692.8397
227.4812, 694.1904
229.4097, 695.9608
231.3381, 696.7970
233.2666, 697.6677
235.1951, 701.5052
237.1235, 709.6046
239.0520, 720.2529
240.9805, 732.6238
242.9089, 745.7769
244.8374, 761.7714
246.7659, 781.7020
248.6943, 804.9150
250.6228, 830.2254
252.5513, 859.6310
254.4797, 889.9487
256.4082, 919.7212
258.3367, 950.5501
260.2651, 977.6437
262.1936, 999.8123
264.1221, 1017.547
266.0505, 1030.878
267.9790, 1038.806
269.9075, 1043.411
271.8359, 1045.834
273.7644, 1046.337
275.6929, 1044.059
277.6213, 1038.586
279.5498, 1030.072
281.4783, 1020.046
283.4067, 1008.187
285.3352, 995.2527
287.2637, 981.0236
289.1921, 964.0214
291.1206, 950.5366
293.0491, 938.2499
294.9775, 929.8005
296.9060, 932.8405
298.8345, 950.1380
300.7629, 976.2010
302.6914, 1007.860
304.6199, 1048.664
306.5483, 1088.144
308.4768, 1127.391
310.4053, 1164.208
312.3337, 1195.490
314.2622, 1219.446
316.1907, 1239.113
318.1191, 1253.914
320.0476, 1256.407
321.9761, 1272.395
323.9045, 1317.089
325.8330, 1370.729
327.7615, 1410.340
329.6899, 1443.818
331.6184, 1448.787
333.5469, 1413.873
335.4753, 1328.882
337.4038, 1242.123
339.3322, 1144.627
341.2607, 1050.066
343.1892, 970.2161
345.1176, 909.5482
347.0461, 860.8397
348.9746, 824.1066
350.9030, 800.1398
352.8315, 785.5732
354.7600, 784.1852
356.6884, 790.3571
358.6169, 800.2457
360.5454, 816.9970
362.4738, 834.0548
364.4023, 852.7062
366.3308, 871.4318
368.2592, 887.0870
370.1877, 901.2584
372.1162, 909.7809
374.0446, 910.3883
375.9731, 899.4022
377.9016, 887.1167
379.8300, 872.6255
381.7585, 857.1248
383.6870, 841.9827
385.6154, 825.7527
387.5439, 812.0541
389.4724, 801.5089
391.4008, 794.5822
393.3293, 791.0905
395.2578, 792.6185
397.1862, 796.8729
399.1147, 801.8799
401.0432, 807.1574
402.9716, 814.1368
404.9001, 823.7867
406.8286, 835.5306
408.7570, 846.5448
410.6855, 854.4909
412.6140, 864.5423
414.5424, 879.4933
416.4709, 903.4113
418.3994, 923.7214
420.3279, 943.6609
422.2563, 958.2500
424.1848, 963.1655
426.1133, 956.5898
428.0417, 942.3597
429.9702, 919.9665
431.8987, 889.0366
433.8271, 860.1404
435.7556, 832.5981
437.6841, 807.5594
439.6125, 785.8794
441.5410, 768.6044
443.4695, 751.0099
445.3979, 731.8356
447.3264, 711.8590
449.2549, 692.8098
451.1833, 673.5867
453.1118, 656.8881
455.0403, 643.4539
456.9687, 633.0934
458.8972, 626.8150
460.8257, 624.9195
462.7541, 626.5321
464.6826, 632.0651
466.6111, 642.0275
468.5395, 652.3641
470.4680, 662.3132
472.3965, 671.8200
474.3249, 680.7537
476.2534, 687.9613
478.1819, 695.4991
480.1103, 703.5192
482.0388, 712.0766
483.9673, 722.6701
485.8957, 744.0034
487.8242, 762.3043
489.7527, 767.7135
491.6811, 753.9235
493.6096, 734.9942
495.5381, 707.7767
497.4665, 676.0277
499.3950, 646.0388
501.3235, 617.0483
503.2519, 591.4624
505.1804, 569.6486
507.1089, 551.8195
509.0373, 538.0704
510.9658, 530.0822
512.8943, 525.0269
514.8228, 520.8784
516.7512, 517.4446
518.6797, 515.9609
520.6082, 518.3993
522.5366, 522.5587
524.4651, 523.8923
526.3936, 521.5313
528.3220, 518.3861
530.2505, 514.7250
532.1790, 510.6544
534.1074, 507.9484
536.0359, 506.9328
537.9644, 506.8709
539.8928, 507.3838
541.8213, 508.3468
543.7498, 510.3726
545.6782, 513.7099
547.6067, 518.2267
549.5352, 523.6917
551.4636, 527.3163
553.3921, 536.1235
555.3206, 548.7823
557.2490, 567.8231
559.1775, 596.9109
561.1060, 636.5557
563.0344, 686.4897
564.9629, 747.0848
566.8914, 819.9310
568.8198, 892.7301
570.7483, 975.6086
572.6768, 1050.970
574.6052, 1106.263
576.5337, 1142.129
578.4622, 1165.970
580.3906, 1172.046
582.3190, 1170.120
584.2475, 1171.441
586.1760, 1167.358
588.1044, 1176.823
590.0329, 1202.681
591.9614, 1244.680
593.8898, 1300.487
595.8183, 1372.746
597.7468, 1456.701
599.6752, 1550.781
601.6037, 1655.468
603.5322, 1767.030
605.4606, 1878.865
607.3891, 2001.922
609.3176, 2143.140
611.2460, 2301.861
613.1745, 2472.791
615.1030, 2698.125
617.0314, 2914.560
618.9599, 3055.842
620.8884, 3136.970
622.8168, 3120.887
624.7453, 2955.427
626.6738, 2693.069
628.6022, 2416.405
630.5307, 2103.956
632.4592, 1815.769
634.3876, 1561.358
636.3161, 1344.250
638.2446, 1166.993
640.1730, 1037.461
642.1015, 936.9242
644.0300, 860.0872
645.9584, 805.8419
647.8869, 763.2842
649.8154, 735.7711
651.7438, 715.4762
653.6723, 698.6707
655.6008, 685.5619
657.5292, 675.0291
659.4577, 668.3741
661.3862, 663.7255
663.3146, 659.3384
665.2431, 655.0739
667.1716, 651.5631
669.1000, 650.6493
671.0285, 650.2039
672.9570, 645.5516
674.8854, 634.1042
676.8139, 624.3500
678.7424, 620.0670
680.6708, 619.4130
682.5993, 617.9647
684.5278, 615.0032
686.4562, 611.7391
688.3847, 607.6188
690.3132, 603.0123
692.2416, 600.9354
694.1701, 602.4231
696.0986, 605.3848
698.0270, 609.2713
699.9555, 614.1948
701.8840, 618.1343
703.8124, 619.3274
705.7409, 620.7897
707.6694, 624.6329
709.5978, 631.1017
711.5263, 636.8477
713.4548, 640.6025
715.3832, 644.0773
717.3117, 648.5557
719.2402, 654.4005
721.1686, 660.4563
723.0971, 667.8068
725.0256, 674.9051
726.9540, 679.3915
728.8825, 680.4536
730.8110, 682.5963
732.7394, 688.3014
734.6679, 695.0790
736.5964, 699.6788
738.5248, 700.6398
740.4533, 701.4771
742.3818, 704.0558
744.3102, 706.6494
746.2387, 705.2137
748.1672, 697.8995
750.0956, 691.1710
752.0241, 687.4254
753.9526, 685.8394
755.8810, 684.5385
757.8095, 682.5566
759.7380, 682.0314
761.6664, 683.2538
763.5949, 686.3016
765.5234, 691.2894
767.4518, 699.6202
769.3803, 707.5357
771.3088, 713.6896
773.2372, 718.2448
775.1657, 721.4968
777.0942, 725.0552
779.0226, 725.5845
780.9511, 720.2184
782.8796, 709.4092
784.8080, 701.7856
786.7365, 698.8038
788.6650, 697.2013
790.5934, 695.4164
792.5219, 693.5496
794.4504, 692.8764
796.3788, 693.2414
798.3073, 695.1932
800.2358, 699.2631
802.1642, 705.6645
804.0927, 712.7023
806.0212, 721.0619
807.9496, 729.3292
809.8781, 736.5223
811.8066, 742.6875
813.7350, 749.3033
815.6635, 759.2804
817.5920, 767.2189
819.5204, 770.9102
821.4489, 769.9747
823.3774, 766.1151
825.3058, 759.0760
827.2343, 749.4534
829.1628, 736.6837
831.0912, 721.0219
833.0197, 705.6782
834.9482, 690.1013
836.8766, 675.6022
838.8051, 662.2628
840.7336, 649.9065
842.6620, 641.0583
844.5905, 638.1320
846.5190, 636.4233
848.4474, 633.6752
850.3759, 630.1041
852.3044, 626.9032
854.2328, 624.1113
856.1613, 621.9825
858.0898, 620.5630
860.0182, 619.8513
861.9467, 620.0197
863.8752, 622.2457
865.8036, 624.0812
867.7321, 623.7888
869.6606, 621.8856
871.5891, 620.9942
873.5175, 621.6812
875.4460, 623.1819
877.3745, 625.8517
879.3029, 629.7072
881.2314, 631.4245
883.1599, 629.3357
885.0883, 627.0743
887.0168, 625.5997
888.9453, 624.9008
890.8737, 624.9285
892.8022, 626.1633
894.7307, 627.2547
896.6591, 627.5076
898.5876, 627.1134
900.5161, 627.0885
902.4445, 628.1078
904.3730, 628.8270
906.3015, 628.8683
908.2299, 628.4276
910.1584, 627.9720
912.0869, 627.1044
914.0153, 627.0135
915.9438, 628.6981
917.8723, 631.2818
919.8007, 633.1915
921.7292, 633.8660
923.6577, 634.7802
925.5861, 636.4382
927.5146, 638.4383
929.4431, 640.1536
931.3715, 641.6772
933.3000, 642.9697
935.2285, 643.3216
937.1569, 643.9449
939.0854, 646.1780
941.0139, 650.5145
942.9423, 654.1157
944.8708, 654.8049
946.7993, 655.5236
948.7277, 658.8318
950.6562, 666.0604
952.5847, 671.8600
954.5131, 675.6408
956.4416, 678.5492
958.3701, 680.6244
960.2985, 682.1505
962.2270, 685.8701
964.1555, 692.6368
966.0839, 701.4790
968.0124, 711.6068
969.9409, 722.9796
971.8693, 737.3021
973.7978, 754.1236
975.7263, 773.9329
977.6547, 797.8611
979.5832, 825.1088
981.5117, 852.7695
983.4401, 882.0120
985.3686, 909.0425
987.2971, 932.7521
989.2255, 953.4296
991.1540, 970.5294
993.0825, 981.2433
995.0109, 993.8943
996.9394, 1009.351
998.8679, 1027.312
1000.796, 1047.015
1002.725, 1067.538
1004.653, 1093.312
1006.582, 1125.649
1008.510, 1163.204
1010.439, 1206.344
1012.367, 1255.114
1014.296, 1301.490
1016.224, 1338.306
1018.153, 1378.403
1020.081, 1430.473
1022.009, 1494.117
1023.938, 1548.047
1025.866, 1598.801
1027.795, 1633.765
1029.723, 1651.908
1031.652, 1649.938
1033.580, 1623.070
1035.509, 1565.122
1037.437, 1498.806
1039.366, 1427.361
1041.294, 1353.076
1043.223, 1277.531
1045.151, 1195.792
1047.080, 1124.510
1049.008, 1066.015
1050.937, 1016.458
1052.865, 973.8190
1054.793, 938.5386
1056.722, 907.6657
1058.650, 880.4559
1060.579, 858.4523
1062.507, 844.6571
1064.436, 836.9180
1066.364, 828.0892
1068.293, 816.2548
1070.221, 805.7535
1072.150, 797.5640
1074.078, 791.4446
1076.006, 787.0234
1077.935, 786.1672
1079.863, 784.1700
1081.792, 779.4570
1083.720, 774.4559
1085.649, 771.7390
1087.577, 771.2332
1089.506, 770.2996
1091.434, 767.2655
1093.363, 765.4755
1095.291, 767.5336
1097.220, 772.9866
1099.148, 775.9230
1101.077, 773.6571
1103.005, 772.0706
1104.933, 772.3398
1106.862, 773.9156
1108.790, 775.6758
1110.719, 777.0809
1112.647, 779.8674
1114.576, 785.0297
1116.504, 791.0980
1118.433, 797.3612
1120.361, 803.7977
1122.290, 809.0135
1124.218, 812.1327
1126.147, 814.9281
1128.075, 819.0743
1130.004, 823.8039
1131.932, 825.2883
1133.860, 820.8915
1135.789, 816.5959
1137.717, 813.8443
1139.646, 811.1597
1141.574, 806.4715
1143.503, 799.6937
1145.431, 792.5775
1147.360, 783.9324
1149.288, 776.5820
1151.217, 772.6439
1153.145, 771.5075
1155.074, 769.9989
1157.002, 766.9481
1158.931, 764.9185
1160.859, 765.1889
1162.787, 766.5425
1164.716, 766.9830
1166.644, 765.7589
1168.573, 764.7988
1170.501, 763.9916
1172.430, 763.6085
1174.358, 763.9517
1176.287, 765.0436
1178.215, 766.6530
1180.144, 769.2626
1182.072, 771.7834
1184.001, 773.8302
1185.929, 775.5609
1187.858, 777.2303
1189.786, 779.0055
1191.714, 780.0289
1193.643, 778.9221
1195.571, 777.8990
1197.500, 778.7875
1199.428, 781.6722
1201.357, 782.9271
1203.285, 781.2812
1205.214, 779.6008
1207.142, 778.6168
1209.071, 778.2081
1210.999, 778.2045
1212.928, 778.7736
1214.856, 779.4471
1216.785, 780.3016
1218.713, 781.2346
1220.641, 782.0680
1222.570, 782.8204
1224.498, 783.9186
1226.427, 785.5449
1228.355, 787.0656
1230.284, 788.7159
1232.212, 789.9334
1234.141, 789.6945
1236.069, 786.6302
1237.998, 785.5666
1239.926, 788.1385
1241.855, 791.1907
1243.783, 793.3665
1245.712, 794.6984
1247.640, 795.1735
1249.568, 794.0970
1251.497, 793.9769
1253.425, 796.4363
1255.354, 799.5489
1257.282, 801.6652
1259.211, 802.7528
1261.139, 803.3087
1263.068, 802.5404
1264.996, 802.3860
1266.925, 804.1166
1268.853, 806.8807
1270.782, 808.6783
1272.710, 808.4108
1274.639, 808.9920
1276.567, 810.6639
1278.495, 812.8600
1280.424, 815.3309
1282.352, 817.9372
1284.281, 820.1797
1286.209, 821.7743
1288.138, 823.4167
1290.066, 825.9260
1291.995, 828.2344
1293.923, 829.3812
1295.852, 829.4655
1297.780, 829.1947
1299.709, 827.8055
1301.637, 827.6649
1303.566, 831.1569
1305.494, 836.0675
1307.422, 837.4437
1309.351, 832.0345
1311.279, 829.8257
1313.208, 833.0934
1315.136, 837.3128
1317.065, 840.4795
1318.993, 842.5485
1320.922, 843.2673
1322.850, 841.8572
1324.779, 841.1646
1326.707, 842.6083
1328.636, 844.4637
1330.564, 845.1254
1332.493, 844.7853
1334.421, 844.6006
1336.349, 844.4369
1338.278, 844.5913
1340.206, 845.6681
1342.135, 846.7172
1344.063, 846.6595
1345.992, 845.4352
1347.920, 844.4951
1349.849, 844.2147
1351.777, 844.3029
1353.706, 845.0392
1355.634, 846.0891
1357.563, 846.6823
1359.491, 846.0825
1361.420, 846.5802
1363.348, 848.5568
1365.276, 850.8690
1367.205, 853.6306
1369.133, 856.1185
1371.062, 856.1364
1372.990, 852.7648
1374.919, 850.5621
1376.847, 851.1320
1378.776, 852.3989
1380.704, 853.4862
1382.633, 854.4767
1384.561, 855.4338
1386.490, 856.4874
1388.418, 857.3006
1390.347, 857.9661
1392.275, 858.1178
1394.203, 856.9681
1396.132, 854.8062
1398.060, 853.9422
1399.989, 854.5913
1401.917, 855.9967
1403.846, 859.6047
1405.774, 862.3931
1407.703, 861.0918
1409.631, 856.0085
1411.560, 854.1278
1413.488, 859.4479
1415.417, 862.5630
1417.345, 860.3956
1419.274, 857.5171
1421.202, 858.4399
1423.130, 862.8936
1425.059, 864.8397
1426.987, 862.6022
1428.916, 860.8865
1430.844, 860.8366
1432.773, 861.4484
1434.701, 862.0729
1436.630, 862.6162
1438.558, 862.7184
1440.487, 862.3424
1442.415, 861.9200
1444.344, 861.9969
1446.272, 862.0226
1448.201, 861.3085
1450.129, 860.1001
1452.057, 859.7868
1453.986, 860.4401
1455.914, 861.7587
1457.843, 864.3073
1459.771, 866.6390
1461.700, 867.8581
1463.628, 867.8992
1465.557, 866.4484
1467.485, 861.5443
1469.414, 858.7373
1471.342, 860.4584
1473.271, 863.0002
1475.199, 863.8983
1477.128, 863.4200
1479.056, 863.0396
1480.984, 863.0394
1482.913, 862.9165
1484.841, 863.1456
1486.770, 862.8243
1488.698, 860.4909
1490.627, 857.0031
1492.555, 855.8585
1494.484, 857.5599
1496.412, 859.2806
1498.341, 860.9119
1500.269, 862.0284
1502.198, 862.0547
1504.126, 861.5067
1506.055, 861.6940
1507.983, 862.8394
1509.911, 863.1094
1511.840, 861.3558
1513.768, 860.0838
1515.697, 861.2543
1517.625, 863.2834
1519.554, 863.9347
1521.482, 863.1824
1523.411, 862.5091
1525.339, 862.1979
1527.268, 861.7609
1529.196, 860.1080
1531.125, 858.8351
1533.053, 860.0001
1534.982, 863.4489
1536.910, 865.7835
1538.839, 866.4834
1540.767, 866.7158
1542.695, 866.5173
1544.624, 866.1948
1546.552, 865.8787
1548.481, 865.6248
1550.409, 865.6916
1552.338, 866.0537
1554.266, 866.8787
1556.195, 868.8345
1558.123, 870.5499
1560.052, 871.4144
1561.980, 871.5591
1563.909, 871.1776
1565.837, 869.9280
1567.766, 869.0944
1569.694, 868.6385
1571.622, 868.6049
1573.551, 869.2120
1575.479, 870.1224
1577.408, 870.9366
1579.336, 871.6512
1581.265, 872.5146
1583.193, 873.4264
1585.122, 874.6138
1587.050, 876.7640
1588.979, 878.5334
1590.907, 878.2661
1592.836, 876.7567
1594.764, 877.2007
1596.693, 880.2702
1598.621, 882.5391
1600.549, 882.8336
1602.478, 883.2207
1604.406, 885.6310
1606.335, 888.0589
1608.263, 886.7959
1610.192, 882.0628
1612.120, 879.8571
1614.049, 881.4464
1615.977, 883.5833
1617.906, 886.1337
1619.834, 888.2448
1621.763, 889.0994
1623.691, 888.9964
1625.620, 888.6152
1627.548, 887.7997
1629.476, 887.6609
1631.405, 889.1372
1633.333, 890.1475
1635.262, 888.8444
1637.190, 887.1210
1639.119, 887.7029
1641.047, 890.1625
1642.976, 890.8376
1644.904, 888.7125
1646.833, 887.1105
1648.761, 887.3754
1650.690, 887.9186
1652.618, 888.1591
1654.547, 887.7900
1656.475, 885.9669
1658.403, 882.6579
1660.332, 879.4426
1662.260, 875.9302
1664.189, 874.0311
1666.117, 875.7878
1668.046, 878.4470
1669.974, 879.8675
1671.903, 880.2440
1673.831, 879.9873
1675.760, 878.7126
1677.688, 878.8660
1679.617, 882.5483
1681.545, 885.0248
1683.474, 882.6403
1685.402, 878.7449
1687.330, 876.9949
1689.259, 877.2337
1691.187, 878.2023
1693.116, 880.1324
1695.044, 881.8884
1696.973, 883.7101
1698.901, 884.6024
1700.830, 883.3193
1702.758, 881.1166
1704.687, 879.5708
1706.615, 878.7103
1708.544, 879.4557
1710.472, 882.4178
1712.401, 885.4523
1714.329, 888.5960
1716.257, 890.8133
1718.186, 891.1675
1720.114, 890.2965
1722.043, 888.8370
1723.971, 886.8070
1725.900, 887.1064
1727.828, 891.4979
1729.757, 894.4540
1731.685, 892.6614
1733.614, 890.6587
1735.542, 891.5358
1737.471, 894.1967
1739.399, 897.3439
1741.328, 900.9943
1743.256, 900.5458
1745.184, 892.9951
1747.113, 887.9417
1749.041, 890.8356
1750.970, 894.7998
1752.898, 894.8906
1754.827, 892.8636
1756.755, 891.5989
1758.684, 891.0856
1760.612, 892.1507
1762.541, 895.9321
1764.469, 898.2350
1766.398, 896.5482
1768.326, 894.3299
1770.255, 894.3350
1772.183, 892.9376
1774.111, 891.9547
1776.040, 892.0219
1777.968, 890.7489
1779.897, 891.0522
1781.825, 891.7601
1783.754, 892.1625
1785.682, 893.3055
1787.611, 896.8556
1789.539, 900.8749
1791.468, 901.9476
1793.396, 900.4618
1795.325, 900.7692
1797.253, 904.0269
1799.182, 905.7299
1801.110, 904.0245
1803.038, 901.7508
1804.967, 899.6735
1806.895, 898.2031
1808.824, 898.2596
1810.752, 899.5485
1812.681, 899.9831
1814.609, 899.4577
1816.538, 898.5651
1818.466, 895.8920
1820.395, 894.7870
1822.323, 897.1495
1824.252, 900.6283
1826.180, 903.9951
1828.109, 906.7837
1830.037, 907.4618
1831.965, 905.6136
1833.894, 903.6553
1835.822, 900.7616
1837.751, 899.1633
1839.679, 899.5153
1841.608, 900.9242
1843.536, 903.5153
1845.465, 906.3597
1847.393, 907.8564
1849.322, 909.1105
1851.250, 910.0183
1853.179, 909.6667
1855.107, 909.9407
1857.036, 908.6414
1858.964, 907.0407
1860.892, 905.2687
1862.821, 903.8429
1864.749, 903.2067
1866.678, 903.2986
1868.606, 903.7951
1870.535, 904.5850
1872.463, 906.1107
1874.392, 908.9816
1876.320, 910.7772
1878.249, 910.5140
1880.177, 909.3807
1882.106, 907.0641
1884.034, 904.9725
1885.963, 905.7676
1887.891, 903.9835
1889.819, 908.3492
1891.748, 904.3428
1893.676, 902.9370
1895.605, 906.3951
1897.533, 909.2848
1899.462, 909.3737
1901.390, 908.3171
1903.319, 906.6492
1905.247, 904.7687
1907.176, 903.2626
1909.104, 902.1909
1911.033, 901.8549
1912.961, 902.6022
1914.890, 903.1793
1916.818, 903.5106
1918.746, 903.5804
1920.675, 902.5840
1922.603, 901.9775
1924.532, 903.5798
1926.460, 905.8959
1928.389, 905.8322
1930.317, 903.3433
1932.246, 901.8346
1934.174, 902.3766
1936.103, 902.3911
1938.031, 900.6141
1939.960, 900.3622
1941.888, 904.0783
1943.817, 908.0246
1945.745, 908.9257
1947.673, 908.1962
1949.602, 908.8690
1951.530, 910.8135
1953.459, 910.5599
1955.387, 907.0620
1957.316, 905.6704
1959.244, 908.6066
1961.173, 911.0392
1963.101, 911.4009
1965.030, 910.9893
1966.958, 911.0085
1968.887, 910.6249
1970.815, 907.4546
1972.744, 902.6219
1974.672, 901.7756
1976.600, 905.5319
1978.529, 908.7383
1980.457, 910.9403
1982.386, 911.8474
1984.314, 910.7228
1986.243, 909.1005
1988.171, 906.4919
1990.100, 904.9413
1992.028, 908.2580
1993.957, 914.6727
1995.885, 917.2526
1997.814, 915.2679
1999.742, 913.3387
2001.671, 910.0138
2003.599, 909.0856
2005.527, 912.5758
2007.456, 915.8456
2009.384, 917.7441
2011.313, 918.4274
2013.241, 917.1732
2015.170, 915.2827
2017.098, 915.7746
2019.027, 918.1312
2020.955, 917.9178
2022.884, 914.7469
2024.812, 912.4408
2026.741, 911.5480
2028.669, 911.6674
2030.598, 913.4952
2032.526, 915.1019
2034.454, 914.8983
2036.383, 914.3422
2038.311, 915.2086
2040.240, 916.6561
2042.168, 916.2849
2044.097, 917.6553
2046.025, 918.7650
2047.954, 918.2839
2049.882, 918.1157
2051.811, 918.1914
2053.739, 916.0245
2055.668, 913.8474
2057.596, 912.5301
2059.525, 913.0327
2061.453, 914.1628
2063.381, 914.4391
2065.310, 914.3480
2067.238, 916.1382
2069.167, 919.3952
2071.095, 918.3469
2073.024, 911.5923
2074.952, 908.4268
2076.881, 912.4185
2078.809, 915.2729
2080.738, 912.1390
2082.666, 910.0083
2084.594, 914.9539
2086.523, 920.2559
2088.451, 917.8374
2090.380, 911.2438
2092.308, 908.2396
2094.237, 908.7225
2096.165, 910.1276
2098.094, 913.0652
2100.022, 915.2128
2101.951, 917.3242
2103.879, 917.0046
2105.808, 911.0532
2107.736, 906.7969
2109.665, 909.0475
2111.593, 911.8784
2113.521, 909.9573
2115.450, 906.7844
2117.378, 907.5911
2119.307, 911.1187
2121.235, 913.3983
2123.164, 914.3892
2125.092, 914.1761
2127.021, 912.1378
2128.949, 910.7828
2130.878, 910.8368
2132.806, 910.8793
2134.735, 910.7081
2136.663, 910.1821
2138.592, 908.7693
2140.520, 907.2535
2142.448, 905.9207
2144.377, 905.1957
2146.305, 906.5925
2148.234, 909.4846
2150.162, 910.5079
2152.091, 909.6613
2154.019, 909.0670
2155.948, 909.1675
2157.876, 908.7377
2159.805, 907.1777
2161.733, 905.7596
2163.662, 904.5070
2165.590, 903.8270
2167.519, 904.2057
2169.447, 904.8524
2171.375, 904.8055
2173.304, 904.6481
2175.232, 905.9974
2177.161, 908.3089
2179.089, 907.6423
2181.018, 909.1160
2182.946, 910.1974
2184.875, 909.0294
2186.803, 911.5355
2188.732, 908.9561
2190.660, 907.4576
2192.589, 909.6519
2194.517, 912.1190
2196.446, 914.2440
2198.374, 915.3015
2200.302, 914.1555
2202.231, 912.2577
2204.159, 911.3568
2206.088, 911.1498
2208.016, 910.6736
2209.945, 909.9346
2211.873, 910.1107
2213.802, 911.2446
2215.730, 911.7864
2217.659, 911.5430
2219.587, 910.6796
2221.516, 908.3306
2223.444, 907.6599
2225.373, 911.8335
2227.301, 915.2328
2229.229, 915.2477
2231.158, 913.7814
2233.086, 911.0780
2235.015, 908.5568
2236.943, 908.3297
2238.872, 909.4259
2240.800, 909.0853
2242.729, 907.5836
2244.657, 909.3060
2246.586, 914.3818
2248.514, 915.6030
2250.443, 911.9437
2252.371, 908.6437
2254.300, 906.1481
2256.228, 905.7179
2258.156, 908.9424
2260.085, 912.4849
2262.013, 916.2111
2263.942, 918.2757
2265.870, 915.9440
2267.799, 912.7103
2269.727, 911.2909
2271.656, 911.5118
2273.584, 914.4852
2275.513, 918.6896
2277.441, 919.0371
2279.370, 916.2728
2281.298, 915.4052
2283.227, 916.8629
2285.155, 916.9830
2287.083, 914.4537
2289.012, 913.3353
2290.940, 914.8247
2292.869, 916.1810
2294.797, 917.4121
2296.726, 917.8441
2298.654, 916.8857
2300.583, 915.6745
2302.511, 914.6531
2304.440, 913.8181
2306.368, 912.7028
2308.297, 912.1312
2310.225, 913.6127
2312.154, 916.1144
2314.082, 917.5845
2316.010, 918.0624
2317.939, 917.7308
2319.867, 916.5250
2321.796, 915.7539
2323.724, 915.5470
2325.653, 915.3798
2327.581, 915.2599
2329.510, 915.1158
2331.438, 915.0480
2333.367, 914.4117
2335.295, 911.9280
2337.224, 910.5132
2339.152, 912.9847
2341.081, 914.4376
2343.009, 910.5332
2344.938, 906.7117
2346.866, 908.5206
2348.794, 911.6510
2350.723, 911.0475
2352.651, 908.5415
2354.580, 906.6237
2356.508, 905.5832
2358.437, 906.5554
2360.365, 909.1405
2362.294, 910.8462
2364.222, 911.4727
2366.151, 911.6510
2368.079, 911.2939
2370.008, 910.3239
2371.936, 908.3810
2373.865, 906.9089
2375.793, 906.0599
2377.721, 906.2059
2379.650, 908.5978
2381.578, 909.6253
2383.507, 905.9651
2385.435, 903.3190
2387.364, 905.0085
2389.292, 907.6882
2391.221, 910.7423
2393.149, 912.1725
2395.078, 908.6717
2397.006, 903.7267
2398.935, 900.7004
2400.863, 899.9220
2402.792, 903.7670
2404.720, 909.8094
2406.648, 911.1537
2408.577, 908.3474
2410.505, 905.2858
2412.434, 901.9738
2414.362, 900.8595
2416.291, 902.8807
2418.219, 903.9061
2420.148, 903.8132
2422.076, 903.4683
2424.005, 902.4366
2425.933, 903.1127
2427.862, 906.9670
2429.790, 909.3996
2431.719, 907.7659
2433.647, 906.3087
2435.575, 906.0692
2437.504, 906.6793
2439.432, 909.6641
2441.361, 911.6752
2443.289, 910.1170
2445.218, 908.0308
2447.146, 906.5319
2449.075, 906.4816
2451.003, 910.8792
2452.932, 915.2923
2454.860, 911.7230
2456.789, 905.0876
2458.717, 905.8517
2460.646, 911.2240
2462.574, 912.6759
2464.502, 911.1006
2466.431, 909.8944
2468.359, 909.1887
2470.288, 910.0933
2472.216, 912.6525
2474.145, 913.9775
2476.073, 914.1190
2478.002, 912.3450
2479.930, 907.4067
2481.859, 905.8751
2483.787, 909.3236
2485.716, 911.0546
2487.644, 909.7227
2489.573, 908.1504
2491.501, 906.3895
2493.429, 905.6032
2495.358, 907.1683
2497.286, 907.8916
2499.215, 905.5785
2501.143, 904.2057
2503.072, 906.2423
2505.000, 907.7606
2506.929, 905.6487
2508.857, 904.3552
2510.786, 907.4592
2512.714, 911.3939
2514.643, 914.3674
2516.571, 915.9297
2518.500, 914.4100
2520.428, 912.4745
2522.356, 914.0397
2524.285, 916.3528
2526.213, 915.5560
2528.142, 912.9763
2530.070, 909.7196
2531.999, 906.7952
2533.927, 907.1223
2535.856, 909.5705
2537.784, 910.7001
2539.713, 910.5897
2541.641, 908.4781
2543.570, 909.5704
2545.498, 909.6538
2547.427, 909.3716
2549.355, 911.0460
2551.283, 910.2658
2553.212, 910.0331
2555.140, 910.6686
2557.069, 909.3140
2558.997, 910.0364
2560.926, 911.3547
2562.854, 910.7020
2564.783, 914.2503
2566.711, 915.0547
2568.640, 915.0762
2570.568, 913.8813
2572.497, 913.2824
2574.425, 913.5887
2576.354, 914.2456
2578.282, 915.9948
2580.210, 915.6237
2582.139, 911.0669
2584.067, 908.2650
2585.996, 910.5001
2587.924, 912.0278
2589.853, 910.1364
2591.781, 909.4216
2593.710, 911.6927
2595.638, 914.2880
2597.567, 917.8784
2599.495, 918.9647
2601.424, 913.2570
2603.352, 908.8049
2605.281, 910.4677
2607.209, 912.6061
2609.137, 911.6584
2611.066, 911.0968
2612.994, 913.4979
2614.923, 915.6697
2616.851, 915.0323
2618.780, 914.3787
2620.708, 916.7941
2622.637, 918.7302
2624.565, 916.3093
2626.494, 913.7056
2628.422, 914.7425
2630.351, 916.7936
2632.279, 917.6327
2634.208, 918.1384
2636.136, 920.0076
2638.064, 920.8449
2639.993, 916.5599
2641.921, 911.3529
2643.850, 910.1947
2645.778, 911.2333
2647.707, 913.6223
2649.635, 915.7043
2651.564, 914.8666
2653.492, 912.9468
2655.421, 912.0524
2657.349, 911.9403
2659.278, 912.0247
2661.206, 912.7318
2663.135, 916.6940
2665.063, 920.4672
2666.991, 917.1511
2668.920, 911.1071
2670.848, 910.0729
2672.777, 911.7946
2674.705, 911.5462
2676.634, 910.6730
2678.562, 913.2096
2680.491, 916.4274
2682.419, 913.6025
2684.348, 908.3232
2686.276, 908.5083
2688.205, 911.8258
2690.133, 913.1118
2692.062, 913.1195
2693.990, 913.1367
2695.918, 913.4019
2697.847, 914.6476
2699.775, 916.1940
2701.704, 916.6273
2703.632, 916.0345
2705.561, 913.7614
2707.489, 911.2258
2709.418, 913.8209
2711.346, 912.1309
2713.275, 917.4850
2715.203, 913.6324
2717.132, 914.1777
2719.060, 917.1932
2720.989, 917.6533
2722.917, 916.6161
2724.845, 916.5809
2726.774, 917.1800
2728.702, 917.8766
2730.631, 918.4235
2732.559, 918.3824
2734.488, 917.7761
2736.416, 916.5163
2738.345, 914.8853
2740.273, 913.0169
2742.202, 911.5926
2744.130, 911.7764
2746.059, 913.2041
2747.987, 916.4570
2749.916, 919.4763
2751.844, 916.8021
2753.772, 912.2245
2755.701, 913.0067
2757.629, 915.9725
2759.558, 917.2889
2761.486, 917.2023
2763.415, 915.0306
2765.343, 912.6670
2767.272, 912.8915
2769.200, 914.5276
2771.129, 916.7453
2773.057, 918.5475
2774.986, 918.1141
2776.914, 917.1242
2778.843, 917.5131
2780.771, 918.5250
2782.699, 919.8770
2784.628, 920.9746
2786.556, 921.9769
2788.485, 921.7318
2790.413, 917.4271
2792.342, 913.4661
2794.270, 913.8919
2796.199, 915.7704
2798.127, 918.5829
2800.056, 919.8802
2801.984, 915.8750
2803.913, 912.8474
2805.841, 916.7494
2807.770, 920.3289
2809.698, 918.3499
2811.626, 917.0062
2813.555, 921.0853
2815.483, 923.3312
2817.412, 917.4684
2819.340, 913.2754
2821.269, 916.3585
2823.197, 918.8921
2825.126, 918.3069
2827.054, 918.2714
2828.983, 921.6776
2830.911, 923.1966
2832.840, 919.6967
2834.768, 917.3717
2836.697, 916.8782
2838.625, 918.0947
2840.553, 921.2805
2842.482, 924.9037
2844.410, 929.7186
2846.339, 932.6169
2848.267, 932.9868
2850.196, 933.9404
2852.124, 935.8834
2854.053, 937.1211
2855.981, 937.1126
2857.910, 938.0907
2859.838, 940.1595
2861.767, 942.6405
2863.695, 945.3903
2865.624, 944.2049
2867.552, 939.5858
2869.480, 941.8002
2871.409, 939.7999
2873.337, 949.0593
2875.266, 941.5939
2877.194, 942.7125
2879.123, 948.7865
2881.051, 947.5610
2882.980, 942.4447
2884.908, 942.7679
2886.837, 945.6810
2888.765, 945.1451
2890.694, 943.5591
2892.622, 944.5093
2894.551, 946.4369
2896.479, 947.4008
2898.407, 948.2513
2900.336, 950.6058
2902.264, 952.1452
2904.193, 949.9276
2906.121, 947.9412
2908.050, 949.6707
2909.978, 951.5461
2911.907, 952.1957
2913.835, 951.6333
2915.764, 948.5040
2917.692, 947.1706
2919.621, 951.7793
2921.549, 953.8195
2923.478, 948.9471
2925.406, 945.7825
2927.334, 945.4836
2929.263, 946.7516
2931.191, 950.3307
2933.120, 951.6872
2935.048, 949.6694
2936.977, 948.8784
2938.905, 949.4691
2940.834, 946.6697
2942.762, 947.0147
2944.691, 945.2089
2946.619, 943.9164
2948.548, 941.8442
2950.476, 935.5794
2952.405, 933.3524
2954.333, 934.1040
2956.261, 936.2258
2958.190, 938.1234
2960.118, 935.9813
2962.047, 932.4383
2963.975, 930.9160
2965.904, 930.2513
2967.832, 929.6476
2969.761, 929.3201
2971.689, 931.0446
2973.618, 930.7167
2975.546, 923.6428
2977.475, 919.0939
2979.403, 923.6697
2981.332, 927.3075
2983.260, 926.9677
2985.188, 924.9663
2987.117, 920.8018
2989.045, 919.0240
2990.974, 921.6130
2992.902, 922.8555
2994.831, 922.0155
2996.759, 921.9285
2998.688, 922.5602
3000.616, 924.4676
3002.545, 927.1467
3004.473, 926.5765
3006.402, 923.5237
3008.330, 921.2534
3010.259, 919.6663
3012.187, 918.9927
3014.115, 918.4303
3016.044, 915.8770
3017.972, 913.6281
3019.901, 914.2324
3021.829, 916.0802
3023.758, 919.9969
3025.686, 921.5418
3027.615, 915.0347
3029.543, 911.1159
3031.472, 915.0947
3033.400, 916.9503
3035.329, 912.3566
3037.257, 910.6455
3039.186, 915.4040
3041.114, 917.0889
3043.042, 915.0496
3044.971, 912.8832
3046.899, 910.7859
3048.828, 910.9840
3050.756, 912.9364
3052.685, 911.1727
3054.613, 907.9456
3056.542, 909.5441
3058.470, 913.6507
3060.399, 917.8387
3062.327, 920.5712
3064.256, 917.9030
3066.184, 915.4536
3068.113, 918.1436
3070.041, 920.7003
3071.969, 919.9493
3073.898, 919.1010
3075.826, 919.4932
3077.755, 918.8694
3079.683, 918.3381
3081.612, 918.2421
3083.540, 917.1479
3085.469, 918.1011
3087.397, 917.7029
3089.326, 918.7518
3091.254, 920.7448
3093.183, 919.8383
3095.111, 916.8055
3097.040, 913.3143
3098.968, 910.4423
3100.896, 910.3486
3102.825, 911.1382
3104.753, 910.9755
3106.682, 910.5414
3108.610, 909.3270
3110.539, 909.4917
3112.467, 908.4356
3114.396, 907.1042
3116.324, 908.5958
3118.253, 908.9464
3120.181, 909.1498
3122.110, 911.9651
3124.038, 913.2997
3125.967, 914.7625
3127.895, 916.1906
3129.823, 916.4119
3131.752, 915.4878
3133.680, 912.8117
3135.609, 910.0189
3137.537, 910.4251
3139.466, 911.2775
3141.394, 910.1478
3143.323, 908.6881
3145.251, 907.3843
3147.180, 907.0142
3149.108, 907.5376
3151.037, 910.0817
3152.965, 910.1240
3154.894, 910.3716
3156.822, 912.6966
3158.750, 910.9880
3160.679, 913.1530
3162.607, 916.2526
3164.536, 919.3066
3166.464, 918.8068
3168.393, 916.8494
3170.321, 917.0607
3172.250, 917.4948
3174.178, 915.7495
3176.107, 914.5752
3178.035, 915.9676
3179.964, 917.2614
3181.892, 918.2070
3183.821, 916.9578
3185.749, 911.5633
3187.677, 909.7461
3189.606, 911.7367
3191.534, 917.3818
3193.463, 924.8260
3195.391, 919.8019
3197.320, 927.0405
3199.248, 918.9716
3201.177, 932.5962
3203.105, 940.2233
3205.034, 941.5723
3206.962, 931.7313
3208.891, 924.0123
3210.819, 924.4354
3212.748, 924.6216
3214.676, 921.4331
3216.604, 921.8789
3218.533, 926.2077
3220.461, 929.0114
3222.390, 929.9188
3224.318, 927.3870
3226.247, 929.8737
3228.175, 926.6512
3230.104, 930.8519
3232.032, 930.5009
3233.961, 929.6380
3235.889, 931.6758
3237.818, 932.6361
3239.746, 930.5728
3241.675, 928.7750
3243.603, 927.2660
3245.531, 929.1647
3247.460, 934.4149
3249.388, 937.7306
3251.317, 939.4174
3253.245, 941.5162
3255.174, 943.5892
3257.102, 944.8726
3259.031, 945.6618
3260.959, 945.5406
3262.888, 946.1620
3264.816, 948.9280
3266.745, 950.8976
3268.673, 950.9206
3270.602, 951.8649
3272.530, 951.5648
3274.458, 953.5314
3276.387, 950.0480
3278.315, 946.8431
3280.244, 945.3984
3282.172, 951.8037
3284.101, 958.2736
3286.029, 955.3006
3287.958, 952.6683
3289.886, 956.1012
3291.815, 961.5438
3293.743, 969.2001
3295.672, 973.6340
3297.600, 973.4604
3299.529, 973.1564
3301.457, 972.7987
3303.385, 972.7482
3305.314, 973.1453
3307.242, 973.9807
3309.171, 975.8740
3311.099, 980.3151
3313.028, 984.2808
3314.956, 986.1542
3316.885, 986.9763
3318.813, 990.1823
3320.742, 988.6372
3322.670, 994.6115
3324.599, 998.0885
3326.527, 1000.087
3328.456, 1006.293
3330.384, 1013.760
3332.313, 1018.194
3334.241, 1021.861
3336.169, 1026.766
3338.098, 1030.775
3340.026, 1035.208
3341.955, 1039.473
3343.883, 1043.285
3345.812, 1047.984
3347.740, 1050.259
3349.669, 1054.785
3351.597, 1060.092
3353.526, 1061.526
3355.454, 1063.370
3357.383, 1070.236
3359.311, 1077.721
3361.240, 1084.310
3363.168, 1089.219
3365.096, 1091.814
3367.025, 1096.441
3368.953, 1103.374
3370.882, 1109.164
3372.810, 1113.791
3374.739, 1117.507
3376.667, 1119.899
3378.596, 1118.675
3380.524, 1118.834
3382.453, 1124.624
3384.381, 1127.245
3386.310, 1123.000
3388.238, 1120.794
3390.167, 1120.706
3392.095, 1117.907
3394.023, 1113.900
3395.952, 1112.377
3397.880, 1113.304
3399.809, 1118.148
3401.737, 1122.290
3403.666, 1121.943
3405.594, 1122.928
3407.523, 1126.220
3409.451, 1130.620
3411.380, 1135.807
3413.308, 1137.146
3415.237, 1136.036
3417.165, 1135.188
3419.094, 1134.704
3421.022, 1134.168
3422.950, 1135.311
3424.879, 1138.780
3426.807, 1145.094
3428.736, 1147.796
3430.664, 1153.852
3432.593, 1159.030
3434.521, 1166.131
3436.450, 1177.037
3438.378, 1185.780
3440.307, 1193.330
3442.235, 1199.611
3444.164, 1206.480
3446.092, 1215.046
3448.021, 1221.178
3449.949, 1229.803
3451.877, 1238.738
3453.806, 1246.663
3455.734, 1257.183
3457.663, 1266.363
3459.591, 1274.804
3461.520, 1283.011
3463.448, 1291.189
3465.377, 1299.017
3467.305, 1305.863
3469.234, 1316.625
3471.162, 1329.829
3473.091, 1336.166
3475.019, 1338.776
3476.948, 1341.058
3478.876, 1343.496
3480.804, 1346.507
3482.733, 1349.711
3484.661, 1355.301
3486.590, 1353.087
3488.518, 1343.674
3490.447, 1334.621
3492.375, 1325.835
3494.304, 1318.401
3496.232, 1308.487
3498.161, 1292.190
3500.089, 1274.623
3502.018, 1255.745
3503.946, 1243.897
3505.875, 1232.812
3507.803, 1231.078
3509.731, 1221.845
3511.660, 1223.492
3513.588, 1229.313
3515.517, 1230.743
3517.445, 1240.386
3519.374, 1260.118
3521.302, 1295.132
3523.231, 1346.417
3525.159, 1408.699
3527.088, 1483.682
3529.016, 1580.271
3530.945, 1681.867
3532.873, 1778.110
3534.802, 1863.612
3536.730, 1931.376
3538.658, 2007.512
3540.587, 2093.886
3542.515, 2193.582
3544.444, 2309.116
3546.372, 2443.755
3548.301, 2598.953
3550.229, 2780.358
3552.158, 2969.229
3554.086, 3183.660
3556.015, 3343.300
3557.943, 3447.182
3559.872, 3493.152
3561.800, 3505.317
3563.729, 3503.880
3565.657, 3523.470
3567.585, 3580.587
3569.514, 3682.582
3571.442, 3837.163
3573.371, 3981.535
3575.299, 4103.522
3577.228, 4175.978
3579.156, 4188.410
3581.085, 4120.546
3583.013, 4003.674
3584.942, 3836.309
3586.870, 3653.061
3588.799, 3456.946
3590.727, 3290.513
3592.656, 3149.996
3594.584, 3028.267
3596.512, 2907.327
3598.441, 2755.754
3600.369, 2624.825
3602.298, 2522.751
3604.226, 2485.164
3606.155, 2512.811
3608.083, 2489.794
3610.012, 2422.084
3611.940, 2292.286
3613.869, 2181.285
3615.797, 2130.466
3617.726, 2149.410
3619.654, 2250.633
3621.583, 2380.796
3623.511, 2524.268
3625.439, 2637.300
3627.368, 2698.326
3629.296, 2676.504
3631.225, 2593.213
3633.153, 2443.920
3635.082, 2290.539
3637.010, 2139.520
3638.939, 1965.934
3640.867, 1802.842
3642.796, 1700.255
3644.724, 1645.822
3646.653, 1658.919
3648.581, 1611.158
3650.510, 1466.319
3652.438, 1306.870
3654.366, 1155.202
3656.295, 1068.805
3658.223, 1019.363
3660.152, 991.8574
3662.080, 969.6087
3664.009, 948.2877
3665.937, 929.6374
3667.866, 914.1854
3669.794, 904.9043
3671.723, 898.1707
3673.651, 889.1534
3675.580, 882.1141
3677.508, 879.0284
3679.437, 877.9188
3681.365, 878.1776
3683.293, 875.8138
3685.222, 872.1369
3687.150, 867.5169
3689.079, 865.6971
3691.007, 861.0715
3692.936, 857.3864
3694.864, 855.6673
3696.793, 851.9119
3698.721, 854.3695
3700.650, 857.6976
3702.578, 858.9070
3704.507, 858.5304
3706.435, 852.9169
3708.364, 854.8992
3710.292, 852.7419
3712.220, 848.8162
3714.149, 849.0764
3716.077, 850.3693
3718.006, 851.3963
3719.934, 851.2125
3721.863, 849.8508
3723.791, 845.5548
3725.720, 841.2178
3727.648, 846.5744
3729.577, 850.8509
3731.505, 845.2324
3733.434, 841.3088
3735.362, 841.0500
3737.291, 843.9525
3739.219, 847.3812
3741.147, 843.0950
3743.076, 839.1676
3745.004, 842.0303
3746.933, 842.9810
3748.861, 840.1381
3750.790, 842.9205
3752.718, 848.2074
3754.647, 848.7541
3756.575, 846.4513
3758.504, 841.0613
3760.432, 838.3473
3762.361, 839.2921
3764.289, 836.5847
3766.218, 832.8163
3768.146, 834.6769
3770.074, 836.4891
3772.003, 835.1801
3773.931, 832.5143
3775.860, 828.8636
3777.788, 830.9036
3779.717, 835.5119
3781.645, 838.2017
3783.574, 839.1926
3785.502, 838.2260
3787.431, 836.6351
3789.359, 834.6911
3791.288, 834.3122
3793.216, 834.1110
3795.145, 831.8386
3797.073, 829.7526
3799.001, 828.6262
3800.930, 828.2762
3802.858, 828.5204
3804.787, 828.9443
3806.715, 828.8119
3808.644, 826.6907
3810.572, 824.8862
3812.501, 824.0537
3814.429, 822.9556
3816.358, 821.9568
3818.286, 822.4567
3820.215, 823.0765
3822.143, 822.9113
3824.072, 822.3009
3826.000, 821.2155
3827.928, 819.6617
3829.857, 817.4938
3831.785, 813.8995
3833.714, 811.2236
3835.642, 810.6313
3837.571, 810.6273
3839.499, 811.0067
3841.428, 810.9257
3843.356, 810.9973
3845.285, 813.2357
3847.213, 812.1099
3849.142, 812.6842
3851.070, 806.3892
3852.999, 810.8777
3854.927, 806.1454
3856.855, 801.6681
3858.784, 805.5687
3860.712, 807.3085
3862.641, 806.0285
3864.569, 806.1795
3866.498, 806.9422
3868.426, 805.7720
3870.355, 806.7919
3872.283, 807.0980
3874.212, 805.8948
3876.140, 807.9360
3878.069, 805.2320
3879.997, 804.3373
3881.926, 806.9584
3883.854, 808.0817
3885.782, 806.6116
3887.711, 802.3331
3889.639, 799.4698
3891.568, 807.0619
3893.496, 811.7095
3895.425, 806.9179
3897.353, 805.1461
3899.282, 804.5640
3901.210, 803.7596
3903.139, 802.8762
3905.067, 802.6378
3906.996, 802.7676
3908.924, 802.3591
3910.853, 803.7509
3912.781, 804.3106
3914.709, 804.8984
3916.638, 802.5748
3918.566, 804.9803
3920.495, 805.3797
3922.423, 805.2156
3924.352, 798.9979
3926.280, 793.5526
3928.209, 801.4088
3930.137, 806.5703
3932.066, 804.2208
3933.994, 799.4177
3935.923, 797.0197
3937.851, 796.2706
3939.780, 795.3427
3941.708, 796.8193
3943.636, 795.9182
3945.565, 798.0057
3947.493, 796.7729
3949.422, 796.0636
3951.350, 799.3781
3953.279, 800.4287
3955.207, 799.0484
3957.136, 797.5961
3959.064, 795.8103
3960.993, 793.1901
3962.921, 791.4753
3964.850, 791.0769
3966.778, 794.2660
3968.707, 796.0745
3970.635, 792.5983
3972.563, 789.5298
3974.492, 786.2780
3976.420, 786.7506
3978.349, 788.5059
3980.277, 786.2882
3982.206, 786.2943
3984.134, 789.0620
3986.063, 788.5052
3987.991, 786.5639
3989.920, 787.0553
3991.848, 785.9386
3993.777, 786.8806
3995.705, 784.3677
3997.634, 784.1249
3999.562, 782.4603
4001.490, 780.7909
4003.419, 782.7034
4005.347, 782.9596
4007.276, 779.8129
4009.204, 778.5115
4011.133, 778.8248
4013.061, 779.8832
4014.990, 780.6827
4016.918, 780.7120
4018.847, 780.1826
4020.775, 779.6821
4022.704, 779.9447
4024.632, 779.6453
4026.561, 778.7465
4028.489, 780.6432
4030.417, 781.0266
4032.346, 779.2950
4034.274, 778.9342
4036.203, 778.5303
4038.131, 777.8406
4040.060, 775.0267
4041.988, 773.2521
4043.917, 777.2057
4045.845, 779.9550
4047.774, 778.3676
4049.702, 776.0939
4051.631, 775.2089
4053.559, 774.1957
4055.488, 772.2308
4057.416, 773.7411
4059.344, 774.2124
4061.273, 772.8483
4063.201, 771.9637
4065.130, 771.8139
4067.058, 772.7433
4068.987, 772.4574
4070.915, 768.6018
4072.844, 766.2417
4074.772, 767.1630
4076.701, 768.8537
4078.629, 769.4036
4080.558, 768.2017
4082.486, 768.2199
4084.415, 772.7906
4086.343, 776.1476
4088.271, 776.4308
4090.200, 773.9235
4092.128, 772.6735
4094.057, 772.9095
4095.985, 774.1036
4097.914, 774.2580
4099.842, 770.3727
4101.771, 767.5490
4103.699, 766.9597
4105.627, 765.6370
4107.556, 764.0542
4109.484, 762.1610
4111.413, 759.7023
4113.341, 756.2704
4115.270, 756.2111
4117.198, 757.8801
4119.127, 759.9543
4121.055, 759.7581
4122.984, 755.7875
4124.912, 755.0048
4126.841, 754.9398
4128.769, 750.9962
4130.698, 749.4497
4132.626, 752.5635
4134.555, 748.6605
4136.483, 749.4893
4138.412, 745.4994
4140.340, 748.9612
4142.269, 750.5573
4144.197, 751.4952
4146.125, 751.0531
4148.054, 746.1027
4149.982, 742.9003
4151.911, 743.3849
4153.839, 746.6153
4155.768, 749.6980
4157.696, 746.4992
4159.625, 743.3128
4161.553, 741.8314
4163.481, 743.4890
4165.410, 745.9298
4167.338, 744.0863
4169.267, 743.8710
4171.195, 747.5674
4173.124, 748.3251
4175.052, 747.0378
4176.981, 744.8417
4178.909, 741.7413
4180.838, 741.3978
4182.766, 737.7872
4184.695, 740.4681
4186.623, 743.0125
4188.552, 744.0297
4190.480, 743.1522
4192.409, 739.3854
4194.337, 736.4742
4196.266, 738.3866
4198.194, 740.6927
4200.123, 742.3198
4202.051, 737.7869
4203.979, 734.2713
4205.908, 738.5115
4207.836, 741.3552
4209.765, 742.2594
4211.693, 742.0286
4213.622, 741.3109
4215.550, 740.5411
4217.479, 739.0754
4219.407, 737.2321
4221.335, 736.6453
4223.264, 735.9661
4225.192, 734.1790
4227.121, 735.8409
4229.049, 734.5009
4230.978, 736.4095
4232.906, 734.1558
4234.835, 734.9537
4236.763, 735.7515
4238.692, 736.7853
4240.620, 739.5330
4242.549, 740.0634
4244.477, 741.6227
4246.406, 743.5535
4248.334, 743.6100
4250.263, 745.8920
4252.191, 746.2684
4254.120, 744.8356
4256.048, 742.0447
4257.977, 740.7850
4259.905, 740.9185
4261.833, 740.5129
4263.762, 743.0521
4265.690, 743.8232
4267.619, 746.8254
4269.547, 752.6388
4271.476, 754.2612
4273.404, 752.9449
4275.333, 752.1980
4277.261, 752.1604
4279.189, 751.2479
4281.118, 751.3729
4283.046, 749.9360
4284.975, 750.3940
4286.903, 749.0662
4288.832, 750.2019
4290.760, 747.9437
4292.689, 747.5621
4294.617, 746.5959
4296.546, 747.6264
4298.474, 747.0033
4300.403, 748.6171
4302.331, 747.0588
4304.260, 746.8812
4306.188, 747.1660
4308.117, 747.0913
4310.045, 745.6149
4311.974, 741.8243
4313.902, 735.3932
4315.831, 734.2966
4317.759, 735.1613
4319.688, 735.0519
4321.616, 734.2688
4323.544, 733.0408
4325.473, 733.8156
4327.401, 732.3398
4329.330, 725.9889
4331.258, 721.7892
4333.187, 720.5568
4335.115, 716.9432
4337.043, 717.8140
4338.972, 716.2682
4340.900, 719.6132
4342.829, 725.6413
4344.757, 725.4652
4346.686, 722.1362
4348.614, 717.5200
4350.543, 717.7493
4352.471, 716.1825
4354.400, 715.2925
4356.328, 715.3856
4358.257, 714.2609
4360.185, 715.8712
4362.114, 713.6348
4364.042, 714.9235
4365.971, 709.9921
4367.899, 711.0573
4369.828, 706.2491
4371.756, 699.6891
4373.685, 694.2811
4375.613, 692.1862
4377.542, 688.4831
4379.470, 690.0466
4381.398, 687.5862
4383.327, 689.0958
4385.255, 695.0504
4387.184, 695.5519
4389.112, 691.4624
4391.041, 689.8800
4392.969, 687.5196
4394.897, 682.5622
4396.826, 679.9824
4398.754, 678.9536
4400.683, 678.4818
4402.611, 679.2314
4404.540, 680.7168
4406.468, 679.9694
4408.397, 677.4523
4410.325, 673.1027
4412.254, 671.5857
4414.182, 673.4192
4416.111, 682.0210
4418.039, 684.1962
4419.968, 679.6167
4421.896, 676.4269
4423.825, 674.1597
4425.753, 672.3251
4427.682, 673.6822
4429.610, 674.5148
4431.539, 667.1924
4433.467, 662.5144
4435.396, 662.5638
4437.324, 659.4150
4439.252, 658.1439
4441.181, 660.1764
4443.109, 657.3033
4445.038, 660.4877
4446.966, 663.1012
4448.895, 663.6505
4450.823, 662.4025
4452.751, 664.2459
4454.680, 662.8794
4456.608, 664.1159
4458.537, 663.9669
4460.465, 664.8224
4462.394, 663.0513
4464.322, 660.3893
4466.251, 658.1896
4468.179, 656.5077
4470.108, 657.1999
4472.036, 655.2836
4473.965, 658.3951
4475.893, 652.9597
4477.822, 652.9655
4479.750, 650.7345
4481.679, 647.1044
4483.607, 648.1115
4485.536, 647.6017
4487.464, 643.7324
4489.393, 648.1952
4491.321, 651.6539
4493.250, 646.1683
4495.178, 646.7801
4497.106, 649.8414
4499.035, 643.6807
4500.963, 642.3690
4502.892, 646.7053
4504.820, 640.6942
4506.749, 634.9767
4508.677, 637.2087
4510.605, 637.8318
4512.534, 637.6383
4514.462, 637.3865
4516.391, 637.4789
4518.319, 637.8834
4520.248, 638.9529
4522.176, 638.8777
4524.105, 637.1766
4526.033, 633.5797
4527.962, 630.9442
4529.890, 631.5096
4531.819, 631.7623
4533.747, 632.1071
4535.676, 633.7130
4537.604, 636.3476
4539.533, 638.9127
4541.461, 639.6086
4543.390, 639.4996
4545.318, 639.0933
4547.247, 637.0864
4549.175, 632.2023
4551.104, 630.4898
4553.032, 628.3901
4554.960, 626.9991
4556.889, 630.2023
4558.817, 630.2873
4560.746, 627.2968
4562.674, 632.3480
4564.603, 634.0454
4566.531, 626.0656
4568.459, 627.0153
4570.388, 629.1571
4572.316, 625.7593
4574.245, 624.7545
4576.173, 625.2272
4578.102, 624.5706
4580.030, 623.6820
4581.959, 622.2921
4583.887, 620.9533
4585.816, 614.7913
4587.744, 617.7953
4589.673, 616.4739
4591.601, 615.2635
4593.530, 617.4056
4595.458, 620.3301
4597.387, 621.0875
4599.315, 613.9622
4601.244, 610.8837
4603.172, 612.1490
4605.101, 615.2858
4607.029, 616.4348
4608.958, 614.7756
4610.886, 613.6276
4612.814, 612.8187
4614.743, 612.2991
4616.671, 611.3842
4618.600, 610.7631
4620.528, 611.1474
4622.457, 611.5938
4624.385, 611.7105
4626.313, 611.2020
4628.242, 609.7990
4630.170, 607.3868
4632.099, 606.4012
4634.027, 605.4048
4635.956, 603.9541
4637.884, 604.9017
4639.813, 605.5221
4641.741, 606.9767
4643.670, 605.3983
4645.598, 603.2430
4647.527, 602.2782
4649.455, 597.1494
4651.384, 595.7109
4653.312, 594.5883
4655.241, 597.2843
4657.169, 601.8859
4659.098, 602.6990
4661.026, 601.3943
4662.955, 598.5908
4664.883, 594.3383
4666.812, 591.9250
4668.740, 592.6409
4670.668, 590.4699
4672.597, 599.0555
4674.525, 591.4208
4676.454, 594.6934
4678.382, 599.0923
4680.311, 590.6523
4682.239, 590.3975
4684.167, 594.0357
4686.096, 592.7173
4688.024, 590.8657
4689.953, 588.4801
4691.881, 581.5942
4693.810, 579.3385
4695.738, 582.8680
4697.667, 589.7526
4699.595, 591.9805
4701.524, 586.8079
4703.452, 583.0107
4705.381, 582.4471
4707.309, 585.8699
4709.238, 586.6207
4711.166, 585.0241
4713.095, 580.9882
4715.023, 576.0558
4716.952, 573.9536
4718.880, 579.9266
4720.809, 583.9370
4722.737, 583.6642
4724.666, 583.8981
4726.594, 572.9261
4728.522, 579.1442
4730.451, 574.6353
4732.379, 572.5414
4734.308, 573.6096
4736.236, 570.3438
4738.165, 564.9971
4740.093, 559.9538
4742.021, 567.4890
4743.950, 571.2382
4745.878, 564.6043
4747.807, 567.2968
4749.735, 569.6457
4751.664, 567.2896
4753.592, 568.7450
4755.521, 570.2990
4757.449, 568.8265
4759.378, 567.0205
4761.306, 564.3126
4763.235, 564.0729
4765.163, 560.2258
4767.092, 562.5045
4769.020, 562.0181
4770.949, 559.9573
4772.877, 559.0844
4774.806, 564.6539
4776.734, 568.1763
4778.663, 568.1730
4780.591, 562.4398
4782.520, 556.5240
4784.448, 552.6459
4786.376, 555.5734
4788.305, 556.9319
4790.233, 556.4133
4792.162, 560.2296
4794.090, 557.8707
4796.019, 549.8053
4797.947, 547.4987
4799.875, 548.8544
4801.804, 552.3634
4803.732, 551.6738
4805.661, 548.5659
4807.589, 544.3873
4809.518, 542.8949
4811.446, 543.8320
4813.375, 547.0145
4815.303, 545.5068
4817.232, 545.6062
4819.160, 549.3689
4821.089, 547.5679
4823.017, 545.2751
4824.946, 545.5836
4826.874, 545.9191
4828.803, 544.7272
4830.731, 541.3138
4832.660, 542.4991
4834.588, 544.0343
4836.517, 543.1603
4838.445, 536.4624
4840.374, 532.5140
4842.302, 537.1710
4844.230, 538.8000
4846.159, 537.8809
4848.087, 540.3839
4850.016, 537.8754
4851.944, 541.8466
4853.873, 538.4582
4855.801, 539.1462
4857.729, 539.7382
4859.658, 535.3919
4861.586, 535.8546
4863.515, 535.4362
4865.443, 532.5893
4867.372, 534.2137
4869.300, 531.8961
4871.229, 527.5433
4873.157, 526.9173
4875.086, 526.6435
4877.014, 523.4032
4878.943, 520.9856
4880.871, 520.5153
4882.800, 519.8549
4884.728, 522.9971
4886.657, 521.6988
4888.585, 523.0119
4890.514, 525.5597
4892.442, 526.7474
4894.371, 523.8226
4896.299, 522.9036
4898.228, 522.0748
4900.156, 519.4455
4902.084, 518.0070
4904.013, 517.7959
4905.941, 518.7321
4907.870, 521.5607
4909.798, 521.3876
4911.727, 513.7053
4913.655, 518.1098
4915.583, 521.0466
4917.512, 512.6617
4919.440, 514.9291
4921.369, 515.5040
4923.297, 504.0895
4925.226, 512.3594
4927.154, 519.6414
4929.083, 514.9130
4931.011, 507.7856
4932.940, 503.7582
4934.868, 505.5635
4936.797, 507.2254
4938.725, 508.4120
4940.654, 509.0849
4942.582, 511.4319
4944.511, 509.6883
4946.439, 502.4247
4948.368, 501.3496
4950.296, 499.7899
4952.225, 497.0690
4954.153, 503.2960
4956.082, 505.8852
4958.010, 502.5873
4959.938, 497.4009
4961.867, 497.9055
4963.795, 503.1056
4965.724, 504.7119
4967.652, 504.0099
4969.581, 501.7292
4971.509, 497.7384
4973.438, 498.3384
4975.366, 499.7376
4977.294, 491.7645
4979.223, 491.8884
4981.151, 495.8051
4983.080, 493.8861
4985.008, 491.7215
4986.937, 490.5650
4988.865, 491.7050
4990.794, 489.0053
4992.722, 487.1234
4994.651, 490.5845
4996.579, 492.7187
4998.508, 490.4734
5000.436, 481.0461
5002.365, 482.1996
5004.293, 485.3382
5006.222, 486.3596
5008.150, 487.3790
5010.079, 484.2123
5012.007, 476.6754
5013.936, 476.4613
5015.864, 479.2991
5017.792, 482.4665
5019.721, 479.4380
5021.649, 480.3656
5023.578, 483.1472
5025.506, 476.1040
5027.435, 475.5845
5029.363, 478.7308
5031.292, 477.5565
5033.220, 475.9386
5035.148, 474.1552
5037.077, 471.8326
5039.005, 470.0924
5040.934, 468.7755
5042.862, 467.7661
5044.791, 466.1212
5046.719, 466.2676
5048.648, 468.9235
5050.576, 467.4681
5052.505, 467.0170
5054.433, 468.2817
5056.362, 466.7019
5058.290, 466.3383
5060.219, 464.7581
5062.147, 464.0899
5064.076, 462.1866
5066.004, 460.6739
5067.933, 462.3307
5069.861, 458.7213
5071.790, 455.3845
5073.718, 458.8700
5075.646, 462.4193
5077.575, 462.3836
5079.503, 462.0662
5081.432, 457.7329
5083.360, 458.4351
5085.289, 455.0576
5087.217, 454.4049
5089.146, 453.4430
5091.074, 452.3663
5093.002, 455.3743
5094.931, 455.5309
5096.859, 452.8418
5098.788, 448.4882
5100.716, 448.4943
5102.645, 450.4517
5104.573, 451.5025
5106.502, 449.2029
5108.430, 447.7150
5110.359, 449.8354
5112.287, 446.6301
5114.216, 443.5834
5116.144, 442.1291
5118.073, 439.7021
5120.001, 436.9929
5121.930, 435.9646
5123.858, 442.6432
5125.787, 443.8607
5127.715, 441.4599
5129.644, 439.1957
5131.572, 438.0557
5133.500, 438.1511
5135.429, 436.2737
5137.357, 436.2738
5139.286, 433.7715
5141.214, 433.9503
5143.143, 432.3291
5145.071, 430.0294
5147.000, 432.5795
5148.928, 427.3849
5150.856, 429.0009
5152.785, 432.5703
5154.713, 432.4108
5156.642, 432.0158
5158.570, 428.5042
5160.499, 430.7567
5162.427, 425.7180
5164.356, 431.1084
5166.284, 433.5287
5168.213, 428.7402
5170.141, 423.3845
5172.070, 419.7018
5173.998, 419.3675
5175.927, 418.5589
5177.855, 418.5363
5179.784, 418.2357
5181.712, 418.9315
5183.641, 417.7118
5185.569, 417.8371
5187.498, 416.9156
5189.426, 417.1180
5191.354, 416.3144
5193.283, 417.3027
5195.211, 416.9946
5197.140, 416.2625
5199.068, 415.9637
5200.997, 414.6533
5202.925, 412.5013
5204.854, 410.0698
5206.782, 409.5324
5208.710, 408.7134
5210.639, 408.2838
5212.567, 409.1237
5214.496, 408.0819
5216.424, 409.1080
5218.353, 408.1749
5220.281, 404.5518
5222.210, 400.3954
5224.138, 397.6678
5226.067, 401.7690
5227.995, 406.3598
5229.924, 408.2065
5231.852, 402.2483
5233.781, 401.9113
5235.709, 403.1370
5237.638, 402.6973
5239.566, 400.2323
5241.495, 400.4455
5243.423, 398.4232
5245.352, 397.7311
5247.280, 395.8717
5249.208, 396.0998
5251.137, 396.5849
5253.065, 393.1026
5254.994, 391.3887
5256.922, 393.5978
5258.851, 396.4298
5260.779, 391.8105
5262.708, 395.4138
5264.636, 394.0452
5266.564, 395.8045
5268.493, 393.0421
5270.421, 388.8125
5272.350, 386.5905
5274.278, 387.6997
5276.207, 390.3710
5278.135, 388.3343
5280.064, 386.0352
5281.992, 383.8708
5283.921, 380.5959
5285.849, 380.7892
5287.778, 379.6014
5289.706, 381.1213
5291.635, 379.9441
5293.563, 380.1729
5295.492, 381.1414
5297.420, 383.4357
5299.349, 382.1904
5301.277, 379.4156
5303.206, 376.6225
5305.134, 377.1680
5307.063, 375.5332
5308.991, 372.9304
5310.919, 373.5559
5312.848, 374.0519
5314.776, 374.6922
5316.705, 375.6859
5318.633, 374.6276
5320.562, 371.4850
5322.490, 372.1931
5324.418, 370.9936
5326.347, 369.2413
5328.275, 368.7048
5330.204, 367.4916
5332.132, 366.0908
5334.061, 365.7407
5335.989, 363.6321
5337.918, 362.6691
5339.846, 362.0120
5341.775, 361.7472
5343.703, 361.8959
5345.632, 361.8219
5347.560, 360.7756
5349.489, 360.0182
5351.417, 363.6604
5353.346, 362.3091
5355.274, 358.5548
5357.203, 354.6967
5359.131, 356.4115
5361.060, 355.3501
5362.988, 353.3283
5364.917, 357.1823
5366.845, 357.5890
5368.773, 356.2230
5370.702, 354.6367
5372.630, 353.4044
5374.559, 350.0764
5376.487, 349.9949
5378.416, 349.0908
5380.344, 349.1628
5382.272, 349.1303
5384.201, 349.5201
5386.129, 347.3995
5388.058, 348.8123
5389.986, 351.0644
5391.915, 350.8208
5393.843, 343.3361
5395.772, 339.7684
5397.700, 341.5341
5399.629, 341.0053
5401.557, 338.4768
5403.486, 337.5818
5405.414, 340.3288
5407.343, 338.5861
5409.271, 338.8441
5411.200, 340.4930
5413.128, 338.7883
5415.057, 337.0566
5416.985, 336.7515
5418.914, 337.6418
5420.842, 334.1894
5422.771, 334.0386
5424.699, 334.7321
5426.627, 332.2714
5428.556, 331.0217
5430.484, 330.9766
5432.413, 331.0472
5434.341, 327.8081
5436.270, 327.7027
5438.198, 329.6370
5440.126, 331.8815
5442.055, 328.8311
5443.983, 327.2682
5445.912, 327.6761
5447.840, 329.0108
5449.769, 327.9525
5451.697, 327.9380
5453.626, 326.5132
5455.554, 325.5875
5457.483, 322.7726
5459.411, 319.6533
5461.340, 317.2581
5463.268, 317.3517
5465.197, 315.7482
5467.125, 321.2178
5469.054, 315.7230
5470.982, 318.4638
5472.911, 320.1173
5474.839, 318.0599
5476.768, 314.8032
5478.696, 315.1079
5480.625, 314.4919
5482.553, 310.9141
5484.481, 310.6675
5486.410, 309.9571
5488.338, 308.7356
5490.267, 307.6983
5492.195, 307.5045
5494.124, 305.2171
5496.052, 302.5260
5497.980, 304.5839
5499.909, 306.4297
5501.837, 306.6270
5503.766, 305.1356
5505.694, 303.1604
5507.623, 303.9630
5509.551, 304.3164
5511.480, 302.3933
5513.408, 304.0485
5515.337, 300.5616
5517.265, 295.7183
5519.194, 295.0590
5521.122, 298.3780
5523.051, 301.6940
5524.979, 302.3600
5526.908, 297.4525
5528.836, 295.5763
5530.765, 296.1197
5532.693, 298.1301
5534.622, 301.5359
5536.550, 294.5076
5538.479, 290.5274
5540.407, 295.2362
5542.335, 292.2296
5544.264, 292.2845
5546.192, 292.8093
5548.121, 290.5289
5550.049, 287.7155
5551.978, 285.5451
5553.906, 284.6669
5555.834, 285.4748
5557.763, 288.5908
5559.691, 289.0038
5561.620, 286.4058
5563.548, 282.1264
5565.477, 283.5640
5567.405, 284.0933
5569.334, 282.9786
5571.262, 285.8403
5573.191, 281.7092
5575.119, 281.1980
5577.048, 284.8290
5578.976, 277.7573
5580.905, 278.1851
5582.833, 279.6488
5584.762, 278.7042
5586.690, 283.4327
5588.619, 278.9271
5590.547, 274.8836
5592.476, 277.4318
5594.404, 272.4466
5596.333, 271.2474
5598.261, 272.1402
5600.189, 272.2839
5602.118, 275.3537
5604.046, 270.9671
5605.975, 267.3225
5607.903, 272.7241
5609.832, 269.5365
5611.760, 266.8310
5613.688, 265.7483
5615.617, 265.2028
5617.545, 266.4107
5619.474, 267.0716
5621.402, 266.6559
5623.331, 265.1038
5625.259, 266.7619
5627.188, 264.9851
5629.116, 261.9169
5631.045, 263.0613
5632.973, 259.3380
5634.902, 260.0195
5636.830, 261.5267
5638.759, 255.5208
5640.687, 253.2193
5642.616, 256.0342
5644.544, 259.3202
5646.473, 256.4880
5648.401, 254.5513
5650.330, 255.6828
5652.258, 257.3300
5654.187, 253.7045
5656.115, 255.3146
5658.043, 252.5374
5659.972, 246.8433
5661.900, 244.8553
5663.829, 248.7923
5665.757, 251.8959
5667.686, 251.5159
5669.614, 247.2176
5671.542, 247.9578
5673.471, 248.6716
5675.399, 248.7252
5677.328, 249.4410
5679.256, 248.1899
5681.185, 243.7439
5683.113, 245.4854
5685.042, 244.0999
5686.970, 242.9142
5688.899, 243.1173
5690.827, 243.7691
5692.756, 243.4505
5694.684, 239.2385
5696.613, 237.6410
5698.541, 240.2761
5700.470, 245.7981
5702.398, 242.4406
5704.327, 240.0554
5706.255, 238.9975
5708.184, 238.0426
5710.112, 237.5987
5712.041, 236.7278
5713.969, 235.8995
5715.897, 235.4323
5717.826, 235.0360
5719.754, 233.1582
5721.683, 233.0071
5723.611, 235.3844
5725.540, 237.1281
5727.468, 235.1768
5729.396, 231.6388
5731.325, 229.1095
5733.253, 230.6772
5735.182, 232.1976
5737.110, 231.0180
5739.039, 228.8285
5740.967, 229.5605
5742.896, 228.0002
5744.824, 228.0833
5746.753, 227.7405
5748.681, 223.1229
5750.610, 222.0541
5752.538, 219.9806
5754.467, 219.4104
5756.395, 219.1280
5758.324, 222.6560
5760.252, 220.5755
5762.181, 221.0249
5764.109, 224.1618
5766.038, 219.0812
5767.966, 220.9504
5769.895, 222.5189
5771.823, 220.2188
5773.751, 216.3295
5775.680, 221.4597
5777.608, 221.2358
5779.537, 217.0900
5781.465, 218.5887
5783.394, 217.1130
5785.322, 213.2408
5787.250, 210.8828
5789.179, 212.9491
5791.107, 214.8761
5793.036, 213.1715
5794.964, 209.7739
5796.893, 207.0804
5798.821, 208.6769
5800.750, 208.1175
5802.678, 209.1910
5804.607, 210.2239
5806.535, 209.2223
5808.464, 206.2624
5810.392, 207.3535
5812.321, 206.2721
5814.249, 204.4540
5816.178, 204.1665
5818.106, 204.7253
5820.035, 205.0224
5821.963, 204.6821
5823.892, 204.6454
5825.820, 205.3648
5827.749, 204.6238
5829.677, 204.1025
5831.605, 203.4881
5833.534, 202.5509
5835.462, 201.4332
5837.391, 201.4619
5839.319, 203.8504
5841.248, 201.5571
5843.176, 195.1819
5845.104, 197.9910
5847.033, 198.4377
5848.961, 194.8715
5850.890, 196.6261
5852.818, 196.5585
5854.747, 195.7221
5856.675, 195.3793
5858.604, 195.3290
5860.532, 193.0010
5862.461, 191.2190
5864.389, 190.3310
5866.318, 194.1227
5868.246, 195.8285
5870.175, 193.7209
5872.103, 190.8354
5874.032, 191.5595
5875.960, 191.9043
5877.889, 188.6381
5879.817, 188.3312
5881.746, 186.5600
5883.674, 185.2299
5885.603, 184.6216
5887.531, 183.9272
5889.459, 186.1315
5891.388, 187.3086
5893.316, 188.3626
5895.245, 189.1909
5897.173, 187.4120
5899.102, 182.9141
5901.030, 180.4401
5902.958, 182.4443
5904.887, 185.1257
5906.815, 184.5485
5908.744, 185.0423
5910.672, 182.4127
5912.601, 183.4428
5914.529, 182.6202
5916.458, 181.6581
5918.386, 179.1251
5920.315, 177.0516
5922.243, 177.0636
5924.172, 177.4746
5926.100, 176.7484
5928.029, 178.9007
5929.957, 177.5143
5931.886, 174.6233
5933.814, 173.3231
5935.743, 175.8723
5937.671, 177.0247
5939.600, 174.6762
5941.528, 172.2115
5943.457, 171.7330
5945.385, 170.7871
5947.313, 173.0553
5949.242, 173.1014
5951.170, 169.9118
5953.099, 171.5921
5955.027, 167.9070
5956.956, 171.1145
5958.884, 172.1773
5960.813, 171.2278
5962.741, 169.7744
5964.669, 172.8902
5966.598, 172.8210
5968.526, 171.1754
5970.455, 170.4676
5972.383, 171.9863
5974.312, 169.9313
5976.240, 167.0768
5978.169, 166.3105
5980.097, 168.8156
5982.026, 171.4017
5983.954, 174.9943
5985.883, 175.5026
5987.811, 172.4683
5989.740, 167.7932
5991.668, 166.4292
5993.597, 163.8575
5995.525, 162.9173
5997.454, 163.9870
5999.382, 164.8628
6001.311, 163.2409
6003.239, 160.5089
6005.167, 158.3966
6007.096, 158.2271
6009.024, 160.6230
6010.953, 161.1002
6012.881, 158.8908
6014.810, 158.1938
6016.738, 159.4142
6018.667, 156.0243
6020.595, 158.6581
6022.523, 155.9859
6024.452, 153.2118
6026.380, 154.5185
6028.309, 151.8577
6030.237, 154.0971
6032.166, 154.0865
6034.094, 153.0817
6036.023, 154.0095
6037.951, 156.7141
6039.880, 149.9328
6041.808, 150.9349
6043.737, 153.5611
6045.665, 149.2862
6047.594, 150.3670
6049.522, 151.7217
6051.451, 149.8163
6053.379, 148.1717
6055.308, 149.6718
6057.236, 146.6800
6059.165, 147.7363
6061.093, 148.2457
6063.021, 149.1148
6064.950, 151.5063
6066.878, 147.2800
6068.807, 144.2200
6070.735, 143.8510
6072.664, 144.4582
6074.592, 144.1185
6076.521, 142.4779
6078.449, 139.0780
6080.377, 142.3757
6082.306, 144.9143
6084.234, 140.9789
6086.163, 143.6622
6088.091, 144.6604
6090.020, 142.5379
6091.948, 139.0903
6093.877, 136.6094
6095.805, 138.0893
6097.734, 135.5296
6099.662, 134.9392
6101.591, 138.3273
6103.519, 142.5277
6105.448, 138.4960
6107.376, 137.7636
6109.305, 135.8987
6111.233, 135.8430
6113.162, 134.3114
6115.090, 135.5704
6117.019, 132.7835
6118.947, 131.9999
6120.875, 133.1267
6122.804, 133.7086
6124.732, 131.1452
6126.661, 130.9469
6128.589, 132.4014
6130.518, 134.7956
6132.446, 135.1363
6134.375, 131.8275
6136.303, 131.1644
6138.231, 128.9688
6140.160, 129.0251
6142.088, 130.3994
6144.017, 130.7599
6145.945, 128.0775
6147.874, 126.0681
6149.802, 125.7662
6151.731, 125.7594
6153.659, 126.3214
6155.588, 126.4110
6157.516, 126.4279
6159.445, 126.8026
6161.373, 125.9471
6163.302, 125.1156
6165.230, 123.9381
6167.159, 125.4800
6169.087, 126.3086
6171.016, 126.8010
6172.944, 126.3371
6174.873, 123.9583
6176.801, 125.1848
6178.729, 120.7140
6180.658, 125.3595
6182.586, 127.1267
6184.515, 125.9331
6186.443, 124.8603
6188.372, 122.8119
6190.300, 123.6937
6192.229, 123.6277
6194.157, 120.1452
6196.085, 115.8696
6198.014, 119.3532
6199.942, 116.4194
6201.871, 120.1589
6203.799, 120.1040
6205.728, 116.9715
6207.656, 119.4372
6209.585, 116.6412
6211.513, 117.9666
6213.442, 118.4997
6215.370, 117.2811
6217.299, 116.6173
6219.227, 116.3696
6221.156, 116.1660
6223.084, 116.0915
6225.013, 116.6645
6226.941, 118.1764
6228.870, 121.1181
6230.798, 117.1690
6232.727, 119.2199
6234.655, 116.1225
6236.583, 114.6265
6238.512, 115.8250
6240.440, 112.2095
6242.369, 115.3979
6244.297, 113.0872
6246.226, 110.4556
6248.154, 110.5542
6250.083, 111.9344
6252.011, 109.9356
6253.939, 111.7653
6255.868, 109.3043
6257.796, 110.0749
6259.725, 112.2821
6261.653, 110.4464
6263.582, 106.1277
6265.510, 108.0403
6267.439, 107.7020
6269.367, 105.5337
6271.296, 105.8113
6273.224, 105.4265
6275.153, 110.0712
6277.081, 106.0419
6279.010, 109.2247
6280.938, 110.5248
6282.867, 107.9059
6284.795, 108.0720
6286.724, 103.5355
6288.652, 103.1037
6290.581, 104.6933
6292.509, 106.3660
6294.438, 107.8071
6296.366, 109.1931
6298.294, 106.8262
6300.223, 105.6495
6302.151, 103.3977
6304.080, 102.8340
6306.008, 103.5271
6307.937, 101.5768
6309.865, 102.5925
6311.793, 100.3583
6313.722, 99.85198
6315.650, 98.94875
6317.579, 97.78874
6319.507, 97.41441
6321.436, 98.29769
6323.364, 96.78108
6325.293, 98.19379
6327.221, 98.97528
6329.150, 98.47001
6331.078, 99.65400
6333.007, 100.7882
6334.935, 100.4600
6336.864, 98.19848
6338.792, 97.44273
6340.721, 98.47982
6342.649, 98.85513
6344.578, 97.54444
6346.506, 97.55548
6348.435, 96.03833
6350.363, 96.23770
6352.292, 97.03717
6354.220, 95.85252
6356.148, 95.25799
6358.077, 95.80220
6360.005, 94.92288
6361.934, 96.29045
6363.862, 94.00185
6365.791, 94.41570
6367.719, 93.31592
6369.647, 91.46147
6371.576, 92.51097
6373.504, 95.09615
6375.433, 94.45164
6377.361, 93.62581
6379.290, 98.35740
6381.218, 96.42311
6383.147, 94.36653
6385.075, 94.98376
6387.004, 93.96140
6388.932, 92.17923
6390.861, 92.49779
6392.789, 91.55763
6394.718, 88.50417
6396.646, 87.43848
6398.575, 89.99312
6400.503, 90.77546
6402.432, 89.04446
6404.360, 90.82439
6406.289, 91.49335
6408.217, 91.02503
6410.146, 91.90977
6412.074, 89.06151
6414.002, 91.83089
6415.931, 90.23550
6417.859, 89.36429
6419.788, 90.36241
6421.716, 88.25407
6423.645, 88.95927
6425.573, 88.94964
6427.501, 87.30178
6429.430, 88.33607
6431.358, 89.27515
6433.287, 87.52703
6435.215, 86.55441
6437.144, 88.97289
6439.072, 89.64578
6441.001, 86.91667
6442.929, 87.00005
6444.858, 82.65257
6446.786, 88.19245
6448.715, 85.22278
6450.643, 83.68370
6452.572, 84.59880
6454.500, 84.13579
6456.429, 84.11010
6458.357, 84.32756
6460.286, 84.56049
6462.214, 83.94475
6464.143, 84.36906
6466.071, 83.36713
6468.000, 83.54441
6469.928, 82.40911
6471.856, 82.90047
6473.785, 82.19817
6475.713, 80.59103
6477.642, 79.84242
6479.570, 80.83626
6481.499, 82.06892
6483.427, 79.70761
6485.355, 79.79274
6487.284, 82.08212
6489.212, 81.59883
6491.141, 81.59130
6493.069, 81.70810
6494.998, 80.09027
6496.926, 80.22205
6498.855, 79.92830
6500.783, 80.22893
6502.712, 79.23811
6504.640, 79.68996
6506.569, 78.15353
6508.497, 76.48179
6510.426, 82.87290
6512.354, 77.03300
6514.283, 79.19269
6516.211, 78.60301
6518.140, 75.92384
6520.068, 74.71886
6521.997, 75.46945
6523.925, 76.12645
6525.854, 76.60664
6527.782, 76.46160
6529.710, 77.22774
6531.639, 78.11409
6533.567, 77.81774
6535.496, 76.28176
6537.424, 74.43777
6539.353, 73.14066
6541.281, 73.26942
6543.209, 72.55611
6545.138, 74.51998
6547.066, 73.51675
6548.995, 74.64681
6550.923, 76.97145
6552.852, 75.16827
6554.780, 76.10741
6556.709, 76.70738
6558.637, 70.77084
6560.566, 69.23918
6562.494, 72.91663
6564.423, 75.21396
6566.351, 73.41307
6568.280, 73.85072
6570.208, 74.68033
6572.137, 73.12592
6574.065, 72.09769
6575.994, 72.30336
6577.922, 72.60463
6579.851, 72.47398
6581.779, 71.88456
6583.708, 70.21642
6585.636, 70.72576
6587.564, 70.17310
6589.493, 71.35784
6591.421, 70.41229
6593.350, 71.58129
6595.278, 72.15989
6597.207, 69.18334
6599.135, 67.94469
6601.063, 70.96606
6602.992, 69.46869
6604.920, 70.61468
6606.849, 70.51099
6608.777, 69.50269
6610.706, 70.25047
6612.634, 71.71160
6614.563, 69.04805
6616.491, 68.08926
6618.420, 68.27017
6620.348, 66.05818
6622.277, 66.69420
6624.205, 67.71967
6626.134, 65.88676
6628.062, 64.25845
6629.991, 68.04363
##END=



