##NAMES=Schieffelinite
##RRUFFID=R140572
##IDEAL CHEMISTRY=Pb_10_Te^6+^_6_O_20_(OH)_14_(SO_4_)(H_2_O)_5_
##LOCALITY=Joe mine, Tombstone District, Tombstone Hills, Cochise County, Arizona, USA
##OWNER=RRUFF
##SOURCE=Rock Currier
##DESCRIPTION=Colorless thin platy or scaly crystals, associated with clusters of acicular ottoite crystals.
##STATUS=The identification of this mineral has been confirmed by single-crystal X-ray diffraction
##URL=https://www.rruff.net/odr/rruff_sample/R140572
##DIFFRACTION SAMPLE DESCRIPTION=Single crystal, powder profile is calculated
##CELL PARAMETERS=a: 9.6523 b: 19.5751 c: 10.5117 alpha: 90 beta: 90 gamma: 90 volume: 1986.14 crystal system: orthorhombic
##FILETYPE=Raman RAW
##RAMAN WAVELENGTH=780

7.084375e+001, 1.360747e+003
7.277222e+001, 1.206619e+003
7.470068e+001, 1.190548e+003
7.662915e+001, 1.321303e+003
7.855762e+001, 1.543923e+003
8.048608e+001, 1.824996e+003
8.241455e+001, 2.227387e+003
8.434302e+001, 2.788269e+003
8.627148e+001, 3.509566e+003
8.819995e+001, 4.390304e+003
9.012842e+001, 5.476120e+003
9.205688e+001, 6.564714e+003
9.398535e+001, 7.691085e+003
9.591382e+001, 8.218354e+003
9.784229e+001, 8.021745e+003
9.977075e+001, 7.734922e+003
1.016992e+002, 7.438479e+003
1.036277e+002, 7.118327e+003
1.055562e+002, 6.843569e+003
1.074846e+002, 6.607876e+003
1.094131e+002, 6.416642e+003
1.113416e+002, 6.269729e+003
1.132700e+002, 6.160532e+003
1.151985e+002, 6.084969e+003
1.171270e+002, 6.026297e+003
1.190554e+002, 6.018516e+003
1.209839e+002, 6.056510e+003
1.229124e+002, 6.151803e+003
1.248408e+002, 6.299601e+003
1.267693e+002, 6.512700e+003
1.286978e+002, 6.831523e+003
1.306262e+002, 7.253834e+003
1.325547e+002, 7.774515e+003
1.344832e+002, 8.455966e+003
1.364116e+002, 9.172229e+003
1.383401e+002, 9.962824e+003
1.402686e+002, 1.072133e+004
1.421970e+002, 1.116069e+004
1.441255e+002, 1.127309e+004
1.460540e+002, 1.114831e+004
1.479824e+002, 1.066680e+004
1.499109e+002, 1.010537e+004
1.518394e+002, 9.534580e+003
1.537678e+002, 8.982077e+003
1.556963e+002, 8.491813e+003
1.576248e+002, 8.061801e+003
1.595532e+002, 7.700571e+003
1.614817e+002, 7.408833e+003
1.634102e+002, 7.191055e+003
1.653386e+002, 7.065427e+003
1.672671e+002, 7.012163e+003
1.691956e+002, 7.006025e+003
1.711240e+002, 7.044948e+003
1.730525e+002, 7.110413e+003
1.749810e+002, 7.218363e+003
1.769094e+002, 7.331256e+003
1.788379e+002, 7.465751e+003
1.807664e+002, 7.584396e+003
1.826948e+002, 7.663552e+003
1.846233e+002, 7.700374e+003
1.865518e+002, 7.669020e+003
1.884802e+002, 7.565137e+003
1.904087e+002, 7.385447e+003
1.923372e+002, 7.093976e+003
1.942656e+002, 6.763951e+003
1.961941e+002, 6.412334e+003
1.981226e+002, 6.063072e+003
2.000510e+002, 5.767688e+003
2.019795e+002, 5.533154e+003
2.039080e+002, 5.344144e+003
2.058364e+002, 5.203217e+003
2.077649e+002, 5.097791e+003
2.096934e+002, 5.032979e+003
2.116218e+002, 4.997436e+003
2.135503e+002, 4.980349e+003
2.154788e+002, 4.983093e+003
2.174072e+002, 4.993954e+003
2.193357e+002, 5.021188e+003
2.212642e+002, 5.041875e+003
2.231926e+002, 5.050190e+003
2.251211e+002, 5.051871e+003
2.270496e+002, 5.052680e+003
2.289780e+002, 5.050932e+003
2.309065e+002, 5.038947e+003
2.328350e+002, 5.012336e+003
2.347634e+002, 4.986265e+003
2.366919e+002, 4.962990e+003
2.386204e+002, 4.937152e+003
2.405488e+002, 4.904688e+003
2.424773e+002, 4.868888e+003
2.444058e+002, 4.832869e+003
2.463342e+002, 4.796501e+003
2.482627e+002, 4.760087e+003
2.501912e+002, 4.722247e+003
2.521196e+002, 4.688670e+003
2.540481e+002, 4.663145e+003
2.559766e+002, 4.640319e+003
2.579050e+002, 4.613615e+003
2.598335e+002, 4.587969e+003
2.617620e+002, 4.577763e+003
2.636904e+002, 4.584211e+003
2.656189e+002, 4.591340e+003
2.675474e+002, 4.596746e+003
2.694758e+002, 4.605798e+003
2.714043e+002, 4.622931e+003
2.733328e+002, 4.642395e+003
2.752612e+002, 4.658303e+003
2.771897e+002, 4.672306e+003
2.791182e+002, 4.692471e+003
2.810466e+002, 4.719061e+003
2.829751e+002, 4.746754e+003
2.849036e+002, 4.772451e+003
2.868320e+002, 4.802196e+003
2.887605e+002, 4.840327e+003
2.906890e+002, 4.882029e+003
2.926174e+002, 4.921153e+003
2.945459e+002, 4.958932e+003
2.964744e+002, 5.003381e+003
2.984028e+002, 5.059327e+003
3.003313e+002, 5.101006e+003
3.022598e+002, 5.118716e+003
3.041882e+002, 5.124062e+003
3.061167e+002, 5.117813e+003
3.080452e+002, 5.102881e+003
3.099736e+002, 5.078690e+003
3.119021e+002, 5.048271e+003
3.138306e+002, 5.026107e+003
3.157590e+002, 5.013713e+003
3.176875e+002, 5.009544e+003
3.196160e+002, 5.005106e+003
3.215445e+002, 5.018038e+003
3.234729e+002, 5.055304e+003
3.254014e+002, 5.116537e+003
3.273299e+002, 5.198863e+003
3.292583e+002, 5.302196e+003
3.311868e+002, 5.432184e+003
3.331153e+002, 5.602009e+003
3.350437e+002, 5.769337e+003
3.369722e+002, 5.940059e+003
3.389007e+002, 6.093250e+003
3.408291e+002, 6.223816e+003
3.427576e+002, 6.327067e+003
3.446861e+002, 6.399485e+003
3.466145e+002, 6.443045e+003
3.485430e+002, 6.469866e+003
3.504715e+002, 6.481038e+003
3.523999e+002, 6.472764e+003
3.543284e+002, 6.447052e+003
3.562569e+002, 6.399595e+003
3.581853e+002, 6.309487e+003
3.601138e+002, 6.210910e+003
3.620423e+002, 6.132819e+003
3.639707e+002, 6.073829e+003
3.658992e+002, 6.026312e+003
3.678277e+002, 6.003035e+003
3.697561e+002, 5.962624e+003
3.716846e+002, 5.901424e+003
3.736131e+002, 5.830918e+003
3.755415e+002, 5.749204e+003
3.774700e+002, 5.665430e+003
3.793985e+002, 5.584253e+003
3.813269e+002, 5.506235e+003
3.832554e+002, 5.434323e+003
3.851839e+002, 5.369636e+003
3.871123e+002, 5.303393e+003
3.890408e+002, 5.235904e+003
3.909693e+002, 5.165207e+003
3.928977e+002, 5.088644e+003
3.948262e+002, 5.011445e+003
3.967547e+002, 4.933126e+003
3.986831e+002, 4.858335e+003
4.006116e+002, 4.792743e+003
4.025401e+002, 4.736613e+003
4.044685e+002, 4.690165e+003
4.063970e+002, 4.652508e+003
4.083255e+002, 4.626178e+003
4.102539e+002, 4.611091e+003
4.121824e+002, 4.609029e+003
4.141109e+002, 4.627594e+003
4.160393e+002, 4.652708e+003
4.179678e+002, 4.672309e+003
4.198963e+002, 4.690687e+003
4.218247e+002, 4.721221e+003
4.237532e+002, 4.763519e+003
4.256817e+002, 4.805425e+003
4.276101e+002, 4.848255e+003
4.295386e+002, 4.881487e+003
4.314671e+002, 4.900214e+003
4.333955e+002, 4.909712e+003
4.353240e+002, 4.913970e+003
4.372525e+002, 4.908657e+003
4.391809e+002, 4.886465e+003
4.411094e+002, 4.850610e+003
4.430379e+002, 4.812414e+003
4.449663e+002, 4.772161e+003
4.468948e+002, 4.733402e+003
4.488233e+002, 4.696187e+003
4.507517e+002, 4.662290e+003
4.526802e+002, 4.634781e+003
4.546087e+002, 4.606928e+003
4.565371e+002, 4.580949e+003
4.584656e+002, 4.548577e+003
4.603941e+002, 4.496686e+003
4.623225e+002, 4.429833e+003
4.642510e+002, 4.359338e+003
4.661795e+002, 4.285191e+003
4.681079e+002, 4.211153e+003
4.700364e+002, 4.131826e+003
4.719649e+002, 4.063646e+003
4.738933e+002, 4.011188e+003
4.758218e+002, 3.967902e+003
4.777503e+002, 3.934505e+003
4.796787e+002, 3.905896e+003
4.816072e+002, 3.875875e+003
4.835357e+002, 3.846255e+003
4.854641e+002, 3.821699e+003
4.873926e+002, 3.802635e+003
4.893211e+002, 3.786068e+003
4.912495e+002, 3.771451e+003
4.931780e+002, 3.759656e+003
4.951065e+002, 3.751477e+003
4.970349e+002, 3.744822e+003
4.989634e+002, 3.740794e+003
5.008919e+002, 3.736004e+003
5.028203e+002, 3.726207e+003
5.047488e+002, 3.714259e+003
5.066773e+002, 3.706851e+003
5.086057e+002, 3.704707e+003
5.105342e+002, 3.699163e+003
5.124626e+002, 3.686865e+003
5.143911e+002, 3.678027e+003
5.163196e+002, 3.673208e+003
5.182480e+002, 3.671023e+003
5.201765e+002, 3.672952e+003
5.221050e+002, 3.674647e+003
5.240334e+002, 3.671542e+003
5.259619e+002, 3.667646e+003
5.278904e+002, 3.667708e+003
5.298188e+002, 3.671443e+003
5.317473e+002, 3.678208e+003
5.336758e+002, 3.689405e+003
5.356042e+002, 3.696822e+003
5.375327e+002, 3.698583e+003
5.394612e+002, 3.704105e+003
5.413896e+002, 3.715776e+003
5.433181e+002, 3.730997e+003
5.452466e+002, 3.750640e+003
5.471750e+002, 3.771093e+003
5.491035e+002, 3.789161e+003
5.510320e+002, 3.806634e+003
5.529604e+002, 3.826161e+003
5.548889e+002, 3.847690e+003
5.568174e+002, 3.872360e+003
5.587458e+002, 3.900370e+003
5.606743e+002, 3.925237e+003
5.626028e+002, 3.945099e+003
5.645313e+002, 3.967612e+003
5.664598e+002, 3.995384e+003
5.683882e+002, 4.024773e+003
5.703167e+002, 4.052406e+003
5.722452e+002, 4.082636e+003
5.741736e+002, 4.119735e+003
5.761021e+002, 4.160375e+003
5.780306e+002, 4.198869e+003
5.799590e+002, 4.236933e+003
5.818875e+002, 4.281794e+003
5.838160e+002, 4.333121e+003
5.857444e+002, 4.381332e+003
5.876729e+002, 4.425328e+003
5.896014e+002, 4.468296e+003
5.915298e+002, 4.506478e+003
5.934583e+002, 4.551967e+003
5.953868e+002, 4.611917e+003
5.973152e+002, 4.674311e+003
5.992437e+002, 4.731642e+003
6.011722e+002, 4.788800e+003
6.031006e+002, 4.850616e+003
6.050291e+002, 4.916103e+003
6.069576e+002, 4.985112e+003
6.088860e+002, 5.055983e+003
6.108145e+002, 5.120536e+003
6.127430e+002, 5.178105e+003
6.146714e+002, 5.232358e+003
6.165999e+002, 5.285026e+003
6.185284e+002, 5.331745e+003
6.204568e+002, 5.371861e+003
6.223853e+002, 5.407253e+003
6.243138e+002, 5.441587e+003
6.262422e+002, 5.468178e+003
6.281707e+002, 5.484608e+003
6.300992e+002, 5.489469e+003
6.320276e+002, 5.484955e+003
6.339561e+002, 5.466450e+003
6.358846e+002, 5.422823e+003
6.378130e+002, 5.355138e+003
6.397415e+002, 5.275868e+003
6.416700e+002, 5.182309e+003
6.435984e+002, 5.086807e+003
6.455269e+002, 4.986836e+003
6.474554e+002, 4.888821e+003
6.493839e+002, 4.786988e+003
6.513123e+002, 4.697720e+003
6.532408e+002, 4.622315e+003
6.551693e+002, 4.565474e+003
6.570977e+002, 4.531146e+003
6.590262e+002, 4.516071e+003
6.609547e+002, 4.518541e+003
6.628831e+002, 4.536954e+003
6.648116e+002, 4.566720e+003
6.667401e+002, 4.610081e+003
6.686685e+002, 4.675937e+003
6.705970e+002, 4.764013e+003
6.725255e+002, 4.874140e+003
6.744539e+002, 5.006128e+003
6.763824e+002, 5.158464e+003
6.783109e+002, 5.333925e+003
6.802393e+002, 5.518501e+003
6.821678e+002, 5.704737e+003
6.840963e+002, 5.910757e+003
6.860247e+002, 6.122861e+003
6.879532e+002, 6.389489e+003
6.898817e+002, 6.721260e+003
6.918101e+002, 7.126438e+003
6.937386e+002, 7.628908e+003
6.956671e+002, 8.196495e+003
6.975955e+002, 8.836963e+003
6.995240e+002, 9.493510e+003
7.014525e+002, 1.004657e+004
7.033809e+002, 1.047199e+004
7.053094e+002, 1.062664e+004
7.072379e+002, 1.051062e+004
7.091663e+002, 1.013055e+004
7.110948e+002, 9.461672e+003
7.130233e+002, 8.708071e+003
7.149517e+002, 7.858246e+003
7.168802e+002, 7.061035e+003
7.188087e+002, 6.333440e+003
7.207371e+002, 5.706464e+003
7.226656e+002, 5.203515e+003
7.245941e+002, 4.784892e+003
7.265225e+002, 4.442918e+003
7.284510e+002, 4.163864e+003
7.303795e+002, 3.947257e+003
7.323079e+002, 3.776945e+003
7.342364e+002, 3.638284e+003
7.361649e+002, 3.526456e+003
7.380933e+002, 3.431269e+003
7.400218e+002, 3.351691e+003
7.419503e+002, 3.285455e+003
7.438787e+002, 3.232123e+003
7.458072e+002, 3.186831e+003
7.477357e+002, 3.150020e+003
7.496641e+002, 3.117025e+003
7.515926e+002, 3.089250e+003
7.535211e+002, 3.061678e+003
7.554495e+002, 3.030300e+003
7.573780e+002, 3.005112e+003
7.593065e+002, 2.994532e+003
7.612349e+002, 2.979943e+003
7.631634e+002, 2.948317e+003
7.650919e+002, 2.919262e+003
7.670203e+002, 2.905564e+003
7.689488e+002, 2.896156e+003
7.708773e+002, 2.882592e+003
7.728057e+002, 2.868496e+003
7.747342e+002, 2.858129e+003
7.766627e+002, 2.849602e+003
7.785911e+002, 2.839559e+003
7.805196e+002, 2.828880e+003
7.824481e+002, 2.819682e+003
7.843765e+002, 2.812228e+003
7.863050e+002, 2.809157e+003
7.882335e+002, 2.811375e+003
7.901619e+002, 2.808430e+003
7.920904e+002, 2.797245e+003
7.940189e+002, 2.791232e+003
7.959473e+002, 2.792113e+003
7.978758e+002, 2.791707e+003
7.998043e+002, 2.788826e+003
8.017327e+002, 2.785691e+003
8.036612e+002, 2.781627e+003
8.055897e+002, 2.781152e+003
8.075181e+002, 2.788502e+003
8.094466e+002, 2.794629e+003
8.113751e+002, 2.794307e+003
8.133035e+002, 2.792868e+003
8.152320e+002, 2.793756e+003
8.171605e+002, 2.793543e+003
8.190889e+002, 2.789638e+003
8.210174e+002, 2.783583e+003
8.229459e+002, 2.775767e+003
8.248743e+002, 2.767966e+003
8.268028e+002, 2.764050e+003
8.287313e+002, 2.761642e+003
8.306597e+002, 2.754731e+003
8.325882e+002, 2.744972e+003
8.345167e+002, 2.738084e+003
8.364451e+002, 2.733325e+003
8.383736e+002, 2.726328e+003
8.403021e+002, 2.717308e+003
8.422305e+002, 2.710349e+003
8.441590e+002, 2.705350e+003
8.460875e+002, 2.694567e+003
8.480159e+002, 2.676859e+003
8.499444e+002, 2.662249e+003
8.518729e+002, 2.651480e+003
8.538013e+002, 2.648197e+003
8.557298e+002, 2.656422e+003
8.576583e+002, 2.661811e+003
8.595867e+002, 2.659547e+003
8.615152e+002, 2.658331e+003
8.634437e+002, 2.660447e+003
8.653721e+002, 2.662767e+003
8.673006e+002, 2.659698e+003
8.692291e+002, 2.663997e+003
8.711575e+002, 2.679005e+003
8.730860e+002, 2.704615e+003
8.750145e+002, 2.739908e+003
8.769429e+002, 2.786995e+003
8.788714e+002, 2.858994e+003
8.807999e+002, 2.929417e+003
8.827283e+002, 2.987083e+003
8.846568e+002, 3.022414e+003
8.865853e+002, 3.026094e+003
8.885137e+002, 3.002189e+003
8.904422e+002, 2.942789e+003
8.923707e+002, 2.868680e+003
8.942991e+002, 2.804084e+003
8.962276e+002, 2.746849e+003
8.981561e+002, 2.691279e+003
9.000845e+002, 2.640567e+003
9.020130e+002, 2.604437e+003
9.039415e+002, 2.580360e+003
9.058699e+002, 2.558227e+003
9.077984e+002, 2.538489e+003
9.097269e+002, 2.522917e+003
9.116553e+002, 2.511690e+003
9.135838e+002, 2.507491e+003
9.155123e+002, 2.510501e+003
9.174407e+002, 2.514488e+003
9.193692e+002, 2.519495e+003
9.212977e+002, 2.523977e+003
9.232261e+002, 2.528785e+003
9.251546e+002, 2.526362e+003
9.270831e+002, 2.515435e+003
9.290115e+002, 2.503452e+003
9.309400e+002, 2.490449e+003
9.328685e+002, 2.478068e+003
9.347969e+002, 2.466273e+003
9.367254e+002, 2.457129e+003
9.386539e+002, 2.450789e+003
9.405823e+002, 2.448499e+003
9.425108e+002, 2.450445e+003
9.444393e+002, 2.456664e+003
9.463677e+002, 2.466575e+003
9.482962e+002, 2.482693e+003
9.502247e+002, 2.504728e+003
9.521531e+002, 2.536275e+003
9.540816e+002, 2.580840e+003
9.560101e+002, 2.628608e+003
9.579385e+002, 2.681660e+003
9.598670e+002, 2.726825e+003
9.617955e+002, 2.766906e+003
9.637239e+002, 2.785404e+003
9.656524e+002, 2.774093e+003
9.675809e+002, 2.744729e+003
9.695093e+002, 2.692302e+003
9.714378e+002, 2.635499e+003
9.733663e+002, 2.573630e+003
9.752947e+002, 2.519157e+003
9.772232e+002, 2.476746e+003
9.791517e+002, 2.443336e+003
9.810801e+002, 2.418963e+003
9.830086e+002, 2.401337e+003
9.849371e+002, 2.394456e+003
9.868655e+002, 2.386749e+003
9.887940e+002, 2.369630e+003
9.907225e+002, 2.353304e+003
9.926509e+002, 2.342747e+003
9.945794e+002, 2.336391e+003
9.965079e+002, 2.335513e+003
9.984363e+002, 2.335583e+003
1.000365e+003, 2.334450e+003
1.002293e+003, 2.332015e+003
1.004222e+003, 2.325553e+003
1.006150e+003, 2.320872e+003
1.008079e+003, 2.326086e+003
1.010007e+003, 2.329266e+003
1.011936e+003, 2.318373e+003
1.013864e+003, 2.306559e+003
1.015793e+003, 2.304499e+003
1.017721e+003, 2.304468e+003
1.019649e+003, 2.301967e+003
1.021578e+003, 2.297802e+003
1.023506e+003, 2.290421e+003
1.025435e+003, 2.284354e+003
1.027363e+003, 2.283803e+003
1.029292e+003, 2.284635e+003
1.031220e+003, 2.284932e+003
1.033149e+003, 2.283507e+003
1.035077e+003, 2.277617e+003
1.037006e+003, 2.272084e+003
1.038934e+003, 2.271447e+003
1.040863e+003, 2.271534e+003
1.042791e+003, 2.267727e+003
1.044719e+003, 2.265802e+003
1.046648e+003, 2.271818e+003
1.048576e+003, 2.278691e+003
1.050505e+003, 2.277645e+003
1.052433e+003, 2.280801e+003
1.054362e+003, 2.307914e+003
1.056290e+003, 2.326940e+003
1.058219e+003, 2.310010e+003
1.060147e+003, 2.287164e+003
1.062076e+003, 2.273816e+003
1.064004e+003, 2.265640e+003
1.065933e+003, 2.261194e+003
1.067861e+003, 2.259279e+003
1.069790e+003, 2.260993e+003
1.071718e+003, 2.262241e+003
1.073647e+003, 2.259247e+003
1.075575e+003, 2.257193e+003
1.077504e+003, 2.261717e+003
1.079432e+003, 2.263663e+003
1.081360e+003, 2.255715e+003
1.083289e+003, 2.248876e+003
1.085217e+003, 2.248623e+003
1.087146e+003, 2.249813e+003
1.089074e+003, 2.252489e+003
1.091003e+003, 2.252800e+003
1.092931e+003, 2.246959e+003
1.094860e+003, 2.242049e+003
1.096788e+003, 2.240591e+003
1.098717e+003, 2.239732e+003
1.100645e+003, 2.238907e+003
1.102574e+003, 2.238138e+003
1.104502e+003, 2.238211e+003
1.106431e+003, 2.237182e+003
1.108359e+003, 2.233030e+003
1.110287e+003, 2.230880e+003
1.112216e+003, 2.234572e+003
1.114144e+003, 2.234773e+003
1.116073e+003, 2.225378e+003
1.118001e+003, 2.221804e+003
1.119930e+003, 2.230947e+003
1.121858e+003, 2.233475e+003
1.123787e+003, 2.223477e+003
1.125715e+003, 2.218053e+003
1.127644e+003, 2.221555e+003
1.129572e+003, 2.219426e+003
1.131501e+003, 2.207275e+003
1.133429e+003, 2.203177e+003
1.135358e+003, 2.210241e+003
1.137286e+003, 2.214023e+003
1.139214e+003, 2.214198e+003
1.141143e+003, 2.213494e+003
1.143071e+003, 2.211857e+003
1.145000e+003, 2.210837e+003
1.146928e+003, 2.210374e+003
1.148857e+003, 2.209352e+003
1.150785e+003, 2.207867e+003
1.152714e+003, 2.208845e+003
1.154642e+003, 2.211150e+003
1.156571e+003, 2.208525e+003
1.158499e+003, 2.202582e+003
1.160428e+003, 2.196636e+003
1.162356e+003, 2.193087e+003
1.164285e+003, 2.199792e+003
1.166213e+003, 2.211536e+003
1.168141e+003, 2.219098e+003
1.170070e+003, 2.224270e+003
1.171998e+003, 2.230359e+003
1.173927e+003, 2.234479e+003
1.175855e+003, 2.229575e+003
1.177784e+003, 2.225344e+003
1.179712e+003, 2.232040e+003
1.181641e+003, 2.241733e+003
1.183569e+003, 2.251278e+003
1.185498e+003, 2.258315e+003
1.187426e+003, 2.260112e+003
1.189355e+003, 2.261323e+003
1.191283e+003, 2.262532e+003
1.193212e+003, 2.265828e+003
1.195140e+003, 2.273675e+003
1.197068e+003, 2.279461e+003
1.198997e+003, 2.279733e+003
1.200925e+003, 2.283252e+003
1.202854e+003, 2.292883e+003
1.204782e+003, 2.302745e+003
1.206711e+003, 2.312003e+003
1.208639e+003, 2.323019e+003
1.210568e+003, 2.336313e+003
1.212496e+003, 2.347211e+003
1.214425e+003, 2.355146e+003
1.216353e+003, 2.367581e+003
1.218282e+003, 2.383922e+003
1.220210e+003, 2.395450e+003
1.222139e+003, 2.402954e+003
1.224067e+003, 2.412977e+003
1.225995e+003, 2.424390e+003
1.227924e+003, 2.433152e+003
1.229852e+003, 2.440381e+003
1.231781e+003, 2.450365e+003
1.233709e+003, 2.458659e+003
1.235638e+003, 2.457343e+003
1.237566e+003, 2.452781e+003
1.239495e+003, 2.451200e+003
1.241423e+003, 2.450027e+003
1.243352e+003, 2.447143e+003
1.245280e+003, 2.444024e+003
1.247209e+003, 2.440788e+003
1.249137e+003, 2.438821e+003
1.251066e+003, 2.440972e+003
1.252994e+003, 2.439401e+003
1.254922e+003, 2.430401e+003
1.256851e+003, 2.419849e+003
1.258779e+003, 2.406727e+003
1.260708e+003, 2.399466e+003
1.262636e+003, 2.401617e+003
1.264565e+003, 2.399382e+003
1.266493e+003, 2.391103e+003
1.268422e+003, 2.389315e+003
1.270350e+003, 2.393763e+003
1.272279e+003, 2.390126e+003
1.274207e+003, 2.380507e+003
1.276136e+003, 2.375812e+003
1.278064e+003, 2.375475e+003
1.279993e+003, 2.380533e+003
1.281921e+003, 2.387182e+003
1.283849e+003, 2.389990e+003
1.285778e+003, 2.390630e+003
1.287706e+003, 2.390288e+003
1.289635e+003, 2.389919e+003
1.291563e+003, 2.388290e+003
1.293492e+003, 2.390338e+003
1.295420e+003, 2.399837e+003
1.297349e+003, 2.409454e+003
1.299277e+003, 2.416438e+003
1.301206e+003, 2.424617e+003
1.303134e+003, 2.434918e+003
1.305063e+003, 2.443225e+003
1.306991e+003, 2.448749e+003
1.308920e+003, 2.457278e+003
1.310848e+003, 2.469024e+003
1.312776e+003, 2.479897e+003
1.314705e+003, 2.489914e+003
1.316633e+003, 2.499563e+003
1.318562e+003, 2.508622e+003
1.320490e+003, 2.515769e+003
1.322419e+003, 2.522354e+003
1.324347e+003, 2.528317e+003
1.326276e+003, 2.537229e+003
1.328204e+003, 2.557001e+003
1.330133e+003, 2.574386e+003
1.332061e+003, 2.574985e+003
1.333990e+003, 2.581551e+003
1.335918e+003, 2.609404e+003
1.337847e+003, 2.632578e+003
1.339775e+003, 2.639821e+003
1.341703e+003, 2.655359e+003
1.343632e+003, 2.682704e+003
1.345560e+003, 2.705006e+003
1.347489e+003, 2.721532e+003
1.349417e+003, 2.746267e+003
1.351346e+003, 2.778610e+003
1.353274e+003, 2.813896e+003
1.355203e+003, 2.853241e+003
1.357131e+003, 2.898036e+003
1.359060e+003, 2.949142e+003
1.360988e+003, 3.005482e+003
1.362917e+003, 3.070772e+003
1.364845e+003, 3.151658e+003
1.366774e+003, 3.233586e+003
1.368702e+003, 3.311281e+003
1.370630e+003, 3.384650e+003
1.372559e+003, 3.454181e+003
1.374487e+003, 3.518521e+003
1.376416e+003, 3.579504e+003
1.378344e+003, 3.623006e+003
1.380273e+003, 3.648790e+003
1.382201e+003, 3.655148e+003
1.384130e+003, 3.643449e+003
1.386058e+003, 3.617024e+003
1.387987e+003, 3.579004e+003
1.389915e+003, 3.535240e+003
1.391844e+003, 3.483260e+003
1.393772e+003, 3.414979e+003
1.395701e+003, 3.345833e+003
1.397629e+003, 3.281923e+003
1.399557e+003, 3.224096e+003
1.401486e+003, 3.173561e+003
1.403414e+003, 3.125921e+003
1.405343e+003, 3.080342e+003
1.407271e+003, 3.042068e+003
1.409200e+003, 3.011126e+003
1.411128e+003, 2.979206e+003
1.413057e+003, 2.948605e+003
1.414985e+003, 2.931066e+003
1.416914e+003, 2.919895e+003
1.418842e+003, 2.902294e+003
1.420771e+003, 2.886410e+003
1.422699e+003, 2.882811e+003
1.424628e+003, 2.879889e+003
1.426556e+003, 2.870059e+003
1.428484e+003, 2.862055e+003
1.430413e+003, 2.856774e+003
1.432341e+003, 2.858188e+003
1.434270e+003, 2.867713e+003
1.436198e+003, 2.870993e+003
1.438127e+003, 2.868904e+003
1.440055e+003, 2.872101e+003
1.441984e+003, 2.879904e+003
1.443912e+003, 2.892798e+003
1.445841e+003, 2.905388e+003
1.447769e+003, 2.909359e+003
1.449698e+003, 2.913772e+003
1.451626e+003, 2.925093e+003
1.453555e+003, 2.937075e+003
1.455483e+003, 2.944836e+003
1.457411e+003, 2.959558e+003
1.459340e+003, 2.988661e+003
1.461268e+003, 3.000060e+003
1.463197e+003, 2.994912e+003
1.465125e+003, 2.995950e+003
1.467054e+003, 3.002624e+003
1.468982e+003, 3.017988e+003
1.470911e+003, 3.031770e+003
1.472839e+003, 3.029792e+003
1.474768e+003, 3.023727e+003
1.476696e+003, 3.017560e+003
1.478625e+003, 3.014245e+003
1.480553e+003, 3.016708e+003
1.482482e+003, 3.011236e+003
1.484410e+003, 2.995344e+003
1.486339e+003, 2.977566e+003
1.488267e+003, 2.958162e+003
1.490195e+003, 2.935261e+003
1.492124e+003, 2.910180e+003
1.494052e+003, 2.883889e+003
1.495981e+003, 2.858651e+003
1.497909e+003, 2.837717e+003
1.499838e+003, 2.816348e+003
1.501766e+003, 2.791504e+003
1.503695e+003, 2.770495e+003
1.505623e+003, 2.754903e+003
1.507552e+003, 2.739524e+003
1.509480e+003, 2.723710e+003
1.511409e+003, 2.706475e+003
1.513337e+003, 2.689455e+003
1.515266e+003, 2.678098e+003
1.517194e+003, 2.667718e+003
1.519122e+003, 2.653105e+003
1.521051e+003, 2.637431e+003
1.522979e+003, 2.622899e+003
1.524908e+003, 2.606490e+003
1.526836e+003, 2.586274e+003
1.528765e+003, 2.574784e+003
1.530693e+003, 2.571869e+003
1.532622e+003, 2.564812e+003
1.534550e+003, 2.554720e+003
1.536479e+003, 2.544617e+003
1.538407e+003, 2.535099e+003
1.540336e+003, 2.524837e+003
1.542264e+003, 2.518336e+003
1.544193e+003, 2.518895e+003
1.546121e+003, 2.521513e+003
1.548049e+003, 2.527281e+003
1.549978e+003, 2.525883e+003
1.551906e+003, 2.517480e+003
1.553835e+003, 2.511202e+003
1.555763e+003, 2.508083e+003
1.557692e+003, 2.514363e+003
1.559620e+003, 2.519511e+003
1.561549e+003, 2.510298e+003
1.563477e+003, 2.506966e+003
1.565406e+003, 2.521678e+003
1.567334e+003, 2.531331e+003
1.569263e+003, 2.529911e+003
1.571191e+003, 2.534990e+003
1.573120e+003, 2.543788e+003
1.575048e+003, 2.538219e+003
1.576976e+003, 2.528970e+003
1.578905e+003, 2.535785e+003
1.580833e+003, 2.541995e+003
1.582762e+003, 2.537108e+003
1.584690e+003, 2.534324e+003
1.586619e+003, 2.537606e+003
1.588547e+003, 2.540171e+003
1.590476e+003, 2.540940e+003
1.592404e+003, 2.536122e+003
1.594333e+003, 2.528574e+003
1.596261e+003, 2.526991e+003
1.598190e+003, 2.523729e+003
1.600118e+003, 2.508187e+003
1.602047e+003, 2.496699e+003
1.603975e+003, 2.496090e+003
1.605903e+003, 2.487458e+003
1.607832e+003, 2.469251e+003
1.609760e+003, 2.461791e+003
1.611689e+003, 2.459760e+003
1.613617e+003, 2.444260e+003
1.615546e+003, 2.425885e+003
1.617474e+003, 2.415604e+003
1.619403e+003, 2.406999e+003
1.621331e+003, 2.397308e+003
1.623260e+003, 2.389281e+003
1.625188e+003, 2.383186e+003
1.627117e+003, 2.373744e+003
1.629045e+003, 2.362280e+003
1.630974e+003, 2.353567e+003
1.632902e+003, 2.345573e+003
1.634830e+003, 2.336550e+003
1.636759e+003, 2.326655e+003
1.638687e+003, 2.313068e+003
1.640616e+003, 2.306116e+003
1.642544e+003, 2.307290e+003
1.644473e+003, 2.303970e+003
1.646401e+003, 2.297003e+003
1.648330e+003, 2.287821e+003
1.650258e+003, 2.280484e+003
1.652187e+003, 2.281695e+003
1.654115e+003, 2.280249e+003
1.656044e+003, 2.267604e+003
1.657972e+003, 2.265214e+003
1.659901e+003, 2.275445e+003
1.661829e+003, 2.278349e+003
1.663757e+003, 2.275973e+003
1.665686e+003, 2.271590e+003
1.667614e+003, 2.267318e+003
1.669543e+003, 2.264237e+003
1.671471e+003, 2.262041e+003
1.673400e+003, 2.259680e+003
1.675328e+003, 2.265993e+003
1.677257e+003, 2.280004e+003
1.679185e+003, 2.283525e+003
1.681114e+003, 2.281747e+003
1.683042e+003, 2.281832e+003
1.684971e+003, 2.283317e+003
1.686899e+003, 2.286296e+003
1.688828e+003, 2.287889e+003
1.690756e+003, 2.287338e+003
1.692684e+003, 2.293800e+003
1.694613e+003, 2.304989e+003
1.696541e+003, 2.312854e+003
1.698470e+003, 2.318083e+003
1.700398e+003, 2.320274e+003
1.702327e+003, 2.322275e+003
1.704255e+003, 2.324545e+003
1.706184e+003, 2.328927e+003
1.708112e+003, 2.335421e+003
1.710041e+003, 2.343297e+003
1.711969e+003, 2.352088e+003
1.713898e+003, 2.363433e+003
1.715826e+003, 2.371612e+003
1.717755e+003, 2.371563e+003
1.719683e+003, 2.369742e+003
1.721611e+003, 2.366708e+003
1.723540e+003, 2.372042e+003
1.725468e+003, 2.382607e+003
1.727397e+003, 2.390922e+003
1.729325e+003, 2.396296e+003
1.731254e+003, 2.397334e+003
1.733182e+003, 2.396978e+003
1.735111e+003, 2.396111e+003
1.737039e+003, 2.393347e+003
1.738968e+003, 2.389085e+003
1.740896e+003, 2.386325e+003
1.742825e+003, 2.382635e+003
1.744753e+003, 2.375005e+003
1.746682e+003, 2.366661e+003
1.748610e+003, 2.359293e+003
1.750538e+003, 2.350016e+003
1.752467e+003, 2.338699e+003
1.754395e+003, 2.324772e+003
1.756324e+003, 2.310990e+003
1.758252e+003, 2.301684e+003
1.760181e+003, 2.293578e+003
1.762109e+003, 2.286581e+003
1.764038e+003, 2.273891e+003
1.765966e+003, 2.255041e+003
1.767895e+003, 2.241987e+003
1.769823e+003, 2.230115e+003
1.771752e+003, 2.210020e+003
1.773680e+003, 2.189607e+003
1.775609e+003, 2.171734e+003
1.777537e+003, 2.159766e+003
1.779465e+003, 2.153642e+003
1.781394e+003, 2.134800e+003
1.783322e+003, 2.112187e+003
1.785251e+003, 2.103356e+003
1.787179e+003, 2.096703e+003
1.789108e+003, 2.087376e+003
1.791036e+003, 2.073424e+003
1.792965e+003, 2.054907e+003
1.794893e+003, 2.037180e+003
1.796822e+003, 2.021968e+003
1.798750e+003, 2.013576e+003
1.800679e+003, 2.006704e+003
1.802607e+003, 1.999101e+003
1.804536e+003, 1.992732e+003
1.806464e+003, 1.987568e+003
1.808392e+003, 1.979390e+003
1.810321e+003, 1.970904e+003
1.812249e+003, 1.967718e+003
1.814178e+003, 1.962535e+003
1.816106e+003, 1.949144e+003
1.818035e+003, 1.941672e+003
1.819963e+003, 1.939651e+003
1.821892e+003, 1.932089e+003
1.823820e+003, 1.924738e+003
1.825749e+003, 1.927312e+003
1.827677e+003, 1.927455e+003
1.829606e+003, 1.917180e+003
1.831534e+003, 1.911528e+003
1.833463e+003, 1.910401e+003
1.835391e+003, 1.917724e+003
1.837319e+003, 1.921864e+003
1.839248e+003, 1.910534e+003
1.841176e+003, 1.898600e+003
1.843105e+003, 1.889672e+003
1.845033e+003, 1.886043e+003
1.846962e+003, 1.886054e+003
1.848890e+003, 1.886436e+003
1.850819e+003, 1.884214e+003
1.852747e+003, 1.877063e+003
1.854676e+003, 1.867973e+003
1.856604e+003, 1.857406e+003
1.858533e+003, 1.854152e+003
1.860461e+003, 1.852464e+003
1.862390e+003, 1.841198e+003
1.864318e+003, 1.828822e+003
1.866246e+003, 1.818025e+003
1.868175e+003, 1.809980e+003
1.870103e+003, 1.804102e+003
1.872032e+003, 1.796819e+003
1.873960e+003, 1.788769e+003
1.875889e+003, 1.781033e+003
1.877817e+003, 1.771787e+003
1.879746e+003, 1.760714e+003
1.881674e+003, 1.750011e+003
1.883603e+003, 1.740156e+003
1.885531e+003, 1.732113e+003
1.887460e+003, 1.724785e+003
1.889388e+003, 1.717808e+003
1.891317e+003, 1.710384e+003
1.893245e+003, 1.701609e+003
1.895173e+003, 1.684244e+003
1.897102e+003, 1.667063e+003
1.899030e+003, 1.663129e+003
1.900959e+003, 1.655980e+003
1.902887e+003, 1.641727e+003
1.904816e+003, 1.628899e+003
1.906744e+003, 1.618605e+003
1.908673e+003, 1.612217e+003
1.910601e+003, 1.607780e+003
1.912530e+003, 1.606448e+003
1.914458e+003, 1.598720e+003
1.916387e+003, 1.585501e+003
1.918315e+003, 1.580812e+003
1.920244e+003, 1.577194e+003
1.922172e+003, 1.565316e+003
1.924100e+003, 1.557991e+003
1.926029e+003, 1.559221e+003
1.927957e+003, 1.557307e+003
1.929886e+003, 1.552652e+003
1.931814e+003, 1.544312e+003
1.933743e+003, 1.537724e+003
1.935671e+003, 1.536084e+003
1.937600e+003, 1.531441e+003
1.939528e+003, 1.523922e+003
1.941457e+003, 1.514903e+003
1.943385e+003, 1.505725e+003
1.945314e+003, 1.496868e+003
1.947242e+003, 1.489909e+003
1.949171e+003, 1.484844e+003
1.951099e+003, 1.478618e+003
1.953027e+003, 1.471001e+003
1.954956e+003, 1.460570e+003
1.956884e+003, 1.451964e+003
1.958813e+003, 1.446105e+003
1.960741e+003, 1.440092e+003
1.962670e+003, 1.434783e+003
1.964598e+003, 1.434078e+003
1.966527e+003, 1.429740e+003
1.968455e+003, 1.418575e+003
1.970384e+003, 1.414563e+003
1.972312e+003, 1.414121e+003
1.974241e+003, 1.404770e+003
1.976169e+003, 1.393711e+003
1.978098e+003, 1.383980e+003
1.980026e+003, 1.379562e+003
1.981954e+003, 1.378653e+003
1.983883e+003, 1.372141e+003
1.985811e+003, 1.364625e+003
1.987740e+003, 1.359583e+003
1.989668e+003, 1.354311e+003
1.991597e+003, 1.348566e+003
1.993525e+003, 1.344433e+003
1.995454e+003, 1.339852e+003
1.997382e+003, 1.332839e+003
1.999311e+003, 1.325147e+003
2.001239e+003, 1.317250e+003
2.003168e+003, 1.307381e+003
2.005096e+003, 1.298909e+003
2.007025e+003, 1.296605e+003
2.008953e+003, 1.293906e+003
2.010881e+003, 1.289042e+003
2.012810e+003, 1.283000e+003
2.014738e+003, 1.276889e+003
2.016667e+003, 1.272635e+003
2.018595e+003, 1.268351e+003
2.020524e+003, 1.263520e+003
2.022452e+003, 1.259124e+003
2.024381e+003, 1.254374e+003
2.026309e+003, 1.246867e+003
2.028238e+003, 1.240797e+003
2.030166e+003, 1.237776e+003
2.032095e+003, 1.227610e+003
2.034023e+003, 1.215960e+003
2.035952e+003, 1.217208e+003
2.037880e+003, 1.217424e+003
2.039808e+003, 1.212236e+003
2.041737e+003, 1.207120e+003
2.043665e+003, 1.201546e+003
2.045594e+003, 1.192400e+003
2.047522e+003, 1.184709e+003
2.049451e+003, 1.180177e+003
2.051379e+003, 1.174093e+003
2.053308e+003, 1.167477e+003
2.055236e+003, 1.161873e+003
2.057165e+003, 1.159766e+003
2.059093e+003, 1.162123e+003
2.061022e+003, 1.160180e+003
2.062950e+003, 1.154376e+003
2.064879e+003, 1.144693e+003
2.066807e+003, 1.136486e+003
2.068736e+003, 1.131303e+003
2.070664e+003, 1.129928e+003
2.072593e+003, 1.128732e+003
2.074521e+003, 1.120072e+003
2.076449e+003, 1.113957e+003
2.078378e+003, 1.114172e+003
2.080306e+003, 1.105162e+003
2.082235e+003, 1.095534e+003
2.084163e+003, 1.100688e+003
2.086092e+003, 1.102964e+003
2.088020e+003, 1.097675e+003
2.089949e+003, 1.087016e+003
2.091877e+003, 1.076905e+003
2.093806e+003, 1.074913e+003
2.095734e+003, 1.073183e+003
2.097663e+003, 1.070010e+003
2.099591e+003, 1.065271e+003
2.101520e+003, 1.060802e+003
2.103448e+003, 1.058904e+003
2.105376e+003, 1.053828e+003
2.107305e+003, 1.045354e+003
2.109233e+003, 1.041611e+003
2.111162e+003, 1.039750e+003
2.113090e+003, 1.038077e+003
2.115019e+003, 1.036242e+003
2.116947e+003, 1.033659e+003
2.118876e+003, 1.026840e+003
2.120804e+003, 1.019863e+003
2.122733e+003, 1.014654e+003
2.124661e+003, 1.010364e+003
2.126590e+003, 1.006867e+003
2.128518e+003, 1.004834e+003
2.130447e+003, 1.002281e+003
2.132375e+003, 9.985695e+002
2.134303e+003, 9.944414e+002
2.136232e+003, 9.902262e+002
2.138160e+003, 9.862755e+002
2.140089e+003, 9.823087e+002
2.142017e+003, 9.783314e+002
2.143946e+003, 9.773423e+002
2.145874e+003, 9.755089e+002
2.147803e+003, 9.670114e+002
2.149731e+003, 9.605389e+002
2.151660e+003, 9.568239e+002
2.153588e+003, 9.541133e+002
2.155517e+003, 9.522203e+002
2.157445e+003, 9.522650e+002
2.159374e+003, 9.491968e+002
2.161302e+003, 9.432772e+002
2.163230e+003, 9.336159e+002
2.165159e+003, 9.277736e+002
2.167087e+003, 9.311926e+002
2.169016e+003, 9.275885e+002
2.170944e+003, 9.231488e+002
2.172873e+003, 9.288151e+002
2.174801e+003, 9.274020e+002
2.176730e+003, 9.158628e+002
2.178658e+003, 9.120386e+002
2.180587e+003, 9.115449e+002
2.182515e+003, 9.118513e+002
2.184444e+003, 9.096178e+002
2.186372e+003, 9.050842e+002
2.188301e+003, 8.988991e+002
2.190229e+003, 8.932899e+002
2.192157e+003, 8.891862e+002
2.194086e+003, 8.862835e+002
2.196014e+003, 8.837365e+002
2.197943e+003, 8.809328e+002
2.199871e+003, 8.753870e+002
2.201800e+003, 8.677018e+002
2.203728e+003, 8.688831e+002
2.205657e+003, 8.689235e+002
2.207585e+003, 8.600297e+002
2.209514e+003, 8.562077e+002
2.211442e+003, 8.560526e+002
2.213371e+003, 8.523786e+002
2.215299e+003, 8.498151e+002
2.217228e+003, 8.494526e+002
2.219156e+003, 8.431457e+002
2.221084e+003, 8.365306e+002
2.223013e+003, 8.369139e+002
2.224941e+003, 8.376527e+002
2.226870e+003, 8.372758e+002
2.228798e+003, 8.312965e+002
2.230727e+003, 8.271942e+002
2.232655e+003, 8.295137e+002
2.234584e+003, 8.244901e+002
2.236512e+003, 8.168871e+002
2.238441e+003, 8.136876e+002
2.240369e+003, 8.108204e+002
2.242298e+003, 8.077343e+002
2.244226e+003, 8.075833e+002
2.246155e+003, 8.065165e+002
2.248083e+003, 8.025267e+002
2.250011e+003, 7.938497e+002
2.251940e+003, 7.861188e+002
2.253868e+003, 7.909818e+002
2.255797e+003, 7.889772e+002
2.257725e+003, 7.778470e+002
2.259654e+003, 7.834937e+002
2.261582e+003, 7.872723e+002
2.263511e+003, 7.773995e+002
2.265439e+003, 7.729105e+002
2.267368e+003, 7.715193e+002
2.269296e+003, 7.669785e+002
2.271225e+003, 7.618828e+002
2.273153e+003, 7.572720e+002
2.275082e+003, 7.573218e+002
2.277010e+003, 7.576746e+002
2.278938e+003, 7.559136e+002
2.280867e+003, 7.540499e+002
2.282795e+003, 7.517889e+002
2.284724e+003, 7.490738e+002
2.286652e+003, 7.418715e+002
2.288581e+003, 7.326403e+002
2.290509e+003, 7.409078e+002
2.292438e+003, 7.439512e+002
2.294366e+003, 7.302018e+002
2.296295e+003, 7.236848e+002
2.298223e+003, 7.228622e+002
2.300152e+003, 7.268532e+002
2.302080e+003, 7.263016e+002
2.304009e+003, 7.212186e+002
2.305937e+003, 7.139247e+002
2.307865e+003, 7.107794e+002
2.309794e+003, 7.145737e+002
2.311722e+003, 7.116137e+002
2.313651e+003, 7.057162e+002
2.315579e+003, 6.995346e+002
2.317508e+003, 6.957401e+002
2.319436e+003, 6.938331e+002
2.321365e+003, 6.925446e+002
2.323293e+003, 6.912953e+002
2.325222e+003, 6.900220e+002
2.327150e+003, 6.917728e+002
2.329079e+003, 6.922451e+002
2.331007e+003, 6.887932e+002
2.332936e+003, 6.823693e+002
2.334864e+003, 6.769288e+002
2.336792e+003, 6.783567e+002
2.338721e+003, 6.776229e+002
2.340649e+003, 6.741705e+002
2.342578e+003, 6.710496e+002
2.344506e+003, 6.680219e+002
2.346435e+003, 6.649628e+002
2.348363e+003, 6.623350e+002
2.350292e+003, 6.595341e+002
2.352220e+003, 6.561237e+002
2.354149e+003, 6.541062e+002
2.356077e+003, 6.520489e+002
2.358006e+003, 6.462614e+002
2.359934e+003, 6.425580e+002
2.361863e+003, 6.411891e+002
2.363791e+003, 6.389541e+002
2.365719e+003, 6.386882e+002
2.367648e+003, 6.405905e+002
2.369576e+003, 6.348165e+002
2.371505e+003, 6.292050e+002
2.373433e+003, 6.300964e+002
2.375362e+003, 6.311821e+002
2.377290e+003, 6.306371e+002
2.379219e+003, 6.252679e+002
2.381147e+003, 6.216716e+002
2.383076e+003, 6.198987e+002
2.385004e+003, 6.173174e+002
2.386933e+003, 6.150682e+002
2.388861e+003, 6.133128e+002
2.390790e+003, 6.105193e+002
2.392718e+003, 6.074542e+002
2.394646e+003, 6.044626e+002
2.396575e+003, 6.018732e+002
2.398503e+003, 5.996805e+002
2.400432e+003, 5.981699e+002
2.402360e+003, 5.955980e+002
2.404289e+003, 5.929978e+002
2.406217e+003, 5.932297e+002
2.408146e+003, 5.911601e+002
2.410074e+003, 5.865548e+002
2.412003e+003, 5.830139e+002
2.413931e+003, 5.794020e+002
2.415860e+003, 5.754781e+002
2.417788e+003, 5.743899e+002
2.419717e+003, 5.730300e+002
2.421645e+003, 5.695664e+002
2.423573e+003, 5.715582e+002
2.425502e+003, 5.722478e+002
2.427430e+003, 5.635647e+002
2.429359e+003, 5.597034e+002
2.431287e+003, 5.599127e+002
2.433216e+003, 5.625819e+002
2.435144e+003, 5.591803e+002
2.437073e+003, 5.517177e+002
2.439001e+003, 5.509191e+002
2.440930e+003, 5.503251e+002
2.442858e+003, 5.482396e+002
2.444787e+003, 5.448312e+002
2.446715e+003, 5.421981e+002
2.448644e+003, 5.411409e+002
2.450572e+003, 5.368518e+002
2.452500e+003, 5.322445e+002
2.454429e+003, 5.293351e+002
2.456357e+003, 5.277719e+002
2.458286e+003, 5.268300e+002
2.460214e+003, 5.251454e+002
2.462143e+003, 5.274033e+002
2.464071e+003, 5.296815e+002
2.466000e+003, 5.247154e+002
2.467928e+003, 5.202906e+002
2.469857e+003, 5.170703e+002
2.471785e+003, 5.137536e+002
2.473714e+003, 5.109088e+002
2.475642e+003, 5.085845e+002
2.477571e+003, 5.069370e+002
2.479499e+003, 5.042895e+002
2.481427e+003, 5.002938e+002
2.483356e+003, 4.979687e+002
2.485284e+003, 4.961978e+002
2.487213e+003, 4.944531e+002
2.489141e+003, 4.919118e+002
2.491070e+003, 4.902808e+002
2.492998e+003, 4.905332e+002
2.494927e+003, 4.867474e+002
2.496855e+003, 4.820192e+002
2.498784e+003, 4.791283e+002
2.500712e+003, 4.770776e+002
2.502641e+003, 4.749533e+002
2.504569e+003, 4.706037e+002
2.506498e+003, 4.754329e+002
2.508426e+003, 4.813105e+002
2.510354e+003, 4.700564e+002
2.512283e+003, 4.633327e+002
2.514211e+003, 4.620183e+002
2.516140e+003, 4.637773e+002
2.518068e+003, 4.638096e+002
2.519997e+003, 4.612777e+002
2.521925e+003, 4.541367e+002
2.523854e+003, 4.533890e+002
2.525782e+003, 4.573603e+002
2.527711e+003, 4.500002e+002
2.529639e+003, 4.455705e+002
2.531568e+003, 4.468567e+002
2.533496e+003, 4.485767e+002
2.535425e+003, 4.484286e+002
2.537353e+003, 4.457516e+002
2.539281e+003, 4.402167e+002
2.541210e+003, 4.363058e+002
2.543138e+003, 4.358243e+002
2.545067e+003, 4.350521e+002
2.546995e+003, 4.354229e+002
2.548924e+003, 4.376902e+002
2.550852e+003, 4.363069e+002
2.552781e+003, 4.344931e+002
2.554709e+003, 4.339363e+002
2.556638e+003, 4.299482e+002
2.558566e+003, 4.257878e+002
2.560495e+003, 4.233799e+002
2.562423e+003, 4.216671e+002
2.564352e+003, 4.210272e+002
2.566280e+003, 4.216713e+002
2.568208e+003, 4.215196e+002
2.570137e+003, 4.197039e+002
2.572065e+003, 4.157518e+002
2.573994e+003, 4.103589e+002
2.575922e+003, 4.076028e+002
2.577851e+003, 4.110802e+002
2.579779e+003, 4.090192e+002
2.581708e+003, 4.060913e+002
2.583636e+003, 4.071221e+002
2.585565e+003, 4.064326e+002
2.587493e+003, 4.017848e+002
2.589422e+003, 3.886938e+002
2.591350e+003, 3.872337e+002
2.593279e+003, 3.902970e+002
2.595207e+003, 3.908323e+002
2.597135e+003, 3.913553e+002
2.599064e+003, 3.903279e+002
2.600992e+003, 3.845974e+002
2.602921e+003, 3.842017e+002
2.604849e+003, 3.845306e+002
2.606778e+003, 3.807282e+002
2.608706e+003, 3.789367e+002
2.610635e+003, 3.772064e+002
2.612563e+003, 3.737776e+002
2.614492e+003, 3.685143e+002
2.616420e+003, 3.651384e+002
2.618349e+003, 3.665320e+002
2.620277e+003, 3.664557e+002
2.622206e+003, 3.656021e+002
2.624134e+003, 3.647460e+002
2.626063e+003, 3.636201e+002
2.627991e+003, 3.610327e+002
2.629919e+003, 3.564545e+002
2.631848e+003, 3.582306e+002
2.633776e+003, 3.588607e+002
2.635705e+003, 3.542175e+002
2.637633e+003, 3.513525e+002
2.639562e+003, 3.511761e+002
2.641490e+003, 3.533187e+002
2.643419e+003, 3.489257e+002
2.645347e+003, 3.469020e+002
2.647276e+003, 3.503806e+002
2.649204e+003, 3.482758e+002
2.651133e+003, 3.466171e+002
2.653061e+003, 3.471284e+002
2.654990e+003, 3.426406e+002
2.656918e+003, 3.369266e+002
2.658846e+003, 3.322839e+002
2.660775e+003, 3.365079e+002
2.662703e+003, 3.361246e+002
2.664632e+003, 3.299157e+002
2.666560e+003, 3.306958e+002
2.668489e+003, 3.276238e+002
2.670417e+003, 3.212936e+002
2.672346e+003, 3.221000e+002
2.674274e+003, 3.239082e+002
2.676203e+003, 3.241272e+002
2.678131e+003, 3.189407e+002
2.680060e+003, 3.151652e+002
2.681988e+003, 3.143984e+002
2.683917e+003, 3.189229e+002
2.685845e+003, 3.159897e+002
2.687773e+003, 3.105898e+002
2.689702e+003, 3.107243e+002
2.691630e+003, 3.061339e+002
2.693559e+003, 3.022375e+002
2.695487e+003, 3.047633e+002
2.697416e+003, 3.049865e+002
2.699344e+003, 3.041226e+002
2.701273e+003, 3.034259e+002
2.703201e+003, 2.997681e+002
2.705130e+003, 2.982587e+002
2.707058e+003, 3.004053e+002
2.708987e+003, 2.965252e+002
2.710915e+003, 2.943153e+002
2.712844e+003, 2.951814e+002
2.714772e+003, 2.910788e+002
2.716700e+003, 2.885972e+002
2.718629e+003, 2.886646e+002
2.720557e+003, 2.890388e+002
2.722486e+003, 2.882177e+002
2.724414e+003, 2.865235e+002
2.726343e+003, 2.849096e+002
2.728271e+003, 2.844367e+002
2.730200e+003, 2.836714e+002
2.732128e+003, 2.798541e+002
2.734057e+003, 2.787116e+002
2.735985e+003, 2.785876e+002
2.737914e+003, 2.778757e+002
2.739842e+003, 2.744335e+002
2.741771e+003, 2.722985e+002
2.743699e+003, 2.738874e+002
2.745627e+003, 2.716504e+002
2.747556e+003, 2.688246e+002
2.749484e+003, 2.666889e+002
2.751413e+003, 2.653648e+002
2.753341e+003, 2.645088e+002
2.755270e+003, 2.635330e+002
2.757198e+003, 2.607087e+002
2.759127e+003, 2.594034e+002
2.761055e+003, 2.592015e+002
2.762984e+003, 2.590760e+002
2.764912e+003, 2.570552e+002
2.766841e+003, 2.543727e+002
2.768769e+003, 2.520956e+002
2.770698e+003, 2.498867e+002
2.772626e+003, 2.488838e+002
2.774554e+003, 2.490520e+002
2.776483e+003, 2.456456e+002
2.778411e+003, 2.435142e+002
2.780340e+003, 2.432802e+002
2.782268e+003, 2.418515e+002
2.784197e+003, 2.419732e+002
2.786125e+003, 2.421681e+002
2.788054e+003, 2.382036e+002
2.789982e+003, 2.372021e+002
2.791911e+003, 2.377624e+002
2.793839e+003, 2.382115e+002
2.795768e+003, 2.365212e+002
2.797696e+003, 2.354503e+002
2.799625e+003, 2.362712e+002
2.801553e+003, 2.316695e+002
2.803481e+003, 2.282154e+002
2.805410e+003, 2.273730e+002
2.807338e+003, 2.283396e+002
2.809267e+003, 2.263034e+002
2.811195e+003, 2.234578e+002
2.813124e+003, 2.238210e+002
2.815052e+003, 2.210188e+002
2.816981e+003, 2.194949e+002
2.818909e+003, 2.221797e+002
2.820838e+003, 2.219227e+002
2.822766e+003, 2.205113e+002
2.824695e+003, 2.190745e+002
2.826623e+003, 2.192052e+002
2.828552e+003, 2.182135e+002
2.830480e+003, 2.156679e+002
2.832408e+003, 2.111161e+002
2.834337e+003, 2.093340e+002
2.836265e+003, 2.094566e+002
2.838194e+003, 2.103792e+002
2.840122e+003, 2.069141e+002
2.842051e+003, 2.045181e+002
2.843979e+003, 2.047212e+002
2.845908e+003, 2.045774e+002
2.847836e+003, 2.042009e+002
2.849765e+003, 2.031191e+002
2.851693e+003, 1.998145e+002
2.853622e+003, 1.994956e+002
2.855550e+003, 1.995831e+002
2.857479e+003, 1.974339e+002
2.859407e+003, 1.950328e+002
2.861335e+003, 1.932190e+002
2.863264e+003, 1.920364e+002
2.865192e+003, 1.900871e+002
2.867121e+003, 1.888768e+002
2.869049e+003, 1.889518e+002
2.870978e+003, 1.910809e+002
2.872906e+003, 1.876449e+002
2.874835e+003, 1.838148e+002
2.876763e+003, 1.831636e+002
2.878692e+003, 1.854308e+002
2.880620e+003, 1.857456e+002
2.882549e+003, 1.838137e+002
2.884477e+003, 1.825555e+002
2.886406e+003, 1.817206e+002
2.888334e+003, 1.808452e+002
2.890262e+003, 1.795247e+002
2.892191e+003, 1.757024e+002
2.894119e+003, 1.736651e+002
2.896048e+003, 1.739648e+002
2.897976e+003, 1.720748e+002
2.899905e+003, 1.713092e+002
2.901833e+003, 1.711671e+002
2.903762e+003, 1.700822e+002
2.905690e+003, 1.700498e+002
2.907619e+003, 1.682498e+002
2.909547e+003, 1.641806e+002
2.911476e+003, 1.658293e+002
2.913404e+003, 1.662945e+002
2.915333e+003, 1.646024e+002
2.917261e+003, 1.612685e+002
2.919189e+003, 1.602713e+002
2.921118e+003, 1.602106e+002
2.923046e+003, 1.599790e+002
2.924975e+003, 1.587712e+002
2.926903e+003, 1.569647e+002
2.928832e+003, 1.555238e+002
2.930760e+003, 1.563158e+002
2.932689e+003, 1.557615e+002
2.934617e+003, 1.543583e+002
2.936546e+003, 1.528316e+002
2.938474e+003, 1.517582e+002
2.940403e+003, 1.511372e+002
2.942331e+003, 1.512396e+002
2.944260e+003, 1.532014e+002
2.946188e+003, 1.494871e+002
2.948116e+003, 1.459051e+002
2.950045e+003, 1.461566e+002
2.951973e+003, 1.466232e+002
2.953902e+003, 1.455634e+002
2.955830e+003, 1.440092e+002
2.957759e+003, 1.451765e+002
2.959687e+003, 1.451364e+002
2.961616e+003, 1.437951e+002
2.963544e+003, 1.416503e+002
2.965473e+003, 1.419134e+002
2.967401e+003, 1.411772e+002
2.969330e+003, 1.397127e+002
2.971258e+003, 1.393633e+002
2.973187e+003, 1.386217e+002
2.975115e+003, 1.375932e+002
2.977043e+003, 1.362952e+002
2.978972e+003, 1.334776e+002
2.980900e+003, 1.354219e+002
2.982829e+003, 1.373208e+002
2.984757e+003, 1.324540e+002
2.986686e+003, 1.300907e+002
2.988614e+003, 1.304090e+002
2.990543e+003, 1.316790e+002
2.992471e+003, 1.283562e+002
2.994400e+003, 1.277381e+002
2.996328e+003, 1.268296e+002
2.998257e+003, 1.233759e+002
3.000185e+003, 1.277298e+002
3.002114e+003, 1.282430e+002
3.004042e+003, 1.250907e+002
3.005970e+003, 1.247806e+002
3.007899e+003, 1.236924e+002
3.009827e+003, 1.225972e+002
3.011756e+003, 1.223089e+002
3.013684e+003, 1.247485e+002
3.015613e+003, 1.239865e+002
3.017541e+003, 1.215431e+002
3.019470e+003, 1.200191e+002
3.021398e+003, 1.209029e+002
3.023327e+003, 1.201660e+002
3.025255e+003, 1.182205e+002
3.027184e+003, 1.188490e+002
3.029112e+003, 1.181990e+002
3.031041e+003, 1.176606e+002
3.032969e+003, 1.177291e+002
3.034897e+003, 1.137447e+002
3.036826e+003, 1.137575e+002
3.038754e+003, 1.156305e+002
3.040683e+003, 1.158077e+002
3.042611e+003, 1.144863e+002
3.044540e+003, 1.129344e+002
3.046468e+003, 1.114385e+002
3.048397e+003, 1.097877e+002
3.050325e+003, 1.079916e+002
3.052254e+003, 1.072829e+002
3.054182e+003, 1.075974e+002
3.056111e+003, 1.055635e+002
3.058039e+003, 1.056071e+002
3.059968e+003, 1.066288e+002
3.061896e+003, 1.070829e+002
3.063824e+003, 1.045343e+002
3.065753e+003, 1.045613e+002
3.067681e+003, 1.050712e+002
3.069610e+003, 1.017113e+002
3.071538e+003, 9.878528e+001
3.073467e+003, 9.878931e+001
3.075395e+003, 1.003150e+002
3.077324e+003, 9.845364e+001
3.079252e+003, 9.818937e+001
3.081181e+003, 9.905194e+001
3.083109e+003, 9.988228e+001
3.085038e+003, 9.721991e+001
3.086966e+003, 9.802467e+001
3.088895e+003, 9.865517e+001
3.090823e+003, 9.609306e+001
3.092751e+003, 9.648483e+001
3.094680e+003, 9.569823e+001
3.096608e+003, 9.395726e+001
3.098537e+003, 9.229333e+001
3.100465e+003, 9.275137e+001
3.102394e+003, 9.244490e+001
3.104322e+003, 9.115794e+001
3.106251e+003, 8.968933e+001
3.108179e+003, 9.011251e+001
3.110108e+003, 9.063895e+001
3.112036e+003, 9.025080e+001
3.113965e+003, 8.830703e+001
3.115893e+003, 8.910861e+001
3.117822e+003, 8.881304e+001
3.119750e+003, 8.709248e+001
3.121678e+003, 8.860776e+001
3.123607e+003, 8.821346e+001
3.125535e+003, 8.733488e+001
3.127464e+003, 8.700163e+001
3.129392e+003, 8.775488e+001
3.131321e+003, 8.664814e+001
3.133249e+003, 8.464069e+001
3.135178e+003, 8.305217e+001
3.137106e+003, 8.453714e+001
3.139035e+003, 8.406094e+001
3.140963e+003, 8.258565e+001
3.142892e+003, 8.153600e+001
3.144820e+003, 8.137350e+001
3.146749e+003, 8.129832e+001
3.148677e+003, 8.115452e+001
3.150605e+003, 8.092076e+001
3.152534e+003, 8.051221e+001
3.154462e+003, 7.975062e+001
3.156391e+003, 7.937636e+001
3.158319e+003, 7.999459e+001
3.160248e+003, 8.071822e+001
3.162176e+003, 7.941374e+001
3.164105e+003, 7.777734e+001
3.166033e+003, 7.769822e+001
3.167962e+003, 7.753892e+001
3.169890e+003, 7.841081e+001
3.171819e+003, 7.879878e+001
3.173747e+003, 7.743887e+001
3.175676e+003, 7.966740e+001
3.177604e+003, 7.793477e+001
3.179532e+003, 7.485824e+001
3.181461e+003, 7.464363e+001
3.183389e+003, 7.332334e+001
3.185318e+003, 7.545387e+001
3.187246e+003, 7.690031e+001
3.189175e+003, 7.318828e+001
3.191103e+003, 7.278807e+001
3.193032e+003, 7.253709e+001
3.194960e+003, 7.204139e+001
3.196889e+003, 7.159576e+001
3.198817e+003, 6.995770e+001
3.200746e+003, 6.799670e+001
3.202674e+003, 6.657371e+001
3.204603e+003, 6.620518e+001
3.206531e+003, 6.632345e+001
3.208459e+003, 6.817065e+001
3.210388e+003, 6.802932e+001
3.212316e+003, 6.444396e+001
3.214245e+003, 6.760072e+001
3.216173e+003, 6.810551e+001
3.218102e+003, 6.733607e+001
3.220030e+003, 6.686076e+001
3.221959e+003, 6.540979e+001
3.223887e+003, 6.494309e+001
3.225816e+003, 6.496157e+001
3.227744e+003, 6.511244e+001
3.229673e+003, 6.596622e+001
3.231601e+003, 6.310483e+001
3.233530e+003, 6.300966e+001
3.235458e+003, 6.561510e+001
3.237386e+003, 6.426921e+001
3.239315e+003, 6.330515e+001
3.241243e+003, 6.304765e+001
3.243172e+003, 6.301911e+001
3.245100e+003, 6.240622e+001
3.247029e+003, 6.239972e+001
3.248957e+003, 6.177828e+001
3.250886e+003, 6.083250e+001
3.252814e+003, 6.023649e+001
3.254743e+003, 6.070989e+001
3.256671e+003, 6.060213e+001
3.258600e+003, 5.987787e+001
3.260528e+003, 5.893478e+001
3.262457e+003, 5.871174e+001
3.264385e+003, 5.967929e+001
3.266313e+003, 5.986801e+001
3.268242e+003, 5.905526e+001
3.270170e+003, 6.039256e+001
3.272099e+003, 6.033760e+001
3.274027e+003, 5.885786e+001
3.275956e+003, 5.790778e+001
3.277884e+003, 6.053844e+001
3.279813e+003, 5.978431e+001
3.281741e+003, 5.838521e+001
3.283670e+003, 5.813016e+001
3.285598e+003, 5.957734e+001
3.287527e+003, 6.043177e+001
3.289455e+003, 6.043498e+001
3.291384e+003, 6.071423e+001
3.293312e+003, 6.188099e+001
3.295240e+003, 6.335506e+001
3.297169e+003, 6.276516e+001
3.299097e+003, 6.170178e+001
3.301026e+003, 6.150111e+001
3.302954e+003, 6.309246e+001
3.304883e+003, 6.596522e+001
3.306811e+003, 6.595350e+001
3.308740e+003, 6.485738e+001
3.310668e+003, 6.589373e+001
3.312597e+003, 6.567679e+001
3.314525e+003, 6.593571e+001
3.316454e+003, 6.660263e+001
3.318382e+003, 6.688937e+001
3.320311e+003, 6.493131e+001
3.322239e+003, 6.512477e+001
3.324167e+003, 6.558721e+001
3.326096e+003, 6.548796e+001
3.328024e+003, 6.510751e+001
3.329953e+003, 6.515826e+001
3.331881e+003, 6.582037e+001
3.333810e+003, 6.555054e+001
3.335738e+003, 6.424380e+001
3.337667e+003, 6.668498e+001
3.339595e+003, 6.964292e+001
3.341524e+003, 6.814873e+001
3.343452e+003, 6.453592e+001
3.345381e+003, 6.603901e+001
3.347309e+003, 6.705428e+001
3.349238e+003, 6.646242e+001
3.351166e+003, 6.613638e+001
3.353094e+003, 6.752986e+001
3.355023e+003, 6.880986e+001
3.356951e+003, 6.967949e+001
3.358880e+003, 6.900153e+001
3.360808e+003, 6.829371e+001
3.362737e+003, 7.086153e+001
3.364665e+003, 7.313277e+001
3.366594e+003, 7.219194e+001
3.368522e+003, 7.109145e+001
3.370451e+003, 7.198755e+001
3.372379e+003, 7.282907e+001
3.374308e+003, 7.219498e+001
3.376236e+003, 7.031883e+001
3.378165e+003, 6.918507e+001
3.380093e+003, 7.039460e+001
3.382021e+003, 6.718919e+001
3.383950e+003, 6.808974e+001
3.385878e+003, 6.792928e+001
3.387807e+003, 6.528650e+001
3.389735e+003, 6.625063e+001
3.391664e+003, 6.567106e+001
3.393592e+003, 6.646577e+001
3.395521e+003, 6.664348e+001
3.397449e+003, 6.441547e+001
3.399378e+003, 6.377987e+001
3.401306e+003, 6.473338e+001
3.403235e+003, 6.428854e+001
3.405163e+003, 6.323429e+001
3.407092e+003, 6.426607e+001
3.409020e+003, 6.690729e+001
3.410948e+003, 6.619340e+001
3.412877e+003, 6.614314e+001
3.414805e+003, 6.849998e+001
3.416734e+003, 7.074372e+001
3.418662e+003, 6.894781e+001
3.420591e+003, 6.819963e+001
3.422519e+003, 6.787706e+001
3.424448e+003, 6.675216e+001
3.426376e+003, 6.555498e+001
3.428305e+003, 6.596557e+001
3.430233e+003, 6.614341e+001
3.432162e+003, 6.487804e+001
3.434090e+003, 6.244747e+001
3.436019e+003, 6.229144e+001
3.437947e+003, 6.292950e+001
3.439875e+003, 6.096461e+001
3.441804e+003, 5.819905e+001
3.443732e+003, 5.778022e+001
3.445661e+003, 5.637271e+001
3.447589e+003, 5.550417e+001
3.449518e+003, 5.336998e+001
3.451446e+003, 5.107391e+001
##END=



