##NAMES=Shenganfuite
##RRUFFID=R240002
##IDEAL CHEMISTRY=PbTe^4+^_3_O_5_(OH)Cl_3_(H_2_O)
##LOCALITY=Moctezuma mine, Moctezuma, Sonora, Mexico
##OWNER=RRUFF
##SOURCE=Brent Thorne
##DESCRIPTION=Type sample. Sprays of bladed, colorless crystals on quartz associated with tellurite
##STATUS=The identification of this mineral is confirmed by single-crystal X-ray diffraction and chemical analysis
##URL=https://www.rruff.net/odr/rruff_sample/R240002
##MEASURED CHEMISTRY=Pb_0.99_Te^4+^_3.00_O_5_(OH)Cl_2.65_·H_2_O
##DIFFRACTION SAMPLE DESCRIPTION=Powder in Gandolfi mode
##CELL PARAMETERS=a: 7.2221 b: 7.4994 c: 11.1759 alpha: 102.37 beta: 93.341 gamma: 106.418 volume: 562.56 crystal system: triclinic
##FILETYPE=Raman Processed
##RAMAN WAVELENGTH=532

   99.71289     ,  0.0000000E+00
   101.6414     ,   102.7300    
   103.5698     ,   10.61890    
   105.4983     ,   10.29187    
   107.4268     ,   146.4932    
   109.3552     ,   355.1221    
   111.2837     ,   657.5959    
   113.2122     ,   1002.742    
   115.1406     ,   1368.902    
   117.0691     ,   1844.058    
   118.9976     ,   2223.424    
   120.9260     ,   2469.794    
   122.8545     ,   2616.759    
   124.7830     ,   2739.450    
   126.7114     ,   2734.604    
   128.6399     ,   2766.849    
   130.5683     ,   2955.309    
   132.4968     ,   3369.908    
   134.4253     ,   3782.822    
   136.3537     ,   4198.590    
   138.2822     ,   4626.106    
   140.2107     ,   4811.684    
   142.1391     ,   4594.003    
   144.0676     ,   4200.641    
   145.9961     ,   3875.217    
   147.9245     ,   3639.656    
   149.8530     ,   3444.219    
   151.7815     ,   3271.689    
   153.7099     ,   3136.115    
   155.6384     ,   2988.811    
   157.5669     ,   2808.890    
   159.4953     ,   2620.557    
   161.4238     ,   2457.108    
   163.3523     ,   2302.171    
   165.2807     ,   2198.886    
   167.2092     ,   2188.212    
   169.1377     ,   2317.083    
   171.0661     ,   2409.290    
   172.9946     ,   2450.729    
   174.9231     ,   2440.594    
   176.8515     ,   2341.531    
   178.7800     ,   2088.131    
   180.7085     ,   1794.918    
   182.6369     ,   1524.031    
   184.5654     ,   1276.897    
   186.4939     ,   1041.748    
   188.4223     ,   807.2061    
   190.3508     ,   573.6943    
   192.2793     ,   379.4603    
   194.2077     ,   216.2373    
   196.1362     ,   93.17737    
   198.0647     ,   11.36877    
   199.9931     ,   26.45020    
   201.9216     ,   26.37952    
   203.8501     ,   18.84766    
   205.7785     ,   116.6975    
   207.7070     ,   198.5686    
   209.6355     ,   277.4524    
   211.5639     ,   331.9419    
   213.4924     ,   346.9012    
   215.4209     ,   287.5475    
   217.3493     ,   222.1268    
   219.2778     ,   150.9581    
   221.2063     ,   77.86633    
   223.1347     ,   57.93164    
   225.0632     ,   109.1549    
   226.9917     ,   206.3354    
   228.9201     ,   329.5232    
   230.8486     ,   562.3236    
   232.7771     ,   737.3209    
   234.7055     ,   780.0669    
   236.6340     ,   699.9541    
   238.5625     ,   607.8391    
   240.4909     ,   492.5245    
   242.4194     ,   380.1997    
   244.3478     ,   320.2798    
   246.2763     ,   292.0409    
   248.2048     ,   327.7753    
   250.1332     ,   446.1126    
   252.0617     ,   644.1241    
   253.9902     ,   894.8997    
   255.9186     ,   1213.543    
   257.8471     ,   1574.607    
   259.7756     ,   1953.348    
   261.7040     ,   2495.689    
   263.6325     ,   2852.501    
   265.5610     ,   2883.888    
   267.4894     ,   2499.588    
   269.4179     ,   2081.503    
   271.3464     ,   1575.816    
   273.2748     ,   1070.260    
   275.2033     ,   695.0524    
   277.1318     ,   481.7949    
   279.0602     ,   355.8357    
   280.9887     ,   279.0898    
   282.9172     ,   253.3057    
   284.8456     ,   290.2953    
   286.7741     ,   424.4771    
   288.7026     ,   611.8463    
   290.6310     ,   798.5879    
   292.5595     ,   1030.825    
   294.4880     ,   1193.394    
   296.4164     ,   1237.744    
   298.3449     ,   1119.473    
   300.2734     ,   1014.151    
   302.2018     ,   937.1826    
   304.1303     ,   867.5266    
   306.0587     ,   779.9777    
   307.9872     ,   622.3830    
   309.9157     ,   508.3115    
   311.8441     ,   441.8689    
   313.7726     ,   427.9982    
   315.7011     ,   541.4459    
   317.6295     ,   864.8643    
   319.5580     ,   1289.908    
   321.4865     ,   1712.623    
   323.4149     ,   2403.060    
   325.3434     ,   2801.006    
   327.2719     ,   2692.351    
   329.2003     ,   2140.668    
   331.1288     ,   1616.391    
   333.0573     ,   1122.198    
   334.9857     ,   699.1343    
   336.9142     ,   380.8323    
   338.8427     ,   236.1988    
   340.7711     ,   123.5529    
   342.6996     ,   45.18420    
   344.6281     ,   4.615112    
   346.5565     ,   43.78217    
   348.4850     ,   68.52423    
   350.4135     ,   86.31323    
   352.3419     ,   99.93939    
   354.2704     ,   108.5529    
   356.1989     ,   114.5801    
   358.1273     ,   117.5033    
   360.0558     ,   117.8651    
   361.9843     ,   116.5901    
   363.9128     ,   113.5865    
   365.8412     ,   108.8033    
   367.7697     ,   101.3361    
   369.6982     ,   90.47797    
   371.6266     ,   80.72971    
   373.5551     ,   73.82141    
   375.4836     ,   68.01797    
   377.4120     ,   61.05737    
   379.3405     ,   52.50790    
   381.2690     ,   43.10138    
   383.1974     ,   33.18466    
   385.1259     ,   22.62097    
   387.0544     ,   10.35370    
   388.9828     ,   4.222961    
   390.9113     ,   20.47495    
   392.8397     ,   37.86868    
   394.7682     ,   54.57422    
   396.6967     ,   74.80304    
   398.6251     ,   99.09976    
   400.5536     ,   127.5215    
   402.4821     ,   158.9586    
   404.4105     ,   189.7749    
   406.3390     ,   227.7529    
   408.2675     ,   275.3979    
   410.1959     ,   330.1969    
   412.1244     ,   402.5263    
   414.0529     ,   483.8539    
   415.9813     ,   587.3525    
   417.9098     ,   723.4040    
   419.8383     ,   884.0001    
   421.7667     ,   1095.625    
   423.6952     ,   1375.376    
   425.6237     ,   1736.133    
   427.5521     ,   2092.406    
   429.4806     ,   2534.913    
   431.4091     ,   2909.376    
   433.3375     ,   3126.496    
   435.2660     ,   3150.960    
   437.1945     ,   3073.843    
   439.1229     ,   2868.101    
   441.0514     ,   2567.519    
   442.9799     ,   2312.877    
   444.9083     ,   2099.529    
   446.8368     ,   1936.635    
   448.7653     ,   1824.358    
   450.6937     ,   1764.748    
   452.6222     ,   1745.707    
   454.5507     ,   1775.269    
   456.4791     ,   1835.499    
   458.4076     ,   1905.850    
   460.3361     ,   1988.374    
   462.2645     ,   2074.670    
   464.1930     ,   2145.883    
   466.1215     ,   2205.609    
   468.0499     ,   2326.292    
   469.9784     ,   2448.755    
   471.9068     ,   2669.486    
   473.8353     ,   3026.020    
   475.7638     ,   3488.842    
   477.6922     ,   4187.406    
   479.6207     ,   5316.172    
   481.5492     ,   6648.077    
   483.4776     ,   7918.270    
   485.4061     ,   9596.202    
   487.3346     ,   10697.62    
   489.2630     ,   10887.55    
   491.1915     ,   10285.50    
   493.1200     ,   9400.957    
   495.0484     ,   7979.212    
   496.9769     ,   6541.484    
   498.9054     ,   5343.136    
   500.8338     ,   4453.586    
   502.7623     ,   3710.477    
   504.6908     ,   3152.514    
   506.6192     ,   2737.045    
   508.5477     ,   2391.705    
   510.4762     ,   2131.684    
   512.4046     ,   1919.043    
   514.3331     ,   1744.838    
   516.2615     ,   1609.151    
   518.1900     ,   1494.083    
   520.1185     ,   1402.199    
   522.0469     ,   1327.321    
   523.9754     ,   1267.216    
   525.9039     ,   1221.321    
   527.8323     ,   1187.399    
   529.7608     ,   1173.560    
   531.6893     ,   1167.010    
   533.6177     ,   1153.711    
   535.5462     ,   1135.170    
   537.4747     ,   1108.242    
   539.4031     ,   1068.103    
   541.3316     ,   1018.575    
   543.2601     ,   968.4054    
   545.1885     ,   913.8401    
   547.1170     ,   862.8799    
   549.0455     ,   817.8832    
   550.9739     ,   779.5779    
   552.9024     ,   746.9698    
   554.8309     ,   721.4310    
   556.7593     ,   701.2126    
   558.6878     ,   684.2837    
   560.6163     ,   670.7026    
   562.5447     ,   660.8947    
   564.4732     ,   655.6758    
   566.4017     ,   653.8976    
   568.3301     ,   653.1702    
   570.2586     ,   653.2064    
   572.1871     ,   654.0120    
   574.1155     ,   654.2534    
   576.0440     ,   653.1001    
   577.9725     ,   654.5402    
   579.9009     ,   661.5412    
   581.8294     ,   670.6969    
   583.7579     ,   680.0577    
   585.6863     ,   689.5408    
   587.6148     ,   703.8239    
   589.5433     ,   722.7372    
   591.4717     ,   748.1954    
   593.4002     ,   781.1309    
   595.3287     ,   821.7141    
   597.2571     ,   871.2346    
   599.1856     ,   929.2208    
   601.1141     ,   996.6752    
   603.0425     ,   1073.653    
   604.9710     ,   1156.258    
   606.8995     ,   1253.767    
   608.8279     ,   1369.833    
   610.7564     ,   1503.171    
   612.6849     ,   1650.660    
   614.6133     ,   1811.985    
   616.5418     ,   1987.346    
   618.4703     ,   2150.611    
   620.3987     ,   2300.498    
   622.3272     ,   2557.460    
   624.2557     ,   2882.258    
   626.1841     ,   3374.301    
   628.1126     ,   4114.940    
   630.0411     ,   5234.051    
   631.9695     ,   6363.210    
   633.8980     ,   7764.812    
   635.8265     ,   9060.088    
   637.7549     ,   9696.825    
   639.6834     ,   9626.593    
   641.6119     ,   9120.526    
   643.5403     ,   8029.593    
   645.4688     ,   6542.203    
   647.3973     ,   5285.898    
   649.3257     ,   4309.793    
   651.2542     ,   3506.847    
   653.1827     ,   2895.960    
   655.1111     ,   2466.444    
   657.0396     ,   2099.311    
   658.9681     ,   1804.840    
   660.8965     ,   1559.330    
   662.8250     ,   1349.062    
   664.7535     ,   1177.576    
   666.6819     ,   1031.584    
   668.6104     ,   914.5099    
   670.5389     ,   816.8640    
   672.4673     ,   733.3447    
   674.3958     ,   663.0469    
   676.3242     ,   604.3188    
   678.2527     ,   562.4323    
   680.1812     ,   529.9328    
   682.1096     ,   499.4272    
   684.0381     ,   469.0575    
   685.9666     ,   444.1343    
   687.8950     ,   424.6024    
   689.8235     ,   411.2802    
   691.7520     ,   404.6072    
   693.6804     ,   403.7896    
   695.6089     ,   410.7507    
   697.5374     ,   426.0919    
   699.4658     ,   449.2581    
   701.3943     ,   480.0507    
   703.3228     ,   528.1364    
   705.2512     ,   573.8408    
   707.1797     ,   616.4182    
   709.1082     ,   653.3459    
   711.0366     ,   670.7761    
   712.9651     ,   659.2916    
   714.8936     ,   637.4262    
   716.8220     ,   609.3410    
   718.7505     ,   571.6609    
   720.6790     ,   554.9556    
   722.6074     ,   555.8098    
   724.5359     ,   578.8927    
   726.4644     ,   642.5378    
   728.3928     ,   753.7421    
   730.3213     ,   832.1114    
   732.2498     ,   872.8808    
   734.1782     ,   869.3513    
   736.1067     ,   812.1131    
   738.0352     ,   677.1125    
   739.9636     ,   553.6095    
   741.8921     ,   445.5703    
   743.8206     ,   354.2458    
   745.7490     ,   284.0981    
   747.6775     ,   237.2852    
   749.6060     ,   199.0040    
   751.5344     ,   169.0700    
   753.4629     ,   145.2917    
   755.3914     ,   125.1153    
   757.3198     ,   109.1270    
   759.2483     ,   96.20251    
   761.1768     ,   87.19229    
   763.1052     ,   80.80203    
   765.0337     ,   74.35953    
   766.9622     ,   67.53619    
   768.8906     ,   61.31375    
   770.8191     ,   56.02139    
   772.7476     ,   51.46866    
   774.6760     ,   47.41028    
   776.6045     ,   43.62552    
   778.5330     ,   40.59659    
   780.4614     ,   39.22125    
   782.3899     ,   38.83151    
   784.3184     ,   36.62714    
   786.2468     ,   31.20435    
   788.1753     ,   26.14954    
   790.1038     ,   22.84009    
   792.0322     ,   20.80020    
   793.9607     ,   18.88840    
   795.8892     ,   17.06509    
   797.8176     ,   15.30426    
   799.7461     ,   13.58679    
   801.6746     ,   11.91019    
   803.6030     ,   10.29355    
   805.5315     ,   8.588165    
   807.4600     ,   7.120392    
   809.3884     ,   6.217926    
   811.3169     ,   5.733063    
   813.2454     ,   5.091644    
   815.1738     ,   4.202911    
   817.1023     ,   3.249084    
   819.0308     ,   1.985535    
   820.9592     ,  0.4179690    
   822.8877     ,  6.2259999E-03
   824.8162     ,   1.991089    
   826.7446     ,   3.587250    
   828.6731     ,   3.349365    
   830.6016     ,   1.637970    
   832.5300     ,  0.1596980    
   834.4585     ,  0.8935550    
   836.3870     ,   1.755981    
   838.3154     ,   2.527954    
   840.2439     ,   3.192505    
   842.1723     ,   3.629944    
   844.1008     ,   3.296661    
   846.0292     ,   3.227692    
   847.9577     ,   4.163788    
   849.8862     ,   5.842316    
   851.8146     ,   6.654083    
   853.7431     ,   5.948975    
   855.6716     ,   5.184937    
   857.6000     ,   4.875061    
   859.5285     ,   5.032654    
   861.4570     ,   5.772614    
   863.3854     ,   8.186371    
   865.3139     ,   10.12164    
   867.2424     ,   10.71614    
   869.1708     ,   10.09613    
   871.0993     ,   9.615341    
   873.0278     ,   9.458206    
   874.9562     ,   9.173187    
   876.8847     ,   8.218033    
   878.8132     ,   6.884811    
   880.7416     ,   6.417969    
   882.6701     ,   8.081436    
   884.5986     ,   9.100922    
   886.5270     ,   8.325531    
   888.4555     ,   6.137283    
   890.3840     ,   4.551453    
   892.3124     ,   3.838379    
   894.2409     ,   3.293472    
   896.1694     ,   2.802292    
   898.0978     ,   2.351105    
   900.0263     ,   1.826263    
   901.9548     ,  0.8986210    
   903.8832     ,  0.5960390    
   905.8117     ,   1.922501    
   907.7402     ,   3.973984    
   909.6686     ,   4.438065    
   911.5971     ,   1.995071    
   913.5256     ,  0.4051970    
   915.4540     ,   2.804901    
   917.3825     ,   4.888657    
   919.3110     ,   6.054626    
   921.2394     ,   5.958023    
   923.1679     ,   6.122391    
   925.0964     ,   7.251328    
   927.0248     ,   8.703384    
   928.9533     ,   9.721344    
   930.8818     ,   9.895447    
   932.8102     ,   10.21097    
   934.7387     ,   10.95032    
   936.6672     ,   11.68231    
   938.5956     ,   11.90392    
   940.5241     ,   11.57843    
   942.4526     ,   11.21596    
   944.3810     ,   11.20413    
   946.3095     ,   10.99077    
   948.2380     ,   10.10605    
   950.1664     ,   8.456635    
   952.0949     ,   7.073837    
   954.0234     ,   6.238754    
   955.9518     ,   5.570526    
   957.8803     ,   4.816376    
   959.8088     ,   3.922821    
   961.7372     ,   3.391937    
   963.6657     ,   3.212341    
   965.5942     ,   3.350800    
   967.5226     ,   3.901245    
   969.4511     ,   4.763443    
   971.3796     ,   5.668060    
   973.3080     ,   6.755661    
   975.2365     ,   7.624344    
   977.1650     ,   8.041489    
   979.0934     ,   8.133331    
   981.0219     ,   8.411118    
   982.9504     ,   9.014038    
   984.8788     ,   9.677185    
   986.8073     ,   10.43857    
   988.7358     ,   11.22784    
   990.6642     ,   11.92554    
   992.5927     ,   12.61588    
   994.5212     ,   12.90941    
   996.4496     ,   12.37180    
   998.3781     ,   11.52087    
   1000.307     ,   10.73172    
   1002.235     ,   9.703217    
   1004.164     ,   9.744598    
   1006.092     ,   12.12048    
   1008.020     ,   14.63828    
   1009.949     ,   15.62746    
   1011.877     ,   14.72939    
   1013.806     ,   13.98376    
   1015.734     ,   13.34795    
   1017.663     ,   12.85240    
   1019.591     ,   12.37769    
   1021.520     ,   12.04227    
   1023.448     ,   12.51724    
   1025.377     ,   14.69829    
   1027.305     ,   16.78548    
   1029.234     ,   17.79007    
   1031.162     ,   18.05481    
   1033.090     ,   18.73674    
   1035.019     ,   20.59970    
   1036.947     ,   21.82802    
   1038.876     ,   21.36957    
   1040.804     ,   20.45576    
   1042.733     ,   21.05766    
   1044.661     ,   23.38779    
   1046.590     ,   25.67159    
   1048.518     ,   27.74382    
   1050.447     ,   29.52528    
   1052.375     ,   30.75433    
   1054.304     ,   31.31509    
   1056.232     ,   32.64404    
   1058.161     ,   35.48531    
   1060.089     ,   38.59222    
   1062.017     ,   41.44025    
   1063.946     ,   44.06543    
   1065.874     ,   47.02908    
   1067.803     ,   50.22385    
   1069.731     ,   53.67975    
   1071.660     ,   57.59225    
   1073.588     ,   61.86998    
   1075.517     ,   66.26584    
   1077.445     ,   70.69235    
   1079.374     ,   75.41122    
   1081.302     ,   79.44905    
   1083.231     ,   84.50607    
   1085.159     ,   92.00259    
   1087.088     ,   101.7694    
   1089.016     ,   114.5614    
   1090.944     ,   130.1706    
   1092.873     ,   148.6181    
   1094.801     ,   172.2637    
   1096.730     ,   200.3621    
   1098.658     ,   222.3537    
   1100.587     ,   240.2896    
   1102.515     ,   249.4939    
   1104.444     ,   245.5767    
   1106.372     ,   232.3204    
   1108.301     ,   215.1234    
   1110.229     ,   192.8128    
   1112.158     ,   170.8779    
   1114.086     ,   148.5532    
   1116.015     ,   128.3374    
   1117.943     ,   112.8306    
   1119.871     ,   103.3181    
   1121.800     ,   94.48660    
   1123.728     ,   86.22012    
   1125.657     ,   78.53821    
   1127.585     ,   71.21271    
   1129.514     ,   64.48828    
   1131.442     ,   59.25235    
   1133.371     ,   56.27472    
   1135.299     ,   53.24936    
   1137.228     ,   48.86273    
   1139.156     ,   44.13651    
   1141.085     ,   40.41833    
   1143.013     ,   37.94293    
   1144.942     ,   36.20264    
   1146.870     ,   35.35043    
   1148.798     ,   34.82428    
   1150.727     ,   34.54340    
   1152.655     ,   34.56326    
   1154.584     ,   33.73404    
   1156.512     ,   31.14331    
   1158.441     ,   28.93304    
   1160.369     ,   27.94360    
   1162.298     ,   27.75238    
   1164.226     ,   27.36981    
   1166.155     ,   26.65079    
   1168.083     ,   26.20538    
   1170.012     ,   26.54108    
   1171.940     ,   26.87354    
   1173.869     ,   26.46875    
   1175.797     ,   25.34857    
   1177.725     ,   24.49966    
   1179.654     ,   24.40576    
   1181.582     ,   24.14417    
   1183.511     ,   23.46399    
   1185.439     ,   22.42728    
   1187.368     ,   21.14413    
   1189.296     ,   19.27640    
   1191.225     ,   17.74780    
   1193.153     ,   16.78650    
   1195.082     ,   16.05420    
   1197.010     ,   15.13516    
   1198.939     ,   14.01859    
   1200.867     ,   13.39969    
   1202.796     ,   13.47873    
   1204.724     ,   13.74850    
   1206.652     ,   14.15436    
   1208.581     ,   14.53131    
   1210.509     ,   14.57620    
   1212.438     ,   14.30093    
   1214.366     ,   13.72244    
   1216.295     ,   12.21835    
   1218.223     ,   10.99976    
   1220.152     ,   11.10938    
   1222.080     ,   12.75104    
   1224.009     ,   14.08792    
   1225.937     ,   15.70477    
   1227.866     ,   16.32523    
   1229.794     ,   14.78186    
   1231.723     ,   12.14307    
   1233.651     ,   10.80661    
   1235.579     ,   11.24805    
   1237.508     ,   10.56772    
   1239.436     ,   6.805939    
   1241.365     ,   3.096222    
   1243.293     ,   1.595734    
   1245.222     ,   1.918152    
   1247.150     ,   2.489136    
   1249.079     ,   3.986206    
   1251.007     ,   4.142639    
   1252.936     ,  0.9036250    
   1254.864     ,   3.193970    
   1256.792     ,   4.984192    
   1258.721     ,   3.565796    
   1260.649     ,   2.503418    
   1262.578     ,   2.051483    
   1264.506     ,   1.706848    
   1266.435     ,   1.191498    
   1268.363     ,  0.6034550    
   1270.292     ,  0.3519590    
   1272.220     ,  0.6800540    
   1274.149     ,  0.7839050    
   1276.077     ,  0.3779300    
   1278.006     ,  0.1334230    
   1279.934     ,  0.2555540    
   1281.863     ,  8.7952003E-02
   1283.791     ,  0.5931700    
   1285.719     ,   2.653290    
   1287.648     ,   3.868011    
   1289.576     ,   2.554871    
   1291.505     ,  0.3007810    
   1293.433     ,  0.9527590    
   1295.362     ,   1.119049    
   1297.290     ,  0.5393070    
   1299.219     ,   1.824219    
   1301.147     ,   3.767609    
   1303.076     ,   4.131500    
   1305.004     ,   3.306519    
   1306.933     ,   2.671631    
   1308.861     ,   2.435516    
   1310.790     ,   2.012909    
   1312.718     ,   1.031372    
   1314.646     ,  0.1737370    
   1316.575     ,  0.1339720    
   1318.503     ,  0.7735600    
   1320.432     ,  0.7826540    
   1322.360     ,  0.1860050    
   1324.289     ,  0.6952210    
   1326.217     ,  0.3678590    
   1328.146     ,  0.3013610    
   1330.074     ,  0.8381350    
   1332.003     ,   1.275879    
   1333.931     ,   1.839478    
   1335.860     ,   2.592194    
   1337.788     ,   3.318329    
   1339.717     ,   4.076263    
   1341.645     ,   4.686981    
   1343.573     ,   4.786896    
   1345.502     ,   4.106140    
   1347.430     ,   3.899933    
   1349.359     ,   4.849060    
   1351.287     ,   5.514099    
   1353.216     ,   5.278992    
   1355.144     ,   4.363373    
   1357.073     ,   3.243927    
   1359.001     ,   1.481110    
   1360.930     ,  0.4021300    
   1362.858     ,  0.1445620    
   1364.787     ,  0.5131840    
   1366.715     ,   1.802612    
   1368.644     ,   3.699097    
   1370.572     ,   4.943542    
   1372.500     ,   5.407196    
   1374.429     ,   5.604431    
   1376.357     ,   5.518982    
   1378.286     ,   5.290710    
   1380.214     ,   4.925354    
   1382.143     ,   4.468994    
   1384.071     ,   4.215240    
   1386.000     ,   4.395813    
   1387.928     ,   4.236328    
   1389.857     ,   2.848206    
   1391.785     ,   1.613983    
   1393.714     ,   1.904724    
   1395.642     ,   3.708862    
   1397.571     ,   4.422180    
   1399.499     ,   2.279022    
   1401.427     ,   1.969604    
   1403.356     ,   6.807892    
   1405.284     ,   11.93506    
   1407.213     ,   12.07333    
   1409.141     ,   6.625793    
   1411.070     ,   4.037170    
   1412.998     ,   5.878815    
   1414.927     ,   8.319641    
   1416.855     ,   11.59058    
   1418.784     ,   14.53009    
   1420.712     ,   15.58957    
   1422.641     ,   14.62070    
   1424.569     ,   14.56064    
   1426.498     ,   15.70047    
   1428.426     ,   17.28705    
   1430.354     ,   19.20761    
   1432.283     ,   21.44101    
   1434.211     ,   24.35913    
   1436.140     ,   27.80533    
   1438.068     ,   29.89917    
   1439.997     ,   29.92664    
   1441.925     ,   29.75629    
   1443.854     ,   29.98230    
   1445.782     ,   30.37640    
   1447.711     ,   30.66452    
   1449.639     ,   30.85004    
   1451.568     ,   31.31808    
   1453.496     ,   32.49896    
   1455.425     ,   33.04575    
   1457.353     ,   31.98053    
   1459.281     ,   30.55109    
   1461.210     ,   29.84949    
   1463.138     ,   29.89075    
   1465.067     ,   29.95398    
   1466.995     ,   30.30740    
   1468.924     ,   30.29370    
   1470.852     ,   29.38373    
   1472.781     ,   28.38300    
   1474.709     ,   27.84079    
   1476.638     ,   27.77213    
   1478.566     ,   28.43591    
   1480.495     ,   31.02594    
   1482.423     ,   32.60870    
   1484.352     ,   32.29648    
   1486.280     ,   31.18625    
   1488.208     ,   30.48666    
   1490.137     ,   30.18130    
   1492.065     ,   28.90280    
   1493.994     ,   26.40387    
   1495.922     ,   23.42828    
   1497.851     ,   19.03943    
   1499.779     ,   15.21796    
   1501.708     ,   13.58170    
   1503.636     ,   13.43796    
   1505.565     ,   12.69092    
   1507.493     ,   11.23474    
   1509.422     ,   10.03644    
   1511.350     ,   9.509033    
   1513.279     ,   8.959076    
   1515.207     ,   7.711243    
   1517.135     ,   6.400757    
   1519.064     ,   6.312592    
   1520.992     ,   7.534302    
   1522.921     ,   7.665619    
   1524.849     ,   5.665314    
   1526.778     ,   3.648499    
   1528.706     ,   2.395020    
   1530.635     ,   1.845428    
   1532.563     ,   2.019562    
   1534.492     ,   2.879089    
   1536.420     ,   3.492096    
   1538.349     ,   3.871063    
   1540.277     ,   3.853607    
   1542.206     ,   2.753113    
   1544.134     ,   1.763336    
   1546.063     ,   2.387299    
   1547.991     ,   4.226410    
   1549.919     ,   3.891510    
   1551.848     ,  0.1676330    
   1553.776     ,   2.551025    
   1555.705     ,  0.3677370    
   1557.633     ,   2.052521    
   1559.562     ,   2.217896    
   1561.490     ,  0.9348140    
   1563.419     ,  0.5909420    
   1565.347     ,   1.555145    
   1567.276     ,   2.155884    
   1569.204     ,   2.192596    
   1571.133     ,   1.902130    
   1573.061     ,  0.9412230    
   1574.990     ,  0.1015930    
   1576.918     ,  0.4874570    
   1578.846     ,  0.1977230    
   1580.775     ,  0.6273190    
   1582.703     ,   2.803680    
   1584.632     ,   4.425476    
   1586.560     ,   4.863647    
   1588.489     ,   5.042816    
   1590.417     ,   5.750885    
   1592.346     ,   6.684753    
   1594.274     ,   7.198944    
   1596.203     ,   7.128204    
   1598.131     ,   7.033325    
   1600.059     ,   6.744568    
   1601.988     ,   6.523834    
   1603.916     ,   6.600220    
   1605.845     ,   6.801605    
   1607.773     ,   6.863739    
   1609.702     ,   6.782806    
   1611.630     ,   6.683380    
   1613.559     ,   7.341003    
   1615.487     ,   6.957031    
   1617.416     ,   3.894867    
   1619.344     ,  0.9559630    
   1621.273     ,  0.9563290    
   1623.201     ,   3.044281    
   1625.130     ,   3.179565    
   1627.058     ,  0.2977910    
   1628.986     ,   1.390015    
   1630.915     ,   1.492523    
   1632.843     ,  0.6067810    
   1634.772     ,   2.180603    
   1636.700     ,   5.158844    
   1638.629     ,   5.740936    
   1640.557     ,   3.876740    
   1642.486     ,   3.018829    
   1644.414     ,   3.544128    
   1646.343     ,   4.539856    
   1648.271     ,   6.929169    
   1650.200     ,   8.701324    
   1652.128     ,   7.813110    
   1654.057     ,   5.569061    
   1655.985     ,   4.971802    
   1657.913     ,   6.267456    
   1659.842     ,   6.995331    
   1661.770     ,   6.373199    
   1663.699     ,   5.960815    
   1665.627     ,   6.399384    
   1667.556     ,   7.104553    
   1669.484     ,   7.908905    
   1671.413     ,   8.627838    
   1673.341     ,   8.207581    
   1675.270     ,   6.442017    
   1677.198     ,   4.979645    
   1679.127     ,   3.645264    
   1681.055     ,   3.094269    
   1682.984     ,   4.380463    
   1684.912     ,   6.011963    
   1686.840     ,   5.654144    
   1688.769     ,   3.608948    
   1690.697     ,   3.465332    
   1692.626     ,   6.421539    
   1694.554     ,   8.107086    
   1696.483     ,   6.389923    
   1698.411     ,   4.761261    
   1700.340     ,   5.312195    
   1702.268     ,   6.910461    
   1704.197     ,   7.787079    
   1706.125     ,   7.949890    
   1708.054     ,   8.146851    
   1709.982     ,   8.410065    
   1711.911     ,   8.519012    
   1713.839     ,   8.069672    
   1715.767     ,   7.747742    
   1717.696     ,   8.131378    
   1719.624     ,   8.873840    
   1721.553     ,   9.467834    
   1723.481     ,   9.981384    
   1725.410     ,   9.902740    
   1727.338     ,   8.542480    
   1729.267     ,   8.097198    
   1731.195     ,   10.11139    
   1733.124     ,   12.06219    
   1735.052     ,   12.26175    
   1736.981     ,   11.28687    
   1738.909     ,   10.02020    
   1740.838     ,   8.321594    
   1742.766     ,   7.746674    
   1744.694     ,   9.459045    
   1746.623     ,   10.23593    
   1748.551     ,   8.564453    
   1750.480     ,   6.818329    
   1752.408     ,   6.702789    
   1754.337     ,   7.447662    
   1756.265     ,   7.448517    
   1758.194     ,   6.573151    
   1760.122     ,   6.553253    
   1762.051     ,   8.009277    
   1763.979     ,   9.253418    
   1765.908     ,   10.08560    
   1767.836     ,   10.56345    
   1769.765     ,   10.27402    
   1771.693     ,   9.835602    
   1773.621     ,   10.69894    
   1775.550     ,   13.00665    
   1777.478     ,   13.38065    
   1779.407     ,   9.890472    
   1781.335     ,   7.628571    
   1783.264     ,   7.682983    
   1785.192     ,   7.826660    
   1787.121     ,   6.924622    
   1789.049     ,   6.055908    
   1790.978     ,   7.158997    
   1792.906     ,   9.964081    
   1794.835     ,   10.67426    
   1796.763     ,   8.138336    
   1798.692     ,   5.863159    
   1800.620     ,   3.496094    
   1802.548     ,   2.003784    
   1804.477     ,   1.859894    
   1806.405     ,   2.541840    
   1808.334     ,   4.235046    
   1810.262     ,   6.457672    
   1812.191     ,   6.905029    
   1814.119     ,   5.218140    
   1816.048     ,   3.272308    
   1817.976     ,  3.3142000E-02
   1819.905     ,   1.439789    
   1821.833     ,   1.727783    
   1823.762     ,   4.600708    
   1825.690     ,   3.307983    
   1827.619     ,  3.1830002E-02
   1829.547     ,   1.366547    
   1831.475     ,  0.7400510    
   1833.404     ,  0.3188780    
   1835.332     ,   2.029358    
   1837.261     ,   2.944702    
   1839.189     ,   2.104553    
   1841.118     ,   1.304718    
   1843.046     ,   1.893097    
   1844.975     ,   2.613098    
   1846.903     ,   1.669281    
   1848.832     ,  0.1485900    
   1850.760     ,  0.2771300    
   1852.689     ,   3.377014    
   1854.617     ,   5.164886    
   1856.546     ,   4.556946    
   1858.474     ,   3.588104    
   1860.402     ,   2.458466    
   1862.331     ,   1.697937    
   1864.259     ,   2.211243    
   1866.188     ,   3.083038    
   1868.116     ,   2.300323    
   1870.045     ,  0.1263120    
   1871.973     ,  0.3699340    
   1873.902     ,   1.670319    
   1875.830     ,   2.916077    
   1877.759     ,   2.653015    
   1879.687     ,   1.726349    
   1881.616     ,  0.9201350    
   1883.544     ,   2.906586    
   1885.473     ,   1.068115    
   1887.401     ,   2.836121    
   1889.329     ,   3.906952    
   1891.258     ,   1.572998    
   1893.186     ,  0.2596440    
   1895.115     ,  0.2309270    
   1897.043     ,  0.7962950    
   1898.972     ,   3.463684    
   1900.900     ,   4.787109    
   1902.829     ,   1.714294    
   1904.757     ,   1.970642    
   1906.686     ,   1.898834    
   1908.614     ,  0.8586730    
   1910.542     ,   2.065674    
   1912.471     ,   1.398560    
   1914.399     ,  0.8693850    
   1916.328     ,  7.2936997E-02
   1918.256     ,  0.5483700    
   1920.185     ,   5.384155    
   1922.113     ,   8.489716    
   1924.042     ,   5.395386    
   1925.970     ,   1.003784    
   1927.899     ,  0.8093260    
   1929.827     ,   3.290344    
   1931.756     ,   3.515717    
   1933.684     ,   1.384338    
   1935.613     ,  0.7409360    
   1937.541     ,   2.305328    
   1939.469     ,   4.234863    
   1941.398     ,   6.862915    
   1943.326     ,   8.483917    
   1945.255     ,   7.071198    
   1947.183     ,   5.230133    
   1949.112     ,   6.075897    
   1951.040     ,   8.481506    
   1952.969     ,   9.079773    
   1954.897     ,   7.625946    
   1956.826     ,   6.885315    
   1958.754     ,   7.680023    
   1960.683     ,   7.678497    
   1962.611     ,   5.685944    
   1964.540     ,   4.194550    
   1966.468     ,   4.575012    
   1968.396     ,   5.410400    
   1970.325     ,   5.357300    
   1972.253     ,   4.989044    
   1974.182     ,   5.606537    
   1976.110     ,   7.255463    
   1978.039     ,   8.354309    
   1979.967     ,   8.850739    
   1981.896     ,   8.681091    
   1983.824     ,   6.864380    
   1985.753     ,   6.195923    
   1987.681     ,   8.284576    
   1989.610     ,   10.85248    
   1991.538     ,   13.18451    
   1993.467     ,   14.79712    
   1995.395     ,   14.74353    
   1997.323     ,   13.52521    
   1999.252     ,   12.75943    
   2001.180     ,   12.59259    
   2003.109     ,   12.45004    
   2005.037     ,   12.24103    
   2006.966     ,   12.26132    
   2008.894     ,   12.69977    
   2010.823     ,   13.18738    
   2012.751     ,   13.34128    
   2014.680     ,   13.69946    
   2016.608     ,   15.31940    
   2018.537     ,   17.13062    
   2020.465     ,   16.79346    
   2022.394     ,   14.45566    
   2024.322     ,   13.61346    
   2026.250     ,   14.98248    
   2028.179     ,   15.70395    
   2030.107     ,   15.27505    
   2032.036     ,   15.09369    
   2033.964     ,   15.74268    
   2035.893     ,   15.99429    
   2037.821     ,   14.71899    
   2039.750     ,   13.72849    
   2041.678     ,   15.69247    
   2043.607     ,   18.60266    
   2045.535     ,   17.90906    
   2047.464     ,   14.16852    
   2049.392     ,   11.94934    
   2051.321     ,   11.64359    
   2053.249     ,   11.49719    
   2055.177     ,   11.03638    
   2057.106     ,   10.86642    
   2059.034     ,   11.80835    
   2060.963     ,   12.17264    
   2062.891     ,   10.83725    
   2064.820     ,   9.155029    
   2066.748     ,   8.566437    
   2068.677     ,   8.557404    
   2070.605     ,   7.735992    
   2072.534     ,   6.099274    
   2074.462     ,   5.534119    
   2076.391     ,   6.136200    
   2078.319     ,   7.116974    
   2080.248     ,   8.515747    
   2082.176     ,   9.890015    
   2084.104     ,   11.42133    
   2086.033     ,   12.36112    
   2087.961     ,   12.52039    
   2089.890     ,   11.85669    
   2091.818     ,   10.05011    
   2093.747     ,   7.650909    
   2095.675     ,   4.829773    
   2097.604     ,   2.042328    
   2099.532     ,   1.590271    
   2101.461     ,   3.849579    
   2103.389     ,   5.361359    
   2105.318     ,   5.663696    
   2107.246     ,   6.123413    
   2109.175     ,   7.225281    
   2111.103     ,   7.786560    
   2113.031     ,   7.254547    
   2114.960     ,   6.301392    
   2116.888     ,   5.110260    
   2118.817     ,   4.165100    
   2120.745     ,   4.207458    
   2122.674     ,   4.732117    
   2124.602     ,   4.578766    
   2126.531     ,   3.953033    
   2128.459     ,   3.781525    
   2130.388     ,   4.128143    
   2132.316     ,   5.048370    
   2134.245     ,   7.107178    
   2136.173     ,   7.824371    
   2138.102     ,   5.532806    
   2140.030     ,   3.886322    
   2141.958     ,   4.962433    
   2143.887     ,   5.510651    
   2145.815     ,   2.131226    
   2147.744     ,   1.398987    
   2149.672     ,  0.3089900    
   2151.601     ,   3.364197    
   2153.529     ,   4.928040    
   2155.458     ,   4.667786    
   2157.386     ,   5.291016    
   2159.315     ,   6.885284    
   2161.243     ,   7.996552    
   2163.172     ,   8.275208    
   2165.100     ,   8.896881    
   2167.029     ,   10.52551    
   2168.957     ,   11.57547    
   2170.885     ,   11.65991    
   2172.814     ,   10.87167    
   2174.742     ,   8.800568    
   2176.671     ,   6.458405    
   2178.599     ,   4.165436    
   2180.528     ,   2.607819    
   2182.456     ,   3.786011    
   2184.385     ,   6.694031    
   2186.313     ,   6.109772    
   2188.242     ,   1.926910    
   2190.170     ,   1.229218    
   2192.099     ,   4.890778    
   2194.027     ,   6.306854    
   2195.956     ,   3.637024    
   2197.884     ,   2.049530    
   2199.813     ,   3.767639    
   2201.741     ,   5.040314    
   2203.669     ,   3.881653    
   2205.598     ,   2.523468    
   2207.526     ,   2.321289    
   2209.455     ,   2.583313    
   2211.383     ,   2.915436    
   2213.312     ,   3.144470    
   2215.240     ,   2.723236    
   2217.169     ,   1.892426    
   2219.097     ,   1.693909    
   2221.026     ,   2.115021    
   2222.954     ,   3.300751    
   2224.883     ,   5.508667    
   2226.811     ,   5.245758    
   2228.740     ,  0.9444270    
   2230.668     ,   1.832214    
   2232.596     ,   1.021759    
   2234.525     ,  0.1531980    
   2236.453     ,  0.9460750    
   2238.382     ,   1.427368    
   2240.310     ,   1.730164    
   2242.239     ,   1.636108    
   2244.167     ,  0.3511960    
   2246.096     ,  0.9714360    
   2248.024     ,  0.3780520    
   2249.953     ,   1.360168    
   2251.881     ,   2.343689    
   2253.810     ,   2.562683    
   2255.738     ,   1.557251    
   2257.667     ,  0.6520690    
   2259.595     ,   2.208160    
   2261.523     ,   3.136047    
   2263.452     ,   2.452972    
   2265.380     ,   1.655792    
   2267.309     ,   4.150208    
   2269.237     ,   2.824982    
   2271.166     ,   1.783081    
   2273.094     ,   2.145782    
   2275.023     ,   3.139252    
   2276.951     ,   5.302368    
   2278.880     ,   6.927094    
   2280.808     ,   6.294220    
   2282.737     ,   4.730469    
   2284.665     ,   3.585663    
   2286.594     ,   2.850250    
   2288.522     ,   2.551727    
   2290.450     ,   2.635254    
   2292.379     ,   2.944519    
   2294.307     ,   3.524261    
   2296.236     ,   2.999603    
   2298.164     ,  0.3825070    
   2300.093     ,  0.4050290    
   2302.021     ,   1.237976    
   2303.950     ,   3.197357    
   2305.878     ,   6.159271    
   2307.807     ,   7.074341    
   2309.735     ,   3.901611    
   2311.664     ,   1.056732    
   2313.592     ,  0.1171260    
   2315.521     ,  0.2729190    
   2317.449     ,   3.868347    
   2319.377     ,   7.088928    
   2321.306     ,   6.140564    
   2323.234     ,   3.692810    
   2325.163     ,   3.196960    
   2327.091     ,   3.714111    
   2329.020     ,   2.737000    
   2330.948     ,   1.069397    
   2332.877     ,   2.940857    
   2334.805     ,   7.698303    
   2336.734     ,   10.12183    
   2338.662     ,   9.983521    
   2340.591     ,   8.223450    
   2342.519     ,   3.995911    
   2344.448     ,   1.796143    
   2346.376     ,   2.425049    
   2348.304     ,   4.390869    
   2350.233     ,   9.934204    
   2352.161     ,   13.00891    
   2354.090     ,   10.97119    
   2356.018     ,   8.983398    
   2357.947     ,   9.172119    
   2359.875     ,   9.370728    
   2361.804     ,   7.737549    
   2363.732     ,   6.290955    
   2365.661     ,   6.714050    
   2367.589     ,   7.971802    
   2369.518     ,   9.199158    
   2371.446     ,   10.21741    
   2373.375     ,   10.71826    
   2375.303     ,   10.86859    
   2377.231     ,   11.02710    
   2379.160     ,   11.15997    
   2381.088     ,   11.51447    
   2383.017     ,   12.06982    
   2384.945     ,   12.51691    
   2386.874     ,   12.81738    
   2388.802     ,   13.06482    
   2390.731     ,   12.84302    
   2392.659     ,   14.15485    
   2394.588     ,   19.12292    
   2396.516     ,   21.76758    
   2398.445     ,   19.87445    
   2400.373     ,   19.83264    
   2402.302     ,   24.32825    
   2404.230     ,   27.70227    
   2406.158     ,   26.76233    
   2408.087     ,   26.78516    
   2410.015     ,   31.52106    
   2411.944     ,   36.21759    
   2413.872     ,   36.80249    
   2415.801     ,   37.76758    
   2417.729     ,   43.63940    
   2419.657     ,   50.70056    
   2421.586     ,   55.92816    
   2423.514     ,   59.18066    
   2425.443     ,   59.03735    
   2427.371     ,   57.49280    
   2429.300     ,   57.87689    
   2431.228     ,   60.14905    
   2433.157     ,   65.36273    
   2435.085     ,   72.42407    
   2437.014     ,   74.08057    
   2438.942     ,   70.27643    
   2440.871     ,   65.27594    
   2442.799     ,   58.80365    
   2444.728     ,   54.45135    
   2446.656     ,   52.57947    
   2448.584     ,   50.10547    
   2450.513     ,   46.36804    
   2452.441     ,   43.52405    
   2454.370     ,   42.14679    
   2456.298     ,   41.04254    
   2458.227     ,   41.51007    
   2460.155     ,   39.90729    
   2462.084     ,   33.23993    
   2464.012     ,   28.65411    
   2465.941     ,   28.41437    
   2467.869     ,   28.55994    
   2469.798     ,   28.01306    
   2471.726     ,   27.04761    
   2473.655     ,   24.35846    
   2475.583     ,   23.04126    
   2477.511     ,   27.21332    
   2479.440     ,   30.77661    
   2481.368     ,   27.31421    
   2483.297     ,   22.71332    
   2485.225     ,   23.85504    
   2487.154     ,   25.98810    
   2489.082     ,   22.67499    
   2491.011     ,   17.83710    
   2492.939     ,   16.56763    
   2494.868     ,   17.76428    
   2496.796     ,   20.23108    
   2498.725     ,   23.05389    
   2500.653     ,   23.62823    
   2502.582     ,   22.51599    
   2504.510     ,   22.92236    
   2506.438     ,   24.21436    
   2508.367     ,   22.37341    
   2510.295     ,   18.06909    
   2512.224     ,   17.25488    
   2514.152     ,   20.26361    
   2516.081     ,   22.62402    
   2518.009     ,   24.91431    
   2519.938     ,   23.03247    
   2521.866     ,   15.10382    
   2523.795     ,   12.81708    
   2525.723     ,   17.59296    
   2527.652     ,   20.48273    
   2529.580     ,   20.37976    
   2531.509     ,   19.37134    
   2533.437     ,   17.22034    
   2535.365     ,   15.99756    
   2537.294     ,   16.44421    
   2539.222     ,   17.03571    
   2541.151     ,   18.32654    
   2543.079     ,   17.99530    
   2545.008     ,   14.49335    
   2546.936     ,   12.23309    
   2548.865     ,   13.44604    
   2550.793     ,   14.39056    
   2552.722     ,   13.49591    
   2554.650     ,   12.71967    
   2556.579     ,   13.11096    
   2558.507     ,   13.05914    
   2560.436     ,   11.16095    
   2562.364     ,   9.916382    
   2564.292     ,   10.23877    
   2566.221     ,   11.58392    
   2568.149     ,   14.79230    
   2570.078     ,   17.00043    
   2572.006     ,   15.86902    
   2573.935     ,   14.42010    
   2575.863     ,   14.91132    
   2577.792     ,   15.72290    
   2579.720     ,   15.64777    
   2581.649     ,   15.07190    
   2583.577     ,   13.43970    
   2585.506     ,   12.19391    
   2587.434     ,   14.34363    
   2589.363     ,   17.00500    
   2591.291     ,   15.75293    
   2593.219     ,   12.60822    
   2595.148     ,   9.978577    
   2597.076     ,   8.788025    
   2599.005     ,   10.99451    
   2600.933     ,   14.22968    
   2602.862     ,   15.35077    
   2604.790     ,   15.43848    
   2606.719     ,   16.97394    
   2608.647     ,   18.57324    
   2610.576     ,   16.36237    
   2612.504     ,   12.50391    
   2614.433     ,   13.24786    
   2616.361     ,   16.07092    
   2618.290     ,   14.15503    
   2620.218     ,   9.642090    
   2622.146     ,   8.161011    
   2624.075     ,   8.876343    
   2626.003     ,   8.593506    
   2627.932     ,   7.969055    
   2629.860     ,   11.11060    
   2631.789     ,   16.27112    
   2633.717     ,   16.20392    
   2635.646     ,   12.14740    
   2637.574     ,   9.213745    
   2639.503     ,   7.654053    
   2641.431     ,   9.824890    
   2643.360     ,   14.96436    
   2645.288     ,   15.54883    
   2647.217     ,   12.40503    
   2649.145     ,   10.18884    
   2651.073     ,   9.187805    
   2653.002     ,   11.53412    
   2654.930     ,   16.57721    
   2656.859     ,   16.23328    
   2658.787     ,   10.76422    
   2660.716     ,   9.123413    
   2662.644     ,   10.92871    
   2664.573     ,   12.13556    
   2666.501     ,   12.64978    
   2668.430     ,   12.72449    
   2670.358     ,   12.37036    
   2672.287     ,   10.79858    
   2674.215     ,   8.058716    
   2676.144     ,   5.209351    
   2678.072     ,   2.374207    
   2680.000     ,   1.900330    
   2681.929     ,   3.641357    
   2683.857     ,   6.110229    
   2685.786     ,   9.107788    
   2687.714     ,   8.833130    
   2689.643     ,   5.190552    
   2691.571     ,   2.248413    
   2693.500     ,  4.3090999E-02
   2695.428     ,  0.4053340    
   2697.357     ,   3.112183    
   2699.285     ,   5.903015    
   2701.214     ,   8.669861    
   2703.142     ,   10.93909    
   2705.071     ,   12.72388    
   2706.999     ,   10.62750    
   2708.927     ,   5.145264    
   2710.856     ,   4.076538    
   2712.784     ,   6.920837    
   2714.713     ,   9.343201    
   2716.641     ,   11.00049    
   2718.570     ,   9.822571    
   2720.498     ,   6.063477    
   2722.427     ,   4.801697    
   2724.355     ,   5.603516    
   2726.284     ,   4.812927    
   2728.212     ,   2.848267    
   2730.141     ,   2.172546    
   2732.069     ,   2.703796    
   2733.998     ,   3.715271    
   2735.926     ,   5.079773    
   2737.854     ,   5.908508    
   2739.783     ,   6.153320    
   2741.711     ,   5.891479    
   2743.640     ,   4.761719    
   2745.568     ,  1.5869001E-02
   2747.497     ,   6.203857    
   2749.425     ,   4.303467    
   2751.354     ,   2.843201    
   2753.282     ,   5.912354    
   2755.211     ,   5.783020    
   2757.139     ,   3.441345    
   2759.068     ,  0.4899290    
   2760.996     ,   1.130798    
   2762.925     ,   3.507080    
   2764.853     ,   2.990417    
   2766.781     ,   1.296204    
   2768.710     ,   2.845215    
   2770.638     ,   5.180847    
   2772.567     ,   3.834045    
   2774.495     ,   1.114075    
   2776.424     ,  0.6562500    
   2778.352     ,   1.020203    
   2780.281     ,  0.1849980    
   2782.209     ,   1.223694    
   2784.138     ,   3.219788    
   2786.066     ,   4.638306    
   2787.995     ,   3.212891    
   2789.923     ,   1.859436    
   2791.852     ,   4.334717    
   2793.780     ,   7.483093    
   2795.708     ,   9.090698    
   2797.637     ,   9.038757    
   2799.565     ,   5.003174    
   2801.494     ,   2.160889    
   2803.422     ,   5.500977    
   2805.351     ,   9.358643    
   2807.279     ,   10.69196    
   2809.208     ,   10.49902    
   2811.136     ,   9.101563    
   2813.065     ,   6.903259    
   2814.993     ,   2.043213    
   2816.922     ,  8.3130002E-02
   2818.850     ,   6.567566    
   2820.779     ,   10.30219    
   2822.707     ,   5.145874    
   2824.635     ,   1.594910    
   2826.564     ,   3.734802    
   2828.492     ,   4.553345    
   2830.421     ,  3.2288000E-02
   2832.349     ,   3.030090    
   2834.278     ,   2.114807    
   2836.206     ,   2.701782    
   2838.135     ,   5.928955    
   2840.063     ,   8.160156    
   2841.992     ,   8.010071    
   2843.920     ,   10.43250    
   2845.849     ,   18.12366    
   2847.777     ,   22.52032    
   2849.706     ,   23.06836    
   2851.634     ,   25.07013    
   2853.563     ,   28.84711    
   2855.491     ,   30.93854    
   2857.419     ,   30.94983    
   2859.348     ,   32.42499    
   2861.276     ,   35.40289    
   2863.205     ,   38.73730    
   2865.133     ,   42.16534    
   2867.062     ,   44.24371    
   2868.990     ,   45.30438    
   2870.919     ,   46.42432    
   2872.847     ,   47.99072    
   2874.776     ,   51.35339    
   2876.704     ,   55.47180    
   2878.633     ,   57.79974    
   2880.561     ,   59.60046    
   2882.490     ,   62.24542    
   2884.418     ,   65.95685    
   2886.346     ,   71.73114    
   2888.275     ,   77.71545    
   2890.203     ,   82.57758    
   2892.132     ,   85.95099    
   2894.060     ,   86.77588    
   2895.989     ,   87.01447    
   2897.917     ,   88.17700    
   2899.846     ,   88.82294    
   2901.774     ,   87.70227    
   2903.703     ,   87.30396    
   2905.631     ,   89.47986    
   2907.560     ,   91.00751    
   2909.488     ,   89.98853    
   2911.417     ,   89.90607    
   2913.345     ,   91.18488    
   2915.273     ,   94.45862    
   2917.202     ,   100.6651    
   2919.130     ,   104.0740    
   2921.059     ,   103.2052    
   2922.987     ,   99.70569    
   2924.916     ,   92.96729    
   2926.844     ,   88.57837    
   2928.773     ,   86.82397    
   2930.701     ,   87.54077    
   2932.630     ,   90.28693    
   2934.558     ,   90.31982    
   2936.487     ,   88.22614    
   2938.415     ,   86.79846    
   2940.344     ,   85.94373    
   2942.272     ,   86.13708    
   2944.200     ,   86.31317    
   2946.129     ,   82.92047    
   2948.057     ,   79.43695    
   2949.986     ,   82.86566    
   2951.914     ,   86.24359    
   2953.843     ,   81.81689    
   2955.771     ,   76.45935    
   2957.700     ,   75.07568    
   2959.628     ,   74.71588    
   2961.557     ,   74.27124    
   2963.485     ,   73.73895    
   2965.414     ,   73.35199    
   2967.342     ,   72.36761    
   2969.271     ,   70.25415    
   2971.199     ,   68.09143    
   2973.127     ,   66.16748    
   2975.056     ,   63.26630    
   2976.984     ,   58.47546    
   2978.913     ,   58.43506    
   2980.841     ,   66.23395    
   2982.770     ,   66.81323    
   2984.698     ,   59.83954    
   2986.627     ,   56.46442    
   2988.555     ,   55.97443    
   2990.484     ,   54.41278    
   2992.412     ,   52.06329    
   2994.341     ,   48.83545    
   2996.269     ,   45.70587    
   2998.198     ,   45.36719    
   3000.126     ,   45.61615    
   3002.054     ,   44.17212    
   3003.983     ,   41.48151    
   3005.911     ,   36.64172    
   3007.840     ,   32.64844    
   3009.768     ,   31.70831    
   3011.697     ,   31.18835    
   3013.625     ,   29.84595    
   3015.554     ,   28.65393    
   3017.482     ,   28.24268    
   3019.411     ,   27.32343    
   3021.339     ,   25.50861    
   3023.268     ,   24.11676    
   3025.196     ,   23.35590    
   3027.125     ,   23.35010    
   3029.053     ,   24.40857    
   3030.981     ,   23.40485    
   3032.910     ,   21.08124    
   3034.838     ,   22.49286    
   3036.767     ,   26.09692    
   3038.695     ,   28.46680    
   3040.624     ,   29.07867    
   3042.552     ,   24.75513    
   3044.481     ,   20.46741    
   3046.409     ,   22.16302    
   3048.338     ,   25.41992    
   3050.266     ,   26.41577    
   3052.195     ,   27.74347    
   3054.123     ,   32.57373    
   3056.052     ,   34.95953    
   3057.980     ,   30.88873    
   3059.908     ,   27.97089    
   3061.837     ,   29.44940    
   3063.765     ,   27.83331    
   3065.694     ,   22.21594    
   3067.622     ,   19.58044    
   3069.551     ,   20.63208    
   3071.479     ,   26.75391    
   3073.407     ,   36.49768    
   3075.336     ,   37.96942    
   3077.264     ,   34.39563    
   3079.193     ,   33.03845    
   3081.121     ,   32.76099    
   3083.050     ,   31.94269    
   3084.978     ,   31.18073    
   3086.907     ,   31.03748    
   3088.835     ,   31.16388    
   3090.764     ,   31.79083    
   3092.692     ,   31.86932    
   3094.621     ,   30.49243    
   3096.549     ,   29.43250    
   3098.478     ,   29.04816    
   3100.406     ,   28.39783    
   3102.334     ,   27.15436    
   3104.263     ,   26.53058    
   3106.191     ,   26.56732    
   3108.120     ,   26.79095    
   3110.048     ,   27.23700    
   3111.977     ,   27.96790    
   3113.905     ,   29.02435    
   3115.834     ,   30.71460    
   3117.762     ,   32.50732    
   3119.691     ,   33.74884    
   3121.619     ,   34.68872    
   3123.548     ,   35.28546    
   3125.476     ,   35.78369    
   3127.405     ,   36.49194    
   3129.333     ,   36.25732    
   3131.261     ,   34.45447    
   3133.190     ,   32.73523    
   3135.118     ,   31.20856    
   3137.047     ,   31.09821    
   3138.975     ,   32.39740    
   3140.904     ,   31.88251    
   3142.832     ,   29.98492    
   3144.761     ,   28.34930    
   3146.689     ,   27.68640    
   3148.618     ,   30.96124    
   3150.546     ,   34.53558    
   3152.475     ,   34.29449    
   3154.403     ,   32.81848    
   3156.332     ,   29.74805    
   3158.260     ,   30.08148    
   3160.188     ,   37.81866    
   3162.117     ,   41.85681    
   3164.045     ,   37.36310    
   3165.974     ,   33.14014    
   3167.902     ,   29.44263    
   3169.831     ,   29.05426    
   3171.759     ,   31.34424    
   3173.688     ,   30.63239    
   3175.616     ,   27.96790    
   3177.545     ,   25.99457    
   3179.473     ,   24.79327    
   3181.402     ,   25.16895    
   3183.330     ,   25.28894    
   3185.259     ,   23.26520    
   3187.187     ,   21.09552    
   3189.115     ,   18.95709    
   3191.044     ,   18.67706    
   3192.972     ,   22.18372    
   3194.901     ,   22.31659    
   3196.829     ,   17.50665    
   3198.758     ,   18.67426    
   3200.686     ,   24.61932    
   3202.615     ,   25.30402    
   3204.543     ,   22.52399    
   3206.472     ,   19.64343    
   3208.400     ,   18.46301    
   3210.329     ,   24.09717    
   3212.257     ,   28.08606    
   3214.186     ,   21.36810    
   3216.114     ,   16.50140    
   3218.042     ,   18.10150    
   3219.971     ,   20.59149    
   3221.899     ,   23.69183    
   3223.828     ,   22.42523    
   3225.756     ,   15.88470    
   3227.685     ,   18.16187    
   3229.613     ,   26.12671    
   3231.542     ,   27.01117    
   3233.470     ,   24.58203    
   3235.399     ,   25.70837    
   3237.327     ,   26.97516    
   3239.256     ,   25.12079    
   3241.184     ,   22.94769    
   3243.113     ,   20.70770    
   3245.041     ,   20.89423    
   3246.969     ,   24.62775    
   3248.898     ,   26.53925    
   3250.826     ,   25.80914    
   3252.755     ,   23.13428    
   3254.683     ,   19.48138    
   3256.612     ,   22.53882    
   3258.540     ,   28.70062    
   3260.469     ,   31.44812    
   3262.397     ,   33.41370    
   3264.326     ,   38.55634    
   3266.254     ,   41.56427    
   3268.183     ,   38.83093    
   3270.111     ,   36.37775    
   3272.040     ,   34.92603    
   3273.968     ,   37.10712    
   3275.896     ,   42.96069    
   3277.825     ,   47.31158    
   3279.753     ,   50.09930    
   3281.682     ,   51.50757    
   3283.610     ,   52.84955    
   3285.539     ,   56.87830    
   3287.467     ,   61.47528    
   3289.396     ,   64.96796    
   3291.324     ,   68.55090    
   3293.253     ,   72.99048    
   3295.181     ,   76.29858    
   3297.110     ,   77.38922    
   3299.038     ,   80.06177    
   3300.967     ,   84.35693    
   3302.895     ,   87.97675    
   3304.823     ,   91.94971    
   3306.752     ,   100.3947    
   3308.680     ,   109.1419    
   3310.609     ,   111.1647    
   3312.537     ,   113.9158    
   3314.466     ,   122.8773    
   3316.394     ,   131.1503    
   3318.323     ,   136.0880    
   3320.251     ,   143.1891    
   3322.180     ,   152.8253    
   3324.108     ,   161.3492    
   3326.037     ,   168.8961    
   3327.965     ,   176.0898    
   3329.894     ,   184.0071    
   3331.822     ,   195.2861    
   3333.750     ,   206.4225    
   3335.679     ,   212.4796    
   3337.607     ,   222.2435    
   3339.536     ,   238.9622    
   3341.464     ,   256.2197    
   3343.393     ,   273.4771    
   3345.321     ,   287.0883    
   3347.250     ,   297.2434    
   3349.178     ,   305.1603    
   3351.107     ,   310.8163    
   3353.035     ,   313.2888    
   3354.964     ,   314.3290    
   3356.892     ,   314.4312    
   3358.821     ,   315.6393    
   3360.749     ,   319.6024    
   3362.677     ,   322.5408    
   3364.606     ,   324.2936    
   3366.534     ,   325.1409    
   3368.463     ,   324.7271    
   3370.391     ,   321.1212    
   3372.320     ,   315.1913    
   3374.248     ,   306.3621    
   3376.177     ,   299.5831    
   3378.105     ,   300.9958    
   3380.034     ,   301.1191    
   3381.962     ,   297.3643    
   3383.891     ,   292.0366    
   3385.819     ,   285.0510    
   3387.748     ,   283.8944    
   3389.676     ,   286.8240    
   3391.604     ,   286.9062    
   3393.533     ,   284.7002    
   3395.461     ,   279.3862    
   3397.390     ,   274.1078    
   3399.318     ,   269.6993    
   3401.247     ,   268.3533    
   3403.175     ,   272.4446    
   3405.104     ,   273.6259    
   3407.032     ,   271.9327    
   3408.961     ,   267.6403    
   3410.889     ,   262.0931    
   3412.818     ,   255.4841    
   3414.746     ,   251.9811    
   3416.675     ,   259.2062    
   3418.603     ,   263.2684    
   3420.531     ,   254.2698    
   3422.460     ,   249.8148    
   3424.388     ,   251.4786    
   3426.317     ,   251.9555    
   3428.245     ,   250.8773    
   3430.174     ,   246.7657    
   3432.102     ,   243.3513    
   3434.031     ,   247.8622    
   3435.959     ,   250.9982    
   3437.888     ,   246.7741    
   3439.816     ,   241.7228    
   3441.745     ,   236.8961    
   3443.673     ,   231.3338    
   3445.602     ,   225.4454    
   3447.530     ,   224.5320    
   3449.458     ,   226.3480    
   3451.387     ,   228.4287    
   3453.315     ,   228.0723    
   3455.244     ,   220.7932    
   3457.172     ,   214.4152    
   3459.101     ,   211.1140    
   3461.029     ,   207.7986    
   3462.958     ,   204.2645    
   3464.886     ,   199.1086    
   3466.815     ,   193.4190    
   3468.743     ,   190.5977    
   3470.672     ,   187.1184    
   3472.600     ,   177.9111    
   3474.529     ,   170.7262    
   3476.457     ,   170.2653    
   3478.385     ,   165.3904    
   3480.314     ,   155.4260    
   3482.242     ,   149.4748    
   3484.171     ,   146.3002    
   3486.099     ,   143.1425    
   3488.028     ,   139.0007    
   3489.956     ,   132.5696    
   3491.885     ,   125.8409    
   3493.813     ,   119.2081    
   3495.742     ,   113.1286    
   3497.670     ,   107.5892    
   3499.599     ,   103.6844    
   3501.527     ,   100.3711    
   3503.456     ,   95.22815    
   3505.384     ,   88.94421    
   3507.313     ,   80.22375    
   3509.241     ,   74.62219    
   3511.169     ,   75.39758    
   3513.098     ,   74.66412    
   3515.026     ,   71.75653    
   3516.955     ,   68.86292    
   3518.883     ,   66.11121    
   3520.812     ,   64.06128    
   3522.740     ,   61.39545    
   3524.669     ,   56.21173    
   3526.597     ,   52.18475    
   3528.526     ,   50.55249    
   3530.454     ,   46.64685    
   3532.383     ,   40.75446    
   3534.311     ,   43.34131    
   3536.240     ,   47.75421    
   3538.168     ,   41.28192    
   3540.096     ,   33.48993    
   3542.025     ,   30.44403    
   3543.953     ,   28.08923    
   3545.882     ,   26.02826    
   3547.810     ,   22.70782    
   3549.739     ,   18.77057    
   3551.667     ,   18.27411    
   3553.596     ,   19.10455    
   3555.524     ,   19.02399    
   3557.453     ,   18.74609    
   3559.381     ,   18.61768    
   3561.310     ,   18.33972    
   3563.238     ,   18.05219    
   3565.167     ,   13.76556    
   3567.095     ,   8.025513    
   3569.023     ,   7.994995    
   3570.952     ,   8.857849    
   3572.880     ,   5.528931    
   3574.809     ,   3.896423    
   3576.737     ,   5.998718    
   3578.666     ,   4.699097    
   3580.594     ,  0.3413700    
   3582.523     ,   1.932983    
   3584.451     ,   4.643677    
   3586.380     ,  0.2788700    
   3588.308     ,   2.713379    
   3590.237     ,  0.3389890    
   3592.165     ,   1.222473    
   3594.094     ,   1.791626    
   3596.022     ,   4.867615    
   3597.950     ,   7.052185    
   3599.879     ,   6.269897    
   3601.807     ,   3.712830    
   3603.736     ,   1.856934    
   3605.664     ,   3.231384    
   3607.593     ,   3.039001    
   3609.521     ,   7.301147    
   3611.450     ,   9.225830    
   3613.378     ,   7.068176    
   3615.307     ,   4.616638    
   3617.235     ,   7.362793    
   3619.164     ,   9.573425    
   3621.092     ,   9.363525    
   3623.021     ,   7.157654    
   3624.949     ,   3.160767    
   3626.877     ,  0.8607180    
   3628.806     ,  0.5482180    
   3630.734     ,   5.128052    
   3632.663     ,   7.417419    
   3634.591     ,   2.761475    
   3636.520     ,  0.4570920    
   3638.448     ,  0.6297000    
   3640.377     ,   2.316589    
   3642.305     ,   5.716431    
   3644.234     ,   2.820557    
   3646.162     ,  0.9998780    
   3648.091     ,   2.161682    
   3650.019     ,   2.527405    
   3651.948     ,   2.672668    
   3653.876     ,   1.104492    
   3655.804     ,   1.623962    
   3657.733     ,   4.275391    
   3659.661     ,   6.016235    
   3661.590     ,   6.282043    
   3663.518     ,   4.489624    
   3665.447     ,  0.3240970    
   3667.375     ,   2.387939    
   3669.304     ,   2.175110    
   3671.232     ,   3.172241    
   3673.161     ,   4.388672    
   3675.089     ,   5.232117    
   3677.018     ,   4.934753    
   3678.946     ,   2.982300    
   3680.875     ,   1.740356    
   3682.803     ,   1.633179    
   3684.731     ,   6.021484    
   3686.660     ,   10.60645    
   3688.588     ,   10.42578    
   3690.517     ,   8.833191    
   3692.445     ,   6.278625    
   3694.374     ,   6.925720    
   3696.302     ,   10.11530    
   3698.231     ,   8.784485    
   3700.159     ,   6.834778    
   3702.088     ,   9.602478    
   3704.016     ,   11.01642    
   3705.945     ,   8.918335    
   3707.873     ,   8.675537    
   3709.802     ,   10.19794    
   3711.730     ,   9.525818    
   3713.658     ,   9.326355    
   3715.587     ,   14.53064    
   3717.515     ,   16.63629    
   3719.444     ,   12.99298    
   3721.372     ,   11.01007    
   3723.301     ,   10.65765    
   3725.229     ,   8.158386    
   3727.157     ,   6.326538    
   3729.086     ,   8.637756    
   3731.014     ,   11.07867    
   3732.943     ,   12.86560    
   3734.871     ,   12.87799    
   3736.800     ,   11.80640    
   3738.728     ,   12.75006    
   3740.657     ,   13.16095    
   3742.585     ,   8.520081    
   3744.514     ,   8.865662    
   3746.442     ,   16.07684    
   3748.371     ,   19.05835    
   3750.299     ,   18.85449    
   3752.228     ,   18.69836    
   3754.156     ,   19.15436    
   3756.084     ,   21.96008    
   3758.013     ,   21.65771    
   3759.941     ,   17.85638    
   3761.870     ,   17.42316    
   3763.798     ,   18.75140    
   3765.727     ,   19.39758    
   3767.655     ,   18.58685    
   3769.584     ,   13.73053    
   3771.512     ,   14.17749    
   3773.441     ,   19.39764    
   3775.369     ,   19.36090    
   3777.298     ,   17.05774    
   3779.226     ,   15.68585    
   3781.155     ,   15.55420    
   3783.083     ,   17.31091    
   3785.011     ,   18.35016    
   3786.940     ,   18.81732    
   3788.868     ,   19.86652    
   3790.797     ,   20.66595    
   3792.725     ,   20.38226    
   3794.654     ,   19.91296    
   3796.582     ,   19.33545    
   3798.511     ,   20.67322    
   3800.439     ,   22.31805    
   3802.368     ,   20.15729    
   3804.296     ,   17.83698    
   3806.225     ,   17.27783    
   3808.153     ,   16.69092    
   3810.082     ,   16.03448    
   3812.010     ,   19.24243    
   3813.938     ,   23.54059    
   3815.867     ,   27.46790    
   3817.795     ,   26.15436    
   3819.724     ,   17.42126    
   3821.652     ,   16.50330    
   3823.581     ,   21.18066    
   3825.509     ,   21.60431    
   3827.438     ,   20.14801    
   3829.366     ,   17.55261    
   3831.295     ,   17.03503    
   3833.223     ,   18.91553    
   3835.152     ,   19.11462    
   3837.080     ,   19.00916    
   3839.009     ,   22.68842    
   3840.937     ,   23.99463    
   3842.865     ,   17.80060    
   3844.794     ,   17.04352    
   3846.722     ,   19.87164    
   3848.651     ,   18.37482    
   3850.579     ,   15.69891    
   3852.508     ,   14.06482    
   3854.436     ,   13.80365    
   3856.365     ,   15.23578    
   3858.293     ,   13.60223    
   3860.222     ,   11.75647    
   3862.150     ,   15.41345    
   3864.079     ,   17.15631    
   3866.007     ,   14.54053    
   3867.936     ,   13.99207    
   3869.864     ,   14.97864    
   3871.792     ,   13.34467    
   3873.721     ,   12.63513    
   3875.649     ,   18.12988    
   3877.578     ,   19.90503    
   3879.506     ,   16.81390    
   3881.435     ,   13.95599    
   3883.363     ,   12.35870    
   3885.292     ,   13.69623    
   3887.220     ,   14.44067    
   3889.149     ,   13.58032    
   3891.077     ,   13.47675    
   3893.006     ,   14.17358    
   3894.934     ,   15.97229    
   3896.863     ,   17.63806    
   3898.791     ,   18.16498    
   3900.719     ,   18.00726    
   3902.648     ,   17.16553    
   3904.576     ,   14.34613    
   3906.505     ,   12.15143    
   3908.433     ,   12.93256    
   3910.362     ,   15.07904    
   3912.290     ,   18.51733    
   3914.219     ,   15.68530    
   3916.147     ,   12.28119    
   3918.076     ,   17.82166    
   3920.004     ,   20.54004    
   3921.933     ,   17.04578    
   3923.861     ,   14.26471    
   3925.790     ,   13.16003    
   3927.718     ,   15.91693    
   3929.646     ,   18.69427    
   3931.575     ,   19.92523    
   3933.503     ,   19.50720    
   3935.432     ,   17.74133    
   3937.360     ,   16.28040    
   3939.289     ,   14.35822    
   3941.217     ,   10.25104    
   3943.146     ,   10.02307    
   3945.074     ,   13.63031    
   3947.003     ,   14.30597    
   3948.931     ,   13.87848    
   3950.860     ,   13.49646    
   3952.788     ,   15.43817    
   3954.717     ,   20.79834    
   3956.645     ,   19.41333    
   3958.573     ,   15.29932    
   3960.502     ,   14.80670    
   3962.430     ,   14.48462    
   3964.359     ,   13.29633    
   3966.287     ,   13.72607    
   3968.216     ,   15.33942    
   3970.144     ,   18.08313    
   3972.073     ,   19.22900    
   3974.001     ,   16.46722    
   3975.930     ,   16.60992    
   3977.858     ,   18.08020    
   3979.787     ,   12.83997    
   3981.715     ,   10.15173    
   3983.644     ,   17.36902    
   3985.572     ,   17.19342    
   3987.500     ,   10.94006    
   3989.429     ,   8.883545    
   3991.357     ,   9.623474    
   3993.286     ,   12.73431    
   3995.214     ,   16.30878    
   3997.143     ,   19.48523    
   3999.071     ,   16.55139    
   4001.000     ,   12.24756    
   4002.928     ,   10.74036    
   4004.857     ,   9.224731    
   4006.785     ,   7.445984    
   4008.714     ,   5.879150    
   4010.642     ,   6.063904    
   4012.571     ,   11.49017    
   4014.499     ,   11.68719    
   4016.427     ,   5.695557    
   4018.356     ,   4.499023    
   4020.284     ,   5.728516    
   4022.213     ,   7.650269    
   4024.141     ,   8.203735    
   4026.070     ,   6.858521    
   4027.998     ,   8.155457    
   4029.927     ,   9.570679    
   4031.855     ,   7.776367    
   4033.784     ,   6.218079    
   4035.712     ,   5.544006    
   4037.641     ,   6.899231    
   4039.569     ,   8.156494    
   4041.498     ,   6.211548    
   4043.426     ,   4.285400    
   4045.354     ,   3.086182    
   4047.283     ,   3.984131    
   4049.211     ,   5.084717    
   4051.140     ,   2.962097    
   4053.068     ,   1.596069    
   4054.997     ,   1.702148    
   4056.925     ,   6.283264    
   4058.854     ,   10.18616    
   4060.782     ,   4.608398    
   4062.711     ,  0.5283200    
   4064.639     ,  0.3797610    
   4066.568     ,   4.603699    
   4068.496     ,   8.965576    
   4070.425     ,   7.588318    
   4072.353     ,   6.564575    
   4074.281     ,   6.966431    
   4076.210     ,   6.145874    
   4078.138     ,   5.316406    
   4080.067     ,   6.114685    
   4081.995     ,   7.335266    
   4083.924     ,   8.749573    
   4085.852     ,   6.548767    
   4087.781     ,   3.750977    
   4089.709     ,   3.846619    
   4091.638     ,   3.594421    
   4093.566     ,   2.639587    
   4095.495     ,   1.473145    
   4097.423     ,   1.234802    
   4099.352     ,   3.397034    
   4101.280     ,   5.598022    
   4103.208     ,   7.058899    
   4105.137     ,   4.229675    
   4107.065     ,   1.322144    
   4108.994     ,   1.609802    
   4110.922     ,  0.6622310    
   4112.851     ,  0.9025880    
   4114.779     ,   5.338806    
   4116.708     ,   9.679077    
   4118.636     ,   4.958130    
   4120.564     ,   2.967773    
   4122.493     ,   3.330566    
   4124.421     ,  0.7587280    
   4126.350     ,  2.1729000E-02
   4128.278     ,   5.439087    
   4130.207     ,   7.492065    
   4132.135     ,   7.212036    
   4134.064     ,   6.185303    
   4135.992     ,   5.452454    
   4137.921     ,   5.374817    
   4139.849     ,   2.442383    
   4141.778     ,  0.1253050    
   4143.706     ,   4.458984    
   4145.635     ,   6.754822    
   4147.563     ,   4.857056    
   4149.492     ,   4.821533    
   4151.420     ,   4.449402    
   4153.349     ,  0.9662480    
   4155.277     ,  0.6472170    
   4157.206     ,  0.2990720    
   4159.134     ,   8.441284    
   4161.063     ,   15.54352    
   4162.991     ,   15.37378    
   4164.919     ,   10.66901    
   4166.848     ,   3.821289    
   4168.776     ,   4.283691    
   4170.705     ,   5.745239    
   4172.633     ,   4.428284    
   4174.562     ,   4.773376    
   4176.490     ,   5.427917    
   4178.418     ,   2.630005    
   4180.347     ,   3.017273    
   4182.275     ,   10.37061    
   4184.204     ,   5.864014    
   4186.132     ,   1.183838    
   4188.061     ,   1.995544    
   4189.989     ,   5.455261    
   4191.918     ,   7.123718    
   4193.846     ,   5.179810    
   4195.775     ,   3.816956    
   4197.703     ,   7.584778    
   4199.632     ,   7.048279    
   4201.560     ,   3.129944    
   4203.489     ,   2.176147    
   4205.417     ,   1.959351    
   4207.346     ,   1.386902    
   4209.274     ,   1.186035    
   4211.203     ,   1.427551    
   4213.131     ,   1.459656    
   4215.060     ,   3.381226    
   4216.988     ,   6.415222    
   4218.917     ,   3.564270    
   4220.845     ,  0.1290890    
   4222.773     ,  5.8288999E-02
   4224.702     ,   1.242004    
   4226.630     ,   2.864929    
   4228.559     ,   5.156555    
   4230.487     ,   6.233643    
   4232.416     ,   5.078369    
   4234.344     ,   4.006042    
   4236.272     ,   2.670105    
   4238.201     ,  0.0000000E+00
