##NAMES=Sinkankasite
##RRUFFID=R050466
##IDEAL CHEMISTRY=Mn^2+^Al(PO_3_OH)_2_(OH)·6H_2_O
##LOCALITY=Barker mine, Keystone, South Dakota, USA
##OWNER=RRUFF
##SOURCE=University of Arizona Mineral Museum
##DESCRIPTION=Cluster of acicular radiating colorless crystals
##STATUS=The identification of this mineral is confirmed by single-crystal X-ray diffraction and chemical analysis
##URL=https://www.rruff.net/odr/rruff_sample/R050466
##MEASURED CHEMISTRY=(Mn^2+^_0.55_Fe^2+^_0.42_Mg_0.03_)Al_1.00_(P_1.00_O_3_OH)_2_(F_0.65_(OH)_0.35_)·6H_2_O
##DIFFRACTION SAMPLE DESCRIPTION=Single crystal, powder profile is calculated
##CELL PARAMETERS=a: 9.601 b: 9.838 c: 6.881 alpha: 108 beta: 99.75 gamma: 98.93 volume: 594 crystal system: triclinic
##FILETYPE=Raman RAW
##RAMAN WAVELENGTH=780

148.8457, 144.5756
150.7742, 147.0214
152.7027, 151.2419
154.6311, 154.9077
156.5596, 156.9851
158.4881, 158.7209
160.4165, 161.5481
162.3450, 165.2905
164.2735, 167.8329
166.2019, 168.0855
168.1304, 168.4933
170.0589, 169.7396
171.9873, 170.7832
173.9158, 170.8604
175.8443, 170.1735
177.7727, 169.5213
179.7012, 168.8227
181.6297, 168.3214
183.5581, 168.1564
185.4866, 168.0105
187.4151, 167.6378
189.3435, 167.2012
191.2720, 166.9950
193.2005, 167.0107
195.1289, 167.3400
197.0574, 167.9814
198.9859, 168.9178
200.9143, 170.4544
202.8428, 172.0672
204.7713, 173.2316
206.6997, 173.9376
208.6282, 174.7323
210.5567, 175.7563
212.4851, 176.4991
214.4136, 177.2485
216.3421, 177.1181
218.2705, 175.3665
220.1990, 172.3037
222.1275, 168.9453
224.0559, 165.2675
225.9844, 161.4670
227.9129, 157.4871
229.8413, 153.5463
231.7698, 149.5022
233.6983, 145.6792
235.6267, 142.5475
237.5552, 140.1133
239.4837, 137.8752
241.4121, 135.7133
243.3406, 134.1842
245.2691, 133.7807
247.1975, 133.7316
249.1260, 133.7521
251.0545, 133.7795
252.9829, 133.5296
254.9114, 132.9980
256.8399, 132.9997
258.7683, 134.2061
260.6968, 135.0457
262.6253, 134.8727
264.5537, 134.3065
266.4822, 133.9064
268.4107, 133.5657
270.3391, 133.1056
272.2676, 132.6065
274.1961, 131.6772
276.1245, 130.1850
278.0530, 128.2999
279.9815, 125.8438
281.9099, 123.1710
283.8384, 120.8622
285.7669, 118.8433
287.6953, 116.5780
289.6238, 113.7686
291.5523, 111.2034
293.4807, 108.8268
295.4092, 106.9174
297.3377, 105.8421
299.2661, 105.2232
301.1946, 104.5046
303.1231, 103.6717
305.0515, 103.0709
306.9800, 102.7072
308.9085, 102.5965
310.8369, 102.8803
312.7654, 103.2985
314.6939, 103.5760
316.6223, 103.8818
318.5508, 104.5555
320.4793, 105.6690
322.4077, 106.8110
324.3362, 107.9822
326.2647, 109.2041
328.1931, 110.5673
330.1216, 111.8490
332.0501, 112.9601
333.9785, 113.9384
335.9070, 114.7400
337.8355, 115.2739
339.7639, 116.1721
341.6924, 117.7838
343.6209, 118.9211
345.5493, 119.0752
347.4778, 118.9486
349.4063, 118.9640
351.3347, 118.9893
353.2632, 118.7866
355.1917, 118.3493
357.1201, 117.9673
359.0486, 117.6413
360.9771, 117.2940
362.9055, 116.8570
364.8340, 116.5031
366.7625, 116.4043
368.6909, 116.3636
370.6194, 116.1149
372.5479, 115.6891
374.4763, 115.3540
376.4048, 115.1995
378.3333, 114.5877
380.2617, 113.0009
382.1902, 111.5611
384.1187, 111.0019
386.0471, 110.5680
387.9756, 109.3730
389.9041, 107.5834
391.8326, 106.0695
393.7610, 104.8467
395.6895, 103.8566
397.6180, 103.1323
399.5464, 102.5208
401.4749, 102.1315
403.4034, 101.7004
405.3318, 100.9289
407.2603, 99.99549
409.1888, 99.32673
411.1172, 98.89114
413.0457, 98.51805
414.9742, 98.24419
416.9026, 97.86148
418.8311, 97.04341
420.7596, 96.46943
422.6880, 96.59941
424.6165, 96.85772
426.5450, 96.71741
428.4734, 96.37139
430.4019, 96.05692
432.3304, 95.76157
434.2588, 95.70839
436.1873, 96.04870
438.1158, 96.44971
440.0442, 97.01463
441.9727, 97.46182
443.9012, 97.44392
445.8296, 97.38260
447.7581, 97.79308
449.6866, 98.57108
451.6150, 99.29689
453.5435, 99.97718
455.4720, 100.4933
457.4004, 100.8366
459.3289, 101.0440
461.2574, 100.8992
463.1858, 100.9084
465.1143, 101.6460
467.0428, 102.4114
468.9712, 102.3240
470.8997, 101.5371
472.8282, 101.0480
474.7566, 101.0642
476.6851, 100.6195
478.6136, 99.59241
480.5420, 98.43896
482.4705, 97.21217
484.3990, 95.92541
486.3274, 94.39056
488.2559, 92.96465
490.1844, 92.05705
492.1128, 91.61470
494.0413, 91.44052
495.9698, 91.61353
497.8982, 91.49032
499.8267, 90.99789
501.7552, 90.42192
503.6836, 89.69337
505.6121, 89.19942
507.5406, 89.22048
509.4690, 89.38029
511.3975, 89.49232
513.3260, 89.54379
515.2545, 89.46521
517.1829, 89.22343
519.1114, 88.68197
521.0399, 87.77394
522.9683, 87.03442
524.8968, 86.61126
526.8253, 86.27721
528.7537, 86.06963
530.6822, 85.74633
532.6107, 85.16645
534.5391, 84.47251
536.4676, 83.69092
538.3961, 82.90700
540.3245, 82.48250
542.2530, 82.42745
544.1815, 82.66625
546.1099, 83.29030
548.0384, 83.75793
549.9669, 83.65652
551.8953, 83.81606
553.8238, 84.65550
555.7523, 85.62347
557.6807, 86.19921
559.6092, 86.71968
561.5377, 87.66159
563.4661, 88.94433
565.3946, 90.64993
567.3231, 92.78178
569.2515, 94.05376
571.1800, 93.72741
573.1085, 94.14926
575.0369, 96.07303
576.9654, 97.93026
578.8939, 99.38990
580.8223, 100.6151
582.7508, 101.7308
584.6793, 102.5674
586.6077, 103.1121
588.5362, 103.2962
590.4647, 102.7896
592.3931, 101.5584
594.3216, 100.0494
596.2501, 98.26973
598.1785, 96.21831
600.1070, 93.82153
602.0355, 91.32293
603.9639, 88.69637
605.8924, 86.09396
607.8209, 83.55701
609.7493, 81.15379
611.6778, 78.93018
613.6063, 76.86388
615.5347, 74.80098
617.4632, 72.82472
619.3917, 71.46701
621.3201, 70.80855
623.2486, 70.02106
625.1771, 69.07076
627.1055, 68.23226
629.0340, 67.59634
630.9625, 66.86849
632.8909, 65.97968
634.8194, 64.96415
636.7479, 63.51967
638.6763, 62.30445
640.6048, 61.97761
642.5333, 62.06084
644.4617, 61.87341
646.3902, 61.44788
648.3187, 60.99072
650.2471, 60.50151
652.1756, 59.98499
654.1041, 59.46016
656.0325, 59.04372
657.9610, 58.73834
659.8895, 58.46096
661.8179, 58.25322
663.7464, 58.04679
665.6749, 57.62584
667.6033, 57.35142
669.5318, 57.68126
671.4603, 58.10532
673.3887, 58.00135
675.3172, 57.61483
677.2457, 57.44178
679.1741, 57.40040
681.1026, 57.17864
683.0311, 56.80451
684.9595, 56.68713
686.8880, 56.92236
688.8165, 57.00474
690.7449, 56.71814
692.6734, 56.57372
694.6019, 56.78481
696.5303, 56.97929
698.4588, 57.01530
700.3873, 57.00480
702.3157, 57.13984
704.2442, 57.22967
706.1727, 56.89016
708.1011, 56.32381
710.0296, 55.93419
711.9581, 55.70169
713.8865, 55.48650
715.8150, 55.28676
717.7435, 55.27344
719.6719, 55.54392
721.6004, 55.50312
723.5289, 54.87664
725.4573, 54.49886
727.3858, 54.49050
729.3143, 54.46643
731.2427, 54.27814
733.1712, 54.25185
735.0997, 54.79392
737.0281, 55.11256
738.9566, 54.40686
740.8851, 53.68464
742.8135, 53.82850
744.7420, 54.21780
746.6705, 54.22306
748.5989, 53.95707
750.5274, 53.53807
752.4559, 53.05001
754.3843, 52.83103
756.3128, 52.84831
758.2413, 52.83220
760.1697, 52.80814
762.0982, 52.98495
764.0267, 53.40231
765.9551, 53.66888
767.8836, 53.76555
769.8121, 53.57091
771.7405, 52.84513
773.6690, 52.31420
775.5975, 52.38086
777.5259, 52.48824
779.4544, 52.41447
781.3829, 52.34346
783.3113, 52.23708
785.2398, 52.16070
787.1683, 52.30663
789.0967, 52.55895
791.0252, 52.83857
792.9537, 53.08385
794.8821, 52.98951
796.8106, 52.68439
798.7391, 52.75837
800.6675, 53.10139
802.5960, 53.07056
804.5245, 52.67635
806.4529, 52.42019
808.3814, 52.32508
810.3099, 52.38090
812.2383, 52.64785
814.1668, 52.90882
816.0953, 53.25011
818.0237, 53.31453
819.9522, 52.77700
821.8807, 52.36898
823.8091, 52.27520
825.7376, 52.41423
827.6661, 52.95521
829.5945, 53.28814
831.5230, 53.04169
833.4515, 52.68953
835.3799, 52.40138
837.3084, 52.23494
839.2369, 52.42641
841.1653, 52.68830
843.0938, 52.57227
845.0223, 52.35449
846.9507, 52.52309
848.8792, 52.90286
850.8077, 53.09804
852.7361, 53.09971
854.6646, 52.88344
856.5931, 52.50692
858.5215, 52.48829
860.4500, 52.84836
862.3785, 52.88378
864.3069, 52.48070
866.2354, 52.37119
868.1639, 52.64135
870.0923, 52.85526
872.0208, 52.94031
873.9493, 53.22506
875.8777, 53.77279
877.8062, 54.34777
879.7347, 54.82198
881.6631, 55.65284
883.5916, 56.96621
885.5201, 58.56252
887.4485, 60.40382
889.3770, 62.55634
891.3055, 64.92019
893.2339, 67.73943
895.1624, 71.13924
897.0909, 75.07217
899.0193, 79.62285
900.9478, 84.38002
902.8763, 89.14787
904.8047, 94.09087
906.7332, 99.29415
908.6617, 104.8710
910.5901, 111.4207
912.5186, 117.7864
914.4471, 123.0793
916.3755, 126.8121
918.3040, 128.1740
920.2325, 127.3421
922.1609, 124.3639
924.0894, 119.4181
926.0179, 112.6310
927.9464, 104.7912
929.8748, 97.55408
931.8033, 90.73615
933.7318, 84.08495
935.6602, 77.75364
937.5887, 72.47151
939.5172, 68.17863
941.4456, 64.12610
943.3741, 60.30354
945.3026, 57.23647
947.2310, 54.98624
949.1595, 53.42132
951.0880, 52.51225
953.0164, 51.54857
954.9449, 50.46802
956.8734, 49.91537
958.8018, 49.98372
960.7303, 50.17379
962.6588, 50.58936
964.5872, 50.73426
966.5157, 50.49584
968.4442, 50.21139
970.3726, 49.97407
972.3011, 49.59163
974.2296, 48.80415
976.1580, 48.22502
978.0865, 48.06973
980.0150, 47.98749
981.9434, 47.83293
983.8719, 47.95655
985.8004, 48.47352
987.7288, 48.90924
989.6573, 49.18540
991.5858, 49.62458
993.5142, 50.31228
995.4427, 50.87105
997.3712, 51.19101
999.2996, 51.70592
1001.228, 52.59867
1003.157, 53.24535
1005.085, 53.47184
1007.013, 53.55922
1008.942, 53.56991
1010.870, 53.41420
1012.799, 52.99864
1014.727, 52.66448
1016.656, 52.52211
1018.584, 52.40571
1020.513, 52.11802
1022.441, 52.27010
1024.370, 53.11403
1026.298, 54.16144
1028.227, 55.19798
1030.155, 56.77633
1032.084, 59.20875
1034.012, 61.66461
1035.941, 63.87214
1037.869, 66.33429
1039.797, 69.28981
1041.726, 72.19209
1043.654, 74.85597
1045.583, 77.59742
1047.511, 80.96746
1049.440, 83.64512
1051.368, 85.14865
1053.297, 86.15595
1055.225, 87.14184
1057.154, 87.04727
1059.082, 85.27483
1061.011, 83.17830
1062.939, 81.12719
1064.868, 78.47974
1066.796, 74.72637
1068.724, 71.09910
1070.653, 67.90654
1072.581, 64.80315
1074.510, 61.56540
1076.438, 58.62729
1078.367, 56.06102
1080.295, 53.77867
1082.224, 51.84274
1084.152, 50.09661
1086.081, 48.31568
1088.009, 47.19184
1089.938, 47.17913
1091.866, 46.66796
1093.795, 45.19994
1095.723, 44.42314
1097.651, 44.71569
1099.580, 44.67743
1101.508, 44.09215
1103.437, 43.59217
1105.365, 43.23757
1107.294, 43.14914
1109.222, 43.35746
1111.151, 43.41479
1113.079, 43.25659
1115.008, 43.13192
1116.936, 43.15694
1118.865, 43.16206
1120.793, 43.04293
1122.722, 42.85676
1124.650, 42.60995
1126.578, 42.50708
1128.507, 42.56554
1130.435, 42.09972
1132.364, 41.19521
1134.292, 41.07148
1136.221, 41.57663
1138.149, 41.63356
1140.078, 41.32356
1142.006, 41.05268
1143.935, 40.85107
1145.863, 40.74431
1147.792, 40.66799
1149.720, 40.56303
1151.649, 40.53217
1153.577, 40.75368
1155.505, 40.91597
1157.434, 40.58271
1159.362, 40.19300
1161.291, 40.13473
1163.219, 40.18467
1165.148, 40.24711
1167.076, 40.29916
1169.005, 40.21413
1170.933, 40.13111
1172.862, 40.27055
1174.790, 40.43646
1176.719, 40.49190
1178.647, 40.41034
1180.576, 40.20340
1182.504, 39.94433
1184.432, 39.67374
1186.361, 39.44411
1188.289, 39.07932
1190.218, 38.79903
1192.146, 38.78660
1194.075, 38.71961
1196.003, 38.59626
1197.932, 38.40228
1199.860, 38.12329
1201.789, 37.78355
1203.717, 37.28802
1205.646, 37.05387
1207.574, 37.15667
1209.503, 37.34037
1211.431, 37.50136
1213.359, 37.29153
1215.288, 36.84967
1217.216, 36.39574
1219.145, 35.97619
1221.073, 36.03255
1223.002, 36.32787
1224.930, 36.09479
1226.859, 35.71912
1228.787, 35.93456
1230.716, 36.25665
1232.644, 36.26720
1234.573, 36.11318
1236.501, 35.77086
1238.430, 35.58789
1240.358, 35.76636
1242.286, 35.79866
1244.215, 35.47152
1246.143, 35.32544
1248.072, 35.52622
1250.000, 35.46223
1251.929, 35.04438
1253.857, 34.82087
1255.786, 34.80860
1257.714, 34.83125
1259.643, 34.96663
1261.571, 35.07172
1263.500, 35.00235
1265.428, 34.66305
1267.357, 34.27784
1269.285, 34.60455
1271.214, 35.23774
1273.142, 34.98956
1275.070, 34.35830
1276.999, 34.31891
1278.927, 34.55992
1280.856, 34.73751
1282.784, 34.80271
1284.713, 34.57568
1286.641, 34.33424
1288.570, 34.31934
1290.498, 34.46114
1292.427, 34.75090
1294.355, 34.95475
1296.284, 35.04704
1298.212, 34.96624
1300.141, 34.71188
1302.069, 34.64647
1303.997, 34.69810
1305.926, 34.73462
1307.854, 34.76821
1309.783, 34.61189
1311.711, 34.43932
1313.640, 34.64519
1315.568, 34.86049
1317.497, 34.74651
1319.425, 34.60407
1321.354, 34.41607
1323.282, 34.28404
1325.211, 34.43338
1327.139, 34.52771
1329.068, 34.31080
1330.996, 34.14231
1332.924, 34.31289
1334.853, 34.46549
1336.781, 34.36169
1338.710, 34.26967
1340.638, 34.30050
1342.567, 34.40965
1344.495, 34.57569
1346.424, 34.56773
1348.352, 34.41085
1350.281, 34.30642
1352.209, 34.21413
1354.138, 34.00396
1356.066, 33.81204
1357.995, 33.76188
1359.923, 33.84100
1361.851, 34.17077
1363.780, 34.28732
1365.708, 33.98915
1367.637, 33.92125
1369.565, 34.08714
1371.494, 33.99595
1373.422, 33.75346
1375.351, 33.79736
1377.279, 33.90720
1379.208, 33.68839
1381.136, 33.45352
1383.065, 33.31151
1384.993, 33.28032
1386.922, 33.89764
1388.850, 34.42109
1390.778, 33.99576
1392.707, 33.43622
1394.635, 33.04716
1396.564, 32.88509
1398.492, 33.08535
1400.421, 33.32214
1402.349, 33.59812
1404.278, 33.73657
1406.206, 33.71428
1408.135, 33.67543
1410.063, 33.62151
1411.992, 33.51959
1413.920, 33.41319
1415.849, 33.35851
1417.777, 33.35789
1419.705, 33.32799
1421.634, 33.25566
1423.562, 33.34952
1425.491, 33.44951
1427.419, 33.28606
1429.348, 33.32393
1431.276, 33.73936
1433.205, 33.66750
1435.133, 33.15308
1437.062, 32.92451
1438.990, 32.93028
1440.919, 32.98459
1442.847, 33.05797
1444.776, 33.27521
1446.704, 33.44448
1448.632, 33.16840
1450.561, 32.88470
1452.489, 32.96833
1454.418, 33.15267
1456.346, 33.11321
1458.275, 32.96609
1460.203, 32.92469
1462.132, 32.94011
1464.060, 32.94077
1465.989, 33.03290
1467.917, 33.15546
1469.846, 32.91605
1471.774, 32.58307
1473.703, 32.45014
1475.631, 32.38651
1477.559, 32.51584
1479.488, 32.46903
1481.416, 32.14973
1483.345, 32.02747
1485.273, 32.12474
1487.202, 32.44288
1489.130, 32.73673
1491.059, 32.63005
1492.987, 32.42534
1494.916, 32.43547
1496.844, 32.33305
1498.773, 31.91126
1500.701, 31.64921
1502.630, 31.61541
1504.558, 31.70778
1506.486, 31.91099
1508.415, 31.74357
1510.343, 31.28699
1512.272, 31.37316
1514.200, 31.88588
1516.129, 32.24322
1518.057, 32.20464
1519.986, 31.74260
1521.914, 31.40859
1523.843, 31.52909
1525.771, 31.60814
1527.700, 31.29253
1529.628, 31.25531
1531.557, 31.48208
1533.485, 31.47996
1535.413, 31.43669
1537.342, 31.44658
1539.270, 31.35065
1541.199, 31.04583
1543.127, 30.78593
1545.056, 30.75200
1546.984, 30.86144
1548.913, 31.02496
1550.841, 31.26747
1552.770, 31.48034
1554.698, 31.29815
1556.627, 30.95975
1558.555, 30.84117
1560.484, 30.78224
1562.412, 30.66447
1564.340, 30.66085
1566.269, 30.67171
1568.197, 30.62420
1570.126, 30.63343
1572.054, 30.62951
1573.983, 30.62201
1575.911, 30.30220
1577.840, 30.03853
1579.768, 30.53779
1581.697, 31.06204
1583.625, 31.12197
1585.554, 30.97948
1587.482, 30.74414
1589.411, 30.66793
1591.339, 30.80943
1593.267, 31.03415
1595.196, 31.12843
1597.124, 31.15863
1599.053, 31.21020
1600.981, 31.23541
1602.910, 31.27802
1604.838, 31.33914
1606.767, 31.39197
1608.695, 31.33884
1610.624, 31.09265
1612.552, 30.92639
1614.481, 30.83495
1616.409, 30.71447
1618.338, 30.98281
1620.266, 31.40853
1622.194, 31.56429
1624.123, 31.33718
1626.051, 30.91846
1627.980, 30.92848
1629.908, 31.27598
1631.837, 31.65902
1633.765, 31.84476
1635.694, 31.77791
1637.622, 32.01024
1639.551, 32.49643
1641.479, 32.73023
1643.408, 32.88557
1645.336, 32.82826
1647.265, 32.68563
1649.193, 32.82679
1651.121, 32.85592
1653.050, 32.75481
1654.978, 32.65421
1656.907, 32.47922
1658.835, 32.29939
1660.764, 32.02069
1662.692, 32.05793
1664.621, 32.06963
1666.549, 31.68037
1668.478, 31.34893
1670.406, 30.94110
1672.335, 30.35939
1674.263, 29.88718
1676.192, 29.72982
1678.120, 29.73906
1680.048, 29.68274
1681.977, 29.40676
1683.905, 29.26427
1685.834, 29.24290
1687.762, 28.99197
1689.691, 28.63025
1691.619, 28.20646
1693.548, 28.17755
1695.476, 28.49064
1697.405, 28.57812
1699.333, 28.46583
1701.262, 28.23230
1703.190, 28.03273
1705.119, 27.96741
1707.047, 27.81273
1708.975, 27.63283
1710.904, 27.54661
1712.832, 27.37871
1714.761, 27.41058
1716.689, 27.65529
1718.618, 27.72545
1720.546, 27.57365
1722.475, 27.35752
1724.403, 27.30836
1726.332, 27.33753
1728.260, 27.33926
1730.189, 27.27566
1732.117, 27.22263
1734.046, 27.23980
1735.974, 27.23272
1737.902, 27.11797
1739.831, 26.96263
1741.759, 26.77776
1743.688, 26.65066
1745.616, 26.80991
1747.545, 26.85060
1749.473, 26.70033
1751.402, 26.72572
1753.330, 26.83807
1755.259, 26.75757
1757.187, 26.57369
1759.116, 26.31988
1761.044, 26.26701
1762.973, 26.49099
1764.901, 26.39924
1766.829, 26.09598
1768.758, 26.14610
1770.686, 26.28918
1772.615, 26.29330
1774.543, 26.25373
1776.472, 26.27361
1778.400, 26.19232
1780.329, 25.77504
1782.257, 25.60860
1784.186, 25.79349
1786.114, 25.83186
1788.043, 25.83282
1789.971, 25.87765
1791.900, 25.86093
1793.828, 25.74759
1795.756, 25.48290
1797.685, 25.31478
1799.613, 25.58318
1801.542, 25.71994
1803.470, 25.46371
1805.399, 25.23353
1807.327, 25.08787
1809.256, 24.94432
1811.184, 24.95699
1813.113, 25.13118
1815.041, 25.18359
1816.970, 25.10623
1818.898, 24.95379
1820.827, 24.78662
1822.755, 24.78980
1824.683, 24.82952
1826.612, 24.79106
1828.540, 24.83083
1830.469, 24.61875
1832.397, 24.36706
1834.326, 24.50687
1836.254, 24.46628
1838.183, 24.29316
1840.111, 24.08501
1842.040, 23.98452
1843.968, 24.23806
1845.897, 24.33350
1847.825, 24.22109
1849.754, 24.03289
1851.682, 23.79951
1853.610, 23.74045
1855.539, 23.75391
1857.467, 23.76638
1859.396, 23.71903
1861.324, 23.64274
1863.253, 23.55574
1865.181, 23.41299
1867.110, 23.35568
1869.038, 23.32921
1870.967, 23.30993
1872.895, 23.18186
1874.824, 23.04574
1876.752, 23.01852
1878.681, 23.11664
1880.609, 23.36747
1882.537, 23.27580
1884.466, 23.01309
1886.394, 22.88867
1888.323, 22.75521
1890.251, 22.66151
1892.180, 22.67351
1894.108, 22.67505
1896.037, 22.74785
1897.965, 22.89569
1899.894, 22.73324
1901.822, 22.40501
1903.751, 22.22960
1905.679, 22.35061
1907.608, 22.49032
1909.536, 22.27088
1911.464, 22.00031
1913.393, 21.85476
1915.321, 21.92228
1917.250, 21.88494
1919.178, 21.85479
1921.107, 21.96792
1923.035, 21.91726
1924.964, 21.85994
1926.892, 21.78404
1928.821, 21.51299
1930.749, 21.39837
1932.678, 21.52056
1934.606, 21.56649
1936.535, 21.44872
1938.463, 21.39530
1940.391, 21.49374
1942.320, 21.51858
1944.248, 21.47105
1946.177, 21.49493
1948.105, 21.33894
1950.034, 21.10551
1951.962, 21.08703
1953.891, 21.02328
1955.819, 21.05894
1957.748, 21.06604
1959.676, 20.86571
1961.605, 20.74168
1963.533, 20.65537
1965.462, 20.69132
1967.390, 20.74171
1969.318, 20.75197
1971.247, 20.86371
1973.175, 20.85397
1975.104, 20.61467
1977.032, 20.38798
1978.961, 20.10822
1980.889, 20.07065
1982.818, 20.15668
1984.746, 20.12732
1986.675, 20.10364
1988.603, 19.85575
1990.532, 19.55493
1992.460, 19.43612
1994.389, 19.52851
1996.317, 19.58728
1998.245, 19.39187
2000.174, 19.49534
2002.102, 19.88612
2004.031, 19.93914
2005.959, 19.82917
2007.888, 19.56595
2009.816, 19.35802
2011.745, 19.32446
2013.673, 19.35731
2015.602, 19.47393
2017.530, 19.53971
2019.459, 19.44788
2021.387, 19.29010
2023.316, 19.06345
2025.244, 18.89020
2027.172, 18.83810
2029.101, 18.85122
2031.029, 19.01458
2032.958, 18.78954
2034.886, 18.51692
2036.815, 18.56422
2038.743, 18.55260
2040.672, 18.52287
2042.600, 18.42289
2044.529, 18.32718
2046.457, 18.40723
2048.386, 18.30480
2050.314, 18.01542
2052.243, 18.07574
2054.171, 18.26229
2056.100, 18.04035
2058.028, 17.94197
2059.957, 18.08000
2061.885, 18.06246
2063.813, 17.90649
2065.742, 17.65670
2067.670, 17.69970
2069.599, 18.82285
2071.527, 19.06730
2073.456, 17.95075
2075.384, 17.63076
2077.313, 17.69487
2079.241, 17.83404
2081.170, 17.74010
2083.098, 17.35090
2085.027, 17.29902
2086.955, 17.24354
2088.884, 16.94581
2090.812, 16.91219
2092.740, 17.04370
2094.669, 17.12842
2096.597, 17.17012
2098.526, 17.11956
2100.454, 16.94386
2102.383, 16.82818
2104.311, 16.83657
2106.240, 16.85081
2108.168, 16.99670
2110.097, 16.71576
2112.025, 16.37181
2113.954, 16.76707
2115.882, 16.90481
2117.811, 16.66633
2119.739, 16.58778
2121.667, 16.52787
2123.596, 16.52375
2125.524, 16.51928
2127.453, 16.57541
2129.381, 16.65174
2131.310, 16.66089
2133.238, 16.57455
2135.167, 16.46591
2137.095, 16.35717
2139.024, 16.35196
2140.952, 16.27518
2142.881, 16.03757
2144.809, 16.02064
2146.738, 16.12707
2148.666, 16.08618
2150.594, 15.95440
2152.523, 15.90800
2154.451, 15.88766
2156.380, 15.89489
2158.308, 16.02317
2160.237, 15.88105
2162.165, 15.51976
2164.094, 15.47367
2166.022, 15.57584
2167.951, 15.64663
2169.879, 15.64609
2171.808, 15.49527
2173.736, 15.38591
2175.665, 15.33628
2177.593, 15.31964
2179.521, 15.37427
2181.450, 15.43800
2183.378, 15.60505
2185.307, 15.60868
2187.235, 15.32326
2189.164, 15.11165
2191.092, 15.02209
2193.021, 15.15513
2194.949, 15.10551
2196.878, 14.94920
2198.806, 14.95570
2200.735, 14.93515
2202.663, 14.97239
2204.592, 14.71208
2206.520, 14.35782
2208.448, 14.47846
2210.377, 14.63428
2212.305, 14.73831
2214.234, 14.68883
2216.162, 14.59295
2218.091, 14.69001
2220.019, 14.60517
2221.948, 14.24814
2223.876, 14.20821
2225.805, 14.31424
2227.733, 14.13465
2229.662, 14.35392
2231.590, 14.75990
2233.519, 14.53644
2235.447, 14.39471
2237.375, 14.54320
2239.304, 14.32443
2241.232, 14.12787
2243.161, 14.29467
2245.089, 14.34221
2247.018, 14.21962
2248.946, 14.04732
2250.875, 13.91972
2252.803, 13.85723
2254.732, 13.84555
2256.660, 13.85618
2258.589, 13.89883
2260.517, 13.76175
2262.446, 13.56059
2264.374, 13.62942
2266.302, 13.62958
2268.231, 13.51208
2270.159, 13.61985
2272.088, 13.73274
2274.016, 13.43666
2275.945, 13.25127
2277.873, 13.28719
2279.802, 13.21402
2281.730, 13.15622
2283.659, 13.19813
2285.587, 13.01576
2287.516, 12.84926
2289.444, 12.92356
2291.373, 12.94881
2293.301, 13.00518
2295.229, 13.02648
2297.158, 12.96511
2299.086, 12.82128
2301.015, 12.69959
2302.943, 12.71090
2304.872, 12.85175
2306.800, 12.78205
2308.729, 12.68189
2310.657, 12.83997
2312.586, 12.82354
2314.514, 12.41501
2316.443, 12.50018
2318.371, 12.66716
2320.300, 12.41872
2322.228, 12.41257
2324.156, 12.51120
2326.085, 12.54585
2328.013, 12.50259
2329.942, 12.37656
2331.870, 12.25695
2333.799, 12.12498
2335.727, 12.14693
2337.656, 12.07150
2339.584, 12.02807
2341.513, 12.19547
2343.441, 12.22467
2345.370, 12.10054
2347.298, 12.08844
2349.227, 12.05629
2351.155, 11.77347
2353.083, 11.66743
2355.012, 11.68237
2356.940, 11.61879
2358.869, 11.43090
2360.797, 11.31360
2362.726, 11.52068
2364.654, 11.59242
2366.583, 11.47933
2368.511, 11.54628
2370.440, 11.57374
2372.368, 11.48430
2374.297, 11.42780
2376.225, 11.32561
2378.154, 11.15388
2380.082, 11.18006
2382.010, 11.14236
2383.939, 10.97368
2385.867, 10.83970
2387.796, 10.64127
2389.724, 10.87831
2391.653, 11.10731
2393.581, 10.98701
2395.510, 11.08564
2397.438, 11.14848
2399.367, 10.69654
2401.295, 10.65800
2403.224, 10.77530
2405.152, 10.78810
2407.081, 10.80566
2409.009, 10.69625
2410.938, 10.57748
2412.866, 10.49371
2414.794, 10.48203
2416.723, 10.34016
2418.651, 10.17584
2420.580, 10.23400
2422.508, 10.27890
2424.437, 10.27888
2426.365, 10.31187
2428.294, 10.19486
2430.222, 10.06344
2432.151, 10.05214
2434.079, 10.02861
2436.008, 10.06517
2437.936, 9.888760
2439.865, 9.757916
2441.793, 9.743341
2443.721, 9.818542
2445.650, 9.895877
2447.578, 9.708963
2449.507, 9.615596
2451.435, 9.705228
2453.364, 9.619437
2455.292, 9.615255
2457.221, 9.783112
2459.149, 9.800318
2461.078, 9.709259
2463.006, 9.621576
2464.935, 9.525106
2466.863, 9.462187
2468.792, 9.462240
2470.720, 9.257766
2472.648, 9.200685
2474.577, 9.348807
2476.505, 9.296039
2478.434, 9.193432
2480.362, 9.089371
2482.291, 8.964410
2484.219, 8.867322
2486.148, 8.852334
2488.076, 9.062769
2490.005, 9.197148
2491.933, 8.881449
2493.862, 8.819993
2495.790, 8.891644
2497.719, 9.088880
2499.647, 9.055206
2501.575, 8.857243
2503.504, 8.824889
2505.432, 8.793366
2507.361, 8.880466
2509.289, 8.516452
2511.218, 8.347884
2513.146, 8.848629
2515.075, 8.727554
2517.003, 8.423185
2518.932, 8.284872
2520.860, 8.245084
2522.789, 8.232194
2524.717, 8.160483
2526.646, 8.224146
2528.574, 8.186658
2530.502, 8.118063
2532.431, 8.197306
2534.359, 8.204695
2536.288, 8.201346
2538.216, 8.182997
2540.145, 8.131822
2542.073, 8.213258
2544.002, 8.128243
2545.930, 8.085835
2547.859, 8.223292
2549.787, 8.077422
2551.716, 7.915367
2553.644, 8.117072
2555.573, 8.111582
2557.501, 7.972948
2559.429, 8.083049
2561.358, 8.028137
2563.286, 7.849752
2565.215, 7.884621
2567.143, 7.773597
2569.072, 7.627877
2571.000, 7.590790
2572.929, 7.494151
2574.857, 7.383596
2576.786, 7.561541
2578.714, 7.729624
2580.643, 7.865305
2582.571, 7.811727
2584.500, 7.593852
2586.428, 7.369145
2588.356, 7.294768
2590.285, 7.154319
2592.213, 7.052554
2594.142, 7.190996
2596.070, 7.256825
2597.999, 7.174628
2599.927, 7.415204
2601.856, 7.531501
2603.784, 7.281012
2605.713, 7.188307
2607.641, 7.108447
2609.570, 7.102750
2611.498, 7.203348
2613.427, 7.124696
2615.355, 6.946480
2617.283, 7.069602
2619.212, 7.075168
2621.140, 7.055391
2623.069, 7.154905
2624.997, 7.166348
2626.926, 7.098164
2628.854, 6.917150
2630.783, 6.823872
2632.711, 6.913043
2634.640, 6.594006
2636.568, 6.414556
2638.497, 6.675300
2640.425, 6.914236
2642.354, 6.848011
2644.282, 6.606232
2646.210, 6.665720
2648.139, 6.763867
2650.067, 6.936105
2651.996, 6.922714
2653.924, 6.721933
2655.853, 6.510238
2657.781, 6.590048
2659.710, 6.473334
2661.638, 6.324424
2663.567, 6.504753
2665.495, 6.456677
2667.424, 6.309053
2669.352, 6.275770
2671.281, 6.345263
2673.209, 6.531960
2675.137, 6.375352
2677.066, 6.195613
2678.994, 6.165317
2680.923, 6.163640
2682.851, 6.402742
2684.780, 6.635234
2686.708, 6.159159
2688.637, 6.065905
2690.565, 6.222759
2692.494, 6.162611
2694.422, 6.102488
2696.351, 6.092169
2698.279, 6.248290
2700.208, 6.106940
2702.136, 5.919744
2704.064, 5.855836
2705.993, 5.740791
2707.921, 5.753176
2709.850, 5.876933
2711.778, 5.781013
2713.707, 5.808442
2715.635, 6.041412
2717.564, 5.799814
2719.492, 5.565783
2721.421, 5.621073
2723.349, 5.724576
2725.278, 5.714538
2727.206, 5.586185
2729.135, 5.731514
2731.063, 5.863135
2732.991, 5.827436
2734.920, 5.659020
2736.848, 5.548858
2738.777, 5.477280
2740.705, 5.342481
2742.634, 5.421511
2744.562, 5.460529
2746.491, 5.470648
2748.419, 5.411928
2750.348, 5.487956
2752.276, 5.571093
2754.205, 5.436121
2756.133, 5.215546
2758.062, 5.186379
2759.990, 5.446666
2761.918, 5.550881
2763.847, 5.541642
2765.775, 5.361609
2767.704, 5.321920
2769.632, 5.295589
2771.561, 4.994853
2773.489, 5.031441
2775.418, 5.218370
2777.346, 5.416123
2779.275, 5.215745
2781.203, 5.065926
2783.132, 5.104972
2785.060, 5.217362
2786.989, 5.154417
2788.917, 5.063128
2790.845, 5.086410
2792.774, 4.950544
2794.702, 4.759662
2796.631, 4.883016
2798.559, 4.868704
2800.488, 4.751709
2802.416, 4.787810
2804.345, 4.787359
2806.273, 4.701987
2808.202, 4.623401
2810.130, 4.842338
2812.059, 4.865945
2813.987, 4.681938
2815.916, 4.595956
2817.844, 4.627211
2819.772, 4.714398
2821.701, 4.529574
2823.629, 4.542230
2825.558, 4.769226
2827.486, 4.827161
2829.415, 4.574204
2831.343, 4.392514
2833.272, 4.360776
2835.200, 4.354823
2837.129, 4.317011
2839.057, 4.338667
2840.986, 4.629286
2842.914, 4.688165
2844.843, 4.544996
2846.771, 4.236946
2848.699, 4.164099
2850.628, 4.208008
2852.556, 4.325325
2854.485, 4.461186
2856.413, 4.441590
2858.342, 4.069299
2860.270, 3.821131
2862.199, 3.799995
2864.127, 3.854687
2866.056, 3.918040
2867.984, 4.081671
2869.913, 4.178881
2871.841, 4.028610
2873.770, 3.866923
2875.698, 3.860767
2877.626, 3.868090
2879.555, 4.111867
2881.483, 3.995186
2883.412, 3.625767
2885.340, 3.673589
2887.269, 3.748693
2889.197, 3.807657
2891.126, 3.981609
2893.054, 3.553677
2894.983, 3.533737
2896.911, 3.847059
2898.840, 3.658695
2900.768, 3.686592
2902.697, 3.821861
2904.625, 3.717487
2906.553, 3.607515
2908.482, 3.551241
2910.410, 3.490247
2912.339, 3.593922
2914.267, 3.583461
2916.196, 3.571582
2918.124, 3.751998
2920.053, 3.471863
2921.981, 3.306366
2923.910, 3.592594
2925.838, 3.602972
2927.767, 3.501616
2929.695, 3.505329
2931.624, 3.536203
2933.552, 3.573400
2935.480, 3.505571
2937.409, 3.228096
2939.337, 3.116369
2941.266, 3.174585
2943.194, 3.202635
2945.123, 3.389460
2947.051, 3.405712
2948.980, 3.166798
2950.908, 2.989571
2952.837, 3.122396
2954.765, 3.248559
2956.694, 3.380466
2958.622, 3.320502
2960.551, 3.103263
2962.479, 3.075652
2964.407, 3.410896
2966.336, 3.227859
2968.264, 2.991927
2970.193, 2.785851
2972.121, 2.753981
2974.050, 3.024306
2975.978, 3.125548
2977.907, 2.830856
2979.835, 2.826476
2981.764, 3.092594
2983.692, 3.235919
2985.621, 3.134483
2987.549, 3.067620
2989.478, 2.890460
2991.406, 2.680343
2993.334, 2.881695
2995.263, 2.982189
2997.191, 2.866028
2999.120, 2.540996
3001.048, 2.409051
3002.977, 2.440183
3004.905, 2.655196
3006.834, 3.647756
3008.762, 3.464468
3010.691, 2.776470
3012.619, 2.916698
3014.548, 2.984613
3016.476, 2.829065
3018.405, 2.663801
3020.333, 2.844117
3022.261, 2.711211
3024.190, 2.419823
3026.118, 2.517685
3028.047, 2.571669
3029.975, 2.561116
3031.904, 2.570174
3033.832, 2.698328
3035.761, 2.768508
3037.689, 2.685785
3039.618, 2.423966
3041.546, 2.709868
3043.475, 2.517459
3045.403, 2.309900
3047.332, 2.759540
3049.260, 2.611085
3051.188, 2.357899
3053.117, 2.319817
3055.045, 2.531164
3056.974, 2.555914
3058.902, 2.553355
3060.831, 2.615848
3062.759, 2.474990
3064.688, 2.513369
3066.616, 2.511660
3068.545, 2.240454
3070.473, 2.355473
3072.402, 2.366047
3074.330, 2.322175
3076.259, 2.583873
3078.187, 2.514848
3080.115, 2.530162
3082.044, 2.633689
3083.972, 2.108063
3085.901, 2.177677
3087.829, 2.372855
3089.758, 2.238086
3091.686, 2.073924
3093.615, 2.289740
3095.543, 2.502963
3097.472, 2.417692
3099.400, 2.034202
3101.329, 2.158672
3103.257, 2.438715
3105.186, 2.203959
3107.114, 2.201820
3109.042, 2.212853
3110.971, 2.221575
3112.899, 2.259900
3114.828, 2.271358
3116.756, 2.300545
3118.685, 2.434281
3120.613, 2.399988
3122.542, 2.159970
3124.470, 2.030847
3126.399, 2.215256
3128.327, 2.272513
3130.256, 2.135518
3132.184, 2.071208
3134.113, 2.174066
3136.041, 2.133629
3137.969, 2.101494
3139.898, 2.120870
3141.826, 2.197487
3143.755, 2.480072
3145.683, 2.385165
3147.612, 1.997136
3149.540, 1.950306
3151.469, 2.036223
3153.397, 2.157328
3155.326, 2.262338
3157.254, 2.299722
3159.183, 2.389811
3161.111, 2.269759
3163.040, 2.009267
3164.968, 2.181874
3166.896, 2.000436
3168.825, 2.027039
3170.753, 2.323255
3172.682, 2.340481
3174.610, 2.293719
3176.539, 2.228412
3178.467, 2.243797
3180.396, 2.343938
3182.324, 2.289928
3184.253, 2.253153
3186.181, 2.287858
3188.110, 1.989989
3190.038, 2.095054
3191.967, 2.304370
3193.895, 2.411679
3195.823, 2.416405
3197.752, 2.258442
3199.680, 2.226489
3201.609, 2.289278
3203.537, 2.287265
3205.466, 2.347515
3207.394, 2.365616
3209.323, 2.328462
3211.251, 2.250048
3213.180, 2.207696
3215.108, 2.237622
3217.037, 2.360267
3218.965, 2.282070
3220.894, 2.397377
3222.822, 2.496323
3224.750, 2.343566
3226.679, 2.168747
3228.607, 2.002284
3230.536, 2.096001
3232.464, 2.305472
3234.393, 2.152531
3236.321, 2.082056
3238.250, 1.904819
3240.178, 1.817095
3242.107, 1.877606
3244.035, 2.159019
3245.964, 2.025111
3247.892, 1.901750
3249.821, 2.503779
3251.749, 2.341913
3253.677, 2.130574
3255.606, 2.049809
3257.534, 2.238747
3259.463, 2.331679
3261.391, 2.413868
3263.320, 2.372719
3265.248, 2.213303
3267.177, 2.498040
3269.105, 2.474921
3271.034, 2.160387
3272.962, 1.928348
3274.891, 2.078734
3276.819, 2.377996
3278.748, 2.495658
3280.676, 2.440262
3282.604, 2.378216
3284.533, 2.265993
3286.461, 1.909038
3288.390, 1.679632
3290.318, 2.129869
3292.247, 1.951029
3294.175, 2.047947
3296.104, 2.248359
3298.032, 2.288311
3299.961, 2.412975
3301.889, 2.224350
3303.818, 2.202483
3305.746, 2.470998
3307.675, 2.118020
3309.603, 2.249381
3311.531, 2.217946
3313.460, 2.100165
3315.388, 2.357355
3317.317, 2.163638
3319.245, 2.312636
3321.174, 2.414036
3323.102, 1.934471
3325.031, 2.030092
3326.959, 2.046402
3328.888, 2.036859
3330.816, 2.086233
3332.745, 1.879640
3334.673, 1.970464
3336.602, 2.208126
3338.530, 2.327746
3340.458, 2.192741
3342.387, 2.399252
3344.315, 2.293989
3346.244, 2.224060
3348.172, 2.514302
3350.101, 2.352518
3352.029, 2.355601
3353.958, 2.395142
3355.886, 2.344359
3357.815, 2.242726
3359.743, 2.441996
3361.672, 2.210005
3363.600, 2.042806
3365.529, 2.380588
3367.457, 2.335745
3369.385, 2.348022
3371.314, 2.488521
3373.242, 2.551958
3375.171, 2.154583
3377.099, 1.991343
3379.028, 2.053115
3380.956, 2.146332
3382.885, 2.052345
3384.813, 1.480254
3386.742, 1.743390
3388.670, 1.965757
3390.599, 1.888845
3392.527, 1.926017
3394.456, 1.843457
3396.384, 2.299364
3398.313, 2.460740
3400.241, 1.870981
3402.169, 1.862271
3404.098, 1.841141
3406.026, 1.780104
3407.955, 1.874309
3409.883, 2.254575
3411.812, 2.018626
3413.740, 2.098640
3415.669, 2.225068
3417.597, 2.212966
3419.526, 2.144759
3421.454, 2.000709
3423.383, 1.907745
3425.311, 2.072796
3427.240, 2.400363
3429.168, 2.059674
3431.096, 1.894720
3433.025, 1.989792
3434.953, 2.075422
3436.882, 1.902496
3438.810, 1.826533
3440.739, 2.029384
3442.667, 2.132221
3444.596, 2.060050
3446.524, 1.991073
3448.453, 1.713537
3450.381, 2.058304
3452.310, 2.389808
3454.238, 2.330373
3456.167, 2.083689
3458.095, 1.955677
3460.023, 1.805014
3461.952, 1.619805
3463.880, 1.429461
3465.809, 1.241512
3467.737, 1.455472
3469.666, 1.580838
3471.594, 1.476562
3473.523, 1.274659
3475.451, 1.463430
3477.380, 1.706896
3479.308, 1.826741
3481.237, 1.696237
3483.165, 1.404025
3485.094, 1.650336
3487.022, 1.862294
3488.950, 1.816696
3490.879, 1.492532
3492.807, 1.114461
3494.736, 1.589124
3496.664, 1.567720
3498.593, 1.480001
3500.521, 1.425087
3502.450, 1.340333
3504.378, 1.472942
3506.307, 1.406412
3508.235, 0.9748200
3510.164, 0.8092642
3512.092, 1.329733
3514.021, 1.599946
3515.949, 1.119381
3517.877, 1.162040
3519.806, 1.400175
3521.734, 1.254949
3523.663, 1.200862
3525.591, 1.279616
3527.520, 1.504023
3529.448, 1.614041
3531.377, 1.487289
3533.305, 1.413485
3535.234, 1.393134
3537.162, 1.249001
3539.091, 1.119326
3541.019, 1.168191
3542.948, 1.463125
3544.876, 1.381843
3546.804, 1.110149
3548.733, 1.206702
3550.661, 1.453964
3552.590, 1.115522
3554.518, 1.296984
3556.447, 1.533202
3558.375, 1.577366
3560.304, 1.439761
3562.232, 1.259926
3564.161, 1.206437
3566.089, 0.8900399
3568.018, 0.8779858
3569.946, 1.261013
3571.875, 1.679591
3573.803, 1.336464
3575.731, 1.485587
3577.660, 1.010168
3579.588, 0.8669206
3581.517, 1.352202
3583.445, 1.521409
3585.374, 0.9145649
3587.302, 0.7021364
3589.231, 0.8208484
3591.159, 1.080900
3593.088, 1.301720
3595.016, 0.7528103
3596.945, 0.9456405
3598.873, 1.326658
3600.802, 1.440554
3602.730, 1.185378
3604.658, 0.7663966
3606.587, 1.275980
3608.515, 1.369089
3610.444, 1.111693
3612.372, 0.9945710
3614.301, 1.248676
3616.229, 1.039340
3618.158, 1.296040
3620.086, 1.527826
3622.015, 1.328971
3623.943, 1.060550
3625.872, 1.476265
3627.800, 1.348506
3629.729, 1.253705
3631.657, 1.305652
3633.585, 1.204703
3635.514, 0.8894926
3637.442, 1.017445
3639.371, 0.9080533
3641.299, 1.152201
3643.228, 1.412497
3645.156, 1.358853
3647.085, 1.041006
3649.013, 1.324181
3650.942, 1.390148
3652.870, 1.144088
3654.799, 1.047941
3656.727, 1.151671
3658.656, 1.069440
3660.584, 1.174319
3662.512, 0.9530615
3664.441, 1.118813
3666.369, 1.073721
3668.298, 0.9103743
3670.226, 1.759024
3672.155, 1.615555
3674.083, 1.151199
3676.012, 1.213172
3677.940, 1.237306
3679.869, 1.022350
3681.797, 1.292543
3683.726, 1.168595
3685.654, 1.088427
3687.583, 1.213440
3689.511, 1.175430
3691.439, 0.9316403
3693.368, 0.9725248
3695.296, 0.7906588
3697.225, 0.8731140
3699.153, 1.072739
3701.082, 0.9827429
3703.010, 0.7722046
3704.939, 1.123716
3706.867, 0.9858497
3708.796, 1.246194
3710.724, 1.009372
3712.653, 0.7287649
3714.581, 0.8460849
3716.510, 1.158724
3718.438, 0.9842934
3720.366, 0.7639709
3722.295, 0.6976222
3724.223, 0.8074726
3726.152, 0.9843188
3728.080, 1.082654
3730.009, 1.029782
3731.937, 0.9278032
3733.866, 0.9415901
3735.794, 1.085310
3737.723, 0.9805592
3739.651, 0.6649669
3741.580, 1.033081
3743.508, 1.027362
3745.437, 0.8164796
3747.365, 0.9776676
3749.293, 1.071682
3751.222, 0.8272369
3753.150, 0.5930014
3755.079, 0.8077019
3757.007, 0.8053344
3758.936, 0.8252668
3760.864, 0.9223546
3762.793, 0.9597213
3764.721, 0.8528000
3766.650, 0.7239008
3768.578, 0.6653662
3770.507, 1.209250
3772.435, 1.233983
3774.364, 1.108882
3776.292, 1.166224
3778.220, 1.130286
3780.149, 1.128455
3782.077, 1.098304
3784.006, 1.022013
3785.934, 1.084286
3787.863, 1.134932
3789.791, 1.046318
3791.720, 0.9598749
3793.648, 1.026854
3795.577, 1.112931
3797.505, 0.9148334
3799.434, 0.8432111
3801.362, 0.9859468
3803.291, 1.116629
3805.219, 1.094895
3807.147, 1.338921
3809.076, 1.149902
3811.004, 1.282651
3812.933, 0.8284827
3814.861, 0.5239302
3816.790, 0.9493629
3818.718, 0.8604309
3820.647, 0.9397074
3822.575, 0.5979169
3824.504, 0.8991251
3826.432, 0.9104800
3828.361, 0.6386153
3830.289, 0.6156949
3832.218, 0.8838168
3834.146, 1.024588
3836.074, 0.8628026
3838.003, 0.8417932
3839.931, 0.8217348
3841.860, 0.8112508
3843.788, 0.8969306
3845.717, 1.087403
3847.645, 1.407398
3849.574, 0.9706433
3851.502, 0.7915223
3853.431, 1.065664
3855.359, 1.035874
3857.288, 0.7805256
3859.216, 0.8659506
3861.145, 0.7923900
3863.073, 0.6488725
3865.001, 1.113572
3866.930, 0.9130967
3868.858, 0.8880874
3870.787, 1.275725
3872.715, 1.548074
3874.644, 1.438311
3876.572, 1.349353
3878.501, 0.9733258
3880.429, 1.419245
3882.358, 1.418123
3884.286, 0.9937867
3886.215, 0.7695788
3888.143, 0.8128337
3890.072, 0.5309346
3892.000, 0.5531920
3893.928, 0.7505201
3895.857, 1.232787
3897.785, 0.9273299
3899.714, 0.7442035
3901.642, 0.8698559
3903.571, 0.8552183
3905.499, 1.291377
3907.428, 0.3411973
3909.356, 0.8019869
3911.285, 0.8574058
3913.213, 0.9385174
3915.142, 0.7712733
3917.070, 0.5414649
3918.999, 0.7606380
3920.927, 0.9512290
3922.855, 0.8042632
3924.784, 0.8678062
3926.712, 0.9019900
3928.641, 0.9918506
3930.569, 0.7549370
3932.498, 0.5651968
3934.426, 0.8026447
3936.355, 0.9947167
3938.283, 0.8774588
3940.212, 0.9815882
3942.140, 0.9542642
3944.069, 1.233868
3945.997, 1.022306
3947.926, 0.7226993
3949.854, 0.7040724
3951.782, 0.6736532
3953.711, 0.7605234
3955.639, 0.6616275
3957.568, 0.9001680
3959.496, 0.7118527
3961.425, 0.6355204
3963.353, 1.007929
3965.282, 1.207602
3967.210, 0.9968124
3969.139, 0.8147196
3971.067, 0.5904195
3972.996, 0.7851161
3974.924, 0.9813061
3976.853, 0.7558575
3978.781, 0.6204304
3980.709, 0.5739034
3982.638, 0.7672823
3984.566, 1.034598
3986.495, 1.135690
3988.423, 0.7533264
3990.352, 0.3935730
3992.280, 0.7783695
3994.209, 0.3542020
3996.137, 0.5471348
3998.066, 0.5217434
3999.994, 0.4758024
4001.923, 0.4661173
4003.851, 0.5354713
4005.780, 0.6356819
4007.708, 0.6714894
4009.636, 0.7124316
4011.565, 1.307015
4013.493, 1.136231
4015.422, 0.7839752
4017.350, 0.5573631
4019.279, 0.3835542
4021.207, 0.2742193
4023.136, 0.6571535
4025.064, 1.002004
4026.993, 0.3576955
4028.921, -3.7270211E-02
4030.850, 0.5639775
4032.778, 0.4095705
4034.707, 0.4011054
4036.635, 0.6210430
4038.563, 0.5891901
4040.492, 0.5875583
4042.420, 0.5462850
4044.349, 0.4059161
4046.277, 0.4490974
4048.206, 0.1636037
4050.134, 0.9263903
4052.063, 0.9169941
4053.991, 0.4419035
4055.920, 4.5431010E-02
4057.848, 0.3734519
4059.777, 0.8504249
4061.705, 0.8931941
4063.634, 0.4669364
4065.562, 0.1642568
4067.490, 0.8665314
4069.419, 0.7459825
4071.347, 0.5271416
4073.276, 1.001115
4075.204, 0.5395536
4077.133, 0.4094943
4079.061, 0.6556613
4080.990, 0.7836160
4082.918, 0.6549526
4084.847, 0.4671775
4086.775, 0.5273851
4088.704, 1.034583
4090.632, 0.5551699
4092.561, 0.3015552
4094.489, 0.5944127
4096.417, 0.5797315
4098.346, 0.8185005
4100.274, 0.7562314
4102.203, 0.6737075
4104.131, 0.7150934
4106.060, 0.6906301
4107.988, 0.7098888
4109.917, 0.3591824
4111.845, 0.5412431
4113.774, 0.2956277
4115.702, 0.5616518
4117.631, 0.6824288
4119.559, 0.3677346
4121.488, 0.3365749
4123.416, 0.9926819
4125.345, 0.9210433
4127.273, 0.3305451
4129.202, 0.5011153
4131.130, 0.7002875
4133.059, 0.6841690
4134.987, 0.5761115
4136.916, 0.6805185
4138.844, 0.7934301
4140.772, 0.7660712
4142.701, 0.1269017
4144.629, 7.6228581E-02
4146.558, 0.3196455
4148.486, 0.5834677
4150.415, 0.7472717
4152.343, 0.6797603
4154.271, 0.6339900
4156.200, 0.8067996
4158.128, 1.053291
4160.057, 0.4092945
4161.985, 0.8934057
4163.914, 0.9708207
4165.842, 0.5697143
4167.771, 0.5579908
4169.699, 0.8136479
4171.628, 0.6888734
4173.556, 0.6557570
4175.485, 0.7043794
4177.413, 0.6602620
4179.342, 0.6870018
4181.270, 0.4870713
4183.199, 0.3555531
4185.127, 0.2042893
4187.056, 0.4699585
4188.984, 0.6711025
4190.913, 0.4251555
4192.841, 0.5364019
4194.770, 0.4023569
4196.698, 0.3209251
4198.626, 0.6944209
4200.555, 0.7506597
4202.483, 0.2682302
4204.412, 0.2120140
4206.340, 0.7219794
4208.269, 0.8236532
4210.197, 0.6578578
4212.125, 0.6593853
4214.054, 0.6757149
4215.982, 0.2023036
4217.911, 0.5765227
4219.839, 0.4231388
4221.768, 0.7853146
4223.696, 0.7161863
4225.625, 0.9169822
4227.553, 1.091290
4229.482, 0.6041508
4231.410, 0.5767694
4233.339, 0.8136024
4235.267, 0.7118311
4237.196, 0.6778604
4239.124, 0.6424891
4241.053, 0.5932309
4242.981, 0.6770403
4244.910, 0.7733431
4246.838, 0.5298733
4248.767, 0.7518799
4250.695, 0.6755874
4252.624, 0.2360566
4254.552, 0.5620396
4256.480, 0.9855677
4258.409, 0.7679520
4260.337, 0.3411336
4262.266, 0.2723126
4264.194, 0.7494098
4266.123, 0.7971402
4268.051, 0.7528554
4269.979, 0.7036982
4271.908, 0.3339296
4273.836, 0.4797915
4275.765, 0.5351388
4277.693, 0.6601914
4279.622, 0.7498125
4281.550, 0.8848355
4283.479, 1.061772
4285.407, 0.6447318
4287.336, 0.9436252
4289.264, 0.3953491
4291.193, 0.2860817
4293.121, 0.4318662
4295.050, 0.8760198
4296.978, 1.308874
4298.907, 0.5809125
4300.835, 0.5001910
4302.764, 0.8252336
4304.692, 0.1726117
4306.621, 3.0995909E-02
4308.549, 0.9064639
4310.478, 1.313697
4312.406, 0.9845542
4314.334, 0.7412301
4316.263, 0.8591658
4318.191, 0.6841869
4320.120, 0.4976255
4322.048, 0.7564421
4323.977, 0.9049599
4325.905, 0.5121676
4327.833, 0.4700490
4329.762, 0.3672820
4331.690, 0.1793449
4333.619, 0.9672565
4335.547, 0.7311285
4337.476, 0.6349725
4339.404, 0.5733125
4341.333, 0.7318579
4343.261, 0.5755805
4345.190, 4.7339309E-02
4347.118, 0.2757365
4349.047, 0.6368486
4350.975, 0.5517753
4352.904, 0.2470622
4354.832, 0.1566281
4356.761, 0.5543151
4358.689, 0.7566785
4360.618, 0.7035261
4362.546, 0.9738844
4364.475, 1.096035
4366.403, 0.6116323
4368.332, 0.2937011
4370.260, 0.5237808
4372.188, 0.3316711
4374.117, 0.3821439
4376.045, 0.6682702
4377.974, 0.4416946
##END=



