##NAMES=Stutzite
##RRUFFID=R070701
##IDEAL CHEMISTRY=Ag_5-x_Te_3_ (x = 0.24-0.36)
##LOCALITY=Klondike mine, Saguache County, Colorado, USA
##OWNER=RRUFF
##SOURCE=Michael Scott
##DESCRIPTION=Black, highly reflective, chonchoidal fracture, blebs scattered throughout the matrix, associated with altaite, R060692
##STATUS=The identification of this mineral is confirmed by single-crystal X-ray diffraction and chemical analysis
##URL=https://www.rruff.net/odr/rruff_sample/R070701
##MEASURED CHEMISTRY=Ag_4.94_Te_3.00_
##DIFFRACTION SAMPLE DESCRIPTION=Single crystal, powder profile is calculated
##CELL PARAMETERS=a: 13.3984 b: 13.3984 c: 8.4212 alpha: 90 beta: 90 gamma: 120 volume: 1309.2 crystal system: hexagonal
##FILETYPE=Raman Processed
##RAMAN WAVELENGTH=532

176.2406, 43.17412
178.1690, 40.94471
180.0975, 38.84340
182.0260, 36.62262
183.9544, 34.03707
185.8829, 31.31141
187.8114, 28.92150
189.7398, 26.86535
191.6683, 25.04046
193.5968, 23.46906
195.5252, 22.15750
197.4537, 21.00237
199.3822, 20.01087
201.3106, 19.13738
203.2391, 18.28830
205.1676, 17.29352
207.0960, 16.45291
209.0245, 15.92968
210.9530, 15.87779
212.8814, 15.71815
214.8099, 15.22825
216.7384, 14.57635
218.6668, 14.22061
220.5953, 14.38334
222.5238, 14.59459
224.4522, 14.63788
226.3807, 14.36897
228.3092, 14.14518
230.2376, 13.99909
232.1661, 13.89311
234.0946, 13.76310
236.0230, 13.57471
237.9515, 13.39228
239.8800, 13.20444
241.8084, 12.98233
243.7369, 12.89895
245.6654, 13.19809
247.5938, 13.61325
249.5223, 13.72004
251.4508, 13.18413
253.3792, 12.67341
255.3077, 12.40615
257.2362, 12.35299
259.1646, 12.33252
261.0931, 12.39738
263.0216, 12.46011
264.9500, 12.35583
266.8785, 11.90996
268.8070, 11.54823
270.7354, 11.44243
272.6639, 11.58301
274.5924, 11.68495
276.5208, 11.66813
278.4493, 11.63439
280.3778, 11.71623
282.3062, 11.98782
284.2347, 12.15682
286.1632, 12.08628
288.0916, 11.77985
290.0201, 11.59042
291.9486, 11.63006
293.8770, 11.70214
295.8055, 11.66753
297.7340, 11.49022
299.6624, 11.29361
301.5909, 11.08483
303.5194, 10.90117
305.4478, 10.76150
307.3763, 10.68382
309.3048, 10.62092
311.2332, 10.56433
313.1617, 10.53557
315.0902, 10.45124
317.0186, 10.22527
318.9471, 9.966776
320.8756, 9.861109
322.8040, 10.06200
324.7325, 10.15960
326.6610, 9.938517
328.5894, 9.275943
330.5179, 8.921323
332.4464, 9.164799
334.3748, 9.543911
336.3033, 9.678443
338.2318, 9.411025
340.1602, 9.171464
342.0887, 9.109956
344.0172, 9.188465
345.9456, 9.106598
347.8741, 8.694567
349.8026, 8.288286
351.7310, 8.056320
353.6595, 8.062406
355.5880, 8.137861
357.5164, 8.420184
359.4449, 8.740570
361.3734, 8.792710
363.3018, 8.367692
365.2303, 7.979499
367.1588, 7.825038
369.0872, 7.938274
371.0157, 8.030628
372.9442, 8.159082
374.8727, 8.236196
376.8011, 8.160150
378.7296, 7.773242
380.6581, 7.557555
382.5865, 7.730760
384.5150, 8.148612
386.4435, 8.351098
388.3719, 8.238068
390.3004, 8.077748
392.2289, 7.984583
394.1573, 8.034814
396.0858, 7.912351
398.0143, 7.397143
399.9427, 6.803107
401.8712, 6.564073
403.7997, 6.846030
405.7281, 7.112369
407.6566, 7.220812
409.5851, 7.173882
411.5135, 7.066279
413.4420, 6.718918
415.3705, 6.479393
417.2989, 6.549599
419.2274, 7.009140
421.1559, 7.292898
423.0843, 7.205840
425.0128, 6.950999
426.9413, 6.903663
428.8697, 7.183872
430.7982, 7.417367
432.7267, 7.440514
434.6551, 7.263151
436.5836, 7.113119
438.5121, 6.969061
440.4405, 6.888207
442.3690, 6.882896
444.2975, 6.924777
446.2259, 6.971243
448.1544, 7.073857
450.0829, 7.164183
452.0113, 7.163330
453.9398, 6.977996
455.8683, 6.847496
457.7967, 6.828053
459.7252, 6.858072
461.6537, 6.836677
463.5821, 6.663045
465.5106, 6.513786
467.4391, 6.491249
469.3675, 6.641154
471.2960, 6.746625
473.2245, 6.727263
475.1529, 6.702153
477.0814, 6.709451
479.0099, 6.762924
480.9383, 6.765912
482.8668, 6.809832
484.7953, 6.863910
486.7237, 6.807281
488.6522, 6.518265
490.5807, 6.325237
492.5091, 6.325366
494.4376, 6.572383
496.3661, 6.733481
498.2945, 6.828761
500.2230, 6.795516
502.1515, 6.669582
504.0799, 6.438825
506.0084, 6.241338
507.9369, 6.024920
509.8653, 5.863545
511.7938, 5.906563
513.7223, 6.332603
515.6508, 6.653185
517.5792, 6.667994
519.5077, 6.469939
521.4362, 6.350796
523.3646, 6.391621
525.2931, 6.475664
527.2216, 6.546545
529.1500, 6.608480
531.0785, 6.618100
533.0070, 6.489326
534.9354, 6.294152
536.8639, 6.253058
538.7924, 6.546939
540.7208, 6.787509
542.6493, 6.799449
544.5778, 6.647049
546.5062, 5.973162
548.4347, 6.613328
550.3632, 6.973162
552.2916, 7.067729
554.2201, 6.102522
556.1486, 6.505793
558.0770, 6.360640
560.0055, 6.192998
561.9340, 6.788876
563.8624, 5.977811
565.7909, 6.561581
567.7194, 6.588558
569.6478, 6.870365
571.5763, 6.600362
573.5048, 6.500795
575.4332, 6.953216
577.3617, 7.099997
579.2902, 6.766471
581.2186, 7.064477
583.1471, 6.234136
585.0756, 6.393935
587.0040, 6.980935
588.9325, 6.675155
590.8610, 6.983249
592.7894, 7.057546
594.7179, 6.399085
596.6464, 6.321514
598.5748, 6.232722
600.5033, 6.246763
602.4318, 6.587946
604.3602, 6.895949
606.2887, 6.938269
608.2172, 6.718272
610.1456, 6.571024
612.0741, 6.607733
614.0026, 6.648061
615.9310, 6.655385
617.8595, 6.655230
619.7880, 6.670411
621.7164, 6.554172
623.6449, 6.352266
625.5734, 6.284418
627.5018, 6.448011
629.4303, 6.710139
631.3588, 6.777762
633.2872, 6.674307
635.2157, 6.645738
637.1442, 7.002017
639.0726, 7.342859
641.0011, 7.323576
642.9296, 7.015050
644.8580, 6.759134
646.7865, 6.749279
648.7150, 6.690736
650.6434, 6.507853
652.5719, 6.248471
654.5004, 6.207963
656.4288, 6.475823
658.3573, 6.732839
660.2858, 6.876504
662.2142, 6.954223
664.1427, 7.085675
666.0712, 7.157029
667.9996, 7.068545
669.9281, 6.888701
671.8566, 6.656087
673.7850, 6.544398
675.7135, 6.584959
677.6420, 6.707839
679.5704, 6.863687
681.4989, 7.084534
683.4274, 7.108979
685.3558, 6.809145
687.2843, 6.437706
689.2128, 6.323110
691.1412, 6.542384
693.0697, 6.868533
694.9982, 7.198881
696.9266, 7.391027
698.8551, 7.377083
700.7836, 7.120297
702.7120, 6.977454
704.6405, 6.912496
706.5690, 6.908955
708.4974, 6.902648
710.4259, 6.826741
712.3544, 6.731666
714.2828, 6.784438
716.2113, 6.898800
718.1398, 6.883407
720.0682, 6.656966
721.9967, 6.576180
723.9252, 6.668448
725.8536, 6.827822
727.7821, 6.897285
729.7106, 6.922733
731.6390, 7.090683
733.5675, 7.244226
735.4960, 7.281694
737.4244, 7.157349
739.3529, 7.069055
741.2814, 7.044357
743.2098, 7.095263
745.1383, 7.192135
747.0668, 7.253745
748.9952, 7.162518
750.9237, 7.020307
752.8522, 6.961663
754.7806, 7.044927
756.7091, 7.264792
758.6376, 7.619933
760.5660, 7.754072
762.4945, 7.469344
764.4230, 6.953491
766.3514, 6.692286
768.2799, 6.822124
770.2084, 6.971627
772.1368, 7.022970
774.0653, 7.010547
775.9938, 7.141716
777.9222, 7.291419
779.8507, 7.379003
781.7792, 7.428151
783.7076, 7.479162
785.6361, 7.497804
787.5646, 7.512906
789.4930, 7.451925
791.4215, 7.256288
793.3500, 6.960206
795.2784, 6.894252
797.2069, 7.010365
799.1354, 7.059333
801.0638, 6.969412
802.9923, 6.832359
804.9208, 6.744882
806.8492, 6.806216
808.7777, 6.915849
810.7062, 6.995368
812.6346, 7.009654
814.5631, 7.060511
816.4916, 7.239103
818.4200, 7.479698
820.3485, 7.702712
822.2770, 7.763443
824.2054, 7.568768
826.1339, 7.377195
828.0624, 7.465147
829.9908, 7.806952
831.9193, 8.051878
833.8478, 7.871736
835.7762, 7.492595
837.7047, 7.244239
839.6332, 7.163638
841.5616, 7.153076
843.4901, 7.204391
845.4186, 7.427588
847.3470, 7.563907
849.2755, 7.591956
851.2040, 7.590611
853.1324, 7.654634
855.0609, 7.411493
856.9894, 7.110273
858.9178, 6.891896
860.8463, 6.803277
862.7748, 6.674010
864.7032, 6.584566
866.6317, 6.694704
868.5602, 6.967757
870.4886, 7.199518
872.4171, 7.317930
874.3456, 7.290051
876.2740, 7.044098
878.2025, 6.591993
880.1310, 6.403035
882.0594, 6.901847
883.9879, 7.596307
885.9164, 7.848988
887.8448, 7.544093
889.7733, 7.150118
891.7018, 6.881401
893.6302, 6.686434
895.5587, 6.475703
897.4872, 6.413449
899.4156, 6.498435
901.3441, 6.778172
903.2726, 6.900888
905.2010, 6.953870
907.1295, 6.972824
909.0580, 6.918240
910.9865, 6.741048
912.9149, 6.656582
914.8434, 6.777781
916.7719, 6.979374
918.7003, 7.097664
920.6288, 7.083132
922.5573, 6.947088
924.4857, 6.793503
926.4142, 6.724222
928.3427, 6.656125
930.2711, 6.549869
932.1996, 6.498087
934.1281, 6.575057
936.0565, 6.672849
937.9850, 6.680425
939.9135, 6.536153
941.8419, 6.374115
943.7704, 6.325394
945.6989, 6.402380
947.6273, 6.393194
949.5558, 6.215281
951.4843, 6.142766
953.4127, 6.431839
955.3412, 6.705203
957.2697, 6.618173
959.1981, 6.233268
961.1266, 5.994452
963.0551, 6.063864
964.9835, 6.217448
966.9120, 6.340684
968.8405, 6.455800
970.7689, 6.572433
972.6974, 6.719029
974.6259, 6.814920
976.5543, 6.828448
978.4828, 6.674097
980.4113, 6.523792
982.3397, 6.430446
984.2682, 6.439158
986.1967, 6.440562
988.1251, 6.401709
990.0536, 6.405763
991.9821, 6.509402
993.9105, 6.608896
995.8390, 6.682816
997.7675, 6.696800
999.6959, 6.674055
1001.624, 6.653069
1003.553, 6.633964
1005.481, 6.598331
1007.410, 6.432940
1009.338, 6.247367
1011.267, 6.165385
1013.195, 6.188635
1015.124, 6.254660
1017.052, 6.314038
1018.981, 6.560130
1020.909, 7.028224
1022.838, 7.270459
1024.766, 7.085468
1026.694, 6.829450
1028.623, 6.693546
1030.551, 6.667493
1032.480, 6.687490
1034.408, 6.775751
1036.337, 6.861135
1038.265, 6.961418
1040.194, 7.030192
1042.122, 6.941136
1044.051, 6.548323
1045.979, 6.311629
1047.908, 6.331418
1049.836, 6.468963
1051.765, 6.704027
1053.693, 7.042157
1055.621, 7.171666
1057.550, 6.904558
1059.478, 6.661445
1061.407, 6.725029
1063.335, 6.966564
1065.264, 7.009595
1067.192, 6.698615
1069.121, 6.441326
1071.049, 6.378285
1072.978, 6.372108
1074.906, 6.311632
1076.835, 6.143463
1078.763, 6.113924
1080.692, 6.310877
1082.620, 6.546922
1084.548, 6.694710
1086.477, 6.769117
1088.405, 6.742144
1090.334, 6.460876
1092.262, 6.237275
1094.191, 6.356439
1096.119, 6.746331
1098.048, 6.890700
1099.976, 6.486392
1101.905, 6.204600
1103.833, 6.165884
1105.762, 6.254320
1107.690, 6.400434
1109.619, 6.639917
1111.547, 6.786465
1113.475, 6.709162
1115.404, 6.618912
1117.332, 6.654845
1119.261, 6.768958
1121.189, 6.775362
1123.118, 6.540364
1125.046, 6.408152
1126.975, 6.570384
1128.903, 6.894812
1130.832, 6.967474
1132.760, 6.480236
1134.689, 6.144866
1136.617, 6.107408
1138.546, 6.233479
1140.474, 6.360591
1142.402, 6.483732
1144.331, 6.523389
1146.259, 6.374785
1148.188, 6.245778
1150.116, 6.339227
1152.045, 6.583240
1153.973, 6.536095
1155.902, 5.837384
1157.830, 5.401128
1159.759, 5.673950
1161.687, 6.266320
1163.616, 6.562018
1165.544, 6.354473
1167.473, 6.224508
1169.401, 6.255939
1171.329, 6.293345
1173.258, 6.199159
1175.186, 6.001770
1177.115, 5.884408
1179.043, 5.839081
1180.972, 5.914003
1182.900, 6.256207
1184.829, 6.690316
1186.757, 6.942354
1188.686, 6.996269
1190.614, 6.896992
1192.543, 6.437776
1194.471, 6.014886
1196.400, 5.949538
1198.328, 6.275248
1200.256, 6.432660
1202.185, 6.310862
1204.113, 6.187917
1206.042, 6.164150
1207.970, 6.158319
1209.899, 6.074674
1211.827, 5.905073
1213.756, 5.733347
1215.684, 5.430336
1217.613, 5.285934
1219.541, 5.556440
1221.470, 6.201537
1223.398, 6.695787
1225.327, 6.994159
1227.255, 7.139835
1229.183, 7.120438
1231.112, 6.986956
1233.040, 6.776891
1234.969, 6.381721
1236.897, 6.150784
1238.826, 6.200302
1240.754, 6.329735
1242.683, 6.437875
1244.611, 6.486663
1246.540, 6.511949
1248.468, 6.490608
1250.397, 6.486823
1252.325, 6.606268
1254.254, 6.705656
1256.182, 6.583592
1258.110, 6.287963
1260.039, 6.086143
1261.967, 5.959727
1263.896, 5.905391
1265.824, 6.157181
1267.753, 6.604372
1269.681, 6.742606
1271.610, 6.295508
1273.538, 6.094587
1275.467, 6.337684
1277.395, 6.623230
1279.324, 6.712733
1281.252, 6.595555
1283.181, 6.483846
1285.109, 6.397403
1287.037, 6.328069
1288.966, 6.280815
1290.894, 6.237642
1292.823, 6.143218
1294.751, 5.988663
1296.680, 5.980854
1298.608, 6.322906
1300.537, 6.591986
1302.465, 6.518218
1304.394, 6.234533
1306.322, 6.168875
1308.251, 6.421264
1310.179, 6.515813
1312.108, 6.392837
1314.036, 6.234113
1315.964, 6.048607
1317.893, 5.793151
1319.821, 5.685483
1321.750, 5.704248
1323.678, 5.857811
1325.607, 6.332185
1327.535, 6.866103
1329.464, 7.177539
1331.392, 7.220790
1333.321, 7.059517
1335.249, 6.588634
1337.178, 6.221204
1339.106, 6.142364
1341.035, 6.186914
1342.963, 6.305957
1344.891, 6.552446
1346.820, 6.682385
1348.748, 6.504831
1350.677, 6.371185
1352.605, 6.466281
1354.534, 6.711884
1356.462, 6.899967
1358.391, 7.042463
1360.319, 7.010325
1362.248, 6.615033
1364.176, 6.279463
1366.105, 6.290814
1368.033, 6.598454
1369.962, 6.796050
1371.890, 6.706860
1373.818, 6.605677
1375.747, 6.604704
1377.675, 6.661847
1379.604, 6.699797
1381.532, 6.660105
1383.461, 6.595940
1385.389, 6.545397
1387.318, 6.572540
1389.246, 6.764890
1391.175, 6.919824
1393.103, 6.873903
1395.032, 6.711194
1396.960, 6.661780
1398.889, 6.683064
1400.817, 6.629897
1402.745, 6.488602
1404.674, 6.423769
1406.602, 6.496881
1408.531, 6.671417
1410.459, 6.809295
1412.388, 6.713478
1414.316, 6.678320
1416.245, 6.944347
1418.173, 7.227845
1420.102, 7.104249
1422.030, 6.583704
1423.959, 6.271676
1425.887, 6.101852
1427.816, 6.134134
1429.744, 6.548401
1431.672, 7.044274
1433.601, 7.277341
1435.529, 7.434587
1437.458, 7.548226
1439.386, 7.296868
1441.315, 7.028866
1443.243, 7.114282
1445.172, 7.311035
1447.100, 7.113931
1449.029, 6.592159
1450.957, 6.440291
1452.886, 6.740518
1454.814, 6.927112
1456.743, 6.844301
1458.671, 6.754385
1460.599, 6.811499
1462.528, 6.967545
1464.456, 7.034144
1466.385, 6.857944
1468.313, 6.663947
1470.242, 6.547003
1472.170, 6.595675
1474.099, 6.852633
1476.027, 7.191916
1477.956, 7.323559
1479.884, 7.262799
1481.813, 7.209277
1483.741, 7.213065
1485.670, 7.193278
1487.598, 7.001425
1489.526, 6.639923
1491.455, 6.606637
1493.383, 7.255042
1495.312, 7.667213
1497.240, 7.502020
1499.169, 7.209906
1501.097, 7.159935
1503.026, 7.288848
1504.954, 7.261367
1506.883, 7.006119
1508.811, 6.878229
1510.740, 7.154552
1512.668, 7.418058
1514.597, 7.255021
1516.525, 6.862543
1518.453, 6.841606
1520.382, 7.322804
1522.310, 7.623828
1524.239, 7.493068
1526.167, 7.322527
1528.096, 7.305104
1530.024, 7.355694
1531.953, 7.422932
1533.881, 7.555682
1535.810, 7.435812
1537.738, 6.620152
1539.667, 6.141556
1541.595, 6.719177
1543.524, 7.650312
1545.452, 8.177026
1547.380, 8.301325
1549.309, 8.234523
1551.237, 7.756804
1553.166, 7.457769
1555.094, 7.689615
1557.023, 7.983953
1558.951, 7.943438
1560.880, 7.608582
1562.808, 7.374452
1564.737, 7.277160
1566.665, 7.166625
1568.594, 6.993396
1570.522, 6.922846
1572.451, 7.074260
1574.379, 7.330191
1576.307, 7.478056
1578.236, 7.531837
1580.164, 7.457963
1582.093, 7.075121
1584.021, 6.875804
1585.950, 7.153768
1587.878, 7.540496
1589.807, 7.572419
1591.735, 7.244227
1593.664, 7.149156
1595.592, 7.531127
1597.521, 7.751691
1599.449, 7.664254
1601.378, 7.472605
1603.306, 7.230029
1605.234, 6.983847
1607.163, 6.936564
1609.091, 7.172268
1611.020, 7.356522
1612.948, 7.284305
1614.877, 7.310894
1616.805, 7.792046
1618.734, 8.351877
1620.662, 8.434401
1622.591, 8.048588
1624.519, 7.726404
1626.448, 7.433074
1628.376, 7.314615
1630.305, 7.546687
1632.233, 7.834107
1634.161, 8.016565
1636.090, 8.097216
1638.018, 8.067163
1639.947, 7.907996
1641.875, 7.810587
1643.804, 7.824124
1645.732, 7.864321
1647.661, 7.958861
1649.589, 8.018905
1651.518, 7.939845
1653.446, 7.738013
1655.375, 7.453372
1657.303, 7.014462
1659.232, 6.768788
1661.160, 6.818825
1663.089, 7.057866
1665.017, 7.682813
1666.945, 8.335530
1668.874, 8.370805
1670.802, 7.812814
1672.731, 7.461031
1674.659, 7.479039
1676.588, 7.490491
1678.516, 7.286368
1680.445, 7.115872
1682.373, 7.195414
1684.302, 7.433551
1686.230, 7.637029
1688.159, 7.798766
1690.087, 7.981219
1692.016, 8.276278
1693.944, 8.434325
1695.872, 8.332283
1697.801, 8.067872
1699.729, 7.557494
1701.658, 6.958974
1703.586, 6.913155
1705.515, 7.573426
1707.443, 7.917248
1709.372, 7.604625
1711.300, 7.185999
1713.229, 6.723681
1715.157, 6.424654
1717.086, 6.580237
1719.014, 7.099393
1720.943, 7.580039
1722.871, 8.035615
1724.799, 8.286428
1726.728, 8.228177
1728.656, 8.053692
1730.585, 7.713759
1732.513, 7.409657
1734.442, 7.488175
1736.370, 7.852164
1738.299, 7.856932
1740.227, 7.330912
1742.156, 7.015338
1744.084, 7.178833
1746.013, 7.449394
1747.941, 7.770772
1749.870, 8.009465
1751.798, 7.840108
1753.726, 7.379509
1755.655, 7.505349
1757.583, 8.544638
1759.512, 9.044122
1761.440, 8.117260
1763.369, 7.349644
1765.297, 7.850196
1767.226, 8.694260
1769.154, 8.646439
1771.083, 7.864366
1773.011, 7.338752
1774.940, 7.137017
1776.868, 7.034055
1778.797, 6.935212
1780.725, 7.002357
1782.653, 7.538949
1784.582, 8.096142
1786.510, 8.113481
1788.439, 7.691367
1790.367, 7.406807
1792.296, 7.258028
1794.224, 7.245723
1796.153, 7.494146
1798.081, 7.712825
1800.010, 7.786421
1801.938, 7.816276
1803.867, 7.935616
1805.795, 8.084332
1807.724, 8.024619
1809.652, 7.640583
1811.580, 7.470268
1813.509, 7.712129
1815.437, 7.880057
1817.366, 7.840146
1819.294, 7.740141
1821.223, 7.610726
1823.151, 7.515053
1825.080, 7.624588
1827.008, 7.979604
1828.937, 8.163929
1830.865, 8.075625
1832.794, 7.973107
1834.722, 7.812582
1836.651, 7.718353
1838.579, 7.779618
1840.507, 7.913672
1842.436, 8.029100
1844.364, 8.128221
1846.293, 8.246506
1848.221, 8.440221
1850.150, 8.458220
1852.078, 8.178657
1854.007, 7.878036
1855.935, 7.412400
1857.864, 7.173118
1859.792, 7.729793
1861.721, 8.626134
1863.649, 8.692478
1865.578, 7.932388
1867.506, 7.521022
1869.434, 7.626929
1871.363, 7.795871
1873.291, 8.029676
1875.220, 8.145024
1877.148, 7.927741
1879.077, 7.642935
1881.005, 7.546493
1882.934, 7.603621
1884.862, 7.736574
1886.791, 7.953104
1888.719, 8.068366
1890.648, 8.027061
1892.576, 7.956832
1894.505, 7.741114
1896.433, 7.684913
1898.361, 8.186465
1900.290, 8.832052
1902.218, 9.011722
1904.147, 8.760828
1906.075, 8.420025
1908.004, 7.892713
1909.932, 7.596031
1911.861, 7.651711
1913.789, 7.812221
1915.718, 8.172551
1917.646, 8.448010
1919.575, 8.272696
1921.503, 7.957881
1923.432, 8.149000
1925.360, 8.846867
1927.288, 9.227535
1929.217, 9.163389
1931.145, 9.084269
1933.074, 9.024354
1935.002, 8.942572
1936.931, 8.839724
1938.859, 8.700964
1940.788, 8.344558
1942.716, 8.026424
1944.645, 8.457245
1946.573, 9.506016
1948.502, 9.530437
1950.430, 8.188471
1952.359, 7.498975
1954.287, 8.181663
1956.216, 8.717209
1958.144, 8.323514
1960.073, 7.842760
1962.001, 7.898734
1963.929, 8.195396
1965.858, 8.284262
1967.786, 8.214922
1969.715, 8.292276
1971.643, 8.579539
1973.572, 8.698407
1975.500, 8.486979
1977.429, 8.301365
1979.357, 8.193923
1981.286, 8.164434
1983.214, 8.348384
1985.143, 8.511077
1987.071, 8.181949
1989.000, 7.558417
1990.928, 7.608073
1992.856, 8.589471
1994.785, 9.178777
1996.713, 9.277873
1998.642, 9.185407
2000.570, 8.758983
2002.499, 8.405919
2004.427, 8.236657
2006.356, 8.237289
2008.284, 8.495434
2010.213, 8.874026
2012.141, 9.159134
2014.070, 9.329386
2015.998, 9.152389
2017.927, 8.536437
2019.855, 8.169303
2021.783, 8.280313
2023.712, 8.394617
2025.640, 8.264563
2027.569, 8.211940
2029.497, 8.495833
2031.426, 8.889593
2033.354, 9.232511
2035.283, 9.456898
2037.211, 9.243288
2039.140, 8.489092
2041.068, 8.105342
2042.997, 8.278006
2044.925, 8.442498
2046.854, 8.558579
2048.782, 8.669119
2050.710, 8.843065
2052.639, 8.946318
2054.567, 8.849670
2056.496, 8.671574
2058.424, 8.507735
2060.353, 8.394668
2062.281, 8.551214
2064.210, 8.965512
2066.138, 8.922832
2068.067, 8.180758
2069.995, 7.775794
2071.924, 8.188828
2073.852, 8.502456
2075.781, 8.177126
2077.709, 7.923248
2079.637, 8.320429
2081.566, 8.945851
2083.494, 9.318323
2085.423, 9.464129
2087.351, 9.456100
2089.280, 9.270816
2091.208, 9.114061
2093.137, 8.974336
2095.065, 8.895910
2096.994, 8.895093
2098.922, 8.933596
2100.851, 9.033345
2102.779, 9.126014
2104.708, 9.234876
2106.636, 9.267034
2108.564, 9.086306
2110.493, 8.789202
2112.421, 8.506710
2114.350, 8.259233
2116.278, 8.260405
2118.207, 8.585888
2120.135, 8.826688
2122.064, 9.016509
2123.992, 9.033710
2125.921, 8.647385
2127.849, 8.387384
2129.778, 8.571551
2131.706, 8.780656
2133.635, 8.715997
2135.563, 8.532200
2137.491, 8.338412
2139.420, 8.204858
2141.348, 8.454670
2143.277, 9.024146
2145.205, 9.174992
2147.134, 8.800943
2149.062, 8.518443
2150.991, 8.414893
2152.919, 8.407853
2154.848, 8.500213
2156.776, 8.652043
2158.705, 8.897027
2160.633, 9.142208
2162.562, 9.446353
2164.490, 9.618181
2166.418, 9.171139
2168.347, 8.415536
2170.275, 8.554001
2172.204, 9.514346
2174.132, 9.684641
2176.061, 8.908578
2177.989, 8.389458
2179.918, 8.305980
2181.846, 8.391306
2183.775, 8.677094
2185.703, 8.950708
2187.632, 9.202462
2189.560, 9.331488
2191.489, 9.179528
2193.417, 8.958712
2195.345, 8.861090
2197.274, 8.879650
2199.202, 9.055173
2201.131, 9.354936
2203.059, 9.491874
2204.988, 9.459949
2206.916, 9.336423
2208.845, 9.093652
2210.773, 8.939574
2212.702, 8.956431
2214.630, 8.927679
2216.559, 8.716378
2218.487, 8.553784
2220.416, 8.569192
2222.344, 8.635895
2224.272, 8.674398
2226.201, 8.708991
2228.129, 8.757972
2230.058, 8.828092
2231.986, 8.994251
2233.915, 9.223170
2235.843, 9.129080
2237.772, 8.703257
2239.700, 8.369860
2241.629, 8.133613
2243.557, 8.176827
2245.486, 8.640039
2247.414, 9.079520
2249.343, 9.415429
2251.271, 9.647762
2253.199, 9.822593
2255.128, 9.835718
2257.056, 9.469432
2258.985, 9.062230
2260.913, 8.954290
2262.842, 9.023088
2264.770, 9.074141
2266.699, 9.128790
2268.627, 9.321408
2270.556, 9.610425
2272.484, 9.634843
2274.413, 9.360541
2276.341, 9.068259
2278.270, 8.711453
2280.198, 8.556735
2282.126, 8.834889
2284.055, 9.002472
2285.983, 8.769490
2287.912, 8.682778
2289.840, 9.117564
2291.769, 9.531109
2293.697, 9.493572
2295.626, 9.417912
2297.554, 9.766048
2299.483, 10.22760
2301.411, 10.43562
2303.340, 10.40367
2305.268, 10.03882
2307.197, 9.408844
2309.125, 9.222382
2311.053, 9.564539
2312.982, 9.818400
2314.910, 10.04159
2316.839, 9.417510
2318.767, 10.02997
2320.696, 10.36209
2322.624, 10.42896
2324.553, 9.436031
2326.481, 9.811600
2328.410, 9.638731
2330.338, 9.443387
2332.267, 10.01155
2334.195, 9.172778
2336.124, 9.728831
2338.052, 9.728106
2339.980, 9.982212
2341.909, 9.684492
2343.837, 9.557223
2345.766, 9.981925
2347.694, 10.10100
2349.623, 9.739762
2351.551, 10.01007
2353.480, 9.152009
2355.408, 9.284107
2357.337, 9.843390
2359.265, 9.509909
2361.194, 9.790284
2363.122, 9.836880
2365.051, 8.820949
2366.979, 9.652847
2368.907, 9.685626
2370.836, 8.897870
2372.764, 8.725618
2374.693, 9.120975
2376.621, 9.580748
2378.550, 9.655147
2380.478, 9.548446
2382.407, 9.206485
2384.335, 8.990535
2386.264, 9.726474
2388.192, 10.74950
2390.121, 10.48728
2392.049, 9.376932
2393.978, 9.073200
2395.906, 9.429500
2397.834, 9.638388
2399.763, 9.675816
2401.691, 9.776296
2403.620, 10.03232
2405.548, 9.954397
2407.477, 9.135071
2409.405, 8.837605
2411.334, 9.370485
2413.262, 9.732397
2415.191, 9.678929
2417.119, 9.706999
2419.048, 10.07820
2420.976, 10.31727
2422.905, 10.19587
2424.833, 9.926138
2426.761, 9.419552
2428.690, 9.036366
2430.618, 9.096968
2432.547, 9.317098
2434.475, 9.478005
2436.404, 9.618951
2438.332, 9.866027
2440.261, 10.07287
2442.189, 9.877761
2444.118, 9.519810
2446.046, 9.621187
2447.975, 10.05279
2449.903, 10.24795
2451.832, 10.21160
2453.760, 9.992819
2455.688, 9.573525
2457.617, 9.613506
2459.545, 10.16368
2461.474, 10.34276
2463.402, 9.997980
2465.331, 9.825195
2467.259, 10.01801
2469.188, 10.11857
2471.116, 9.985886
2473.045, 9.904360
2474.973, 9.836459
2476.902, 9.969747
2478.830, 10.60638
2480.759, 10.90276
2482.687, 10.23535
2484.615, 9.688059
2486.544, 10.03987
2488.472, 10.30957
2490.401, 9.727248
2492.329, 9.119020
2494.258, 9.015937
2496.186, 9.214514
2498.115, 9.828180
2500.043, 10.36768
2501.972, 10.18627
2503.900, 9.753185
2505.829, 9.659994
2507.757, 9.773461
2509.686, 9.921951
2511.614, 10.05601
2513.542, 9.957384
2515.471, 9.739532
2517.399, 9.962021
2519.328, 10.48510
2521.256, 10.66093
2523.185, 10.51396
2525.113, 10.42029
2527.042, 10.40022
2528.970, 10.01766
2530.899, 9.064535
2532.827, 9.055603
2534.756, 10.20205
2536.684, 10.54453
2538.613, 9.815551
2540.541, 9.553571
2542.469, 10.11415
2544.398, 10.45848
2546.326, 10.25214
2548.255, 10.16826
2550.183, 10.35337
2552.112, 10.46736
2554.040, 10.42331
2555.969, 10.44080
2557.897, 10.70633
2559.826, 10.71118
2561.754, 9.938166
2563.683, 9.415246
2565.611, 9.594086
2567.540, 9.899744
2569.468, 10.37346
2571.396, 10.54286
2573.325, 9.880839
2575.253, 9.403107
2577.182, 9.834970
2579.110, 10.38663
2581.039, 10.69643
2582.967, 10.79826
2584.896, 10.56350
2586.824, 10.31049
2588.753, 10.39297
2590.681, 10.46742
2592.610, 10.11152
2594.538, 9.734709
2596.467, 9.774916
2598.395, 9.974466
2600.323, 9.958232
2602.252, 9.984973
2604.180, 10.67660
2606.109, 11.43044
2608.037, 11.16779
2609.966, 10.44277
2611.894, 10.05563
2613.823, 9.896214
2615.751, 9.767764
2617.680, 9.711949
2619.608, 10.00220
2621.537, 10.37213
2623.465, 9.820892
2625.394, 8.825327
2627.322, 8.842961
2629.250, 9.580850
2631.179, 10.27432
2633.107, 10.80108
2635.036, 10.42547
2636.964, 9.391592
2638.893, 9.258374
2640.821, 9.850292
2642.750, 10.15425
2644.678, 10.21545
2646.607, 10.39281
2648.535, 10.66982
2650.464, 10.78618
2652.392, 10.74355
2654.321, 10.56224
2656.249, 10.24977
2658.177, 9.901811
2660.106, 9.548723
2662.034, 9.575410
2663.963, 9.999243
2665.891, 10.02270
2667.820, 9.584318
2669.748, 9.635406
2671.677, 10.20047
2673.605, 10.20859
2675.534, 9.662871
2677.462, 9.576311
2679.391, 10.03854
2681.319, 10.43673
2683.248, 10.81857
2685.176, 10.53668
2687.104, 9.478193
2689.033, 9.449182
2690.961, 10.51513
2692.890, 10.96868
2694.818, 10.63672
2696.747, 10.26912
2698.675, 9.831191
2700.604, 9.763605
2702.532, 10.11188
2704.461, 10.34699
2706.389, 10.44809
2708.318, 10.50534
2710.246, 10.52740
2712.175, 10.48754
2714.103, 10.38243
2716.031, 10.19952
2717.960, 9.913477
2719.888, 9.962798
2721.817, 10.36791
2723.745, 10.44328
2725.674, 10.10178
2727.602, 9.774107
2729.531, 9.367764
2731.459, 9.864553
2733.388, 11.33597
2735.316, 11.59445
2737.245, 10.58899
2739.173, 10.03290
2741.102, 10.06904
2743.030, 10.16615
2744.958, 10.33704
2746.887, 10.36096
2748.815, 10.24571
2750.744, 10.31709
2752.672, 10.58008
2754.601, 11.00792
2756.529, 11.58982
2758.458, 11.69427
2760.386, 11.32378
2762.315, 10.69364
2764.243, 9.898105
2766.172, 9.786852
2768.100, 10.29122
2770.029, 10.77535
2771.957, 11.19193
2773.885, 11.11067
2775.814, 10.63185
2777.742, 10.46661
2779.671, 10.58851
2781.599, 11.06125
2783.528, 11.69217
2785.456, 11.71447
2787.385, 11.29300
2789.313, 10.98294
2791.242, 10.76950
2793.170, 10.60948
2795.099, 10.51468
2797.027, 10.53684
2798.956, 10.62081
2800.884, 10.62846
2802.813, 10.62027
2804.741, 10.82238
2806.669, 11.00966
2808.598, 10.64260
2810.526, 10.17743
2812.455, 10.29959
2814.383, 10.67460
2816.312, 11.02045
2818.240, 11.18951
2820.169, 10.81344
2822.097, 10.38066
2824.026, 10.29395
2825.954, 10.43435
2827.883, 10.86619
2829.811, 11.26218
2831.740, 11.41141
2833.668, 11.33726
2835.596, 10.79808
2837.525, 10.41057
2839.453, 10.63800
2841.382, 11.00575
2843.310, 11.38110
2845.239, 11.64658
2847.167, 11.81571
2849.096, 11.75173
2851.024, 11.14886
2852.953, 10.70678
2854.881, 10.68169
2856.810, 10.81423
2858.738, 11.13499
2860.667, 11.37547
2862.595, 11.48272
2864.523, 11.48258
2866.452, 11.33766
2868.380, 11.15288
2870.309, 10.87214
2872.237, 10.82671
2874.166, 11.09727
2876.094, 11.16863
2878.023, 10.90283
2879.951, 10.82380
2881.880, 10.99214
2883.808, 11.00357
2885.737, 10.86474
2887.665, 10.78140
2889.594, 10.76694
2891.522, 10.84380
2893.450, 10.99392
2895.379, 11.04750
2897.307, 11.04300
2899.236, 11.25828
2901.164, 11.49090
2903.093, 11.03987
2905.021, 10.35856
2906.950, 10.44198
2908.878, 10.91873
2910.807, 11.34375
2912.735, 11.63941
2914.664, 11.69348
2916.592, 11.60656
2918.521, 11.40372
2920.449, 11.20099
2922.377, 11.15227
2924.306, 11.04187
2926.234, 10.45305
2928.163, 10.20831
2930.091, 11.12552
2932.020, 11.79505
2933.948, 11.56785
2935.877, 11.50028
2937.805, 12.04724
2939.734, 12.37098
2941.662, 12.02080
2943.591, 11.94102
2945.519, 12.34867
2947.448, 12.25314
2949.376, 11.46530
2951.304, 11.07987
2953.233, 11.27302
2955.161, 11.43616
2957.090, 11.56844
2959.018, 11.58429
2960.947, 11.46693
2962.875, 10.96945
2964.804, 10.31515
2966.732, 10.45713
2968.661, 11.04752
2970.589, 11.29677
2972.518, 11.29033
2974.446, 11.00347
2976.375, 10.74214
2978.303, 10.99705
2980.231, 11.31530
2982.160, 11.27330
2984.088, 11.15425
2986.017, 11.07355
2987.945, 11.05277
2989.874, 11.06944
2991.802, 11.22349
2993.731, 11.68423
2995.659, 11.86886
2997.588, 11.43380
2999.516, 11.25611
3001.445, 11.65643
3003.373, 11.90876
3005.302, 11.98030
3007.230, 12.03328
3009.158, 12.07959
3011.087, 12.00757
3013.015, 11.81811
3014.944, 11.54369
3016.872, 11.20271
3018.801, 10.71725
3020.729, 10.32445
3022.658, 10.65969
3024.586, 11.32010
3026.515, 11.90756
3028.443, 12.17653
3030.372, 11.63433
3032.300, 11.08284
3034.229, 11.21318
3036.157, 11.39386
3038.085, 11.36240
3040.014, 11.18492
3041.942, 10.72331
3043.871, 10.50143
3045.799, 10.94423
3047.728, 11.01879
3049.656, 10.58838
3051.585, 10.32190
3053.513, 10.28997
3055.442, 10.31548
3057.370, 10.39271
3059.299, 10.84529
3061.227, 11.50333
3063.156, 11.59840
3065.084, 11.33899
3067.012, 11.03610
3068.941, 10.81501
3070.869, 10.96882
3072.798, 11.17509
3074.726, 11.16125
3076.655, 11.07893
3078.583, 10.99818
3080.512, 10.91019
3082.440, 10.73079
3084.369, 10.76952
3086.297, 11.31961
3088.226, 11.48171
3090.154, 10.88804
3092.083, 10.77375
3094.011, 11.18689
3095.939, 11.49851
3097.868, 11.66606
3099.796, 11.71891
3101.725, 11.62458
3103.653, 11.07008
3105.582, 10.42634
3107.510, 10.29121
3109.439, 10.46920
3111.367, 10.96713
3113.296, 11.34989
3115.224, 11.21417
3117.153, 11.08200
3119.081, 11.22865
3121.010, 11.40947
3122.938, 11.65029
3124.866, 11.59765
3126.795, 11.09971
3128.723, 11.12108
3130.652, 11.90388
3132.580, 11.86639
3134.509, 11.15866
3136.437, 10.99872
3138.366, 11.19378
3140.294, 11.25768
3142.223, 11.17698
3144.151, 10.60113
3146.080, 10.28786
3148.008, 11.37213
3149.937, 12.22495
3151.865, 11.53169
3153.793, 10.94973
3155.722, 10.99699
3157.650, 11.02537
3159.579, 10.82580
3161.507, 10.80731
3163.436, 10.99796
3165.364, 11.36819
3167.293, 11.84463
3169.221, 11.85933
3171.150, 11.61018
3173.078, 11.75893
3175.007, 11.98900
3176.935, 11.71038
3178.864, 11.43607
3180.792, 11.75200
3182.720, 11.98550
3184.649, 11.66728
3186.577, 11.55149
3188.506, 12.07576
3190.434, 12.14994
3192.363, 11.41264
3194.291, 11.17025
3196.220, 11.43926
3198.148, 12.01219
3200.077, 12.66752
3202.005, 12.27516
3203.934, 11.50770
3205.862, 11.92899
3207.791, 12.40715
3209.719, 11.52055
3211.647, 10.77931
3213.576, 11.28183
3215.504, 11.66186
3217.433, 11.35537
3219.361, 11.33355
3221.290, 11.91332
3223.218, 12.11261
3225.147, 11.92125
3227.075, 11.60855
3229.004, 11.26132
3230.932, 11.23319
3232.861, 11.33063
3234.789, 11.11645
3236.718, 10.96309
3238.646, 11.27754
3240.574, 11.66736
3242.503, 11.98384
3244.431, 12.24406
3246.360, 12.55436
3248.288, 12.38127
3250.217, 11.50026
3252.145, 11.62868
3254.074, 12.57360
3256.002, 12.69791
3257.931, 12.27944
3259.859, 12.06239
3261.788, 11.82146
3263.716, 11.08997
3265.645, 10.53954
3267.573, 10.88543
3269.501, 11.02700
3271.430, 10.51362
3273.358, 10.34290
3275.287, 10.83144
3277.215, 11.23786
3279.144, 11.53785
3281.072, 11.38935
3283.001, 11.03106
3284.929, 11.22658
3286.858, 11.54534
3288.786, 11.33784
3290.715, 11.04309
3292.643, 10.86129
3294.572, 10.82571
3296.500, 10.99727
3298.428, 11.22228
3300.357, 11.51650
3302.285, 11.35887
3304.214, 10.78334
3306.142, 11.26120
3308.071, 12.20953
3309.999, 12.15109
3311.928, 11.64089
3313.856, 11.02277
3315.785, 10.71600
3317.713, 11.07457
3319.642, 11.42567
3321.570, 11.63948
3323.499, 11.52962
3325.427, 11.07625
3327.355, 10.82248
3329.284, 10.77484
3331.212, 10.70136
3333.141, 10.79182
3335.069, 11.79999
3336.998, 12.63855
3338.926, 12.10583
3340.855, 11.60652
3342.783, 11.71235
3344.712, 11.78964
3346.640, 11.71133
3348.569, 11.49573
3350.497, 11.17770
3352.426, 11.61890
3354.354, 12.39638
3356.282, 12.53405
3358.211, 12.34997
3360.139, 12.11775
3362.068, 11.83734
3363.996, 11.34569
3365.925, 11.15058
3367.853, 11.42160
3369.782, 11.50740
3371.710, 11.37346
3373.639, 11.44417
3375.567, 11.67795
3377.496, 12.06271
3379.424, 12.32686
3381.353, 11.99017
3383.281, 11.69230
3385.209, 11.78333
3387.138, 12.06386
3389.066, 12.67151
3390.995, 12.50585
3392.923, 11.48382
3394.852, 11.24765
3396.780, 11.58089
3398.709, 12.07685
3400.637, 12.38561
3402.566, 11.80136
3404.494, 11.29761
3406.423, 11.43242
3408.351, 11.61092
3410.280, 11.75756
3412.208, 11.74943
3414.136, 11.59675
3416.065, 11.56976
3417.993, 11.58490
3419.922, 11.20743
3421.850, 11.05291
3423.779, 12.23552
3425.707, 12.75518
3427.636, 11.41577
3429.564, 11.05752
3431.493, 12.46617
3433.421, 12.55139
3435.350, 11.50361
3437.278, 11.03605
3439.207, 10.94281
3441.135, 10.94222
3443.063, 11.15168
3444.992, 11.80661
3446.920, 12.25738
3448.849, 12.19409
3450.777, 12.05536
3452.706, 11.86730
3454.634, 12.00202
3456.563, 12.26562
3458.491, 12.12538
3460.420, 11.83950
3462.348, 11.47983
3464.277, 11.39799
3466.205, 12.01607
3468.134, 12.41212
3470.062, 12.51489
3471.990, 11.96270
3473.919, 11.04140
3475.847, 11.04799
3477.776, 11.60148
3479.704, 12.55341
3481.633, 13.18795
3483.561, 13.02586
3485.490, 12.52148
3487.418, 11.60969
3489.347, 11.56855
3491.275, 12.31581
3493.204, 12.65987
3495.132, 12.70927
3497.061, 12.49788
3498.989, 12.29677
3500.917, 12.32043
3502.846, 12.26331
3504.774, 11.86929
3506.703, 12.01908
3508.631, 12.62508
3510.560, 12.75284
3512.488, 12.60810
3514.417, 12.52009
3516.345, 12.41256
3518.274, 12.14470
3520.202, 12.05879
3522.131, 12.29054
3524.059, 12.65809
3525.988, 13.06397
3527.916, 12.55731
3529.844, 11.84732
3531.773, 12.65970
3533.701, 13.50808
3535.630, 13.25503
3537.558, 13.15547
3539.487, 13.58748
3541.415, 12.90002
3543.344, 11.23642
3545.272, 11.26940
3547.201, 12.04943
3549.129, 12.01072
3551.058, 11.94406
3552.986, 12.62766
3554.915, 12.75728
3556.843, 12.01463
3558.771, 11.80339
3560.700, 12.10124
3562.628, 12.60478
3564.557, 12.85326
3566.485, 11.80544
3568.414, 11.11040
3570.342, 11.62241
3572.271, 12.12071
3574.199, 12.39673
3576.128, 12.34936
3578.056, 12.09581
3579.985, 11.94976
3581.913, 11.91102
3583.842, 11.94601
3585.770, 12.20931
3587.698, 13.02602
3589.627, 12.89635
3591.555, 11.79671
3593.484, 11.67371
3595.412, 12.07804
3597.341, 12.26204
3599.269, 12.28757
3601.198, 12.15699
3603.126, 12.01960
3605.055, 11.89486
3606.983, 11.86195
3608.912, 11.91201
3610.840, 11.86812
3612.769, 12.01801
3614.697, 13.07751
3616.625, 13.73900
3618.554, 13.09602
3620.482, 12.68946
3622.411, 12.59903
3624.339, 12.83657
3626.268, 13.05503
3628.196, 12.24863
3630.125, 11.53195
3632.053, 11.74173
3633.982, 12.02286
3635.910, 12.25328
3637.839, 12.17011
3639.767, 11.85770
3641.696, 11.55460
3643.624, 11.44453
3645.552, 11.72417
3647.481, 12.17958
3649.409, 12.86906
3651.338, 13.11291
3653.266, 12.90685
3655.195, 12.84152
3657.123, 12.73429
3659.052, 12.05824
3660.980, 11.66472
3662.909, 12.36437
3664.837, 12.53334
3666.766, 12.07744
3668.694, 12.02966
3670.623, 12.24193
3672.551, 12.49017
3674.479, 12.52812
3676.408, 11.80427
3678.336, 11.80007
3680.265, 12.74069
3682.193, 12.93784
3684.122, 12.57353
3686.050, 12.30242
3687.979, 12.03110
3689.907, 11.52796
3691.836, 11.36365
3693.764, 11.65008
3695.693, 12.20628
3697.621, 12.83081
3699.550, 12.60912
3701.478, 12.26507
3703.406, 12.42974
3705.335, 12.84693
3707.263, 13.52523
3709.192, 13.57558
3711.120, 13.06604
3713.049, 12.41291
3714.977, 11.96005
3716.906, 12.18053
3718.834, 12.42787
3720.763, 12.50214
3722.691, 12.78117
3724.620, 13.19544
3726.548, 13.13103
3728.477, 12.89029
3730.405, 12.75598
3732.333, 12.67975
3734.262, 12.67168
3736.190, 12.39560
3738.119, 11.99457
3740.047, 12.67149
3741.976, 13.46507
3743.904, 13.28270
3745.833, 13.06311
3747.761, 13.09218
3749.690, 12.96766
3751.618, 12.70430
3753.547, 12.45369
3755.475, 12.33079
3757.404, 12.61838
3759.332, 12.63254
3761.260, 12.16097
3763.189, 11.88609
3765.117, 11.93168
3767.046, 13.00395
3768.974, 13.93467
3770.903, 13.55346
3772.831, 13.13897
3774.760, 12.95178
3776.688, 12.59723
3778.617, 12.17182
3780.545, 11.93685
3782.474, 11.94417
3784.402, 12.46060
3786.331, 12.60108
3788.259, 12.26072
3790.188, 12.51364
3792.116, 12.99223
3794.044, 12.78315
3795.973, 12.53346
3797.901, 12.57067
3799.830, 12.84216
3801.758, 13.26430
3803.687, 12.84271
3805.615, 12.18619
3807.544, 12.23700
3809.472, 12.44867
3811.401, 12.65921
3813.329, 12.86343
3815.258, 13.07026
3817.186, 13.46684
3819.115, 13.65057
3821.043, 13.00150
3822.971, 12.57925
3824.900, 12.85559
3826.828, 12.58127
3828.757, 12.09690
3830.685, 12.33492
3832.614, 12.73086
3834.542, 13.02112
3836.471, 12.98517
3838.399, 12.58180
3840.328, 12.36967
3842.256, 12.26328
3844.185, 12.02929
3846.113, 12.08850
3848.042, 12.66304
3849.970, 12.99149
3851.898, 13.05829
3853.827, 13.02398
3855.755, 12.98259
3857.684, 12.98070
3859.612, 13.12909
3861.541, 13.46710
3863.469, 13.43683
3865.398, 13.11777
3867.326, 12.29957
3869.255, 12.15235
3871.183, 13.63867
3873.112, 13.81840
3875.040, 12.78533
3876.969, 12.98049
3878.897, 13.55624
3880.825, 14.12368
3882.754, 13.93228
3884.682, 12.77385
3886.611, 12.67471
3888.539, 13.22080
3890.468, 13.57991
3892.396, 13.63557
3894.325, 13.03534
3896.253, 12.93773
3898.182, 13.20620
3900.110, 12.69648
3902.039, 12.22510
3903.967, 12.54449
3905.896, 12.51843
3907.824, 12.15591
3909.752, 12.40154
3911.681, 12.75754
3913.609, 13.39078
3915.538, 13.84319
3917.466, 13.78775
3919.395, 13.15766
3921.323, 12.35331
3923.252, 12.66935
3925.180, 12.90383
3927.109, 12.46447
3929.037, 12.58366
3930.966, 12.95124
3932.894, 12.84613
3934.823, 12.66470
3936.751, 12.26715
3938.679, 12.11618
3940.608, 12.30563
3942.536, 12.63888
3944.465, 13.11555
3946.393, 13.21877
3948.322, 13.14326
3950.250, 13.45302
3952.179, 13.56558
3954.107, 13.35640
3956.036, 13.56654
3957.964, 13.66388
3959.893, 13.75910
3961.821, 14.12854
3963.750, 14.09391
3965.678, 13.71508
3967.606, 13.38934
3969.535, 13.23504
3971.463, 13.27644
3973.392, 13.16450
3975.320, 13.18727
3977.249, 13.41949
3979.177, 13.58546
3981.106, 13.54522
3983.034, 13.46480
3984.963, 13.49721
3986.891, 13.34938
3988.820, 12.93314
3990.748, 12.65872
3992.677, 12.98876
3994.605, 13.52725
3996.533, 13.45863
3998.462, 12.80290
4000.390, 12.63942
4002.319, 13.35911
4004.247, 13.26925
4006.176, 12.66836
4008.104, 12.70307
4010.033, 13.04121
4011.961, 13.46349
4013.890, 13.78006
4015.818, 13.65486
4017.747, 13.25571
4019.675, 13.14244
4021.604, 13.08123
4023.532, 13.19605
4025.460, 13.80789
4027.389, 14.00900
4029.317, 14.13357
4031.246, 14.01170
4033.174, 13.45126
4035.103, 13.18976
4037.031, 13.54026
4038.960, 13.92671
4040.888, 14.12897
4042.817, 13.71380
4044.745, 13.01097
4046.674, 13.03835
4048.602, 13.24074
4050.531, 12.80931
4052.459, 12.68952
4054.387, 13.34561
4056.316, 13.55379
4058.244, 13.48952
4060.173, 14.00698
4062.101, 14.03443
4064.030, 12.98499
4065.958, 12.99461
4067.887, 13.88377
4069.815, 14.19987
4071.744, 14.21144
4073.672, 14.53476
4075.601, 14.74192
4077.529, 14.46124
4079.458, 13.29139
4081.386, 12.79454
4083.314, 13.62843
4085.243, 14.63321
4087.171, 15.08161
4089.100, 13.74909
4091.028, 12.97434
4092.957, 13.27288
4094.885, 13.40191
4096.814, 13.37505
4098.742, 12.87339
4100.671, 12.48463
4102.599, 12.61786
4104.528, 12.61053
4106.456, 12.56800
4108.385, 13.01981
4110.313, 13.64083
4112.242, 14.52395
4114.170, 14.50863
4116.099, 13.91193
4118.027, 13.77501
4119.956, 13.61893
4121.884, 12.97052
4123.813, 13.10900
4125.741, 13.75122
4127.669, 14.01280
4129.598, 13.92912
4131.526, 13.43901
4133.455, 13.66364
4135.383, 14.29969
4137.312, 14.39031
4139.240, 14.20966
4141.168, 13.88599
4143.097, 13.84248
4145.025, 13.89332
4146.954, 13.53146
4148.882, 13.43846
4150.811, 13.91047
4152.739, 13.82143
4154.668, 13.52023
4156.596, 14.25381
4158.525, 14.57810
4160.453, 13.57103
4162.382, 13.25310
4164.310, 13.62332
4166.239, 14.35098
4168.167, 14.35742
4170.096, 12.75879
4172.024, 12.97725
4173.953, 14.14742
4175.881, 13.66479
4177.810, 13.14223
4179.738, 13.66234
4181.667, 13.71827
4183.595, 13.47204
4185.523, 13.29577
4187.452, 13.37161
4189.380, 14.01756
4191.309, 14.56525
4193.237, 14.84506
4195.166, 14.90415
4197.094, 14.79415
4199.022, 14.32126
4200.951, 13.99739
4202.879, 13.87626
4204.808, 13.81844
4206.736, 13.62902
4208.665, 13.26247
4210.593, 13.90058
4212.522, 14.62011
4214.450, 14.03271
4216.379, 13.75601
4218.307, 13.89799
4220.236, 13.47244
4222.164, 13.14241
4224.093, 13.77028
4226.021, 13.95287
4227.950, 13.53406
4229.878, 14.19050
4231.807, 15.03981
4233.735, 15.41014
4235.664, 14.84970
4237.592, 13.69949
4239.521, 14.12953
4241.449, 14.72754
4243.377, 14.65441
4245.306, 14.91749
4247.234, 15.22936
4249.163, 13.98256
4251.091, 13.09794
4253.020, 13.36696
4254.948, 14.26340
4256.876, 15.13996
4258.805, 14.61507
4260.733, 14.27732
4262.662, 14.60612
4264.590, 13.84754
4266.519, 14.51357
4268.447, 14.89926
4270.376, 15.01969
4272.304, 14.08034
4274.233, 14.50947
4276.161, 14.39017
4278.090, 14.24839
4280.018, 14.87013
4281.947, 14.08493
4283.875, 14.69455
4285.804, 13.60363
4287.732, 14.59501
4289.661, 14.88073
4291.589, 14.59235
4293.518, 14.00768
4295.446, 13.93170
4297.375, 14.62949
4299.303, 14.31561
4301.231, 13.85883
4303.160, 14.37481
4305.088, 14.75401
4307.017, 14.82695
4308.945, 14.85815
4310.874, 14.68857
4312.802, 14.14378
4314.730, 13.78205
4316.659, 13.70023
4318.587, 14.35026
4320.516, 14.53389
4322.444, 13.81458
4324.373, 14.33165
4326.301, 15.25918
4328.230, 15.50599
4330.158, 15.21686
4332.087, 14.58552
4334.015, 14.77055
4335.944, 14.99065
4337.872, 14.61275
4339.801, 14.82732
4341.729, 15.39941
4343.658, 15.55919
4345.586, 15.16430
4347.515, 14.18755
4349.443, 13.59866
4351.372, 13.44208
4353.300, 13.86434
4355.229, 14.19387
4357.157, 14.29362
4359.085, 13.86264
4361.014, 13.57543
4362.942, 13.98285
4364.871, 13.96382
4366.799, 13.84415
4368.728, 14.73869
4370.656, 14.85181
4372.584, 13.64142
4374.513, 14.12263
4376.441, 14.91182
4378.370, 14.66094
4380.298, 14.13639
4382.227, 13.60155
4384.155, 13.71965
4386.084, 14.33089
4388.012, 15.56706
4389.941, 15.45153
4391.869, 14.77234
4393.798, 14.44696
4395.726, 14.04286
4397.655, 13.61806
4399.583, 14.12383
4401.512, 14.78280
4403.440, 15.26062
4405.369, 15.09753
4407.297, 14.77984
4409.226, 15.34575
4411.154, 15.18506
4413.083, 14.27678
4415.011, 14.19314
4416.939, 14.23210
4418.868, 13.80805
4420.796, 14.72998
4422.725, 15.83584
4424.653, 14.24010
4426.582, 13.99967
4428.510, 15.76375
4430.438, 15.65842
4432.367, 14.99075
4434.295, 14.51431
4436.224, 14.56703
4438.152, 14.74918
4440.081, 13.99553
4442.009, 13.82081
4443.938, 14.49993
4445.866, 14.97844
4447.795, 15.17370
4449.723, 15.02155
4451.652, 14.55956
4453.580, 14.16192
4455.509, 14.79559
4457.437, 14.64375
4459.366, 13.64980
4461.294, 13.72669
4463.223, 14.13993
4465.151, 14.48396
4467.080, 14.53220
4469.008, 14.55970
4470.937, 15.28560
4472.865, 15.33238
4474.793, 14.64246
4476.722, 14.49405
4478.650, 14.11397
4480.579, 13.02731
4482.507, 13.27213
4484.436, 14.10948
4486.364, 14.83366
4488.292, 14.83873
4490.221, 14.33021
4492.149, 14.13609
4494.078, 14.09702
4496.006, 14.15276
4497.935, 14.29054
4499.863, 14.41471
4501.792, 14.42382
4503.720, 14.44559
4505.649, 14.45158
4507.577, 14.23023
4509.506, 14.30609
4511.434, 14.76828
4513.363, 15.09208
4515.291, 15.07945
4517.220, 14.57431
4519.148, 14.67649
4521.077, 14.89995
4523.005, 14.34616
4524.934, 14.16395
4526.862, 14.38167
4528.791, 14.76305
4530.719, 14.47076
4532.647, 13.03389
4534.576, 14.31791
4536.504, 15.55120
4538.433, 14.30149
4540.361, 13.75827
4542.290, 13.84606
4544.218, 14.05864
4546.146, 14.51601
4548.075, 15.12081
4550.003, 15.73632
4551.932, 15.29490
4553.860, 13.18259
4555.789, 13.12382
4557.717, 13.86188
4559.646, 14.26550
4561.574, 14.65143
4563.503, 14.83355
4565.431, 14.29567
4567.360, 13.50078
4569.288, 12.82368
4571.217, 14.31937
4573.145, 15.08040
4575.074, 13.93795
4577.002, 14.06467
4578.931, 14.67017
4580.859, 15.11695
4582.788, 14.92980
4584.716, 14.43281
4586.645, 14.14341
4588.573, 14.29995
4590.501, 14.69973
4592.430, 13.94283
4594.358, 13.64439
4596.287, 14.28146
4598.215, 14.96187
4600.144, 15.36731
4602.072, 15.27049
4604.000, 14.54354
4605.929, 13.85367
4607.857, 14.17352
4609.786, 14.63273
4611.714, 14.98752
4613.643, 14.90311
4615.571, 14.52952
4617.500, 14.04312
4619.428, 14.37246
4621.357, 14.65059
4623.285, 14.33558
4625.214, 14.67140
4627.142, 14.95552
4629.071, 14.51191
4630.999, 14.71436
4632.928, 15.09002
4634.856, 14.62452
4636.785, 14.57228
4638.713, 14.79016
4640.642, 14.21270
4642.570, 13.86866
4644.499, 14.00216
4646.427, 14.38835
4648.355, 14.43246
4650.284, 13.90695
4652.212, 14.44612
4654.141, 14.70803
4656.069, 13.34305
4657.998, 13.16906
4659.926, 13.65516
4661.854, 13.81602
4663.783, 14.69240
4665.711, 15.75618
4667.640, 15.49576
4669.568, 14.62028
4671.497, 13.63281
4673.425, 14.05287
4675.354, 14.35991
4677.282, 14.03117
4679.211, 13.99048
4681.139, 14.07468
4683.068, 14.19947
4684.996, 14.45199
4686.925, 14.73458
4688.853, 14.98779
4690.782, 14.95037
4692.710, 15.01032
4694.639, 16.20298
4696.567, 15.91014
4698.496, 14.68515
4700.424, 14.11004
4702.353, 13.97127
4704.281, 14.04850
4706.209, 13.66605
4708.138, 13.76295
4710.066, 14.45053
4711.995, 13.72189
4713.923, 13.30096
4715.852, 13.84441
4717.780, 14.81914
4719.708, 15.01369
4721.637, 13.59741
4723.565, 13.64298
4725.494, 13.99667
4727.422, 13.36664
4729.351, 13.58181
4731.279, 13.97453
4733.208, 13.38712
4735.136, 14.19994
4737.065, 15.49068
4738.993, 15.04055
4740.922, 14.62492
4742.850, 14.48534
4744.779, 14.68831
4746.707, 14.63739
4748.636, 14.27646
4750.564, 13.54909
4752.493, 13.52732
4754.421, 14.38482
4756.350, 14.87684
4758.278, 14.78284
4760.207, 14.15550
4762.135, 15.02960
4764.063, 15.70084
4765.992, 15.23891
4767.920, 15.07814
4769.849, 14.77074
4771.777, 13.92737
4773.706, 14.39784
4775.634, 14.86000
4777.563, 13.99135
4779.491, 14.80650
4781.419, 15.66412
4783.348, 14.02958
4785.276, 15.05994
4787.205, 16.54418
4789.133, 14.74006
4791.062, 14.10811
4792.990, 14.39179
4794.919, 14.37037
4796.847, 14.26780
4798.776, 14.11273
4800.704, 13.99670
4802.633, 13.17975
4804.561, 12.40166
4806.490, 14.19682
4808.418, 15.39001
4810.347, 15.47887
4812.275, 14.55724
4814.204, 14.15481
4816.132, 14.32019
4818.061, 13.87333
4819.989, 13.67946
4821.917, 13.91179
4823.846, 14.11435
4825.774, 14.43968
4827.703, 14.83951
4829.631, 14.83295
4831.560, 14.60254
4833.488, 14.25460
4835.417, 14.50145
4837.345, 14.43416
4839.273, 13.82483
4841.202, 13.29208
4843.130, 13.24854
4845.059, 13.07542
4846.987, 14.05960
4848.916, 14.62330
4850.844, 14.78909
4852.773, 13.36522
4854.701, 13.99406
4856.630, 13.80028
4858.558, 13.57275
4860.487, 14.49051
4862.415, 13.29785
4864.344, 14.19746
4866.272, 14.26186
4868.201, 14.70852
4870.129, 14.32744
4872.058, 14.20204
4873.986, 14.90461
4875.915, 15.14873
4877.843, 14.67237
4879.771, 15.14332
4881.700, 13.92176
4883.628, 14.18539
4885.557, 15.08984
4887.485, 14.65510
4889.414, 15.14119
4891.342, 15.27657
4893.271, 13.81819
4895.199, 15.13153
4897.127, 15.24619
4899.056, 14.13008
4900.984, 15.34844
4902.913, 14.40200
4904.841, 14.10428
4906.770, 14.07427
4908.698, 15.24950
4910.627, 13.52863
4912.555, 12.90229
4914.484, 14.82167
4916.412, 15.19805
4918.341, 14.59692
4920.269, 13.39877
4922.198, 13.49340
4924.126, 13.71073
4926.055, 13.74650
4927.983, 14.97191
4929.912, 15.01175
4931.840, 13.36627
4933.769, 13.43642
4935.697, 13.66154
4937.625, 13.59135
4939.554, 13.07239
4941.482, 13.42470
4943.411, 14.60877
4945.339, 14.66936
4947.268, 14.93359
4949.196, 15.32584
4951.125, 14.07501
4953.053, 14.17846
4954.981, 15.19829
4956.910, 14.36930
4958.838, 13.17196
4960.767, 12.33370
4962.695, 12.92182
4964.624, 13.76267
4966.552, 14.39935
4968.481, 14.35918
4970.409, 14.08992
4972.338, 13.68184
4974.266, 13.12034
4976.195, 13.00578
4978.123, 13.30089
4980.052, 14.16097
4981.980, 13.38308
4983.909, 12.71688
4985.837, 13.80150
4987.766, 13.24257
4989.694, 12.70038
4991.623, 13.36055
4993.551, 14.15869
4995.479, 14.36056
4997.408, 13.59077
4999.336, 13.49796
5001.265, 13.47551
5003.193, 13.42823
5005.122, 14.56312
5007.050, 15.04404
5008.979, 14.49764
5010.907, 13.81283
5012.835, 13.52730
5014.764, 13.76561
5016.692, 14.90445
5018.621, 15.02536
5020.549, 14.23889
5022.478, 12.92892
5024.406, 12.73395
5026.335, 13.18410
5028.263, 13.46256
5030.192, 13.55606
5032.120, 13.69267
5034.049, 14.16352
5035.977, 13.94641
5037.906, 13.78284
5039.834, 14.15481
5041.763, 15.68060
5043.691, 15.63196
5045.620, 13.34736
5047.548, 13.71954
5049.477, 13.82444
5051.405, 13.08061
5053.333, 14.21762
5055.262, 14.71912
5057.190, 14.32018
5059.119, 13.52207
5061.047, 13.47449
5062.976, 13.92743
5064.904, 14.27931
5066.833, 15.01771
5068.761, 15.34535
5070.689, 14.40358
5072.618, 14.78642
5074.546, 14.80531
5076.475, 13.22565
5078.403, 13.38838
5080.332, 13.95131
5082.260, 14.24719
5084.189, 13.51698
5086.117, 13.39358
5088.046, 13.84941
5089.974, 13.42263
5091.903, 13.48064
5093.831, 13.94585
5095.760, 14.46289
5097.688, 13.92863
5099.617, 13.27608
5101.545, 13.55576
5103.474, 13.81169
5105.402, 13.92087
5107.331, 13.84056
5109.259, 13.70400
5111.188, 14.06067
5113.116, 14.82706
5115.044, 14.33205
5116.973, 13.85255
5118.901, 13.82391
5120.830, 14.86598
5122.758, 15.42832
5124.687, 14.99123
5126.615, 12.86660
5128.543, 13.10077
5130.472, 13.95603
5132.400, 13.99855
5134.329, 13.97284
5136.257, 13.80326
5138.186, 13.54270
5140.114, 14.11156
5142.043, 14.40871
5143.971, 14.13077
5145.900, 12.84471
5147.828, 13.09206
5149.757, 13.91791
5151.685, 13.78489
5153.614, 13.46801
5155.542, 13.64976
5157.471, 14.61281
5159.399, 13.41275
5161.328, 12.81435
5163.256, 13.52105
5165.185, 14.74865
5167.113, 14.38612
5169.042, 13.22760
5170.970, 13.44529
5172.898, 13.69315
5174.827, 13.83940
5176.755, 13.88832
5178.684, 13.52252
5180.612, 13.23328
5182.541, 13.28119
5184.469, 14.23163
5186.397, 13.78796
5188.326, 12.65836
5190.254, 13.87930
5192.183, 14.55883
5194.111, 14.36396
5196.040, 13.17057
5197.968, 13.93465
5199.897, 14.35129
5201.825, 13.37600
5203.754, 13.75797
5205.682, 13.77485
5207.611, 13.40432
5209.539, 13.81109
5211.468, 13.35960
5213.396, 13.04169
5215.325, 14.46365
5217.253, 14.81941
5219.182, 14.13130
5221.110, 12.74047
5223.039, 13.06826
5224.967, 13.33383
5226.896, 13.34991
5228.824, 13.64929
5230.752, 14.09548
5232.681, 14.25721
5234.609, 13.69333
5236.538, 13.89804
5238.466, 13.94274
5240.395, 13.68549
5242.323, 14.56242
5244.251, 14.62443
5246.180, 14.20556
5248.108, 14.73140
5250.037, 13.77397
5251.965, 13.07304
5253.894, 13.73769
5255.822, 12.73132
5257.751, 12.49284
5259.679, 13.19901
5261.608, 13.15964
5263.536, 13.20290
5265.465, 13.38932
5267.393, 13.78080
5269.322, 12.89217
5271.250, 12.70082
5273.179, 13.69486
5275.107, 13.86145
5277.036, 13.86332
5278.964, 13.75389
5280.893, 13.36154
5282.821, 12.77199
5284.750, 12.71632
5286.678, 13.53913
5288.606, 13.50947
5290.535, 13.16619
5292.463, 12.87798
5294.392, 13.02516
5296.320, 14.23462
5298.249, 14.85765
5300.177, 13.42222
5302.105, 12.66343
5304.034, 12.81109
5305.962, 13.63805
5307.891, 14.48386
5309.819, 14.55690
5311.748, 14.08630
5313.676, 13.37896
5315.605, 13.09446
5317.533, 13.25809
5319.462, 13.49826
5321.390, 11.98265
5323.319, 12.08327
5325.247, 13.10995
5327.176, 13.81272
5329.104, 13.54501
5331.033, 13.43960
5332.961, 13.76475
5334.890, 13.54437
5336.818, 13.46551
5338.747, 13.39355
5340.675, 13.01615
5342.604, 14.05548
5344.532, 14.02898
5346.460, 12.80970
5348.389, 13.87931
5350.317, 14.02564
5352.246, 13.72186
5354.174, 14.10641
5356.103, 12.51357
5358.031, 12.05476
5359.959, 13.21241
5361.888, 13.78675
5363.816, 12.87189
5365.745, 12.23465
5367.673, 13.49058
5369.602, 14.10055
5371.530, 13.60677
5373.459, 12.67851
5375.387, 13.79222
5377.316, 13.59349
5379.244, 12.82741
5381.173, 12.40294
5383.101, 13.30378
5385.030, 13.09912
5386.958, 12.33482
5388.887, 13.46880
5390.815, 13.83995
5392.744, 13.87079
5394.672, 13.90096
5396.601, 13.46007
5398.529, 13.39429
5400.458, 13.50038
5402.386, 13.26631
5404.314, 12.73834
5406.243, 13.28271
5408.171, 14.68407
5410.100, 13.82816
5412.028, 12.80239
5413.957, 12.21459
5415.885, 12.34710
5417.813, 13.03845
5419.742, 13.07484
5421.670, 12.63057
5423.599, 12.81153
5425.527, 13.18478
5427.456, 13.47596
5429.384, 13.43726
5431.313, 11.82707
5433.241, 12.03963
5435.170, 13.41584
5437.098, 14.49411
5439.027, 13.83337
5440.955, 13.33584
5442.884, 13.41727
5444.812, 13.38097
5446.741, 12.35271
5448.669, 12.26219
5450.598, 13.97868
5452.526, 12.53145
5454.455, 12.62990
5456.383, 13.71566
5458.312, 13.60892
5460.240, 13.30446
5462.168, 12.89641
5464.097, 12.72616
5466.025, 13.81689
5467.954, 13.42175
5469.882, 12.72428
5471.811, 12.69773
5473.739, 13.15378
5475.667, 13.29257
5477.596, 13.06949
5479.524, 12.47886
5481.453, 13.38281
5483.381, 13.42635
5485.310, 12.80624
5487.238, 13.65610
5489.167, 14.10680
5491.095, 13.30974
5493.024, 11.76142
5494.952, 13.56206
5496.881, 13.62574
5498.809, 13.38069
5500.738, 14.68742
5502.666, 13.85991
5504.595, 13.07336
5506.523, 12.96519
5508.452, 13.61930
5510.380, 13.52009
5512.309, 13.56693
5514.237, 13.66827
5516.166, 12.45401
5518.094, 12.96406
5520.022, 13.17810
5521.951, 12.28664
5523.879, 13.40648
5525.808, 12.57145
5527.736, 11.43015
5529.665, 11.79098
5531.593, 13.70330
5533.521, 12.67608
5535.450, 11.32435
5537.378, 13.58628
5539.307, 11.76486
5541.235, 11.96640
5543.164, 13.87836
5545.092, 12.76964
5547.021, 12.57908
5548.949, 12.91401
5550.878, 13.22727
5552.806, 12.67293
5554.735, 11.28852
5556.663, 11.38375
5558.592, 13.29722
5560.520, 13.09590
5562.449, 12.11306
5564.377, 11.98670
5566.306, 13.34198
5568.234, 13.05149
5570.163, 13.25553
5572.091, 13.33369
5574.020, 12.29775
5575.948, 11.93943
5577.876, 12.24156
5579.805, 12.87380
5581.733, 13.43302
5583.662, 12.80289
5585.590, 12.28757
5587.519, 12.09968
5589.447, 11.95107
5591.375, 13.51919
5593.304, 13.30660
5595.232, 11.71752
5597.161, 12.14541
5599.089, 13.82776
5601.018, 13.93630
5602.946, 12.40029
5604.875, 11.71890
5606.803, 12.26535
5608.732, 12.48118
5610.660, 12.06639
5612.589, 12.18280
5614.517, 13.18075
5616.446, 13.58113
5618.374, 12.97895
5620.303, 12.56277
5622.231, 13.05832
5624.160, 12.99441
5626.088, 12.01640
5628.017, 12.77820
5629.945, 12.36514
5631.874, 12.13537
5633.802, 12.77188
5635.730, 12.65613
5637.659, 12.00486
5639.587, 12.07283
5641.516, 13.07094
5643.444, 12.43989
5645.373, 11.51009
5647.301, 11.46271
5649.229, 12.45493
5651.158, 11.87112
5653.086, 12.36440
5655.015, 12.83925
5656.943, 12.48368
5658.872, 12.08802
5660.800, 11.23499
5662.729, 11.07070
5664.657, 11.87976
5666.586, 11.23140
5668.514, 11.39455
5670.443, 12.03346
5672.371, 12.77716
5674.300, 14.20303
5676.228, 13.47900
5678.157, 12.40405
5680.085, 12.03905
5682.014, 11.11720
5683.942, 12.91052
5685.871, 13.62888
5687.799, 12.11785
5689.728, 11.99726
5691.656, 11.89653
5693.584, 12.17904
5695.513, 12.80210
5697.441, 13.09268
5699.370, 12.90397
5701.298, 12.45784
5703.227, 12.03501
5705.155, 11.96434
5707.083, 12.34952
5709.012, 12.39125
5710.940, 12.00884
5712.869, 11.54118
5714.797, 12.01110
5716.726, 12.46187
5718.654, 12.77437
5720.583, 13.34504
5722.511, 13.07267
5724.440, 12.12075
5726.368, 11.38787
5728.297, 11.75101
5730.225, 10.52107
5732.154, 11.22562
5734.082, 12.78267
5736.011, 13.56544
5737.939, 13.52925
5739.868, 12.51939
5741.796, 12.22272
5743.725, 13.13375
5745.653, 12.66860
5747.582, 11.62354
5749.510, 11.17896
5751.438, 11.65204
5753.367, 12.77032
5755.295, 10.86015
5757.224, 10.42035
5759.152, 11.81860
5761.081, 12.37132
5763.009, 11.61546
5764.938, 11.47369
5766.866, 11.69547
5768.794, 11.36155
5770.723, 12.14392
5772.651, 11.96318
5774.580, 11.85182
5776.508, 12.61234
5778.437, 11.79543
5780.365, 11.67485
5782.294, 12.12900
5784.222, 12.43683
5786.151, 11.13996
5788.079, 10.86356
5790.008, 11.37747
5791.936, 11.90387
5793.865, 11.29712
5795.793, 12.20644
5797.722, 12.54327
5799.650, 12.47339
5801.579, 12.80192
5803.507, 12.65515
5805.436, 12.08082
5807.364, 11.88106
5809.292, 12.12716
5811.221, 10.98843
5813.149, 10.54438
5815.078, 10.62774
5817.006, 10.72948
5818.935, 10.34129
5820.863, 11.65042
5822.792, 11.33535
5824.720, 10.76616
5826.648, 11.91598
5828.577, 11.90677
5830.505, 11.78538
5832.434, 11.36476
5834.362, 10.72160
5836.291, 10.87603
5838.219, 11.83435
5840.148, 11.88392
5842.076, 11.19745
5844.005, 11.10893
5845.933, 10.68888
5847.862, 11.81713
5849.790, 12.46081
5851.719, 11.20577
5853.647, 11.40648
5855.576, 11.42294
5857.504, 11.35270
5859.433, 11.38492
5861.361, 11.60089
5863.290, 11.58465
5865.218, 11.33156
5867.146, 11.50722
5869.075, 12.20898
5871.003, 10.08888
5872.932, 10.59962
5874.860, 11.62334
5876.789, 11.75028
5878.717, 11.34323
5880.646, 11.45256
5882.574, 11.42855
5884.502, 11.77510
5886.431, 12.80165
5888.359, 11.74352
5890.288, 11.08858
5892.216, 11.04603
5894.145, 11.18794
5896.073, 10.54378
5898.002, 11.23398
5899.930, 12.50894
5901.859, 12.69220
5903.787, 11.01244
5905.716, 10.58228
5907.644, 10.87695
5909.573, 11.44713
5911.501, 11.84515
5913.430, 11.61316
5915.358, 12.12157
5917.287, 12.16373
5919.215, 11.56171
5921.144, 10.71335
5923.072, 10.70041
5925.000, 10.15096
5926.929, 10.32064
5928.857, 10.86335
5930.786, 10.86525
5932.714, 11.29770
5934.643, 11.20948
5936.571, 11.38020
5938.500, 11.76245
5940.428, 11.20093
5942.356, 10.76433
5944.285, 10.72183
5946.213, 11.06935
5948.142, 11.45236
5950.070, 10.13707
5951.999, 11.11012
5953.927, 11.76649
5955.856, 11.36067
5957.784, 10.55131
5959.713, 10.14632
5961.641, 10.78705
5963.570, 10.63688
5965.498, 9.958110
5967.427, 11.65021
5969.355, 11.04402
5971.284, 11.26221
5973.212, 11.62996
5975.141, 11.45987
5977.069, 12.16151
5978.998, 10.81269
5980.926, 11.39281
5982.854, 12.80161
5984.783, 12.90775
5986.711, 12.93448
5988.640, 12.83593
5990.568, 13.03178
5992.497, 12.79176
5994.425, 11.13262
5996.354, 10.39013
5998.282, 10.36283
6000.210, 10.63346
6002.139, 10.73154
6004.067, 10.24423
6005.996, 9.304844
6007.924, 10.79361
6009.853, 11.04912
6011.781, 9.444764
6013.710, 9.448936
6015.638, 9.756289
6017.567, 9.771955
6019.495, 10.43741
6021.424, 11.64990
6023.352, 11.54994
6025.281, 10.08908
6027.209, 8.941295
6029.138, 9.370109
6031.066, 10.82368
6032.995, 10.18802
6034.923, 9.891927
6036.852, 10.72964
6038.780, 10.78183
6040.708, 9.480882
6042.637, 10.05789
6044.565, 10.66755
6046.494, 12.24670
6048.422, 12.46333
6050.351, 10.57452
6052.279, 11.24056
6054.208, 9.966313
6056.136, 9.337109
6058.064, 8.878200
6059.993, 8.035683
6061.921, 8.749100
6063.850, 8.742581
6065.778, 8.898191
6067.707, 9.766030
6069.635, 10.90875
6071.564, 10.26080
6073.492, 10.61416
6075.421, 11.59851
6077.349, 11.24642
6079.278, 9.267333
6081.206, 8.641791
6083.135, 10.79316
6085.063, 10.48988
6086.992, 9.364956
6088.920, 9.484569
6090.849, 10.81471
6092.777, 9.346421
6094.706, 10.35901
6096.634, 10.69185
6098.563, 9.582565
6100.491, 10.94559
6102.419, 9.969029
6104.348, 8.201087
6106.276, 8.971578
6108.205, 11.23243
6110.133, 10.91603
6112.062, 9.567700
6113.990, 10.15782
6115.918, 10.02241
6117.847, 9.248853
6119.775, 9.543154
6121.704, 10.32126
6123.632, 9.734458
6125.561, 10.04266
6127.489, 10.05633
6129.418, 8.626683
6131.346, 9.442616
6133.275, 9.711126
6135.203, 9.142076
6137.132, 9.437261
6139.060, 10.76697
6140.989, 10.38629
6142.917, 10.34999
6144.846, 9.377560
6146.774, 9.625677
6148.703, 10.34408
6150.631, 8.705741
6152.560, 9.406019
6154.488, 10.22763
6156.417, 10.71963
6158.345, 10.28864
6160.273, 8.938208
6162.202, 8.902187
6164.130, 10.81169
6166.059, 9.544170
6167.987, 8.053339
6169.916, 8.932089
6171.844, 10.66885
6173.772, 10.16749
6175.701, 9.357047
6177.629, 8.876767
6179.558, 9.503173
6181.486, 11.24055
6183.415, 9.156779
6185.343, 9.669127
6187.272, 9.423090
6189.200, 8.803023
6191.129, 8.874970
6193.057, 8.872369
6194.986, 10.65667
6196.914, 9.920430
6198.843, 9.927427
6200.771, 10.53278
6202.700, 9.291957
6204.628, 9.276187
6206.557, 9.513978
6208.485, 9.007919
6210.414, 8.546842
6212.342, 8.799705
6214.271, 9.326494
6216.199, 10.20157
6218.127, 8.719056
6220.056, 7.731349
6221.984, 8.492197
6223.913, 9.893571
6225.841, 8.731027
6227.770, 9.176457
6229.698, 9.039167
6231.626, 8.624463
6233.555, 8.595539
6235.483, 8.923493
6237.412, 8.864846
6239.340, 8.838479
6241.269, 8.172517
6243.197, 8.285235
6245.126, 9.581090
6247.054, 9.576423
6248.983, 8.624942
6250.911, 8.855061
6252.840, 8.953481
6254.768, 8.718420
6256.697, 8.604716
6258.625, 7.971426
6260.554, 7.028835
6262.482, 8.781932
6264.411, 9.086325
6266.339, 8.026751
6268.268, 8.799314
6270.196, 9.236098
6272.125, 8.817641
6274.053, 9.889770
6275.981, 9.902450
6277.910, 8.862852
6279.838, 9.526576
6281.767, 9.414888
6283.695, 8.694814
6285.624, 9.508999
6287.552, 9.231748
6289.480, 8.020844
6291.409, 9.321493
6293.337, 9.577020
6295.266, 8.541661
6297.194, 8.246038
6299.123, 8.349257
6301.051, 8.433314
6302.980, 8.880243
6304.908, 9.286736
6306.837, 9.340055
6308.765, 8.948080
6310.694, 8.729081
6312.622, 9.045585
6314.551, 9.503667
6316.479, 8.418113
6318.408, 8.124591
6320.336, 8.318663
6322.265, 8.360117
6324.193, 8.135515
6326.122, 8.012341
6328.050, 8.489330
6329.979, 9.412779
6331.907, 9.279778
6333.835, 8.963437
6335.764, 9.201675
6337.692, 9.664418
6339.621, 8.035379
6341.549, 7.970531
6343.478, 7.753649
6345.406, 8.145120
6347.334, 8.852302
6349.263, 8.849285
6351.191, 8.436426
6353.120, 9.063056
6355.048, 9.035340
6356.977, 9.198048
6358.905, 9.234859
6360.834, 8.712001
6362.762, 8.553598
6364.691, 9.106630
6366.619, 8.370255
6368.548, 8.365360
6370.476, 8.399199
6372.405, 7.922624
6374.333, 7.918792
6376.262, 8.087461
6378.190, 7.491620
6380.119, 8.364531
6382.047, 9.646921
6383.976, 9.922597
6385.904, 9.028567
6387.833, 8.751470
6389.761, 8.731332
6391.689, 8.559390
6393.618, 9.119694
6395.546, 8.742327
6397.475, 7.124962
6399.403, 7.059865
6401.332, 8.145007
6403.260, 8.173313
6405.188, 7.192321
6407.117, 7.906355
6409.045, 8.821620
6410.974, 7.622205
6412.902, 8.121752
6414.831, 8.412556
6416.759, 7.785623
6418.688, 7.202532
6420.616, 7.297683
6422.545, 7.793010
6424.473, 8.048048
6426.402, 9.047823
6428.330, 7.487340
6430.259, 8.181921
6432.187, 8.342066
6434.116, 7.889433
6436.044, 8.071585
6437.973, 7.797526
6439.901, 8.503864
6441.830, 8.367053
6443.758, 8.884741
6445.687, 8.424748
6447.615, 7.906858
6449.543, 8.934501
6451.472, 9.545356
6453.400, 7.676934
6455.329, 7.715356
6457.257, 8.167930
6459.186, 8.133870
6461.114, 7.849339
6463.042, 7.722430
6464.971, 7.557694
6466.899, 8.349336
6468.828, 7.567839
6470.756, 7.904418
6472.685, 8.407495
6474.613, 7.924290
6476.542, 7.055182
6478.470, 8.082784
6480.399, 7.269907
6482.327, 8.219739
6484.256, 7.528348
6486.184, 6.420671
6488.113, 6.934489
6490.041, 8.463740
6491.970, 7.969954
6493.898, 7.685414
6495.827, 7.464438
6497.755, 8.030542
6499.684, 7.097589
6501.612, 6.332076
6503.541, 7.754625
6505.469, 8.035501
6507.397, 7.527445
6509.326, 7.852162
6511.254, 8.169841
6513.183, 7.736230
6515.111, 8.323523
6517.040, 9.181152
6518.968, 6.552631
6520.896, 7.059350
6522.825, 7.557016
6524.753, 8.332464
6526.682, 7.976189
6528.610, 7.163958
6530.539, 7.115608
6532.467, 7.692613
6534.396, 6.666757
6536.324, 8.392253
6538.253, 7.377930
6540.181, 6.640911
6542.110, 7.606303
6544.038, 7.824633
6545.967, 6.670519
6547.895, 7.827441
6549.824, 7.922247
6551.752, 7.712934
6553.681, 7.581411
6555.609, 7.504834
6557.538, 6.797467
6559.466, 6.064804
6561.395, 6.245216
6563.323, 5.986847
6565.251, 6.644835
6567.180, 7.043776
6569.108, 7.628166
6571.037, 8.095847
6572.965, 7.809244
6574.894, 7.105388
6576.822, 6.841764
6578.750, 6.327470
6580.679, 6.481607
6582.607, 6.864925
6584.536, 6.206847
6586.464, 6.208078
6588.393, 6.522101
6590.321, 6.273743
6592.250, 6.041110
6594.178, 6.091608
6596.107, 7.105098
6598.035, 6.948633
6599.964, 7.042007
6601.892, 7.523126
6603.821, 7.943420
6605.749, 7.555411
6607.678, 6.593302
6609.606, 8.459446
6611.535, 6.615511
6613.463, 7.264862
6615.392, 7.268619
6617.320, 6.422608
6619.249, 5.763680
6621.177, 6.549059
6623.105, 8.547187
6625.034, 5.659676
6626.962, 7.111835
6628.891, 7.481740
6630.819, 7.162092
##END=



