##NAMES=Tausonite
##RRUFFID=X090004
##IDEAL CHEMISTRY=SrTiO_3_
##LOCALITY=Synthetic
##OWNER=GIA
##SOURCE=Gemological Institute of America
##DESCRIPTION=Faceted colorless stone, cell parameters indicate a disordered structure
##STATUS=The identification of this mineral has been confirmed only by single crystal X-ray diffraction
##URL=https://www.rruff.net/odr/rruff_sample/X090004
##DIFFRACTION SAMPLE DESCRIPTION=Single crystal, powder profile is calculated
##CELL PARAMETERS=a: 7.806 b: 7.806 c: 7.806 alpha: 90 beta: 90 gamma: 90 volume: 475.57 crystal system: cubic
##FILETYPE=Raman Processed
##RAMAN WAVELENGTH=780

129.5398, 1204.021
131.4682, 1207.290
133.3967, 1210.063
135.3252, 1212.956
137.2536, 1216.144
139.1821, 1219.706
141.1106, 1225.307
143.0390, 1234.574
144.9675, 1243.746
146.8960, 1251.634
148.8244, 1259.536
150.7529, 1268.594
152.6814, 1278.661
154.6098, 1289.381
156.5383, 1302.197
158.4668, 1313.208
160.3952, 1318.762
162.3237, 1325.646
164.2522, 1339.928
166.1806, 1358.734
168.1091, 1375.200
170.0376, 1387.887
171.9660, 1400.387
173.8945, 1412.656
175.8230, 1424.819
177.7514, 1435.964
179.6799, 1447.485
181.6084, 1461.617
183.5368, 1479.035
185.4653, 1496.468
187.3938, 1513.341
189.3223, 1531.175
191.2507, 1551.063
193.1792, 1571.767
195.1077, 1591.238
197.0361, 1609.393
198.9646, 1632.906
200.8931, 1664.227
202.8215, 1693.153
204.7500, 1714.955
206.6785, 1736.672
208.6069, 1762.577
210.5354, 1791.864
212.4639, 1822.261
214.3923, 1854.063
216.3208, 1886.608
218.2493, 1920.748
220.1777, 1954.151
222.1062, 1983.921
224.0347, 2013.555
225.9631, 2048.109
227.8916, 2087.495
229.8201, 2124.965
231.7485, 2160.337
233.6770, 2194.016
235.6055, 2227.614
237.5339, 2257.912
239.4624, 2283.577
241.3909, 2304.405
243.3193, 2319.398
245.2478, 2328.802
247.1763, 2334.864
249.1047, 2338.371
251.0332, 2337.703
252.9617, 2328.360
254.8901, 2317.815
256.8186, 2314.369
258.7471, 2316.822
260.6755, 2320.104
262.6040, 2323.692
264.5325, 2329.547
266.4609, 2338.907
268.3894, 2349.366
270.3179, 2360.754
272.2463, 2372.170
274.1748, 2382.229
276.1033, 2391.095
278.0317, 2400.021
279.9602, 2410.584
281.8887, 2418.146
283.8171, 2420.984
285.7456, 2422.210
287.6741, 2422.961
289.6025, 2423.729
291.5310, 2425.686
293.4595, 2429.106
295.3879, 2431.043
297.3164, 2430.775
299.2449, 2429.363
301.1733, 2426.429
303.1018, 2422.745
305.0303, 2418.456
306.9587, 2413.735
308.8872, 2409.522
310.8157, 2403.674
312.7441, 2396.842
314.6726, 2391.395
316.6011, 2382.265
318.5295, 2375.025
320.4580, 2369.094
322.3865, 2363.627
324.3149, 2359.178
326.2434, 2357.544
328.1719, 2360.255
330.1003, 2359.847
332.0288, 2354.176
333.9573, 2349.648
335.8857, 2348.740
337.8142, 2349.144
339.7427, 2350.955
341.6711, 2352.530
343.5996, 2348.477
345.5281, 2336.763
347.4565, 2329.306
349.3850, 2328.422
351.3135, 2326.160
353.2419, 2318.613
355.1704, 2310.077
357.0989, 2303.974
359.0273, 2294.486
360.9558, 2284.957
362.8843, 2276.119
364.8127, 2264.213
366.7412, 2254.158
368.6697, 2243.950
370.5981, 2233.931
372.5266, 2222.397
374.4551, 2208.676
376.3835, 2192.835
378.3120, 2174.056
380.2405, 2152.752
382.1689, 2133.629
384.0974, 2117.281
386.0259, 2099.621
387.9543, 2079.110
389.8828, 2057.960
391.8113, 2037.771
393.7397, 2016.805
395.6682, 1992.649
397.5967, 1966.493
399.5251, 1941.834
401.4536, 1918.730
403.3821, 1895.993
405.3105, 1872.951
407.2390, 1851.064
409.1675, 1833.789
411.0959, 1814.152
413.0244, 1786.748
414.9529, 1755.376
416.8813, 1724.468
418.8098, 1694.220
420.7383, 1666.261
422.6667, 1641.980
424.5952, 1615.264
426.5237, 1583.955
428.4521, 1552.403
430.3806, 1521.071
432.3091, 1490.412
434.2375, 1461.579
436.1660, 1433.474
438.0945, 1403.780
440.0229, 1372.457
441.9514, 1342.695
443.8799, 1316.352
445.8083, 1288.370
447.7368, 1256.853
449.6653, 1226.045
451.5938, 1197.822
453.5222, 1170.642
455.4507, 1143.666
457.3792, 1116.549
459.3076, 1088.740
461.2361, 1060.318
463.1646, 1032.429
465.0930, 1004.946
467.0215, 977.6298
468.9500, 949.7291
470.8784, 923.3275
472.8069, 900.2385
474.7354, 878.0452
476.6638, 854.7631
478.5923, 831.0973
480.5208, 808.7183
482.4492, 787.7446
484.3777, 768.2131
486.3062, 750.4191
488.2346, 731.9825
490.1631, 711.8097
492.0916, 692.6956
494.0200, 676.2687
495.9485, 660.8015
497.8770, 645.2284
499.8054, 630.0148
501.7339, 616.3092
503.6624, 603.8995
505.5908, 590.4101
507.5193, 575.7162
509.4478, 563.2089
511.3762, 554.1528
513.3047, 544.9150
515.2332, 533.5839
517.1616, 522.7582
519.0901, 513.5160
521.0186, 505.2017
522.9470, 497.1728
524.8755, 489.7079
526.8040, 483.7403
528.7324, 478.9185
530.6609, 472.4195
532.5894, 463.2713
534.5178, 456.6764
536.4463, 455.7804
538.3748, 454.2215
540.3032, 449.2352
542.2317, 444.7418
544.1602, 443.4865
546.0886, 443.6529
548.0171, 443.3209
549.9456, 442.5897
551.8740, 441.1058
553.8025, 438.9199
555.7310, 439.2798
557.6594, 443.1644
559.5879, 447.8905
561.5164, 452.9344
563.4448, 459.0392
565.3733, 466.5790
567.3018, 475.0650
569.2302, 483.0042
571.1587, 492.8139
573.0872, 507.8478
575.0156, 526.2780
576.9441, 542.8016
578.8726, 556.9999
580.8010, 574.2314
582.7295, 595.7460
584.6580, 617.6713
586.5864, 640.3434
588.5149, 662.6684
590.4434, 682.8600
592.3718, 704.9169
594.3003, 732.0565
596.2288, 760.8044
598.1572, 789.4886
600.0857, 817.2028
602.0142, 842.2233
603.9426, 864.8126
605.8711, 887.7721
607.7996, 911.7869
609.7280, 932.2355
611.6565, 949.1488
613.5850, 961.8851
615.5134, 969.1377
617.4419, 975.0563
619.3704, 981.7729
621.2988, 986.6708
623.2273, 988.1813
625.1558, 987.6540
627.0842, 985.0402
629.0127, 981.8324
630.9412, 981.2745
632.8696, 982.9283
634.7981, 983.9622
636.7266, 984.4256
638.6550, 985.6901
640.5835, 987.7845
642.5120, 991.4695
644.4404, 998.0439
646.3689, 1003.840
648.2974, 1007.089
650.2258, 1010.257
652.1543, 1014.090
654.0828, 1018.505
656.0112, 1024.224
657.9397, 1029.738
659.8682, 1032.749
661.7966, 1033.798
663.7251, 1034.516
665.6536, 1034.776
667.5820, 1033.564
669.5105, 1030.755
671.4390, 1027.682
673.3674, 1024.393
675.2959, 1021.391
677.2244, 1020.693
679.1528, 1017.396
681.0813, 1008.427
683.0098, 999.1776
684.9382, 992.5270
686.8667, 986.3595
688.7952, 979.6478
690.7236, 971.7456
692.6521, 960.9034
694.5806, 948.7381
696.5090, 939.4528
698.4375, 932.7819
700.3660, 924.6125
702.2944, 917.4297
704.2229, 911.7923
706.1514, 904.2435
708.0798, 900.8530
710.0083, 896.0035
711.9368, 890.5047
713.8652, 884.8294
715.7937, 877.8534
717.7222, 868.6523
719.6506, 858.6883
721.5791, 848.8843
723.5076, 838.6472
725.4360, 827.7085
727.3645, 815.9670
729.2930, 803.3179
731.2214, 789.7501
733.1499, 774.9586
735.0784, 759.1222
737.0068, 743.5082
738.9353, 728.0685
740.8638, 712.8566
742.7922, 697.8929
744.7207, 682.5416
746.6492, 666.3557
748.5776, 651.6575
750.5061, 639.5298
752.4346, 627.2499
754.3630, 613.8864
756.2915, 600.2870
758.2200, 586.6602
760.1484, 573.0743
762.0769, 558.2905
764.0054, 544.9623
765.9338, 536.8496
767.8623, 530.3912
769.7908, 520.4878
771.7192, 508.8482
773.6477, 498.5692
775.5762, 489.7932
777.5046, 483.9077
779.4331, 475.0777
781.3616, 467.3614
783.2900, 461.0076
785.2185, 451.8001
787.1470, 445.5906
789.0754, 439.2234
791.0039, 432.3363
792.9324, 425.0923
794.8608, 417.2191
796.7893, 409.6462
798.7178, 402.7010
800.6462, 395.6568
802.5747, 387.8925
804.5032, 380.5681
806.4316, 374.6924
808.3601, 368.9178
810.2886, 362.0414
812.2170, 355.1672
814.1455, 349.3186
816.0740, 343.9359
818.0024, 338.5044
819.9309, 333.0493
821.8594, 327.6016
823.7878, 322.2126
825.7163, 317.0683
827.6448, 312.0628
829.5732, 306.4686
831.5017, 300.2771
833.4302, 295.0009
835.3586, 290.7868
837.2871, 286.9426
839.2156, 283.6774
841.1440, 279.5720
843.0725, 274.4623
845.0010, 269.5367
846.9294, 264.7420
848.8579, 260.1716
850.7864, 255.8660
852.7148, 252.0368
854.6433, 249.0654
856.5718, 245.7017
858.5002, 240.8914
860.4287, 236.7116
862.3572, 234.7751
864.2856, 232.7854
866.2141, 229.1456
868.1426, 225.6683
870.0710, 223.9294
871.9995, 222.0554
873.9280, 217.8266
875.8564, 213.7064
877.7849, 213.1429
879.7134, 213.3031
881.6418, 209.9066
883.5703, 204.8174
885.4988, 201.0151
887.4272, 198.5229
889.3557, 197.6191
891.2842, 197.5208
893.2126, 196.2891
895.1411, 194.1737
897.0696, 191.5160
898.9980, 188.5437
900.9265, 186.7812
902.8550, 184.6028
904.7834, 182.8479
906.7119, 181.6808
908.6404, 180.0634
910.5688, 179.7858
912.4973, 178.9779
914.4258, 177.4131
916.3542, 175.9415
918.2827, 174.7733
920.2112, 173.2535
922.1396, 170.9485
924.0681, 169.1016
925.9966, 168.5173
927.9250, 167.2196
929.8535, 164.3401
931.7820, 161.9041
933.7104, 160.3143
935.6389, 159.0245
937.5674, 157.9989
939.4958, 157.0439
941.4243, 156.2184
943.3528, 155.4427
945.2813, 154.7306
947.2097, 153.8071
949.1382, 152.3904
951.0667, 151.2502
952.9951, 150.6374
954.9236, 150.2392
956.8521, 150.0091
958.7805, 150.0547
960.7090, 150.5551
962.6375, 151.0511
964.5659, 151.1113
966.4944, 151.2536
968.4229, 152.1409
970.3513, 153.0051
972.2798, 152.9812
974.2083, 152.8692
976.1367, 153.2483
978.0652, 154.0926
979.9937, 155.5828
981.9221, 157.0523
983.8506, 157.9613
985.7791, 158.6402
987.7075, 159.0761
989.6360, 159.9310
991.5645, 162.1148
993.4929, 164.4103
995.4214, 165.9501
997.3499, 166.8773
999.2783, 166.6885
1001.207, 166.2817
1003.135, 167.0121
1005.064, 168.0703
1006.992, 168.3455
1008.921, 168.4354
1010.849, 169.1248
1012.778, 170.0222
1014.706, 170.7816
1016.635, 171.3486
1018.563, 171.5268
1020.491, 171.2763
1022.420, 170.8609
1024.348, 170.2606
1026.277, 168.9188
1028.205, 167.3651
1030.134, 166.6057
1032.062, 166.1594
1033.991, 165.3653
1035.919, 163.9286
1037.848, 161.6964
1039.776, 159.1555
1041.705, 156.5807
1043.633, 153.8036
1045.562, 150.5046
1047.490, 147.2022
1049.418, 144.7334
1051.347, 142.5143
1053.275, 140.0328
1055.204, 137.2599
1057.132, 133.8357
1059.061, 130.1273
1060.989, 126.3827
1062.918, 122.9724
1064.846, 120.8307
1066.775, 118.6831
1068.703, 114.8786
1070.632, 110.8329
1072.560, 107.7939
1074.489, 105.1395
1076.417, 102.7385
1078.345, 100.2328
1080.274, 96.93480
1082.202, 93.49617
1084.131, 90.65832
1086.059, 88.05093
1087.988, 84.88976
1089.916, 81.93106
1091.845, 80.46987
1093.773, 78.96544
1095.702, 75.96723
1097.630, 72.95458
1099.559, 70.82504
1101.487, 68.83918
1103.416, 66.65645
1105.344, 64.68058
1107.272, 62.91547
1109.201, 61.60574
1111.129, 61.20424
1113.058, 60.35475
1114.986, 58.33838
1116.915, 56.70756
1118.843, 56.01961
1120.772, 55.38949
1122.700, 54.81705
1124.629, 53.78870
1126.557, 51.73565
1128.486, 50.30244
1130.414, 50.15271
1132.343, 49.70317
1134.271, 48.43744
1136.199, 47.54547
1138.128, 47.42299
1140.056, 47.05529
1141.985, 46.24818
1143.913, 45.70931
1145.842, 45.06993
1147.770, 44.39787
1149.699, 43.68748
1151.627, 43.02612
1153.556, 42.22425
1155.484, 41.31367
1157.413, 40.84710
1159.341, 39.89061
1161.270, 39.40228
1163.198, 39.20178
1165.126, 39.15884
1167.055, 38.75823
1168.983, 38.09763
1170.912, 37.67749
1172.840, 37.38998
1174.769, 36.83707
1176.697, 36.29927
1178.626, 36.35642
1180.554, 36.41201
1182.483, 35.48541
1184.411, 34.31405
1186.340, 33.76377
1188.268, 33.61113
1190.197, 33.74116
1192.125, 33.79321
1194.053, 33.48841
1195.982, 33.03348
1197.910, 32.65183
1199.839, 32.30737
1201.767, 31.73911
1203.696, 31.06766
1205.624, 30.40862
1207.553, 30.16440
1209.481, 30.47296
1211.410, 30.65226
1213.338, 30.62922
1215.267, 30.60589
1217.195, 30.49408
1219.124, 30.06899
1221.052, 29.42025
1222.980, 28.99860
1224.909, 28.82343
1226.837, 28.67662
1228.766, 28.49276
1230.694, 28.58490
1232.623, 28.34179
1234.551, 28.69997
1236.480, 28.19511
1238.408, 28.33593
1240.337, 28.66267
1242.265, 28.48109
1244.194, 28.23295
1246.122, 28.38827
1248.051, 28.53807
1249.979, 28.14005
1251.907, 27.85135
1253.836, 28.21387
1255.764, 28.60407
1257.693, 28.99286
1259.621, 29.22274
1261.550, 28.83572
1263.478, 28.74094
1265.407, 29.42187
1267.335, 29.89438
1269.264, 29.93129
1271.192, 29.89450
1273.121, 29.83346
1275.049, 30.13977
1276.978, 30.26655
1278.906, 30.52379
1280.834, 30.85189
1282.763, 31.12159
1284.691, 31.47456
1286.620, 31.74237
1288.548, 31.93128
1290.477, 31.98045
1292.405, 31.95809
1294.334, 31.98915
1296.262, 31.79804
1298.191, 31.01416
1300.119, 30.35503
1302.048, 30.24620
1303.976, 30.18904
1305.905, 29.87130
1307.833, 29.57701
1309.761, 29.63308
1311.690, 29.56459
1313.618, 29.04869
1315.547, 28.38685
1317.475, 27.85942
1319.404, 27.36912
1321.332, 26.82966
1323.261, 26.55549
1325.189, 26.32792
1327.118, 25.81800
1329.046, 25.10437
1330.975, 24.11381
1332.903, 23.23402
1334.832, 22.67228
1336.760, 22.25653
1338.688, 22.12896
1340.617, 21.90753
1342.545, 21.43282
1344.474, 21.07580
1346.402, 20.83671
1348.331, 20.46901
1350.259, 19.96450
1352.188, 19.42049
1354.116, 18.90918
1356.045, 18.91354
1357.973, 19.15291
1359.902, 18.88062
1361.830, 18.41809
1363.759, 18.03111
1365.687, 17.70964
1367.615, 17.58785
1369.544, 17.50236
1371.472, 17.28262
1373.401, 17.17182
1375.329, 17.29758
1377.258, 17.45541
1379.186, 17.54771
1381.115, 17.58338
1383.043, 17.66991
1384.972, 17.57760
1386.900, 17.60415
1388.829, 17.62108
1390.757, 17.54865
1392.686, 17.58330
1394.614, 17.57177
1396.542, 17.40490
1398.471, 17.27133
1400.399, 17.57443
1402.328, 17.83309
1404.256, 17.82946
1406.185, 17.67699
1408.113, 17.21951
1410.042, 17.36830
1411.970, 17.46939
1413.899, 17.54276
1415.827, 18.03207
1417.756, 17.97284
1419.684, 18.16812
1421.613, 18.23631
1423.541, 18.33932
1425.469, 18.44076
1427.398, 18.54046
1429.326, 19.03213
1431.255, 19.37299
1433.183, 19.04914
1435.112, 18.81471
1437.040, 18.79360
1438.969, 18.79031
1440.897, 18.71148
1442.826, 18.71731
1444.754, 18.70110
1446.683, 18.64551
1448.611, 18.65019
1450.540, 18.52654
1452.468, 18.40795
1454.396, 18.40668
1456.325, 18.35578
1458.253, 18.44008
1460.182, 18.39524
1462.110, 17.72533
1464.039, 17.63661
1465.967, 17.45278
1467.896, 17.24629
1469.824, 17.35438
1471.753, 17.24480
1473.681, 17.48043
1475.610, 17.77082
1477.538, 17.98421
1479.467, 17.92634
1481.395, 17.85335
1483.323, 18.03423
1485.252, 17.98991
1487.180, 17.37764
1489.109, 17.19313
1491.037, 17.52267
1492.966, 17.65489
1494.894, 17.63017
1496.823, 17.58763
1498.751, 17.62597
1500.680, 17.73302
1502.608, 17.86507
1504.537, 18.17983
1506.465, 18.43095
1508.394, 18.50426
1510.322, 18.59570
1512.250, 18.80354
1514.179, 18.77481
1516.107, 18.60069
1518.036, 18.96797
1519.964, 19.54768
1521.893, 19.69688
1523.821, 19.64044
1525.750, 19.70578
1527.678, 20.07498
1529.607, 20.15448
1531.535, 21.02489
1533.464, 20.82144
1535.392, 21.32044
1537.321, 22.10081
1539.249, 22.18992
1541.177, 22.17357
1543.106, 22.45660
1545.034, 22.79963
1546.963, 23.17587
1548.891, 23.80496
1550.820, 24.22717
1552.748, 24.76376
1554.677, 25.39619
1556.605, 25.85446
1558.534, 26.65471
1560.462, 27.27716
1562.391, 27.82336
1564.319, 28.28781
1566.248, 28.69189
1568.176, 29.03533
1570.104, 29.47716
1572.033, 30.11766
1573.961, 30.83719
1575.890, 31.73675
1577.818, 32.68744
1579.747, 33.38780
1581.675, 33.31316
1583.604, 33.31742
1585.532, 33.97399
1587.461, 34.38805
1589.389, 34.26926
1591.318, 34.09670
1593.246, 34.12191
1595.175, 34.63743
1597.103, 35.29971
1599.031, 35.24881
1600.960, 34.72301
1602.888, 34.45600
1604.817, 34.66687
1606.745, 35.06713
1608.674, 35.03046
1610.602, 34.29553
1612.531, 33.89225
1614.459, 34.03675
1616.388, 33.99208
1618.316, 33.72742
1620.245, 32.96426
1622.173, 32.27316
1624.102, 32.37806
1626.030, 32.29433
1627.958, 31.71601
1629.887, 30.74500
1631.815, 29.94542
1633.744, 29.85326
1635.672, 29.56055
1637.601, 28.95379
1639.529, 28.53534
1641.458, 28.13407
1643.386, 27.84561
1645.315, 27.43410
1647.243, 27.35379
1649.172, 26.64835
1651.100, 26.10631
1653.029, 25.58052
1654.957, 24.76762
1656.885, 24.10112
1658.814, 23.82910
1660.742, 23.25611
1662.671, 22.57568
1664.599, 22.56557
1666.528, 22.51404
1668.456, 21.68470
1670.385, 20.90975
1672.313, 20.76805
1674.242, 20.64818
1676.170, 20.12873
1678.099, 19.53947
1680.027, 19.02704
1681.956, 18.69446
1683.884, 18.60493
1685.813, 18.54875
1687.741, 18.28826
1689.669, 17.75643
1691.598, 17.26286
1693.526, 16.98677
1695.455, 16.79640
1697.383, 16.47614
1699.312, 15.93798
1701.240, 15.54581
1703.169, 15.26940
1705.097, 15.03169
1707.026, 14.86727
1708.954, 14.58775
1710.883, 14.48543
1712.811, 14.48760
1714.740, 14.39958
1716.668, 14.11775
1718.596, 13.74537
1720.525, 13.43369
1722.453, 13.25465
1724.382, 13.21416
1726.310, 13.06353
1728.239, 12.69499
1730.167, 12.52543
1732.096, 12.63504
1734.024, 12.68818
1735.953, 12.54564
1737.881, 12.66920
1739.810, 12.74690
1741.738, 12.19058
1743.667, 11.79227
1745.595, 11.81566
1747.523, 11.93280
1749.452, 11.82656
1751.380, 11.59014
1753.309, 11.56456
1755.237, 11.39458
1757.166, 11.26086
1759.094, 11.22367
1761.023, 11.16243
1762.951, 11.32602
1764.880, 11.26558
1766.808, 11.25545
1768.737, 11.28085
1770.665, 11.19536
1772.594, 11.16361
1774.522, 11.17719
1776.450, 11.13236
1778.379, 11.09956
1780.307, 10.96365
1782.236, 10.73210
1784.164, 10.91870
1786.093, 11.10990
1788.021, 10.84024
1789.950, 10.73401
1791.878, 10.59064
1793.807, 10.48998
1795.735, 10.79676
1797.664, 11.07108
1799.592, 11.02220
1801.521, 10.74469
1803.449, 10.63431
1805.377, 10.48734
1807.306, 10.46497
1809.234, 10.74358
1811.163, 10.73602
1813.091, 10.52888
1815.020, 10.42365
1816.948, 10.34240
1818.877, 10.32568
1820.805, 10.37902
1822.734, 10.37399
1824.662, 10.62162
1826.591, 10.40321
1828.519, 10.46733
1830.448, 10.35822
1832.376, 10.13195
1834.304, 10.40611
1836.233, 10.59394
1838.161, 10.35680
1840.090, 10.20751
1842.018, 10.23268
1843.947, 10.07627
1845.875, 9.767051
1847.804, 9.607195
1849.732, 9.780242
1851.661, 10.21448
1853.589, 10.31619
1855.518, 10.18831
1857.446, 10.10926
1859.375, 10.03679
1861.303, 10.12737
1863.231, 10.26466
1865.160, 10.00321
1867.088, 9.694476
1869.017, 9.810990
1870.945, 9.708872
1872.874, 9.549695
1874.802, 9.905359
1876.731, 10.05014
1878.659, 9.835172
1880.588, 9.665120
1882.516, 9.450952
1884.445, 9.363920
1886.373, 9.429233
1888.302, 9.492472
1890.230, 9.579274
1892.158, 9.630022
1894.087, 9.699316
1896.015, 9.388865
1897.944, 9.448775
1899.872, 9.030821
1901.801, 9.283865
1903.729, 9.178259
1905.658, 9.063982
1907.586, 9.174768
1909.515, 9.104519
1911.443, 8.796193
1913.372, 8.568706
1915.300, 8.598666
1917.229, 8.789588
1919.157, 8.841715
1921.085, 8.745155
1923.014, 8.689427
1924.942, 8.640408
1926.871, 8.704976
1928.799, 8.945786
1930.728, 9.039040
1932.656, 8.864597
1934.585, 8.798553
1936.513, 8.712323
1938.442, 8.572547
1940.370, 8.605994
1942.299, 9.041877
1944.227, 8.670157
1946.156, 8.638262
1948.084, 8.708742
1950.012, 8.382868
1951.941, 8.217249
1953.869, 8.121538
1955.798, 8.047493
1957.726, 8.192148
1959.655, 8.157473
1961.583, 8.262028
1963.512, 8.179356
1965.440, 8.298271
1967.369, 8.032459
1969.297, 7.803092
1971.226, 7.819337
1973.154, 7.849335
1975.083, 7.822465
1977.011, 7.989281
1978.939, 8.283315
1980.868, 8.516893
1982.796, 8.592984
1984.725, 8.433627
1986.653, 8.063781
1988.582, 7.765746
1990.510, 7.661563
1992.439, 7.626533
1994.367, 7.689416
1996.296, 7.821781
1998.224, 7.829656
2000.153, 7.817235
2002.081, 7.637572
2004.010, 7.479167
2005.938, 7.441362
2007.866, 7.526494
2009.795, 7.702121
2011.723, 7.588351
2013.652, 7.502162
2015.580, 7.704774
2017.509, 7.909915
2019.437, 7.985358
2021.366, 7.805616
2023.294, 7.561584
2025.223, 7.674497
2027.151, 7.742146
2029.080, 7.508466
2031.008, 7.369717
2032.937, 7.301149
2034.865, 7.302086
2036.793, 7.470765
2038.722, 7.577552
2040.650, 7.644536
2042.579, 7.716914
2044.507, 7.754631
2046.436, 7.475227
2048.364, 7.163116
2050.293, 7.142352
2052.221, 7.144643
2054.150, 7.060040
2056.078, 6.846471
2058.007, 6.857070
2059.935, 6.816037
2061.864, 6.826258
2063.792, 6.944249
2065.720, 6.927335
2067.649, 7.173848
2069.577, 7.174297
2071.506, 6.987437
2073.434, 6.777075
2075.363, 6.831703
2077.291, 6.815656
2079.220, 6.769434
2081.148, 7.024337
2083.077, 6.769199
2085.005, 6.867505
2086.934, 6.861238
2088.862, 6.765341
2090.791, 6.657180
2092.719, 6.542665
2094.647, 6.741875
2096.576, 6.879996
2098.504, 6.805237
2100.433, 6.660167
2102.361, 6.609529
2104.290, 6.834454
2106.218, 7.112628
2108.147, 6.969805
2110.075, 6.807354
2112.004, 6.875330
2113.932, 6.708478
2115.861, 6.285218
2117.789, 6.324954
2119.718, 6.481650
2121.646, 6.709350
2123.574, 6.874152
2125.503, 6.667515
2127.431, 6.348198
2129.360, 6.207527
2131.288, 6.423767
2133.217, 6.624934
2135.145, 6.480405
2137.074, 6.384986
2139.002, 6.714884
2140.931, 6.904975
2142.859, 6.587163
2144.788, 6.219553
2146.716, 6.253694
2148.645, 6.371413
2150.573, 6.396441
2152.501, 6.233136
2154.430, 5.979927
2156.358, 6.218339
2158.287, 6.271305
2160.215, 6.149574
2162.144, 6.237600
2164.072, 6.246368
2166.001, 6.147958
2167.929, 6.065884
2169.858, 6.158345
2171.786, 6.519910
2173.715, 6.669000
2175.643, 6.297951
2177.572, 5.934401
2179.500, 5.914458
2181.428, 6.115746
2183.357, 5.996814
2185.285, 5.849555
2187.214, 5.864711
2189.142, 5.887984
2191.071, 5.956443
2192.999, 6.015412
2194.928, 6.028129
2196.856, 5.911218
2198.785, 5.785547
2200.713, 5.655917
2202.642, 5.668456
2204.570, 5.627990
2206.499, 5.772993
2208.427, 5.685036
2210.355, 5.822619
2212.284, 5.888330
2214.212, 5.838569
2216.141, 5.942873
2218.069, 5.866413
2219.998, 5.933497
2221.926, 5.962923
2223.855, 5.979861
2225.783, 6.097639
2227.712, 5.849858
2229.640, 5.398309
2231.569, 5.247212
2233.497, 5.463201
2235.426, 5.897374
2237.354, 6.225834
2239.282, 6.047166
2241.211, 5.710715
2243.139, 5.657563
2245.068, 5.425572
2246.996, 5.320106
2248.925, 5.512877
2250.853, 5.785045
2252.782, 5.567800
2254.710, 5.375151
2256.639, 5.504630
2258.567, 5.462432
2260.496, 5.330345
2262.424, 5.188941
2264.353, 5.222950
2266.281, 5.576701
2268.209, 5.726345
2270.138, 5.663965
2272.066, 5.562880
2273.995, 5.512788
2275.923, 5.421451
2277.852, 5.523876
2279.780, 5.621161
2281.709, 5.464751
2283.637, 5.437764
2285.566, 5.022649
2287.494, 5.179847
2289.423, 5.012381
2291.351, 4.921002
2293.280, 5.056512
2295.208, 5.214692
2297.136, 5.376987
2299.065, 5.319411
2300.993, 5.195879
2302.922, 5.065770
2304.850, 5.118741
2306.779, 5.183892
2308.707, 5.379981
2310.636, 5.287564
2312.564, 4.944331
2314.493, 5.079907
2316.421, 5.024710
2318.350, 5.043105
2320.278, 5.045969
2322.207, 5.091990
2324.135, 5.141057
2326.063, 5.249260
2327.992, 5.242181
2329.920, 5.358691
2331.849, 5.145071
2333.777, 4.972480
2335.706, 5.104891
2337.634, 5.070516
2339.563, 4.949821
2341.491, 5.101406
2343.420, 5.324157
2345.348, 5.073283
2347.277, 5.031602
2349.205, 5.193362
2351.134, 4.793084
2353.062, 4.649864
2354.990, 4.884170
2356.919, 4.867724
2358.847, 4.850675
2360.776, 5.022185
2362.704, 4.881624
2364.633, 4.674144
2366.561, 4.507170
2368.490, 4.670845
2370.418, 5.052632
2372.347, 5.177886
2374.275, 5.092673
2376.204, 4.812222
2378.132, 4.740591
2380.061, 4.676868
2381.989, 4.734414
2383.917, 4.799191
2385.846, 4.847178
2387.774, 4.765185
2389.703, 4.370794
2391.631, 4.544647
2393.560, 4.450102
2395.488, 4.315399
2397.417, 4.393481
2399.345, 4.349840
2401.274, 4.811433
2403.202, 4.479924
2405.131, 4.520526
2407.059, 4.722376
2408.988, 4.521303
2410.916, 4.543800
2412.844, 4.667872
2414.773, 4.470804
2416.701, 4.470145
2418.630, 4.497266
2420.558, 4.246106
2422.487, 4.409606
2424.415, 4.312566
2426.344, 4.547382
2428.272, 4.353836
2430.201, 4.588218
2432.129, 4.790577
2434.058, 4.794154
2435.986, 4.506445
2437.915, 4.166128
2439.843, 4.148551
2441.771, 4.308791
2443.700, 4.402523
2445.628, 4.518058
2447.557, 4.360065
2449.485, 4.269584
2451.414, 4.366119
2453.342, 4.530292
2455.271, 4.603467
2457.199, 4.545849
2459.128, 4.493827
2461.056, 4.462199
2462.985, 4.447990
2464.913, 4.564462
2466.842, 4.389959
2468.770, 4.355495
2470.698, 4.199348
2472.627, 4.118196
2474.555, 3.974957
2476.484, 4.018903
2478.412, 3.941816
2480.341, 3.941001
2482.269, 3.911394
2484.198, 3.984214
2486.126, 3.997954
2488.055, 4.064650
2489.983, 4.169060
2491.912, 3.975917
2493.840, 4.003932
2495.769, 4.051051
2497.697, 4.038323
2499.625, 4.182354
2501.554, 4.142544
2503.482, 4.223166
2505.411, 4.230535
2507.339, 3.991802
2509.268, 3.969197
2511.196, 3.833411
2513.125, 3.777646
2515.053, 3.879616
2516.982, 4.060702
2518.910, 4.158689
2520.839, 3.941264
2522.767, 3.797698
2524.696, 3.969215
2526.624, 4.107259
2528.552, 4.034879
2530.481, 3.882888
2532.409, 4.025006
2534.338, 4.384073
2536.266, 3.983443
2538.195, 3.679505
2540.123, 4.024034
2542.052, 4.204467
2543.980, 4.167118
2545.909, 3.567851
2547.837, 3.598354
2549.766, 3.893914
2551.694, 3.919500
2553.623, 3.977551
2555.551, 3.993689
2557.479, 3.954956
2559.408, 3.944214
2561.336, 3.929601
2563.265, 3.869867
2565.193, 3.813898
2567.122, 3.833004
2569.050, 3.773047
2570.979, 3.695288
2572.907, 3.605484
2574.836, 3.810944
2576.764, 4.054183
2578.693, 4.083853
2580.621, 3.900529
2582.550, 3.718337
2584.478, 3.507335
2586.406, 3.540084
2588.335, 3.527092
2590.263, 3.589971
2592.192, 3.593455
2594.120, 3.499730
2596.049, 3.221752
2597.977, 3.581635
2599.906, 3.967845
2601.834, 3.802273
2603.763, 3.751482
2605.691, 3.683531
2607.620, 3.541573
2609.548, 3.663867
2611.477, 3.632513
2613.405, 3.458415
2615.333, 3.507118
2617.262, 3.518380
2619.190, 3.528189
2621.119, 3.527507
2623.047, 3.447471
2624.976, 3.583600
2626.904, 3.430725
2628.833, 3.352500
2630.761, 3.535520
2632.690, 3.720941
2634.618, 3.832637
2636.547, 3.695583
2638.475, 3.298816
2640.404, 3.130830
2642.332, 3.351084
2644.260, 3.543428
2646.189, 3.652005
2648.117, 3.656996
2650.046, 3.723042
2651.974, 3.747428
2653.903, 3.789508
2655.831, 3.783886
2657.760, 3.866267
2659.688, 3.828746
2661.617, 3.836239
2663.545, 3.395231
2665.474, 2.975821
2667.402, 3.320494
2669.331, 3.273343
2671.259, 3.188879
2673.188, 3.769941
2675.116, 3.598733
2677.044, 3.178515
2678.973, 3.154967
2680.901, 3.341148
2682.830, 3.514977
2684.758, 3.494771
2686.687, 3.360207
2688.615, 3.385427
2690.544, 3.283821
2692.472, 3.204306
2694.401, 3.231036
2696.329, 3.080524
2698.258, 3.262151
2700.186, 3.328022
2702.115, 3.175302
2704.043, 3.221411
2705.971, 3.294305
2707.900, 3.335236
2709.828, 3.147167
2711.757, 3.039706
2713.685, 2.986966
2715.614, 2.742875
2717.542, 3.053105
2719.471, 2.978717
2721.399, 3.270448
2723.328, 3.116187
2725.256, 3.230468
2727.185, 3.217018
2729.113, 3.297691
2731.042, 3.325215
2732.970, 2.975176
2734.898, 2.945958
2736.827, 3.026739
2738.755, 3.224289
2740.684, 3.375261
2742.612, 3.406539
2744.541, 3.429330
2746.469, 3.333676
2748.398, 3.228288
2750.326, 3.071540
2752.255, 2.996803
2754.183, 2.973938
2756.112, 3.095416
2758.040, 2.990113
2759.969, 2.931857
2761.897, 2.884457
2763.825, 2.638906
2765.754, 3.001877
2767.682, 2.840574
2769.611, 3.130319
2771.539, 2.905784
2773.468, 2.867197
2775.396, 2.999095
2777.325, 2.852546
2779.253, 3.115695
2781.182, 2.967234
2783.110, 3.145857
2785.039, 2.810953
2786.967, 2.782331
2788.896, 2.759764
2790.824, 2.773582
2792.752, 2.691864
2794.681, 2.636845
2796.609, 2.941249
2798.538, 3.136214
2800.466, 2.990302
2802.395, 2.760400
2804.323, 2.749056
2806.252, 2.990188
2808.180, 2.818443
2810.109, 2.990127
2812.037, 3.271878
2813.966, 2.619159
2815.894, 2.296870
2817.823, 2.360153
2819.751, 2.782366
2821.679, 2.896580
2823.608, 2.895945
2825.536, 2.944466
2827.465, 3.095180
2829.393, 2.920527
2831.322, 2.877268
2833.250, 2.486347
2835.179, 2.601119
2837.107, 2.625258
2839.036, 2.571057
2840.964, 2.647460
2842.893, 2.676976
2844.821, 2.595634
2846.750, 3.183381
2848.678, 3.383983
2850.606, 2.894028
2852.535, 2.538574
2854.463, 2.273823
2856.392, 2.226801
2858.320, 2.094120
2860.249, 2.078133
2862.177, 2.190622
2864.106, 2.247913
2866.034, 2.530180
2867.963, 2.876587
2869.891, 3.052670
2871.820, 2.897373
2873.748, 2.595229
2875.677, 2.395270
2877.605, 2.562827
2879.533, 2.500831
2881.462, 2.415670
2883.390, 2.383439
2885.319, 2.186948
2887.247, 2.055396
2889.176, 2.258124
2891.104, 3.384250
2893.033, 3.442951
2894.961, 2.855166
2896.890, 2.429454
2898.818, 2.343404
2900.747, 2.309611
2902.675, 2.174721
2904.604, 2.016933
2906.532, 2.128778
2908.460, 2.317533
2910.389, 2.103444
2912.317, 2.498892
2914.246, 2.881442
2916.174, 2.653833
2918.103, 2.396101
2920.031, 2.400404
2921.960, 2.541554
2923.888, 1.948514
2925.817, 1.878693
2927.745, 2.202328
2929.674, 2.576849
2931.602, 2.352659
2933.531, 2.149287
2935.459, 2.139564
2937.387, 2.026648
2939.316, 2.493778
2941.244, 2.842948
2943.173, 2.353526
2945.101, 2.595730
2947.030, 2.550416
2948.958, 2.137568
2950.887, 2.522192
2952.815, 2.497926
2954.744, 2.340600
2956.672, 2.366647
2958.601, 1.907684
2960.529, 1.685152
2962.458, 1.926968
2964.386, 2.289405
2966.314, 2.306568
2968.243, 2.159724
2970.171, 2.015495
2972.100, 1.942541
2974.028, 2.034012
2975.957, 2.273255
2977.885, 2.202887
2979.814, 2.269403
2981.742, 2.411051
2983.671, 2.161946
2985.599, 1.934480
2987.528, 1.788864
2989.456, 1.756995
2991.385, 2.182653
2993.313, 2.216937
2995.241, 2.142931
2997.170, 2.176057
2999.098, 2.210097
3001.027, 2.171832
3002.955, 2.045618
3004.884, 1.715766
3006.812, 2.101703
3008.741, 2.302170
3010.669, 1.931890
3012.598, 2.325165
3014.526, 1.813655
3016.455, 1.368666
3018.383, 2.071509
3020.312, 1.730556
3022.240, 1.833559
3024.168, 2.450445
3026.097, 2.316533
3028.025, 2.004376
3029.954, 1.913916
3031.882, 2.169776
3033.811, 1.803025
3035.739, 1.662614
3037.668, 1.828076
3039.596, 2.327082
3041.525, 2.059167
3043.453, 2.012886
3045.382, 2.352532
3047.310, 2.134272
3049.239, 1.866735
3051.167, 1.677864
3053.095, 1.683909
3055.024, 1.858431
3056.952, 1.801090
3058.881, 1.764838
3060.809, 2.279654
3062.738, 2.271235
3064.666, 2.090468
3066.595, 1.994753
3068.523, 1.834981
3070.452, 2.016151
3072.380, 2.120519
3074.309, 1.948839
3076.237, 2.166492
3078.166, 1.987606
3080.094, 1.779147
3082.022, 1.914366
3083.951, 2.274006
3085.879, 2.240442
3087.808, 1.827631
3089.736, 1.322899
3091.665, 1.584667
3093.593, 1.950783
3095.522, 2.091702
3097.450, 2.340565
3099.379, 1.936629
3101.307, 1.676325
3103.236, 1.854210
3105.164, 1.960508
3107.093, 1.657468
3109.021, 1.477925
3110.949, 1.839590
3112.878, 1.789846
3114.806, 1.771090
3116.735, 1.742628
3118.663, 1.534006
3120.592, 1.427451
3122.520, 1.462301
3124.449, 1.432921
3126.377, 1.652973
3128.306, 1.618398
3130.234, 1.929648
3132.163, 2.154372
3134.091, 1.510439
3136.020, 1.631197
3137.948, 1.968791
3139.876, 2.144724
3141.805, 1.406130
3143.733, 1.353278
3145.662, 1.637477
3147.590, 1.709974
3149.519, 1.635205
3151.447, 1.812955
3153.376, 1.926457
3155.304, 1.802747
3157.233, 2.073627
3159.161, 1.921465
3161.090, 1.639738
3163.018, 1.676300
3164.947, 1.827199
3166.875, 1.624015
3168.803, 1.599615
3170.732, 1.924202
3172.660, 2.074064
3174.589, 1.768851
3176.517, 1.635166
3178.446, 2.041731
3180.374, 2.194374
3182.303, 2.068700
3184.231, 1.779089
3186.160, 1.471223
3188.088, 1.302688
3190.017, 1.360543
3191.945, 1.682111
3193.874, 2.023896
3195.802, 1.844849
3197.730, 2.039715
3199.659, 2.117226
3201.587, 1.826788
3203.516, 1.632631
3205.444, 1.619562
3207.373, 1.570315
3209.301, 1.130189
3211.230, 1.287202
3213.158, 1.483776
3215.087, 1.797799
3217.015, 2.148187
3218.944, 1.856014
3220.872, 1.563256
3222.801, 1.518959
3224.729, 1.664283
3226.657, 1.916420
3228.586, 1.673555
3230.514, 1.543460
3232.443, 1.727752
3234.371, 1.597388
3236.300, 1.891856
3238.228, 1.885624
3240.157, 1.548070
3242.085, 1.663951
3244.014, 2.212610
3245.942, 2.134017
3247.871, 1.735743
3249.799, 2.495102
3251.728, 1.891163
3253.656, 1.568011
3255.584, 1.670813
3257.513, 1.700250
3259.441, 2.099325
3261.370, 2.065584
3263.298, 1.630511
3265.227, 1.937741
3267.155, 1.362859
3269.084, 1.913383
3271.012, 2.176109
3272.941, 1.882380
3274.869, 1.229167
3276.798, 1.536507
3278.726, 1.430197
3280.655, 0.9350128
3282.583, 2.278337
3284.511, 1.959977
3286.440, 1.616086
3288.368, 1.578291
3290.297, 1.305437
3292.225, 1.502450
3294.154, 1.716253
3296.082, 1.736540
3298.011, 1.619469
3299.939, 1.892665
3301.868, 1.417623
3303.796, 1.102434
3305.725, 1.425661
3307.653, 1.640451
3309.582, 1.056342
3311.510, 1.398724
3313.438, 1.370061
3315.367, 1.858080
3317.295, 1.586176
3319.224, 1.676256
3321.152, 1.738553
3323.081, 1.295533
3325.009, 1.586873
3326.938, 1.800047
3328.866, 1.762063
3330.795, 1.567987
3332.723, 1.913733
3334.652, 1.660190
3336.580, 1.498705
3338.509, 1.562774
3340.437, 1.578541
3342.365, 1.523048
3344.294, 1.515330
3346.222, 1.440923
3348.151, 1.437420
3350.079, 1.278351
3352.008, 1.291298
3353.936, 1.193284
3355.865, 1.778507
3357.793, 1.919285
3359.722, 2.166378
3361.650, 1.970953
3363.579, 1.720846
3365.507, 1.848264
3367.436, 1.661398
3369.364, 1.753750
3371.292, 1.523772
3373.221, 1.692145
3375.149, 1.593442
3377.078, 1.380510
3379.006, 1.568268
3380.935, 1.701387
3382.863, 1.473178
3384.792, 1.152203
3386.720, 1.902690
3388.649, 1.771707
3390.577, 1.300888
3392.506, 2.447183
3394.434, 1.846567
3396.363, 1.902630
3398.291, 1.781740
3400.219, 1.297193
3402.148, 2.030341
3404.076, 2.182521
3406.005, 1.987504
3407.933, 1.893061
3409.862, 2.020060
3411.790, 1.307754
3413.719, 0.7755294
3415.647, 1.171342
3417.576, 1.836911
3419.504, 1.603690
3421.433, 1.663205
3423.361, 1.985802
3425.290, 1.936569
3427.218, 2.070366
3429.146, 2.039879
3431.075, 2.119008
3433.003, 2.074305
3434.932, 1.936988
3436.860, 1.721684
3438.789, 1.477284
3440.717, 2.189553
3442.646, 2.093084
3444.574, 1.383364
3446.503, 0.9900772
3448.431, 1.898508
3450.360, 2.421863
3452.288, 1.938654
3454.217, 1.449065
3456.145, 2.355626
3458.073, 2.434151
3460.002, 2.070545
3461.930, 1.452458
3463.859, 1.297708
3465.787, 2.485923
3467.716, 2.030482
3469.644, 2.045225
3471.573, 2.087274
3473.501, 1.818599
3475.430, 1.496335
3477.358, 1.962375
3479.287, 1.427783
3481.215, 1.164116
3483.144, 1.558140
3485.072, 1.582319
3487.000, 1.521971
3488.929, 1.658873
3490.857, 1.533499
3492.786, 1.356685
3494.714, 2.104675
3496.643, 1.471641
3498.571, 1.834702
3500.500, 1.782235
3502.428, 1.060777
3504.357, 1.561659
3506.285, 1.507181
3508.214, 1.488399
3510.142, 1.342977
3512.071, 1.254405
3513.999, 1.374734
3515.927, 1.496803
3517.856, 1.559039
3519.784, 1.555171
3521.713, 1.649369
3523.641, 1.405876
3525.570, 1.347227
3527.498, 1.128596
3529.427, 1.387871
3531.355, 1.829038
3533.284, 1.740010
3535.212, 1.566264
3537.141, 1.693379
3539.069, 1.242767
3540.998, 1.093138
3542.926, 1.880425
3544.854, 1.165541
3546.783, 1.730727
3548.711, 1.626095
3550.640, 1.463113
3552.568, 1.839971
3554.497, 1.668494
3556.425, 1.560977
3558.354, 1.345682
3560.282, 1.747682
3562.211, 2.377758
3564.139, 1.839907
3566.068, 1.949485
3567.996, 1.109616
3569.925, 0.9886453
3571.853, 1.446496
3573.781, 1.446560
3575.710, 1.414757
3577.638, 2.312784
3579.567, 2.175605
3581.495, 1.926020
3583.424, 2.208546
3585.352, 1.800960
3587.281, 1.991484
3589.209, 1.553397
3591.138, 2.096962
3593.066, 2.159878
3594.995, 2.003255
3596.923, 2.145809
3598.852, 1.714818
3600.780, 1.971785
3602.708, 1.832575
3604.637, 1.749060
3606.565, 2.193144
3608.494, 2.048195
3610.422, 1.991451
3612.351, 2.070859
3614.279, 2.064930
3616.208, 1.867360
3618.136, 1.979039
3620.065, 1.540710
3621.993, 2.302564
3623.922, 2.512620
3625.850, 1.817272
3627.779, 2.373810
3629.707, 2.286989
3631.635, 1.674663
3633.564, 1.218715
3635.492, 1.484268
3637.421, 2.121147
3639.349, 1.570236
3641.278, 1.794161
3643.206, 1.865560
3645.135, 1.815199
3647.063, 2.028046
3648.992, 2.341510
3650.920, 2.109836
3652.849, 1.887979
3654.777, 1.917282
3656.706, 2.153512
3658.634, 2.376534
3660.563, 2.259592
3662.491, 2.214601
3664.419, 2.121276
3666.348, 2.040648
3668.276, 2.094532
3670.205, 1.953430
3672.133, 1.423335
3674.062, 1.499005
3675.990, 2.429065
3677.919, 2.077315
3679.847, 1.702562
3681.776, 1.692872
3683.704, 1.289756
3685.633, 1.305087
3687.561, 1.610180
3689.490, 1.328946
3691.418, 1.589998
3693.346, 1.698632
3695.275, 1.214041
3697.203, 1.256341
3699.132, 1.510668
3701.060, 1.264476
3702.989, 1.178728
3704.917, 1.605535
3706.846, 2.236496
3708.774, 2.331791
3710.703, 1.741152
3712.631, 1.677432
3714.560, 1.569816
3716.488, 1.402219
3718.417, 1.470287
3720.345, 1.645366
3722.273, 1.521349
3724.202, 1.346424
3726.130, 1.860814
3728.059, 1.864557
3729.987, 1.796072
3731.916, 1.089423
3733.844, 1.551242
3735.773, 1.365415
3737.701, 1.146096
3739.630, 1.155934
3741.558, 1.281413
3743.487, 1.386129
3745.415, 1.642465
3747.344, 1.559620
3749.272, 1.530037
3751.200, 1.721014
3753.129, 1.615142
3755.057, 1.412170
3756.986, 2.075148
3758.914, 1.963570
3760.843, 1.770243
3762.771, 0.8768824
3764.700, 1.092093
3766.628, 1.603788
3768.557, 1.174669
3770.485, 2.196188
3772.414, 1.658587
3774.342, 1.586457
3776.271, 2.343873
3778.199, 2.563973
3780.127, 2.132900
3782.056, 2.095919
3783.984, 1.531886
3785.913, 1.476296
3787.841, 1.334748
3789.770, 1.532206
3791.698, 2.008388
3793.627, 2.081223
3795.555, 1.138389
3797.484, 0.6810789
3799.412, 1.799371
3801.341, 1.643180
3803.269, 2.072372
3805.198, 1.927632
3807.126, 0.9574402
3809.054, 1.114548
3810.983, 0.9577903
3812.911, 1.427323
3814.840, 1.589222
3816.768, 1.241812
3818.697, 1.744488
3820.625, 2.364067
3822.554, 1.227847
3824.482, 1.455303
3826.411, 1.747527
3828.339, 0.7191361
3830.268, 1.371868
3832.196, 1.784133
3834.125, 1.352902
3836.053, 1.607106
3837.981, 0.9862858
3839.910, 1.601488
3841.838, 1.857715
3843.767, 1.741632
3845.695, 1.689503
3847.624, 1.778824
3849.552, 1.890115
3851.481, 1.986534
3853.409, 1.576471
3855.338, 1.564634
3857.266, 1.790064
3859.195, 1.373451
3861.123, 1.456089
3863.052, 1.793248
3864.980, 1.133332
3866.908, 1.709394
3868.837, 0.9938979
3870.765, 1.054695
3872.694, 1.418284
3874.622, 2.059961
3876.551, 2.246856
3878.479, 1.939371
3880.408, 2.148763
3882.336, 1.428092
3884.265, 1.709589
3886.193, 1.372121
3888.122, 1.820975
3890.050, 1.783625
3891.979, 1.509107
3893.907, 1.648451
3895.835, 1.264599
3897.764, 1.600370
3899.692, 1.657142
3901.621, 1.069583
3903.549, 1.209936
3905.478, 1.266598
3907.406, 1.101630
3909.335, 1.466133
3911.263, 2.174297
3913.192, 1.139690
3915.120, 1.340276
3917.049, 1.389613
3918.977, 2.067238
3920.906, 2.315099
3922.834, 1.706170
3924.762, 1.247307
3926.691, 1.690898
3928.619, 1.361901
3930.548, 2.000575
3932.476, 1.775317
3934.405, 1.756104
3936.333, 1.926743
3938.262, 2.124151
3940.190, 2.276164
3942.119, 2.468950
3944.047, 2.688082
3945.976, 2.390844
3947.904, 1.233802
3949.833, 1.851002
3951.761, 1.499307
3953.689, 1.510711
3955.618, 1.929866
3957.546, 1.894375
3959.475, 1.523772
3961.403, 2.043653
3963.332, 2.054950
3965.260, 1.881392
3967.189, 1.391066
3969.117, 1.199147
3971.046, 1.401133
3972.974, 1.606134
3974.903, 1.400552
3976.831, 0.9703153
3978.760, 0.7739590
3980.688, 1.246388
3982.616, 1.367845
3984.545, 1.243288
3986.473, 1.015646
3988.402, 0.8861599
3990.330, 1.181719
3992.259, 0.9705292
3994.187, 1.089134
3996.116, 0.8917013
3998.044, 1.143286
3999.973, 1.169531
4001.901, 1.094818
4003.830, 1.035857
4005.758, 1.007606
4007.687, 0.8065976
4009.615, 0.8729364
4011.543, 1.068738
4013.472, 0.9487529
4015.400, 0.5170473
4017.329, 1.084381
4019.257, 0.4417093
4021.186, 0.8116668
4023.114, 1.153735
4025.043, 0.8374227
4026.971, 0.9904500
4028.900, 1.303114
4030.828, 1.078430
4032.757, 0.5331888
4034.685, 9.2441343E-02
4036.614, 0.9314815
4038.542, 1.157033
4040.470, 1.078120
4042.399, 1.027414
4044.327, 0.8528738
4046.256, 0.5911670
4048.184, 0.5982419
4050.113, 0.9026145
4052.041, 1.169036
4053.970, 1.318949
4055.898, 1.610469
4057.827, 0.6243116
4059.755, 0.5206565
4061.684, 0.8231993
4063.612, 0.7761379
4065.541, 1.073699
4067.469, 1.180071
4069.397, 0.9870179
4071.326, 1.054695
4073.254, 1.203498
4075.183, 1.402545
4077.111, 1.206223
4079.040, 0.8900493
4080.968, 0.9489180
4082.897, 0.8016535
4084.825, 0.9584187
4086.754, 0.9457901
4088.682, 0.8750483
4090.611, 1.020265
4092.539, 1.313948
4094.468, 1.627468
4096.396, 1.195924
4098.324, 1.576872
4100.253, 1.024033
4102.181, 1.012408
4104.110, 1.035102
4106.038, 0.6566857
4107.967, 1.162910
4109.895, 0.4107556
4111.824, 0.6032076
4113.752, 0.9818748
4115.681, 0.5046787
4117.609, 1.084054
4119.538, 0.6824914
4121.466, 1.046060
4123.395, 1.359736
4125.323, 0.7129088
4127.251, 0.7036848
4129.180, 0.7792755
4131.108, 0.8444545
4133.037, 0.9798163
4134.965, 1.080974
4136.894, 1.005482
4138.822, 0.7931281
4140.750, 0.9673532
4142.679, 0.7067841
4144.607, 0.7010111
4146.536, 0.6354830
4148.464, 0.7602258
4150.393, 0.7704643
4152.321, 0.9196476
4154.250, 0.7990125
4156.178, 0.7887650
4158.107, 0.5562127
4160.035, 0.7284935
4161.964, 1.166281
4163.892, 1.104448
4165.821, 1.119866
4167.749, 0.4454031
4169.678, 0.3288168
4171.606, 0.4575390
4173.535, 0.9440834
4175.463, 1.286722
4177.392, 0.4122916
4179.320, 0.6382354
4181.249, 0.5435271
4183.177, 0.5588447
4185.105, 0.7022924
4187.034, 0.6869894
4188.962, 0.9874816
4190.891, 0.9307472
4192.819, 1.060464
4194.748, 1.089257
4196.676, 1.093931
4198.604, 0.9246694
4200.533, 1.059748
4202.461, 0.6505751
4204.390, 1.166718
4206.318, 1.006693
4208.247, 0.9299489
4210.175, 1.121001
4212.104, 1.193183
4214.032, 1.094136
4215.961, 1.195791
4217.889, 1.355977
4219.818, 1.093308
4221.746, 1.060141
4223.675, 0.9021727
4225.603, 0.8136295
4227.532, 0.7975837
4229.460, 0.6195337
4231.389, 0.6532605
4233.317, 0.4283110
4235.246, 0.8840452
4237.174, 0.3090112
4239.103, 1.037413
4241.031, 1.197556
4242.959, 0.8350101
4244.888, 0.8092146
4246.816, 1.037332
4248.745, 1.134648
4250.673, 0.8666544
4252.602, 0.5571500
4254.530, 0.7011312
4256.458, 0.9532124
4258.387, 0.6968421
4260.315, 0.6682833
4262.244, 0.9275211
4264.172, 0.8429685
4266.101, 1.409125
4268.029, 1.377827
4269.958, 0.6582747
4271.886, 0.8059193
4273.815, 0.2376726
4275.743, 0.3311122
4277.672, 0.7171823
4279.600, 0.6221539
4281.529, 0.5007141
4283.457, 0.5601480
4285.386, 0.6607910
4287.314, 0.7609571
4289.243, 0.6172664
4291.171, 0.3874082
4293.100, 0.7323719
4295.028, 0.7075453
4296.957, 1.014416
4298.885, 0.8463100
4300.813, 0.5943391
4302.742, 1.265748
4304.670, 0.7634494
4306.599, 0.9798272
4308.527, 0.9893299
4310.456, 0.5082693
4312.384, 0.2096414
4314.313, 0.3440771
4316.241, 0.1333070
4318.169, 0.1874169
4320.098, 0.1396105
4322.026, 0.3517379
4323.955, 0.2927646
4325.883, 0.4573684
4327.812, 0.7369374
4329.740, 1.053359
4331.669, 1.616154
4333.597, 1.123168
4335.526, 0.7852153
4337.454, 0.6635267
4339.383, 0.9810375
4341.311, 1.113791
4343.240, 1.051461
4345.168, 0.6500450
4347.097, 0.4314982
4349.025, 0.3774601
4350.954, 1.187121
4352.882, 0.9611788
4354.811, 0.7633097
4356.739, 1.051141
4358.667, 0.5327983
4360.596, 1.030083
4362.524, 1.241437
4364.453, 0.8740240
4366.381, 0.4297649
4368.310, 0.5942600
4370.238, -0.1396043
4372.167, 0.5855321
4374.095, 0.7898506
4376.023, 0.7255476
4377.952, 0.7786238
4379.880, 0.3526086
4381.809, -0.5967550
##END=



