##NAMES=Thorianite
##RRUFFID=R130003
##IDEAL CHEMISTRY=ThO_2_
##LOCALITY=Millar's mine, Tory Hill, Monmouth Township, Haliburton County, Ontario, Canada
##OWNER=RRUFF
##SOURCE=Don Doell
##DESCRIPTION=Broken black cubes
##STATUS=The identification of this mineral has been confirmed by X-ray diffraction
##URL=https://www.rruff.net/odr/rruff_sample/R130003
##DIFFRACTION SAMPLE DESCRIPTION=Powder
##CELL PARAMETERS=a: 5.5605 b: 5.5605 c: 5.5605 alpha: 90 beta: 90 gamma: 90 volume: 171.93 crystal system: cubic
##FILETYPE=Raman Processed
##RAMAN WAVELENGTH=532

194.8230, 451.8854
196.7515, 452.1395
198.6799, 452.5352
200.6084, 452.8517
202.5369, 453.3936
204.4653, 454.4590
206.3938, 456.2428
208.3223, 457.6961
210.2507, 458.3640
212.1792, 458.3727
214.1077, 458.5504
216.0361, 458.9681
217.9646, 459.5222
219.8931, 460.2378
221.8215, 461.2557
223.7500, 461.9699
225.6785, 462.1254
227.6069, 461.7293
229.5354, 461.4235
231.4639, 461.2845
233.3923, 461.1779
235.3208, 461.0371
237.2493, 460.8799
239.1777, 460.7476
241.1062, 460.7071
243.0347, 460.7857
244.9631, 460.8610
246.8916, 460.8898
248.8201, 460.9758
250.7485, 461.1887
252.6770, 461.9158
254.6055, 462.2302
256.5339, 461.6037
258.4624, 460.2744
260.3909, 459.4572
262.3193, 459.7429
264.2478, 460.2693
266.1763, 460.4633
268.1047, 459.9161
270.0332, 459.5453
271.9617, 459.6888
273.8901, 460.1696
275.8186, 460.3348
277.7471, 460.3400
279.6755, 459.9044
281.6040, 458.5977
283.5325, 455.9872
285.4609, 453.7901
287.3894, 452.5461
289.3179, 452.0915
291.2463, 451.8796
293.1748, 452.2079
295.1033, 452.5187
297.0317, 452.4801
298.9602, 452.1298
300.8887, 451.3357
302.8171, 449.5371
304.7456, 447.0815
306.6741, 445.6292
308.6025, 445.8136
310.5310, 446.3239
312.4595, 446.6581
314.3879, 446.8875
316.3164, 446.6894
318.2449, 445.8067
320.1733, 444.4871
322.1018, 443.3274
324.0303, 442.2025
325.9587, 441.3766
327.8872, 440.9958
329.8157, 441.1241
331.7441, 441.4420
333.6726, 442.1191
335.6011, 442.9269
337.5295, 443.4415
339.4580, 443.3372
341.3865, 443.4696
343.3149, 444.1902
345.2434, 445.6516
347.1719, 446.6866
349.1003, 447.0601
351.0288, 447.1151
352.9573, 447.1621
354.8857, 447.1486
356.8142, 447.3559
358.7427, 448.0232
360.6711, 449.1599
362.5996, 450.0730
364.5281, 450.3268
366.4565, 450.7362
368.3850, 451.7735
370.3135, 453.5467
372.2419, 455.4550
374.1704, 457.2653
376.0989, 459.0889
378.0273, 461.2758
379.9558, 463.8706
381.8843, 466.7733
383.8127, 469.9793
385.7412, 473.5598
387.6697, 477.1967
389.5981, 480.6616
391.5266, 484.2052
393.4551, 488.1454
395.3835, 492.5533
397.3120, 496.9889
399.2405, 501.2332
401.1689, 505.2528
403.0974, 509.3211
405.0259, 513.1882
406.9543, 517.2498
408.8828, 521.8741
410.8113, 527.1719
412.7397, 532.6068
414.6682, 537.9852
416.5967, 543.4700
418.5251, 549.5313
420.4536, 556.7922
422.3821, 564.0356
424.3105, 570.8649
426.2390, 577.3282
428.1675, 583.4819
430.0959, 588.6112
432.0244, 593.7387
433.9529, 600.1417
435.8813, 608.7651
437.8098, 616.7063
439.7383, 622.8331
441.6667, 627.6307
443.5952, 632.5231
445.5237, 638.2588
447.4521, 643.5286
449.3806, 647.5291
451.3091, 650.0787
453.2375, 652.6852
455.1660, 656.3840
457.0945, 659.9523
459.0229, 661.9189
460.9514, 661.0775
462.8799, 659.7450
464.8083, 658.4053
466.7368, 656.8382
468.6653, 654.2431
470.5938, 650.1335
472.5222, 645.3251
474.4507, 640.2581
476.3792, 634.7626
478.3076, 629.3939
480.2361, 624.6494
482.1646, 619.8953
484.0930, 614.1993
486.0215, 606.8182
487.9500, 599.9034
489.8784, 594.0784
491.8069, 589.3145
493.7354, 584.6334
495.6638, 580.1800
497.5923, 575.5945
499.5208, 570.6937
501.4492, 565.4972
503.3777, 560.1039
505.3062, 554.4974
507.2346, 548.8079
509.1631, 543.2028
511.0916, 537.6974
513.0200, 532.3287
514.9485, 527.1366
516.8770, 522.1079
518.8054, 517.1979
520.7339, 512.1910
522.6624, 507.4702
524.5908, 503.2255
526.5193, 499.4778
528.4478, 495.8460
530.3762, 492.1116
532.3047, 488.4871
534.2332, 485.0916
536.1616, 481.4191
538.0901, 478.8423
540.0186, 478.2437
541.9470, 478.9417
543.8755, 478.8669
545.8040, 477.2621
547.7324, 476.3159
549.6609, 476.9566
551.5894, 479.3866
553.5178, 482.0796
555.4463, 484.4770
557.3748, 487.4503
559.3032, 491.7977
561.2317, 497.4780
563.1602, 503.3716
565.0886, 509.0365
567.0171, 514.7654
568.9456, 520.9723
570.8740, 527.9758
572.8025, 535.1418
574.7310, 542.1285
576.6594, 549.3055
578.5879, 557.5252
580.5164, 567.6614
582.4448, 577.8586
584.3733, 587.2047
586.3018, 595.3702
588.2302, 604.4442
590.1587, 615.0861
592.0872, 626.0604
594.0156, 636.4352
595.9441, 646.0469
597.8726, 656.1210
599.8010, 667.1044
601.7295, 678.6107
603.6580, 690.2242
605.5864, 701.9394
607.5149, 713.7926
609.4434, 725.7556
611.3718, 737.8995
613.3003, 750.3647
615.2288, 763.6330
617.1572, 776.6274
619.0857, 788.9534
621.0142, 800.5607
622.9426, 812.2265
624.8711, 825.2094
626.7996, 837.1560
628.7280, 847.0883
630.6565, 855.1277
632.5850, 861.1057
634.5134, 864.5159
636.4419, 866.2814
638.3704, 867.0663
640.2988, 867.1072
642.2273, 865.5285
644.1558, 861.7278
646.0842, 856.2318
648.0127, 849.8297
649.9412, 842.4618
651.8696, 834.1861
653.7981, 824.7953
655.7266, 814.5707
657.6550, 804.5027
659.5835, 795.3451
661.5120, 785.5955
663.4404, 774.2505
665.3689, 761.6964
667.2974, 749.7856
669.2258, 739.3166
671.1543, 728.8222
673.0828, 717.5403
675.0112, 705.1271
676.9397, 693.0768
678.8682, 681.8792
680.7966, 670.4495
682.7251, 658.0589
684.6536, 644.4838
686.5820, 630.9529
688.5105, 617.6939
690.4390, 604.6359
692.3674, 591.7838
694.2959, 579.1376
696.2244, 566.9860
698.1528, 555.3614
700.0813, 544.4157
702.0098, 534.3273
703.9382, 525.3450
705.8667, 516.9330
707.7952, 508.9544
709.7236, 501.4376
711.6521, 494.4015
713.5806, 487.9461
715.5090, 481.6742
717.4375, 475.5130
719.3660, 469.3960
721.2944, 463.2513
723.2229, 456.3203
725.1514, 450.1120
727.0798, 445.3095
729.0083, 441.8662
730.9368, 438.2332
732.8652, 434.5622
734.7937, 430.5358
736.7222, 425.7386
738.6506, 420.2289
740.5791, 415.3701
742.5076, 411.3851
744.4360, 407.9759
746.3645, 405.2147
748.2930, 403.2254
750.2214, 400.9888
752.1499, 398.3248
754.0784, 395.5517
756.0068, 392.8435
757.9353, 390.2127
759.8638, 387.7311
761.7922, 385.2165
763.7207, 382.9971
765.6492, 381.3714
767.5776, 380.4631
769.5061, 379.6250
771.4346, 378.5699
773.3630, 377.6465
775.2915, 377.2171
777.2200, 377.5303
779.1484, 377.3375
781.0769, 376.0439
783.0054, 374.4286
784.9338, 373.3496
786.8623, 373.0052
788.7908, 372.7743
790.7192, 373.0867
792.6477, 373.2365
794.5762, 372.3705
796.5046, 369.9557
798.4331, 368.1104
800.3616, 367.3397
802.2900, 367.2742
804.2185, 367.5085
806.1470, 368.3611
808.0754, 368.9170
810.0039, 368.6085
811.9324, 368.1135
813.8608, 368.3108
815.7893, 369.5152
817.7178, 370.4697
819.6462, 370.9135
821.5747, 370.9126
823.5032, 370.5228
825.4316, 369.2137
827.3601, 368.3364
829.2886, 368.3428
831.2170, 368.8045
833.1455, 369.0725
835.0740, 369.0330
837.0024, 369.1976
838.9309, 369.9591
840.8594, 370.9052
842.7878, 371.4381
844.7163, 371.2400
846.6448, 370.9951
848.5732, 370.7418
850.5017, 370.4429
852.4302, 370.0352
854.3586, 369.4776
856.2871, 369.0028
858.2156, 368.8454
860.1440, 368.7524
862.0725, 368.3934
864.0010, 367.3365
865.9294, 366.6251
867.8579, 366.5660
869.7864, 366.7189
871.7148, 366.5376
873.6433, 365.9930
875.5718, 365.2051
877.5002, 364.1644
879.4287, 362.8855
881.3572, 361.3590
883.2856, 359.4848
885.2141, 357.6661
887.1426, 355.9359
889.0710, 354.3263
890.9995, 352.9478
892.9280, 351.8929
894.8564, 350.6662
896.7849, 348.9002
898.7134, 347.1863
900.6418, 345.9204
902.5703, 345.1313
904.4988, 344.5811
906.4272, 344.3158
908.3557, 344.1441
910.2842, 343.9564
912.2126, 343.7245
914.1411, 343.3753
916.0696, 342.9141
917.9980, 342.2966
919.9265, 341.4404
921.8550, 340.3952
923.7834, 339.4950
925.7119, 338.9823
927.6404, 338.5222
929.5688, 337.9634
931.4973, 337.3298
933.4258, 336.9448
935.3542, 336.7354
937.2827, 336.8146
939.2112, 337.3355
941.1396, 338.1580
943.0681, 338.9239
944.9966, 339.6307
946.9250, 340.1365
948.8535, 340.1882
950.7820, 339.9734
952.7104, 340.0818
954.6389, 341.0211
956.5674, 341.6469
958.4958, 341.6815
960.4243, 341.3857
962.3528, 341.2036
964.2813, 341.1827
966.2097, 341.2226
968.1382, 341.4614
970.0667, 341.6966
971.9951, 341.6343
973.9236, 341.0249
975.8521, 340.8679
977.7805, 341.4512
979.7090, 342.2559
981.6375, 342.9348
983.5659, 343.4566
985.4944, 343.7302
987.4229, 343.4371
989.3513, 343.1857
991.2798, 343.4495
993.2083, 344.1562
995.1367, 344.6682
997.0652, 344.8321
998.9937, 345.0084
1000.922, 345.3977
1002.851, 345.9497
1004.779, 346.3163
1006.708, 345.9530
1008.636, 346.0086
1010.564, 347.1171
1012.493, 348.6019
1014.421, 349.2686
1016.350, 348.8634
1018.278, 348.4983
1020.207, 348.4437
1022.135, 348.6452
1024.064, 349.1353
1025.992, 350.1305
1027.921, 350.9283
1029.849, 351.4261
1031.778, 351.8303
1033.706, 352.1580
1035.635, 352.3914
1037.563, 353.0293
1039.491, 354.5466
1041.420, 355.8272
1043.348, 356.1050
1045.277, 355.6661
1047.205, 355.4374
1049.134, 355.5743
1051.062, 355.7887
1052.991, 356.1274
1054.919, 356.5264
1056.848, 356.8439
1058.776, 357.1080
1060.705, 357.3516
1062.633, 357.6749
1064.562, 357.9113
1066.490, 357.6968
1068.418, 356.9832
1070.347, 356.7830
1072.275, 357.5755
1074.204, 358.4852
1076.132, 358.9697
1078.061, 359.0381
1079.989, 359.4664
1081.918, 361.0454
1083.846, 362.0804
1085.775, 361.8874
1087.703, 360.9264
1089.632, 360.2763
1091.560, 360.0151
1093.489, 359.8336
1095.417, 359.9305
1097.345, 359.9519
1099.274, 359.5072
1101.202, 358.5767
1103.131, 357.9881
1105.059, 358.0739
1106.988, 358.3505
1108.916, 358.5478
1110.845, 358.6620
1112.773, 359.0161
1114.702, 359.5522
1116.630, 360.2824
1118.559, 361.5062
1120.487, 362.8065
1122.416, 363.4232
1124.344, 363.2548
1126.272, 363.0342
1128.201, 362.8531
1130.129, 362.7856
1132.058, 362.9394
1133.986, 363.3329
1135.915, 363.6104
1137.843, 363.5135
1139.772, 363.5521
1141.700, 363.9712
1143.629, 364.6590
1145.557, 365.2213
1147.486, 365.7192
1149.414, 365.9920
1151.343, 365.5923
1153.271, 365.2089
1155.199, 365.8018
1157.128, 367.3828
1159.056, 368.3416
1160.985, 367.9883
1162.913, 367.5208
1164.842, 367.5070
1166.770, 367.9074
1168.699, 368.4313
1170.627, 369.1772
1172.556, 369.9366
1174.484, 370.6898
1176.413, 371.4202
1178.341, 372.0719
1180.270, 372.5381
1182.198, 373.1409
1184.126, 374.0788
1186.055, 374.8960
1187.983, 375.3453
1189.912, 375.4640
1191.840, 375.3087
1193.769, 374.6557
1195.697, 374.3793
1197.626, 375.1798
1199.554, 376.3797
1201.483, 377.1870
1203.411, 377.4328
1205.340, 378.0633
1207.268, 379.4525
1209.197, 380.8708
1211.125, 381.9584
1213.053, 382.7024
1214.982, 383.2397
1216.910, 383.3862
1218.839, 383.5182
1220.767, 383.5582
1222.696, 383.7093
1224.624, 384.2758
1226.553, 385.2957
1228.481, 386.3697
1230.410, 387.7915
1232.338, 388.8861
1234.267, 389.1089
1236.195, 388.7704
1238.124, 388.9418
1240.052, 389.9699
1241.980, 390.7050
1243.909, 390.7453
1245.837, 390.5960
1247.766, 390.6310
1249.694, 390.8638
1251.623, 391.2661
1253.551, 391.9992
1255.480, 392.7392
1257.408, 393.6155
1259.337, 394.3445
1261.265, 394.3055
1263.194, 393.3178
1265.122, 392.8374
1267.051, 393.3434
1268.979, 394.2279
1270.907, 395.3828
1272.836, 396.6817
1274.764, 397.4057
1276.693, 397.2950
1278.621, 397.0995
1280.550, 396.8912
1282.478, 396.7303
1284.407, 396.6163
1286.335, 396.4852
1288.264, 396.7305
1290.192, 397.5959
1292.121, 398.4939
1294.049, 399.1849
1295.978, 399.8051
1297.906, 400.7690
1299.834, 402.2599
1301.763, 402.9268
1303.691, 401.9067
1305.620, 400.7183
1307.548, 400.2233
1309.477, 400.2479
1311.405, 400.3721
1313.334, 400.6224
1315.262, 400.8794
1317.191, 401.0905
1319.119, 401.3357
1321.048, 401.7652
1322.976, 402.4052
1324.905, 402.6204
1326.833, 401.8875
1328.761, 401.3499
1330.690, 401.3939
1332.618, 401.6211
1334.547, 401.4725
1336.475, 400.7856
1338.404, 400.5854
1340.332, 401.2253
1342.261, 401.9648
1344.189, 402.7707
1346.118, 403.4190
1348.046, 403.3848
1349.975, 402.5343
1351.903, 402.1923
1353.832, 403.1980
1355.760, 403.9734
1357.688, 403.2781
1359.617, 401.7997
1361.545, 401.3669
1363.474, 402.4341
1365.402, 403.1357
1367.331, 402.7661
1369.259, 402.2603
1371.188, 402.0255
1373.116, 402.0554
1375.045, 402.3495
1376.973, 403.4278
1378.902, 403.9891
1380.830, 403.6925
1382.759, 403.0959
1384.687, 402.3751
1386.615, 401.6094
1388.544, 401.6987
1390.472, 403.3269
1392.401, 404.5138
1394.329, 404.5542
1396.258, 404.1997
1398.186, 404.0593
1400.115, 404.0844
1402.043, 404.0666
1403.972, 403.9607
1405.900, 403.8526
1407.829, 403.8652
1409.757, 403.8247
1411.686, 403.4395
1413.614, 402.7815
1415.542, 402.6739
1417.471, 403.3688
1419.399, 404.2986
1421.328, 405.6498
1423.256, 406.8458
1425.185, 407.2666
1427.113, 406.8014
1429.042, 406.2216
1430.970, 405.1416
1432.899, 404.4354
1434.827, 404.7047
1436.756, 405.1873
1438.684, 404.9804
1440.613, 404.0282
1442.541, 403.7057
1444.469, 404.8019
1446.398, 405.4543
1448.326, 404.5155
1450.255, 403.4398
1452.183, 403.8891
1454.112, 405.7570
1456.040, 407.2371
1457.969, 408.2495
1459.897, 408.8449
1461.826, 408.7640
1463.754, 408.5000
1465.683, 408.4413
1467.611, 408.6088
1469.540, 409.1201
1471.468, 410.2379
1473.396, 411.0518
1475.325, 410.9029
1477.253, 410.6521
1479.182, 411.0327
1481.110, 411.8935
1483.039, 412.3395
1484.967, 411.9975
1486.896, 412.1506
1488.824, 413.9084
1490.753, 415.5167
1492.681, 415.6214
1494.610, 414.5908
1496.538, 414.4475
1498.467, 415.8053
1500.395, 416.6345
1502.323, 416.1963
1504.252, 415.7547
1506.180, 416.0437
1508.109, 416.8313
1510.037, 417.4662
1511.966, 417.9588
1513.894, 418.3149
1515.823, 418.3883
1517.751, 418.5508
1519.680, 419.0976
1521.608, 419.7754
1523.537, 420.0737
1525.465, 419.8347
1527.394, 419.9391
1529.322, 420.4928
1531.250, 421.2339
1533.179, 422.0220
1535.107, 422.9843
1537.036, 424.5951
1538.964, 426.7497
1540.893, 427.7570
1542.821, 427.0086
1544.750, 426.3940
1546.678, 426.3923
1548.607, 426.7631
1550.535, 427.5213
1552.464, 428.4905
1554.392, 429.2087
1556.321, 429.7208
1558.249, 429.6276
1560.177, 428.3521
1562.106, 427.1323
1564.034, 426.6445
1565.963, 426.7415
1567.891, 427.3418
1569.820, 428.4996
1571.748, 429.2719
1573.677, 429.2364
1575.605, 429.2436
1577.534, 429.5962
1579.462, 430.1066
1581.391, 430.6193
1583.319, 431.1274
1585.248, 431.6956
1587.176, 432.4975
1589.104, 432.9838
1591.033, 432.9282
1592.961, 432.6421
1594.890, 432.1272
1596.818, 431.5157
1598.747, 431.3320
1600.675, 431.8070
1602.604, 431.8087
1604.532, 430.5623
1606.461, 429.7587
1608.389, 430.4511
1610.318, 431.6236
1612.246, 431.8199
1614.175, 430.9078
1616.103, 430.9937
1618.031, 432.6646
1619.960, 434.1866
1621.888, 435.2561
1623.817, 435.9849
1625.745, 436.2079
1627.674, 436.1346
1629.602, 436.5332
1631.531, 437.9991
1633.459, 438.5563
1635.388, 437.4523
1637.316, 436.6224
1639.245, 436.8275
1641.173, 437.4775
1643.102, 437.9683
1645.030, 438.3101
1646.958, 438.6964
1648.887, 439.5335
1650.815, 439.7610
1652.744, 438.6826
1654.672, 437.6942
1656.601, 437.3206
1658.529, 437.5566
1660.458, 438.6107
1662.386, 440.7705
1664.315, 442.0280
1666.243, 441.6718
1668.172, 441.5126
1670.100, 442.1171
1672.029, 442.8045
1673.957, 442.7548
1675.885, 442.3885
1677.814, 443.2048
1679.742, 445.9333
1681.671, 447.8052
1683.599, 448.2975
1685.528, 448.5581
1687.456, 448.8174
1689.385, 449.0251
1691.313, 449.2480
1693.242, 449.4157
1695.170, 449.0050
1697.099, 447.4529
1699.027, 446.5933
1700.956, 446.8466
1702.884, 447.4156
1704.813, 448.4383
1706.741, 449.3702
1708.669, 449.2296
1710.598, 448.1242
1712.526, 448.1769
1714.455, 450.2778
1716.383, 451.8326
1718.312, 452.6440
1720.240, 452.8757
1722.169, 452.1056
1724.097, 451.0280
1726.026, 450.5603
1727.954, 450.6755
1729.883, 451.1127
1731.811, 452.3660
1733.740, 453.0934
1735.668, 452.9424
1737.596, 452.6730
1739.525, 452.8415
1741.453, 453.1140
1743.382, 452.8017
1745.310, 451.9106
1747.239, 451.8432
1749.167, 453.1414
1751.096, 454.3248
1753.024, 455.0355
1754.953, 455.7779
1756.881, 456.9537
1758.810, 458.1046
1760.738, 458.6071
1762.667, 458.4695
1764.595, 458.1978
1766.523, 457.6640
1768.452, 457.3476
1770.380, 457.6141
1772.309, 457.7633
1774.237, 456.8051
1776.166, 456.0654
1778.094, 457.8080
1780.023, 461.6863
1781.951, 463.1726
1783.880, 460.7728
1785.808, 459.3398
1787.737, 459.6558
1789.665, 460.2682
1791.594, 461.0169
1793.522, 461.6148
1795.450, 461.6860
1797.379, 461.3408
1799.307, 461.2037
1801.236, 461.4401
1803.164, 461.2046
1805.093, 459.7105
1807.021, 459.0493
1808.950, 460.4917
1810.878, 462.2514
1812.807, 463.0593
1814.735, 463.3012
1816.664, 463.8422
1818.592, 464.6646
1820.521, 465.6613
1822.449, 466.9081
1824.377, 467.9134
1826.306, 468.5269
1828.234, 468.8072
1830.163, 468.5667
1832.091, 468.1710
1834.020, 468.1354
1835.948, 468.4282
1837.877, 468.7713
1839.805, 469.2169
1841.734, 469.5356
1843.662, 469.7597
1845.591, 469.7163
1847.519, 468.5901
1849.448, 467.8078
1851.376, 469.2430
1853.304, 471.7299
1855.233, 472.5061
1857.161, 471.5427
1859.090, 471.1297
1861.018, 471.8710
1862.947, 472.2802
1864.875, 471.2653
1866.804, 470.6728
1868.732, 471.5871
1870.661, 473.3326
1872.589, 475.3867
1874.518, 477.5272
1876.446, 478.4756
1878.375, 477.7605
1880.303, 477.2428
1882.231, 477.0602
1884.160, 477.0709
1886.088, 477.6070
1888.017, 478.0973
1889.945, 478.0758
1891.874, 477.8922
1893.802, 478.3063
1895.731, 479.3883
1897.659, 479.5752
1899.588, 477.7964
1901.516, 477.1328
1903.445, 478.7990
1905.373, 479.9459
1907.302, 479.0547
1909.230, 477.9374
1911.158, 478.2443
1913.087, 479.3759
1915.015, 479.9461
1916.944, 479.9823
1918.872, 479.7660
1920.801, 479.1344
1922.729, 478.8615
1924.658, 479.0950
1926.586, 479.6161
1928.515, 480.8211
1930.443, 481.7608
1932.372, 481.3127
1934.300, 480.2422
1936.229, 480.1914
1938.157, 481.1075
1940.085, 481.6896
1942.014, 481.8288
1943.942, 481.7067
1945.871, 481.3007
1947.799, 480.6902
1949.728, 479.3387
1951.656, 478.3415
1953.585, 478.8930
1955.513, 480.3561
1957.442, 481.5633
1959.370, 482.5397
1961.299, 482.8971
1963.227, 481.9955
1965.156, 481.7126
1967.084, 482.3358
1969.012, 483.1442
1970.941, 484.0618
1972.869, 484.8897
1974.798, 485.6862
1976.726, 486.1539
1978.655, 485.6710
1980.583, 484.3502
1982.512, 483.3680
1984.440, 482.6832
1986.369, 483.1098
1988.297, 485.4171
1990.226, 487.2485
1992.154, 487.5950
1994.083, 487.7789
1996.011, 488.5084
1997.939, 489.3524
1999.868, 489.9643
2001.796, 490.3096
2003.725, 490.2623
2005.653, 489.8441
2007.582, 489.6155
2009.510, 489.7163
2011.439, 489.7993
2013.367, 489.3070
2015.296, 489.4665
2017.224, 491.2313
2019.153, 493.0508
2021.081, 493.8814
2023.010, 493.9937
2024.938, 493.6229
2026.866, 492.9072
2028.795, 492.8055
2030.723, 493.5907
2032.652, 494.0701
2034.580, 494.0404
2036.509, 494.2393
2038.437, 494.7934
2040.366, 495.5487
2042.294, 496.7538
2044.223, 497.6639
2046.151, 497.3579
2048.080, 496.5485
2050.008, 496.5782
2051.937, 497.2372
2053.865, 497.1566
2055.793, 496.1667
2057.722, 496.0702
2059.650, 497.5298
2061.579, 498.9062
2063.507, 499.9718
2065.436, 500.6606
2067.364, 500.7343
2069.293, 500.5416
2071.221, 500.3733
2073.150, 500.1342
2075.078, 499.5665
2077.007, 498.7479
2078.935, 498.3468
2080.864, 498.4378
2082.792, 498.6996
2084.720, 499.2530
2086.649, 499.6619
2088.577, 499.8268
2090.506, 499.9339
2092.434, 500.0456
2094.363, 500.1595
2096.291, 500.1734
2098.220, 500.1700
2100.148, 500.0997
2102.077, 500.0390
2104.005, 500.5413
2105.934, 501.6600
2107.862, 502.1946
2109.791, 502.1010
2111.719, 501.5744
2113.647, 500.2196
2115.576, 499.2801
2117.504, 499.5239
2119.433, 499.7541
2121.361, 498.9970
2123.290, 498.4567
2125.218, 499.6696
2127.147, 501.5392
2129.075, 501.6758
2131.004, 500.5733
2132.932, 500.7476
2134.861, 502.2936
2136.789, 503.3113
2138.718, 503.5239
2140.646, 503.4439
2142.574, 502.9775
2144.503, 502.5391
2146.431, 502.3349
2148.360, 502.1293
2150.288, 501.5174
2152.217, 501.1252
2154.145, 501.9232
2156.074, 503.2261
2158.002, 503.5007
2159.931, 502.9044
2161.859, 502.5807
2163.788, 502.5163
2165.716, 503.6276
2167.645, 506.5623
2169.573, 507.7440
2171.501, 505.4146
2173.430, 503.6993
2175.358, 504.5859
2177.287, 505.6496
2179.215, 505.5138
2181.144, 505.2475
2183.072, 505.9204
2185.001, 506.9096
2186.929, 507.0928
2188.858, 506.7021
2190.786, 506.9258
2192.715, 507.7650
2194.643, 508.1884
2196.572, 508.1412
2198.500, 508.1257
2200.428, 508.2265
2202.357, 508.4274
2204.285, 509.0169
2206.214, 509.1709
2208.142, 507.6805
2210.071, 506.6980
2211.999, 508.2578
2213.928, 510.2162
2215.856, 510.1262
2217.785, 509.1269
2219.713, 509.3946
2221.642, 510.6953
2223.570, 511.6976
2225.499, 512.3983
2227.427, 512.7200
2229.355, 512.5446
2231.284, 512.5582
2233.212, 512.7947
2235.141, 513.1878
2237.069, 514.0301
2238.998, 514.4341
2240.926, 513.6745
2242.855, 513.0206
2244.783, 513.4448
2246.712, 514.0844
2248.640, 514.2806
2250.569, 514.1862
2252.497, 513.8245
2254.426, 513.3747
2256.354, 513.4366
2258.282, 513.9329
2260.211, 514.4289
2262.139, 514.8841
2264.068, 515.2829
2265.996, 515.6243
2267.925, 515.7556
2269.853, 515.2836
2271.782, 515.2434
2273.710, 516.2746
2275.639, 517.1605
2277.567, 517.3293
2279.496, 517.4667
2281.424, 518.1885
2283.353, 518.8048
2285.281, 518.6675
2287.209, 518.0589
2289.138, 516.8330
2291.066, 515.6576
2292.995, 516.6404
2294.923, 519.3777
2296.852, 520.3483
2298.780, 519.1620
2300.709, 519.5613
2302.637, 523.0403
2304.566, 524.4539
2306.494, 522.5037
2308.423, 521.2693
2310.351, 521.2885
2312.280, 522.0381
2314.208, 523.8327
2316.136, 525.5379
2318.065, 525.9286
2319.993, 526.8960
2321.922, 530.3036
2323.850, 534.3201
2325.779, 538.2662
2327.707, 540.8333
2329.636, 539.1395
2331.564, 534.5762
2333.493, 530.7456
2335.421, 527.7113
2337.350, 526.6152
2339.278, 527.3132
2341.207, 526.6353
2343.135, 524.2396
2345.063, 522.6419
2346.992, 522.3090
2348.920, 522.4381
2350.849, 523.3470
2352.777, 524.0729
2354.706, 524.4391
2356.634, 524.5478
2358.563, 523.7596
2360.491, 523.4762
2362.420, 524.9813
2364.348, 526.2862
2366.277, 525.3879
2368.205, 524.3515
2370.134, 525.6697
2372.062, 527.7759
2373.990, 528.4763
2375.919, 528.1607
2377.847, 527.2995
2379.776, 526.2039
2381.704, 526.9058
2383.633, 529.2399
2385.561, 529.9467
2387.490, 528.9457
2389.418, 528.7985
2391.347, 529.7705
2393.275, 530.9742
2395.204, 532.5383
2397.132, 533.5776
2399.061, 533.5687
2400.989, 533.6302
2402.917, 534.0151
2404.846, 534.3760
2406.774, 534.9061
2408.703, 535.0368
2410.631, 534.1920
2412.560, 533.4277
2414.488, 533.5192
2416.417, 533.8331
2418.345, 533.7916
2420.274, 533.7293
2422.202, 533.9641
2424.131, 534.4271
2426.059, 535.1647
2427.988, 535.9819
2429.916, 536.2639
2431.844, 536.2751
2433.773, 537.1344
2435.701, 538.6245
2437.630, 539.1359
2439.558, 538.5976
2441.487, 538.2551
2443.415, 538.0758
2445.344, 538.3419
2447.272, 539.2695
2449.201, 539.7123
2451.129, 539.4196
2453.058, 539.3658
2454.986, 539.8559
2456.915, 540.0569
2458.843, 539.2487
2460.771, 539.0866
2462.700, 540.7982
2464.628, 542.0436
2466.557, 541.5182
2468.485, 541.1124
2470.414, 541.9927
2472.342, 542.7584
2474.271, 542.7126
2476.199, 542.2169
2478.128, 541.0557
2480.056, 540.0832
2481.985, 540.2429
2483.913, 540.9213
2485.842, 541.5351
2487.770, 542.0253
2489.698, 542.1885
2491.627, 542.2225
2493.555, 542.7390
2495.484, 543.4485
2497.412, 543.4781
2499.341, 543.0038
2501.269, 542.5757
2503.198, 542.2391
2505.126, 542.8441
2507.055, 544.4510
2508.983, 545.3347
2510.912, 545.4393
2512.840, 546.0745
2514.769, 547.4074
2516.697, 547.1847
2518.625, 544.5880
2520.554, 543.3296
2522.482, 544.5859
2524.411, 545.7958
2526.339, 547.3097
2528.268, 547.7488
2530.196, 546.3534
2532.125, 545.7505
2534.053, 546.9535
2535.982, 547.8889
2537.910, 547.7735
2539.839, 547.4704
2541.767, 546.9885
2543.696, 546.6703
2545.624, 546.5906
2547.552, 546.7625
2549.481, 547.3126
2551.409, 547.9866
2553.338, 549.0751
2555.266, 549.7498
2557.195, 548.7579
2559.123, 548.1229
2561.052, 550.0076
2562.980, 552.0842
2564.909, 552.4332
2566.837, 551.9120
2568.766, 550.6107
2570.694, 549.5187
2572.623, 549.8594
2574.551, 550.8459
2576.479, 551.6840
2578.408, 552.3948
2580.336, 552.9691
2582.265, 553.5060
2584.193, 554.3631
2586.122, 555.1711
2588.050, 554.6072
2589.979, 553.6122
2591.907, 554.9346
2593.836, 557.4198
2595.764, 557.3534
2597.693, 555.3693
2599.621, 553.8318
2601.550, 552.9396
2603.478, 554.4500
2605.406, 557.5225
2607.335, 557.4327
2609.263, 554.5566
2611.192, 553.3314
2613.120, 553.7364
2615.049, 554.6202
2616.977, 555.9630
2618.906, 556.6379
2620.834, 556.6590
2622.763, 557.1908
2624.691, 558.3007
2626.620, 558.2882
2628.548, 556.7864
2630.477, 556.4276
2632.405, 557.4194
2634.333, 558.5476
2636.262, 559.8542
2638.190, 560.0208
2640.119, 558.7642
2642.047, 558.2551
2643.976, 559.0197
2645.904, 559.2763
2647.833, 558.7341
2649.761, 558.8005
2651.690, 559.8058
2653.618, 559.6584
2655.547, 557.7866
2657.475, 557.3373
2659.404, 559.4097
2661.332, 560.7390
2663.260, 560.7613
2665.189, 560.5658
2667.117, 559.8971
2669.046, 560.2973
2670.974, 562.3788
2672.903, 563.4924
2674.831, 563.0769
2676.760, 562.0934
2678.688, 559.8238
2680.617, 559.0131
2682.545, 560.4976
2684.474, 560.8837
2686.402, 559.3109
2688.331, 558.4138
2690.259, 558.9737
2692.188, 559.5688
2694.116, 559.9131
2696.044, 560.4828
2697.973, 561.4398
2699.901, 561.9269
2701.830, 561.5118
2703.758, 561.8046
2705.687, 563.7516
2707.615, 564.7087
2709.544, 563.2734
2711.472, 562.9092
2713.401, 564.2857
2715.329, 565.0521
2717.258, 564.7855
2719.186, 564.2739
2721.115, 563.4236
2723.043, 563.1744
2724.971, 564.0992
2726.900, 564.7234
2728.828, 564.9237
2730.757, 564.8369
2732.685, 564.1447
2734.614, 564.6600
2736.542, 567.5681
2738.471, 569.1051
2740.399, 568.5497
2742.328, 567.9423
2744.256, 567.3344
2746.185, 567.3738
2748.113, 568.4055
2750.042, 568.6235
2751.970, 567.2300
2753.898, 566.7208
2755.827, 567.4092
2757.755, 567.7451
2759.684, 567.5876
2761.612, 567.9105
2763.541, 568.8918
2765.469, 569.7299
2767.398, 570.3660
2769.326, 570.6741
2771.255, 570.5427
2773.183, 571.0224
2775.112, 572.1348
2777.040, 572.5139
2778.969, 572.0320
2780.897, 571.3243
2782.825, 570.3682
2784.754, 569.9184
2786.682, 569.9951
2788.611, 571.2074
2790.539, 573.3112
2792.468, 573.7170
2794.396, 572.5543
2796.325, 571.3347
2798.253, 570.1823
2800.182, 570.7844
2802.110, 572.5043
2804.039, 572.3274
2805.967, 570.8809
2807.896, 570.6808
2809.824, 571.3468
2811.752, 571.6495
2813.681, 571.7330
2815.609, 571.9591
2817.538, 572.2286
2819.466, 572.1526
2821.395, 572.0650
2823.323, 572.8489
2825.252, 573.8043
2827.180, 573.5892
2829.109, 573.0079
2831.037, 573.1441
2832.966, 573.5405
2834.894, 574.0119
2836.823, 574.1484
2838.751, 573.2503
2840.679, 572.1436
2842.608, 571.2205
2844.536, 570.7969
2846.465, 571.3458
2848.393, 572.1369
2850.322, 573.1407
2852.250, 573.5777
2854.179, 572.6307
2856.107, 571.7396
2858.036, 571.2967
2859.964, 571.5070
2861.893, 573.1142
2863.821, 574.2188
2865.750, 573.6236
2867.678, 573.6623
2869.606, 575.1052
2871.535, 576.2603
2873.463, 576.8782
2875.392, 576.7227
2877.320, 575.3629
2879.249, 574.5781
2881.177, 574.5842
2883.106, 575.0699
2885.034, 576.1251
2886.963, 576.6476
2888.891, 576.2880
2890.820, 576.5723
2892.748, 577.4543
2894.677, 577.5650
2896.605, 576.9655
2898.533, 576.9973
2900.462, 577.5457
2902.390, 577.1007
2904.319, 576.0221
2906.247, 575.8995
2908.176, 576.4158
2910.104, 576.7939
2912.033, 577.1472
2913.961, 577.9890
2915.890, 578.7399
2917.818, 578.0677
2919.747, 577.2670
2921.675, 577.9637
2923.604, 578.9131
2925.532, 578.7729
2927.460, 578.6688
2929.389, 580.1185
2931.317, 580.8679
2933.246, 579.0693
2935.174, 577.5264
2937.103, 577.3502
2939.031, 578.0312
2940.960, 580.2861
2942.888, 581.2150
2944.817, 579.5938
2946.745, 578.7577
2948.674, 580.0704
2950.602, 580.8676
2952.531, 580.8793
2954.459, 581.2623
2956.387, 582.0971
2958.316, 581.9691
2960.244, 580.6407
2962.173, 580.8207
2964.101, 582.3198
2966.030, 582.6870
2967.958, 582.1240
2969.887, 581.0784
2971.815, 579.8751
2973.744, 578.6511
2975.672, 578.1059
2977.601, 580.2617
2979.529, 582.8691
2981.458, 583.3643
2983.386, 582.9702
2985.314, 582.4547
2987.243, 581.9512
2989.171, 581.5353
2991.100, 581.3027
2993.028, 581.4477
2994.957, 581.6408
2996.885, 581.8331
2998.814, 581.9960
3000.742, 582.2137
3002.671, 582.0817
3004.599, 581.4646
3006.528, 581.0183
3008.456, 580.9608
3010.385, 580.2737
3012.313, 578.9637
3014.241, 579.9830
3016.170, 582.8566
3018.098, 584.0092
3020.027, 583.7229
3021.955, 582.9842
3023.884, 582.0282
3025.812, 581.3334
3027.741, 580.8326
3029.669, 580.2399
3031.598, 580.0264
3033.526, 581.2267
3035.455, 582.0623
3037.383, 580.8793
3039.312, 579.9708
3041.240, 580.8477
3043.168, 581.5109
3045.097, 581.4866
3047.025, 581.2883
3048.954, 580.9041
3050.882, 581.0495
3052.811, 582.0870
3054.739, 582.7548
3056.668, 583.0062
3058.596, 582.4506
3060.525, 581.1879
3062.453, 579.8483
3064.382, 578.7499
3066.310, 579.3221
3068.239, 580.5445
3070.167, 580.5458
3072.095, 580.1624
3074.024, 580.1953
3075.952, 580.2988
3077.881, 580.2980
3079.809, 580.0517
3081.738, 579.3980
3083.666, 578.7676
3085.595, 578.0501
3087.523, 578.2947
3089.452, 579.9778
3091.380, 580.9388
3093.309, 580.7546
3095.237, 581.0475
3097.166, 581.7921
3099.094, 582.5203
3101.022, 583.0806
3102.951, 582.9415
3104.879, 582.4736
3106.808, 582.4143
3108.736, 582.6550
3110.665, 583.1381
3112.593, 583.7894
3114.522, 585.0446
3116.450, 585.7062
3118.379, 584.5641
3120.307, 583.5705
3122.236, 583.0880
3124.164, 583.2219
3126.093, 584.3400
3128.021, 584.9022
3129.949, 584.7292
3131.878, 584.7744
3133.806, 585.0310
3135.735, 585.4691
3137.663, 585.9000
3139.592, 585.5872
3141.520, 584.8909
3143.449, 583.9674
3145.377, 583.6025
3147.306, 585.5489
3149.234, 586.9238
3151.163, 585.1339
3153.091, 583.8673
3155.020, 585.0594
3156.948, 585.3803
3158.876, 583.4117
3160.805, 582.5682
3162.733, 583.0460
3164.662, 583.6275
3166.590, 584.2323
3168.519, 584.9719
3170.447, 585.6730
3172.376, 585.4432
3174.304, 585.0518
3176.233, 585.9153
3178.161, 586.7945
3180.090, 585.9922
3182.018, 585.5579
3183.947, 586.5833
3185.875, 587.8218
3187.803, 589.5711
3189.732, 589.6682
3191.660, 587.7319
3193.589, 586.3565
3195.517, 585.8002
3197.446, 585.6392
3199.374, 585.7532
3201.303, 585.6442
3203.231, 585.3602
3205.160, 584.7888
3207.088, 584.4530
3209.017, 585.0869
3210.945, 586.0482
3212.874, 587.3389
3214.802, 588.1491
3216.730, 587.7845
3218.659, 587.4037
3220.587, 586.9781
3222.516, 586.6976
3224.444, 586.5393
3226.373, 586.2785
3228.301, 585.9706
3230.230, 585.8485
3232.158, 585.6898
3234.087, 584.9468
3236.015, 584.1943
3237.944, 583.9479
3239.872, 583.7244
3241.801, 582.9374
3243.729, 582.8475
3245.657, 584.7445
3247.586, 585.1166
3249.514, 583.8119
3251.443, 583.5280
3253.371, 584.2067
3255.300, 583.8353
3257.228, 582.9357
3259.157, 582.8954
3261.085, 582.9006
3263.014, 581.8000
3264.942, 580.8293
3266.871, 580.6902
3268.799, 580.9814
3270.728, 581.8914
3272.656, 582.1255
3274.584, 581.3908
3276.513, 580.1119
3278.441, 578.6180
3280.370, 579.9845
3282.298, 582.5910
3284.227, 582.0638
3286.155, 580.5277
3288.084, 580.3298
3290.012, 580.2228
3291.941, 578.9779
3293.869, 578.4771
3295.798, 579.2904
3297.726, 580.1662
3299.655, 581.0077
3301.583, 580.9106
3303.511, 580.0410
3305.440, 580.0534
3307.368, 580.4811
3309.297, 580.3883
3311.225, 580.1561
3313.154, 580.0623
3315.082, 580.2571
3317.011, 581.0264
3318.939, 581.8912
3320.868, 583.0712
3322.796, 582.8216
3324.725, 581.0025
3326.653, 579.7052
3328.582, 578.8614
3330.510, 577.7272
3332.438, 577.1998
3334.367, 579.5586
3336.295, 581.4846
3338.224, 579.5701
3340.152, 578.1904
3342.081, 578.6500
3344.009, 579.4056
3345.938, 580.2891
3347.866, 580.6854
3349.795, 580.5879
3351.723, 579.9506
3353.652, 579.0898
3355.580, 578.4745
3357.509, 578.1149
3359.437, 577.8041
3361.365, 578.0213
3363.294, 579.1160
3365.222, 580.4578
3367.151, 582.0456
3369.079, 581.7839
3371.008, 579.8332
3372.936, 579.7284
3374.865, 580.5662
3376.793, 580.4262
3378.722, 580.0770
3380.650, 580.5392
3382.579, 580.3942
3384.507, 578.6896
3386.436, 577.8719
3388.364, 578.9296
3390.292, 579.1487
3392.221, 578.7931
3394.149, 580.3535
3396.078, 582.3232
3398.006, 581.0794
3399.935, 579.5779
3401.863, 580.2517
3403.792, 581.2401
3405.720, 582.3073
3407.649, 582.0082
3409.577, 580.1315
3411.506, 580.0078
3413.434, 581.3255
3415.363, 581.2560
3417.291, 580.8702
3419.219, 581.8578
3421.148, 583.1216
3423.076, 583.9285
3425.005, 584.7169
3426.933, 585.8847
3428.862, 585.2570
3430.790, 582.4767
3432.719, 581.8083
3434.647, 582.4383
3436.576, 581.9613
3438.504, 581.3011
3440.433, 581.5952
3442.361, 581.9384
3444.290, 581.8930
3446.218, 581.7186
3448.146, 581.3264
3450.075, 581.2354
3452.003, 581.3800
3453.932, 581.5643
3455.860, 581.6785
3457.789, 581.4216
3459.717, 581.3466
3461.646, 582.8666
3463.574, 582.5844
3465.503, 579.2765
3467.431, 577.2955
3469.360, 577.0580
3471.288, 577.5446
3473.217, 578.3756
3475.145, 578.7064
3477.073, 578.8966
3479.002, 579.5934
3480.930, 579.6386
3482.859, 578.3934
3484.787, 578.3414
3486.716, 580.0154
3488.644, 580.7334
3490.573, 580.7145
3492.501, 580.5629
3494.430, 580.3596
3496.358, 580.4373
3498.287, 580.0807
3500.215, 578.6819
3502.144, 578.3362
3504.072, 579.5055
3506.000, 580.4907
3507.929, 581.1064
3509.857, 580.4528
3511.786, 579.7058
3513.714, 580.4280
3515.643, 581.2014
3517.571, 581.5898
3519.500, 581.3468
3521.428, 580.4718
3523.357, 580.7402
3525.285, 581.5795
3527.214, 580.0814
3529.142, 578.4923
3531.071, 579.3603
3532.999, 580.6067
3534.927, 581.8168
3536.856, 581.7893
3538.784, 580.4432
3540.713, 579.6034
3542.641, 579.4826
3544.570, 581.4337
3546.498, 583.1317
3548.427, 581.7348
3550.355, 580.5826
3552.284, 580.8323
3554.212, 580.7739
3556.141, 580.2032
3558.069, 580.1008
3559.998, 580.2725
3561.926, 580.2674
3563.854, 580.1884
3565.783, 580.2155
3567.711, 579.7382
3569.640, 578.2342
3571.568, 578.2994
3573.497, 579.8002
3575.425, 579.5568
3577.354, 578.7614
3579.282, 579.7865
3581.211, 580.2112
3583.139, 578.2151
3585.068, 577.7619
3586.996, 580.4091
3588.925, 581.1263
3590.853, 580.4025
3592.781, 579.7968
3594.710, 579.4356
3596.638, 579.7646
3598.567, 579.8714
3600.495, 579.4745
3602.424, 578.6280
3604.352, 577.4708
3606.281, 578.0531
3608.209, 579.3226
3610.138, 579.2731
3612.066, 578.9472
3613.995, 579.0549
3615.923, 578.9673
3617.852, 578.5709
3619.780, 578.1082
3621.708, 577.7487
3623.637, 577.9020
3625.565, 578.4797
3627.494, 580.0035
3629.422, 580.4178
3631.351, 577.8028
3633.279, 576.8076
3635.208, 577.3876
3637.136, 577.6371
3639.065, 577.7355
3640.993, 578.0303
3642.922, 578.3039
3644.850, 578.5826
3646.779, 578.1924
3648.707, 577.0793
3650.635, 577.2535
3652.564, 578.2775
3654.492, 579.4056
3656.421, 580.0825
3658.349, 579.8386
3660.278, 579.0903
3662.206, 577.8069
3664.135, 578.3740
3666.063, 580.0780
3667.992, 579.5705
3669.920, 578.1243
3671.849, 575.9768
3673.777, 575.5217
3675.706, 577.9326
3677.634, 579.6951
3679.563, 580.3815
3681.491, 578.1198
3683.419, 575.5927
3685.348, 576.0197
3687.276, 577.5212
3689.205, 579.9410
3691.133, 580.9163
3693.062, 580.3937
3694.990, 580.1964
3696.919, 579.9491
3698.847, 578.8625
3700.776, 577.8917
3702.704, 577.4385
3704.633, 577.4536
3706.561, 577.8893
3708.490, 578.5590
3710.418, 579.0612
3712.346, 578.4189
3714.275, 577.9105
3716.203, 578.2841
3718.132, 578.9861
3720.060, 579.9213
3721.989, 580.0402
3723.917, 579.5548
3725.846, 578.4600
3727.774, 577.6103
3729.703, 577.4101
3731.631, 577.6487
3733.560, 578.2419
3735.488, 579.2615
3737.417, 580.2804
3739.345, 580.8398
3741.273, 580.7214
3743.202, 579.4875
3745.130, 578.5448
3747.059, 578.0199
3748.987, 577.3553
3750.916, 576.6896
3752.844, 575.9924
3754.773, 575.7656
3756.701, 576.4982
3758.630, 576.9185
3760.558, 576.9676
3762.487, 577.3339
3764.415, 577.4409
3766.344, 575.9709
3768.272, 575.1354
3770.200, 577.0511
3772.129, 576.4139
3774.057, 573.8821
3775.986, 573.0061
3777.914, 573.1740
3779.843, 573.7525
3781.771, 574.7685
3783.700, 576.6497
3785.628, 576.6394
3787.557, 575.2635
3789.485, 574.4798
3791.414, 574.2891
3793.342, 575.2585
3795.271, 574.8713
3797.199, 571.8729
3799.127, 573.4991
3801.056, 577.2267
3802.984, 577.5090
3804.913, 576.3580
3806.841, 574.4797
3808.770, 573.7199
3810.698, 574.3221
3812.627, 574.1158
3814.555, 573.6409
3816.484, 573.6741
3818.412, 573.7858
3820.341, 573.8829
3822.269, 573.4268
3824.198, 572.4943
3826.126, 571.4065
3828.054, 570.4269
3829.983, 569.7453
3831.911, 569.5824
3833.840, 570.0507
3835.768, 570.7542
3837.697, 571.3508
3839.625, 570.7031
3841.554, 570.2062
3843.482, 571.1103
3845.411, 570.5001
3847.339, 568.2181
3849.268, 568.2542
3851.196, 569.3131
3853.125, 569.9593
3855.053, 570.3596
3856.981, 570.5638
3858.910, 570.7610
3860.838, 570.6299
3862.767, 568.1921
3864.695, 566.1933
3866.624, 566.9208
3868.552, 568.1794
3870.481, 569.5866
3872.409, 569.4432
3874.338, 568.8683
3876.266, 570.1827
3878.195, 570.5642
3880.123, 567.9852
3882.052, 567.2659
3883.980, 568.0286
3885.908, 568.7375
3887.837, 569.1027
3889.765, 568.9206
3891.694, 568.2960
3893.622, 567.2787
3895.551, 568.6356
3897.479, 570.2327
3899.408, 568.2936
3901.336, 566.8504
3903.265, 567.0848
3905.193, 569.1616
3907.122, 571.7838
3909.050, 570.4139
3910.979, 569.2061
3912.907, 571.3607
3914.835, 570.9942
3916.764, 567.8523
3918.692, 569.3486
3920.621, 571.6703
3922.549, 570.4592
3924.478, 569.1798
3926.406, 568.6052
3928.335, 568.7775
3930.263, 569.2596
3932.192, 568.8181
3934.120, 568.9717
3936.049, 570.9871
3937.977, 571.1718
3939.906, 569.9104
3941.834, 569.3903
3943.762, 569.1732
3945.691, 569.0322
3947.619, 568.8490
3949.548, 568.6824
3951.476, 569.5381
3953.405, 570.5806
3955.333, 570.6117
3957.262, 571.2444
3959.190, 573.1844
3961.119, 572.7350
3963.047, 571.2850
3964.976, 571.1202
3966.904, 571.2801
3968.833, 571.4965
3970.761, 570.4993
3972.689, 568.9926
3974.618, 569.5953
3976.546, 570.4284
3978.475, 570.3591
3980.403, 570.8941
3982.332, 571.9835
3984.260, 573.1484
3986.189, 573.1198
3988.117, 569.7993
3990.046, 567.9375
3991.974, 567.9218
3993.903, 568.9211
3995.831, 570.1078
3997.760, 571.0086
3999.688, 570.6602
4001.616, 568.6123
4003.545, 568.4066
4005.473, 568.8961
4007.402, 568.5215
4009.330, 567.9024
4011.259, 567.1692
4013.187, 566.8115
4015.116, 566.9643
4017.044, 568.1228
4018.973, 569.0626
4020.901, 569.3705
4022.830, 569.0215
4024.758, 568.2031
4026.687, 566.9861
4028.615, 566.2296
4030.543, 566.8004
4032.472, 566.7521
4034.400, 566.0156
4036.329, 564.0413
4038.257, 562.5771
4040.186, 562.6377
4042.114, 563.2891
4044.043, 564.1545
4045.971, 564.0621
4047.900, 564.0444
4049.828, 564.9205
4051.757, 564.9715
4053.685, 564.2004
4055.614, 562.7281
4057.542, 562.6603
4059.470, 567.5540
4061.399, 568.6132
4063.327, 565.7869
4065.256, 563.7502
4067.184, 562.6284
4069.113, 562.6060
4071.041, 563.2418
4072.970, 564.2874
4074.898, 565.0908
4076.827, 565.2418
4078.755, 564.4354
4080.684, 562.8361
4082.612, 560.7588
4084.541, 560.3669
4086.469, 560.9670
4088.397, 562.5369
4090.326, 563.5629
4092.254, 563.8317
4094.183, 562.7840
4096.111, 561.8918
4098.040, 562.6106
4099.968, 562.9344
4101.896, 562.8395
4103.825, 563.4972
4105.754, 564.2181
4107.682, 564.7426
4109.610, 564.0686
4111.539, 562.7376
4113.468, 564.1540
4115.396, 565.1312
4117.324, 563.3320
4119.253, 562.6395
4121.182, 563.1766
4123.110, 564.2000
4125.038, 564.2972
4126.967, 561.9982
4128.896, 561.5303
4130.824, 562.6091
4132.752, 563.5869
4134.681, 564.1541
4136.609, 563.7761
4138.538, 564.1210
4140.466, 564.8380
4142.395, 565.1547
4144.323, 564.8124
4146.251, 563.4620
4148.180, 563.9058
4150.108, 565.1719
4152.037, 565.2969
4153.965, 565.1221
4155.894, 564.9218
4157.822, 564.5042
4159.751, 564.1663
4161.679, 564.1943
4163.607, 564.8467
4165.536, 566.0910
4167.465, 566.7369
4169.393, 566.8380
4171.321, 566.3941
4173.250, 565.6761
4175.179, 564.8367
4177.107, 565.2538
4179.035, 566.0055
4180.964, 566.2779
4182.893, 566.9509
4184.821, 567.7973
4186.749, 567.1160
4188.678, 566.2830
4190.606, 565.8728
4192.535, 567.0778
4194.463, 568.6553
4196.392, 566.6345
4198.320, 565.0040
4200.249, 565.7436
4202.177, 564.3121
4204.105, 562.4822
4206.034, 563.4490
4207.962, 564.4436
4209.891, 564.7851
4211.819, 563.5359
4213.748, 563.2746
4215.676, 568.4445
4217.604, 568.5759
4219.533, 564.3865
4221.462, 567.9627
4223.390, 570.1284
4225.318, 564.5790
4227.247, 562.4192
4229.176, 563.1194
4231.104, 562.0719
4233.032, 561.9625
4234.961, 563.6623
4236.890, 563.8272
4238.818, 563.3637
4240.746, 563.8674
4242.675, 563.3846
##END=



