##NAMES=Tremolite
##RRUFFID=R050167
##IDEAL CHEMISTRY=[box]Ca_2_(Mg_5.0-4.5_Fe^2+^_0.0-0.5_)Si_8_O_22_(OH)_2_
##LOCALITY=Hunza Valley, Afghanistan
##OWNER=RRUFF
##SOURCE=Marcus Origlieri
##DESCRIPTION=Green tabular crystals
##STATUS=The identification of this mineral has been confirmed by X-ray diffraction and chemical analysis
##URL=https://www.rruff.net/odr/rruff_sample/R050167
##MEASURED CHEMISTRY=  ([box]_0.90_Na_0.10_)(Ca_0.98_Mg_0.01_Fe^2+^_0.01_)_2_(Mg_0.94_Al_0.06_)_5_(Si_0.95_Al_0.05_)_8_O_22_((OH)_0.98_F_0.02_)_2_
##DIFFRACTION SAMPLE DESCRIPTION=Powder
##CELL PARAMETERS=a: 9.827 b: 18.0314 c: 5.2804 alpha: 90 beta: 104.853 gamma: 90 volume: 904.4 crystal system: monoclinic
##FILETYPE=Raman Processed
##RAMAN WAVELENGTH=780

141.8828, 227167.2
143.8112, 227444.6
145.7397, 227726.5
147.6682, 227965.8
149.5966, 228072.0
151.5251, 227971.1
153.4536, 227950.2
155.3820, 228024.6
157.3105, 228170.1
159.2390, 228447.6
161.1674, 228750.8
163.0959, 228940.1
165.0244, 228980.8
166.9529, 229067.7
168.8813, 229204.3
170.8098, 229365.1
172.7383, 229576.7
174.6667, 229780.2
176.5952, 229907.3
178.5237, 229969.5
180.4521, 230128.7
182.3806, 230415.0
184.3091, 230689.7
186.2375, 230950.4
188.1660, 231152.7
190.0945, 231242.2
192.0229, 231257.5
193.9514, 231316.1
195.8799, 231421.6
197.8083, 231486.7
199.7368, 231464.1
201.6653, 231465.8
203.5937, 231519.0
205.5222, 231629.3
207.4506, 231818.5
209.3791, 232082.4
211.3076, 232353.0
213.2360, 232629.5
215.1645, 232907.1
217.0930, 233179.1
219.0214, 233447.1
220.9499, 233697.7
222.8784, 233941.2
224.8068, 234249.4
226.7353, 234636.7
228.6638, 234855.8
230.5922, 234708.1
232.5207, 234571.1
234.4492, 234598.5
236.3776, 234671.1
238.3061, 234611.8
240.2346, 234477.9
242.1630, 234492.0
244.0915, 234737.9
246.0200, 234987.1
247.9484, 235263.4
249.8769, 235452.0
251.8054, 235417.2
253.7338, 235265.7
255.6623, 235150.7
257.5908, 235070.0
259.5193, 235027.7
261.4477, 235104.1
263.3762, 235113.7
265.3047, 235037.6
267.2331, 234892.4
269.1616, 234628.4
271.0900, 234326.3
273.0185, 234222.9
274.9470, 234406.8
276.8754, 234596.0
278.8039, 234808.6
280.7324, 234990.5
282.6608, 235091.4
284.5893, 235162.8
286.5178, 235231.0
288.4462, 235293.6
290.3747, 235398.7
292.3032, 235588.8
294.2316, 235662.7
296.1601, 235577.1
298.0886, 235435.4
300.0170, 235221.0
301.9455, 235042.0
303.8740, 235058.4
305.8024, 235241.4
307.7309, 235254.8
309.6594, 235065.0
311.5878, 234959.5
313.5163, 234989.4
315.4448, 235104.1
317.3732, 235316.9
319.3017, 235546.7
321.2302, 235676.9
323.1586, 235722.8
325.0871, 235853.1
327.0156, 236077.5
328.9440, 236231.0
330.8725, 236278.3
332.8010, 236254.1
334.7294, 236145.8
336.6579, 236028.5
338.5864, 236010.2
340.5148, 236070.4
342.4433, 236077.7
344.3718, 236021.2
346.3002, 236092.7
348.2287, 236355.7
350.1572, 236696.5
352.0856, 237181.2
354.0141, 237609.7
355.9426, 237780.1
357.8710, 237750.0
359.7995, 237633.3
361.7280, 237421.5
363.6564, 237230.6
365.5849, 237125.4
367.5134, 236998.5
369.4418, 236885.4
371.3703, 236724.9
373.2988, 236453.4
375.2272, 236135.8
377.1557, 235810.6
379.0842, 235474.1
381.0126, 235351.3
382.9411, 235645.3
384.8696, 235834.6
386.7980, 235857.4
388.7265, 235837.3
390.6550, 235801.1
392.5834, 235766.0
394.5119, 235705.2
396.4404, 235647.1
398.3688, 235774.8
400.2973, 236202.9
402.2258, 236373.5
404.1542, 236189.9
406.0827, 235942.3
408.0112, 235578.9
409.9396, 235356.0
411.8681, 235534.8
413.7966, 235884.9
415.7250, 236034.2
417.6535, 235989.5
419.5820, 235951.6
421.5104, 235936.2
423.4389, 235888.8
425.3674, 235773.7
427.2958, 235690.0
429.2243, 235707.2
431.1528, 235742.6
433.0812, 235701.5
435.0097, 235638.9
436.9382, 235720.5
438.8666, 235926.1
440.7951, 236053.2
442.7236, 236071.7
444.6520, 236067.9
446.5805, 236039.8
448.5090, 236017.8
450.4374, 236029.2
452.3659, 236025.5
454.2944, 235954.1
456.2228, 235840.7
458.1513, 235774.8
460.0798, 235751.6
462.0082, 235610.4
463.9367, 235273.5
465.8652, 235032.1
467.7936, 234941.1
469.7221, 234942.6
471.6506, 235119.1
473.5790, 235275.9
475.5075, 235176.0
477.4360, 234963.5
479.3644, 234875.8
481.2929, 234905.9
483.2214, 234958.3
485.1498, 235113.7
487.0783, 235096.1
489.0068, 234682.2
490.9352, 234430.5
492.8637, 234639.5
494.7922, 234888.6
496.7206, 234831.3
498.6491, 234689.6
500.5776, 234789.7
502.5060, 235077.7
504.4345, 235153.8
506.3630, 234940.0
508.2914, 234753.8
510.2199, 234625.1
512.1484, 234459.2
514.0768, 234170.0
516.0053, 233964.1
517.9338, 234047.1
519.8622, 234177.0
521.7907, 234151.3
523.7192, 234029.7
525.6476, 233949.6
527.5761, 233902.8
529.5046, 233847.4
531.4330, 233789.1
533.3615, 233740.1
535.2900, 233713.5
537.2184, 233632.6
539.1469, 233395.1
541.0754, 233219.9
543.0038, 233326.6
544.9323, 233444.8
546.8608, 233236.9
548.7892, 232857.9
550.7177, 232657.5
552.6462, 232603.3
554.5746, 232614.7
556.5031, 232689.0
558.4316, 232774.7
560.3600, 232898.9
562.2885, 232946.0
564.2170, 232836.7
566.1454, 232723.5
568.0739, 232690.3
570.0024, 232687.1
571.9308, 232637.1
573.8593, 232568.2
575.7878, 232593.9
577.7162, 232676.2
579.6447, 232598.9
581.5732, 232313.0
583.5016, 232074.0
585.4301, 231940.6
587.3586, 231815.6
589.2870, 231731.1
591.2155, 231648.0
593.1440, 231545.4
595.0724, 231442.2
597.0009, 231327.6
598.9294, 231253.0
600.8578, 231317.1
602.7863, 231444.1
604.7148, 231359.4
606.6432, 231031.8
608.5717, 230835.7
610.5002, 230838.6
612.4286, 230836.9
614.3571, 230849.5
616.2856, 230826.8
618.2141, 230741.6
620.1425, 230648.7
622.0710, 230539.5
623.9995, 230456.1
625.9279, 230408.3
627.8564, 230409.8
629.7849, 230553.6
631.7133, 230763.2
633.6418, 230717.1
635.5703, 230395.3
637.4987, 230179.3
639.4271, 230112.4
641.3556, 229998.0
643.2841, 229788.9
645.2125, 229639.7
647.1410, 229604.5
649.0695, 229608.1
650.9979, 229616.4
652.9264, 229661.1
654.8549, 229772.3
656.7833, 229848.1
658.7118, 229762.7
660.6403, 229613.7
662.5687, 229619.5
664.4972, 229722.2
666.4257, 229658.1
668.3541, 229454.9
670.2826, 229443.7
672.2111, 229695.4
674.1395, 229845.5
676.0680, 229894.9
677.9965, 229723.6
679.9249, 229100.9
681.8534, 228514.3
683.7819, 228154.0
685.7103, 227832.3
687.6388, 227427.0
689.5673, 227035.8
691.4957, 226798.8
693.4242, 226625.7
695.3527, 226328.8
697.2811, 225996.0
699.2096, 225871.5
701.1381, 225942.2
703.0665, 225938.6
704.9950, 225823.3
706.9235, 225744.2
708.8519, 225721.8
710.7804, 225688.2
712.7089, 225642.9
714.6373, 225559.3
716.5658, 225420.5
718.4943, 225299.6
720.4227, 225230.8
722.3512, 225111.2
724.2797, 224894.8
726.2081, 224679.5
728.1366, 224488.4
730.0651, 224299.3
731.9935, 224130.9
733.9220, 224007.5
735.8505, 223925.5
737.7789, 223859.9
739.7074, 223791.8
741.6359, 223744.8
743.5643, 223589.5
745.4928, 223288.9
747.4213, 223073.9
749.3497, 222985.1
751.2782, 222920.9
753.2067, 222911.3
755.1351, 222804.6
757.0636, 222459.2
758.9921, 222166.1
760.9205, 222077.4
762.8490, 222073.2
764.7775, 222101.8
766.7059, 222078.8
768.6344, 221905.1
770.5629, 221686.5
772.4913, 221563.5
774.4198, 221457.6
776.3483, 221220.0
778.2767, 220914.5
780.2052, 220722.8
782.1337, 220635.3
784.0621, 220538.7
785.9906, 220420.5
787.9191, 220245.7
789.8475, 220020.1
791.7760, 219793.4
793.7045, 219541.8
795.6329, 219378.1
797.5614, 219348.1
799.4899, 219365.8
801.4183, 219480.7
803.3468, 219520.6
805.2753, 219339.8
807.2037, 219165.9
809.1322, 219101.0
811.0607, 219080.1
812.9891, 219096.3
814.9176, 219054.0
816.8461, 218917.5
818.7745, 218711.4
820.7030, 218362.9
822.6315, 218050.9
824.5599, 218102.5
826.4884, 218326.8
828.4169, 218283.7
830.3453, 218033.1
832.2738, 217852.5
834.2023, 217737.2
836.1307, 217538.6
838.0592, 217224.8
839.9877, 216985.0
841.9161, 216865.5
843.8446, 216794.9
845.7731, 216779.0
847.7015, 216612.7
849.6300, 216254.3
851.5585, 216032.4
853.4869, 216037.1
855.4154, 215986.5
857.3439, 215763.7
859.2723, 215548.2
861.2008, 215401.5
863.1293, 215281.7
865.0577, 215166.0
866.9862, 215029.7
868.9147, 214983.1
870.8431, 214828.7
872.7716, 214322.9
874.7001, 213843.1
876.6285, 213653.8
878.5570, 213582.6
880.4855, 213539.6
882.4139, 213445.8
884.3424, 213194.9
886.2709, 212915.3
888.1993, 212763.7
890.1278, 212618.4
892.0563, 212276.9
893.9847, 211910.3
895.9132, 211845.3
897.8417, 211911.4
899.7701, 211783.7
901.6986, 211530.7
903.6271, 211362.4
905.5555, 211273.7
907.4840, 211133.8
909.4125, 210936.6
911.3409, 210820.1
913.2694, 210770.6
915.1979, 210613.7
917.1263, 210362.3
919.0548, 210108.2
920.9833, 209852.9
922.9117, 209588.8
924.8402, 209293.4
926.7687, 209086.7
928.6971, 209037.9
930.6256, 208923.9
932.5541, 208702.9
934.4825, 208483.8
936.4110, 208273.8
938.3395, 208049.5
940.2679, 207800.2
942.1964, 207499.9
944.1249, 207133.2
946.0533, 206811.0
947.9818, 206575.0
949.9103, 206352.9
951.8387, 206132.2
953.7672, 205966.7
955.6957, 205879.8
957.6241, 205732.1
959.5526, 205443.5
961.4811, 205204.7
963.4095, 205123.1
965.3380, 205026.4
967.2665, 204807.4
969.1949, 204582.3
971.1234, 204398.3
973.0519, 204238.7
974.9803, 204180.5
976.9088, 204009.6
978.8373, 203565.1
980.7657, 203105.8
982.6942, 202682.3
984.6227, 202363.8
986.5511, 202265.8
988.4796, 202195.9
990.4081, 202125.9
992.3365, 202002.0
994.2650, 201660.1
996.1935, 201271.3
998.1219, 200990.1
1000.050, 200804.1
1001.979, 200727.4
1003.907, 200615.6
1005.836, 200343.6
1007.764, 200058.2
1009.693, 199838.3
1011.621, 199657.8
1013.550, 199516.7
1015.478, 199414.8
1017.407, 199377.0
1019.335, 199295.1
1021.264, 199108.1
1023.192, 198856.9
1025.120, 198533.3
1027.049, 198254.0
1028.977, 198088.3
1030.906, 197924.7
1032.834, 197705.8
1034.763, 197488.0
1036.691, 197305.5
1038.620, 197090.2
1040.548, 196846.3
1042.477, 196572.1
1044.405, 196153.3
1046.334, 195784.7
1048.262, 195688.5
1050.191, 195621.1
1052.119, 195324.6
1054.047, 195082.7
1055.976, 195295.7
1057.904, 195391.8
1059.833, 194845.9
1061.761, 194298.3
1063.690, 194138.8
1065.618, 194086.2
1067.547, 194073.5
1069.475, 193975.6
1071.404, 193636.8
1073.332, 193289.7
1075.261, 193043.6
1077.189, 192860.5
1079.118, 192742.1
1081.046, 192611.2
1082.974, 192486.5
1084.903, 192295.8
1086.831, 191921.4
1088.760, 191618.9
1090.688, 191529.7
1092.617, 191421.2
1094.545, 191214.3
1096.474, 191016.8
1098.402, 190864.0
1100.331, 190690.9
1102.259, 190446.5
1104.188, 190234.3
1106.116, 190139.6
1108.045, 189979.9
1109.973, 189655.0
1111.901, 189402.7
1113.830, 189289.2
1115.758, 189182.8
1117.687, 189124.1
1119.615, 189028.8
1121.544, 188793.5
1123.472, 188645.5
1125.401, 188630.1
1127.329, 188593.2
1129.258, 188557.0
1131.186, 188449.7
1133.115, 188231.9
1135.043, 188120.9
1136.972, 188132.0
1138.900, 188193.3
1140.828, 188316.9
1142.757, 188301.8
1144.685, 188136.3
1146.614, 188092.3
1148.542, 188147.3
1150.471, 188096.6
1152.399, 187976.4
1154.328, 187872.1
1156.256, 187763.3
1158.185, 187704.9
1160.113, 187693.5
1162.042, 187601.5
1163.970, 187433.9
1165.899, 187259.5
1167.827, 187098.8
1169.755, 186958.8
1171.684, 186794.8
1173.612, 186552.4
1175.541, 186291.4
1177.469, 186122.0
1179.398, 185992.3
1181.326, 185805.2
1183.255, 185637.7
1185.183, 185580.2
1187.112, 185461.5
1189.040, 185172.9
1190.969, 184855.1
1192.897, 184523.4
1194.826, 184213.2
1196.754, 183937.9
1198.682, 183654.8
1200.611, 183356.1
1202.539, 183080.4
1204.468, 182895.9
1206.396, 182601.2
1208.325, 182127.1
1210.253, 181734.3
1212.182, 181494.5
1214.110, 181216.2
1216.039, 180874.7
1217.967, 180602.0
1219.896, 180351.2
1221.824, 180026.1
1223.753, 179676.1
1225.681, 179383.1
1227.609, 179103.2
1229.538, 178769.7
1231.466, 178406.8
1233.395, 178049.6
1235.323, 177720.2
1237.252, 177413.4
1239.180, 177148.8
1241.109, 176993.0
1243.037, 176856.0
1244.966, 176643.0
1246.894, 176379.0
1248.823, 176080.0
1250.751, 175724.1
1252.680, 175328.1
1254.608, 175042.1
1256.536, 174891.2
1258.465, 174734.7
1260.393, 174530.7
1262.322, 174410.6
1264.250, 174441.5
1266.179, 174338.9
1268.107, 174039.2
1270.036, 173904.8
1271.964, 173911.3
1273.893, 173765.1
1275.821, 173549.0
1277.750, 173387.4
1279.678, 173222.5
1281.607, 173038.0
1283.535, 172824.5
1285.464, 172542.5
1287.392, 172303.7
1289.320, 172250.4
1291.249, 172215.1
1293.177, 172065.7
1295.106, 171999.3
1297.034, 172139.6
1298.963, 172175.6
1300.891, 171952.5
1302.820, 171770.2
1304.748, 171742.5
1306.677, 171694.7
1308.605, 171555.7
1310.534, 171437.0
1312.462, 171364.7
1314.391, 171353.9
1316.319, 171358.3
1318.247, 171185.3
1320.176, 170953.5
1322.104, 170899.4
1324.033, 170911.8
1325.961, 170874.7
1327.890, 170846.5
1329.818, 170817.0
1331.747, 170727.1
1333.675, 170646.6
1335.604, 170631.7
1337.532, 170615.4
1339.461, 170609.3
1341.389, 170682.5
1343.318, 170733.3
1345.246, 170699.2
1347.174, 170758.4
1349.103, 170905.4
1351.031, 170977.6
1352.960, 171001.0
1354.888, 171134.3
1356.817, 171312.9
1358.745, 171319.8
1360.674, 171419.1
1362.602, 171983.8
1364.531, 172620.8
1366.459, 173080.6
1368.388, 173567.0
1370.316, 174090.5
1372.245, 174679.4
1374.173, 175394.2
1376.101, 176219.2
1378.030, 177085.5
1379.958, 177938.9
1381.887, 178868.4
1383.815, 180070.9
1385.744, 181405.5
1387.672, 182629.7
1389.601, 183837.7
1391.529, 185144.3
1393.458, 186360.9
1395.386, 187394.4
1397.314, 188289.4
1399.243, 189025.0
1401.171, 189245.5
1403.100, 188893.3
1405.028, 188254.2
1406.957, 187297.3
1408.885, 186044.9
1410.814, 184548.7
1412.742, 183045.8
1414.671, 181535.4
1416.599, 179814.1
1418.528, 178057.1
1420.456, 176640.2
1422.385, 175281.5
1424.313, 173599.3
1426.241, 172015.0
1428.170, 170732.3
1430.098, 169533.7
1432.027, 168453.2
1433.955, 167373.8
1435.884, 166224.0
1437.812, 165146.0
1439.741, 164148.5
1441.669, 163237.8
1443.598, 162386.7
1445.526, 161565.5
1447.455, 160824.4
1449.383, 160152.5
1451.312, 159582.5
1453.240, 159136.0
1455.168, 158736.9
1457.097, 158393.7
1459.025, 158084.6
1460.954, 157761.0
1462.882, 157430.0
1464.811, 157122.4
1466.739, 156888.4
1468.668, 156664.9
1470.596, 156371.3
1472.525, 156068.0
1474.453, 155746.3
1476.382, 155439.0
1478.310, 155169.2
1480.239, 154929.8
1482.167, 154739.5
1484.095, 154553.3
1486.024, 154367.8
1487.952, 154207.0
1489.881, 154064.7
1491.809, 153859.3
1493.738, 153623.4
1495.666, 153524.8
1497.595, 153375.9
1499.523, 152997.3
1501.452, 152682.4
1503.380, 152505.9
1505.309, 152385.4
1507.237, 152342.8
1509.166, 152221.1
1511.094, 152002.1
1513.022, 151765.3
1514.951, 151537.5
1516.879, 151352.3
1518.808, 151169.0
1520.736, 150861.5
1522.665, 150597.4
1524.593, 150548.5
1526.522, 150409.8
1528.450, 150123.3
1530.379, 149932.7
1532.307, 149772.7
1534.236, 149618.8
1536.164, 149484.8
1538.093, 149410.8
1540.021, 149368.7
1541.949, 149257.0
1543.878, 149143.8
1545.806, 149049.0
1547.735, 149028.0
1549.663, 149135.5
1551.592, 149204.7
1553.520, 149165.4
1555.449, 149143.7
1557.377, 149221.4
1559.306, 149297.2
1561.234, 149341.5
1563.163, 149490.9
1565.091, 149741.3
1567.020, 150053.3
1568.948, 150292.0
1570.876, 150420.5
1572.805, 150616.2
1574.733, 150871.1
1576.662, 151057.0
1578.590, 151232.0
1580.519, 151394.1
1582.447, 151517.6
1584.376, 151623.3
1586.304, 151717.0
1588.233, 151743.3
1590.161, 151728.0
1592.090, 151752.0
1594.018, 151710.1
1595.947, 151592.5
1597.875, 151428.0
1599.803, 151209.5
1601.732, 150953.2
1603.660, 150634.4
1605.589, 150277.2
1607.517, 149842.5
1609.446, 149307.6
1611.374, 148728.9
1613.303, 148169.1
1615.231, 147631.1
1617.160, 147021.9
1619.088, 146365.2
1621.017, 145728.8
1622.945, 145132.8
1624.874, 144489.7
1626.802, 143704.9
1628.730, 142976.4
1630.659, 142313.1
1632.587, 141539.8
1634.516, 140749.9
1636.444, 140045.5
1638.373, 139422.6
1640.301, 138945.8
1642.230, 138356.9
1644.158, 137560.4
1646.087, 136799.8
1648.015, 136154.8
1649.944, 135635.0
1651.872, 135183.9
1653.801, 134706.8
1655.729, 134194.3
1657.657, 133714.7
1659.586, 133357.9
1661.514, 133052.7
1663.443, 132607.4
1665.371, 132104.8
1667.300, 131723.9
1669.228, 131412.2
1671.157, 131082.3
1673.085, 130630.0
1675.014, 130140.7
1676.942, 129815.3
1678.871, 129588.9
1680.799, 129329.9
1682.728, 129076.3
1684.656, 128941.8
1686.584, 128836.4
1688.513, 128610.2
1690.441, 128304.7
1692.370, 128018.2
1694.298, 127747.5
1696.227, 127524.4
1698.155, 127392.1
1700.084, 127221.2
1702.012, 126917.8
1703.941, 126664.5
1705.869, 126594.0
1707.798, 126423.2
1709.726, 126146.8
1711.655, 125959.0
1713.583, 125822.2
1715.511, 125688.1
1717.440, 125581.0
1719.368, 125433.9
1721.297, 125215.7
1723.225, 125054.2
1725.154, 125028.3
1727.082, 124991.2
1729.011, 124790.4
1730.939, 124641.5
1732.868, 124642.7
1734.796, 124529.9
1736.725, 124274.5
1738.653, 124133.7
1740.582, 124095.5
1742.510, 124116.3
1744.438, 124156.6
1746.367, 124226.6
1748.295, 124181.9
1750.224, 123899.4
1752.152, 123702.7
1754.081, 123578.8
1756.009, 123380.8
1757.938, 123199.6
1759.866, 122966.2
1761.795, 122684.6
1763.723, 122473.6
1765.652, 122289.0
1767.580, 122064.8
1769.509, 121805.3
1771.437, 121591.8
1773.365, 121515.4
1775.294, 121377.6
1777.222, 121079.7
1779.151, 120750.8
1781.079, 120382.7
1783.008, 120109.5
1784.936, 119846.6
1786.865, 119453.6
1788.793, 119092.1
1790.722, 118793.2
1792.650, 118512.5
1794.579, 118306.4
1796.507, 118065.3
1798.436, 117801.7
1800.364, 117689.6
1802.292, 117502.3
1804.221, 117100.1
1806.149, 116773.3
1808.078, 116510.3
1810.006, 116254.0
1811.935, 116040.7
1813.863, 115800.8
1815.792, 115557.4
1817.720, 115328.7
1819.649, 115105.6
1821.577, 114915.1
1823.506, 114680.1
1825.434, 114410.2
1827.363, 114241.2
1829.291, 114154.0
1831.219, 114072.3
1833.148, 113922.0
1835.076, 113731.1
1837.005, 113579.8
1838.933, 113347.2
1840.862, 113055.1
1842.790, 112848.3
1844.719, 112583.5
1846.647, 112345.5
1848.576, 112193.0
1850.504, 111902.5
1852.433, 111532.2
1854.361, 111148.9
1856.290, 110803.9
1858.218, 110461.2
1860.146, 109956.9
1862.075, 109435.4
1864.003, 108995.8
1865.932, 108547.0
1867.860, 108150.7
1869.789, 107681.2
1871.717, 107102.5
1873.646, 106500.0
1875.574, 105958.3
1877.503, 105462.5
1879.431, 104960.2
1881.360, 104497.9
1883.288, 103942.7
1885.217, 103329.4
1887.145, 102728.9
1889.073, 102220.8
1891.002, 101819.4
1892.930, 101362.9
1894.859, 100855.0
1896.787, 100320.3
1898.716, 99788.71
1900.644, 99349.84
1902.573, 98919.54
1904.501, 98472.58
1906.430, 98061.08
1908.358, 97643.38
1910.287, 97254.74
1912.215, 96833.25
1914.144, 96407.77
1916.072, 96067.44
1918.000, 95678.15
1919.929, 95187.36
1921.857, 94767.29
1923.786, 94489.66
1925.714, 94183.09
1927.643, 93833.29
1929.571, 93566.48
1931.500, 93298.41
1933.428, 92968.60
1935.357, 92613.02
1937.285, 92314.95
1939.214, 92099.82
1941.142, 91862.56
1943.071, 91532.30
1944.999, 91258.02
1946.927, 91186.97
1948.856, 90999.79
1950.784, 90682.34
1952.713, 90462.06
1954.641, 90228.95
1956.570, 89871.46
1958.498, 89600.34
1960.427, 89397.72
1962.355, 89162.59
1964.284, 88981.11
1966.212, 88860.95
1968.141, 88653.82
1970.069, 88362.58
1971.998, 88059.20
1973.926, 87778.02
1975.854, 87534.10
1977.783, 87324.30
1979.711, 87122.10
1981.640, 86925.45
1983.568, 86733.19
1985.497, 86545.61
1987.425, 86313.38
1989.354, 86002.12
1991.282, 85718.69
1993.211, 85485.81
1995.139, 85276.35
1997.068, 84976.77
1998.996, 84520.83
2000.925, 84203.57
2002.853, 84018.80
2004.781, 83800.72
2006.710, 83538.13
2008.638, 83257.40
2010.567, 82897.20
2012.495, 82444.66
2014.424, 82124.38
2016.352, 81848.77
2018.281, 81495.70
2020.209, 81105.77
2022.138, 80691.48
2024.066, 80335.79
2025.995, 79999.92
2027.923, 79645.30
2029.852, 79296.14
2031.780, 78900.20
2033.708, 78515.77
2035.637, 78160.30
2037.565, 77758.86
2039.494, 77318.80
2041.422, 76874.01
2043.351, 76508.05
2045.279, 76173.73
2047.208, 75784.77
2049.136, 75445.20
2051.065, 75165.85
2052.993, 74878.13
2054.922, 74564.24
2056.850, 74144.18
2058.779, 73721.14
2060.707, 73343.09
2062.635, 73055.16
2064.564, 72845.71
2066.492, 72599.53
2068.421, 72273.49
2070.349, 71921.63
2072.278, 71567.68
2074.206, 71209.28
2076.135, 70833.11
2078.063, 70507.14
2079.992, 70272.79
2081.920, 70042.64
2083.849, 69757.55
2085.777, 69475.01
2087.706, 69220.70
2089.634, 68966.66
2091.563, 68736.30
2093.491, 68479.33
2095.419, 68081.88
2097.348, 67813.84
2099.276, 67683.26
2101.205, 67398.90
2103.133, 67046.85
2105.062, 66690.24
2106.990, 66419.51
2108.919, 66206.84
2110.847, 65954.35
2112.776, 65723.33
2114.704, 65492.96
2116.633, 65204.91
2118.561, 64930.15
2120.490, 64633.53
2122.418, 64356.42
2124.346, 64169.27
2126.275, 63962.21
2128.203, 63712.23
2130.132, 63453.22
2132.060, 63206.27
2133.989, 62940.07
2135.917, 62689.66
2137.846, 62467.95
2139.774, 62217.73
2141.703, 61964.91
2143.631, 61721.80
2145.560, 61390.66
2147.488, 61093.54
2149.417, 60971.20
2151.345, 60802.72
2153.273, 60593.32
2155.202, 60401.32
2157.130, 60211.42
2159.059, 59975.74
2160.987, 59702.77
2162.916, 59456.43
2164.844, 59173.94
2166.773, 58885.29
2168.701, 58644.09
2170.630, 58463.41
2172.558, 58264.78
2174.487, 57931.91
2176.415, 57665.42
2178.344, 57489.31
2180.272, 57274.10
2182.200, 57052.58
2184.129, 56817.13
2186.057, 56555.79
2187.986, 56285.52
2189.914, 56046.98
2191.843, 55802.43
2193.771, 55572.78
2195.700, 55412.31
2197.628, 55272.13
2199.557, 55063.44
2201.485, 54810.14
2203.414, 54532.77
2205.342, 54274.44
2207.271, 54053.93
2209.199, 53828.40
2211.127, 53652.23
2213.056, 53520.28
2214.984, 53246.36
2216.913, 53034.68
2218.841, 52938.73
2220.770, 52687.95
2222.698, 52393.85
2224.627, 52167.13
2226.555, 51965.40
2228.484, 51797.44
2230.412, 51595.81
2232.341, 51340.48
2234.269, 51036.46
2236.198, 50768.38
2238.126, 50565.31
2240.054, 50421.71
2241.983, 50233.99
2243.911, 50037.36
2245.840, 49828.35
2247.768, 49582.53
2249.697, 49365.37
2251.625, 49195.37
2253.554, 49047.82
2255.482, 48811.46
2257.411, 48618.16
2259.339, 48484.13
2261.268, 48250.10
2263.196, 48041.67
2265.125, 47845.58
2267.053, 47581.78
2268.981, 47306.10
2270.910, 47132.61
2272.838, 46959.18
2274.767, 46735.53
2276.695, 46478.35
2278.624, 46189.77
2280.552, 45955.61
2282.481, 45706.09
2284.409, 45452.39
2286.338, 45244.81
2288.266, 45017.46
2290.195, 44849.29
2292.123, 44743.22
2294.052, 44550.73
2295.980, 44302.63
2297.908, 44207.07
2299.837, 44132.70
2301.765, 43965.41
2303.694, 43760.74
2305.622, 43593.33
2307.551, 43433.82
2309.479, 43237.23
2311.408, 43020.12
2313.336, 42747.97
2315.265, 42503.70
2317.193, 42355.78
2319.122, 42200.50
2321.050, 42008.34
2322.979, 41762.11
2324.907, 41560.67
2326.835, 41474.22
2328.764, 41273.38
2330.692, 40995.41
2332.621, 40794.88
2334.549, 40600.14
2336.478, 40414.57
2338.406, 40305.89
2340.335, 40155.13
2342.263, 39889.98
2344.192, 39728.52
2346.120, 39645.45
2348.049, 39484.51
2349.977, 39273.03
2351.906, 39055.52
2353.834, 38885.22
2355.762, 38735.54
2357.691, 38589.47
2359.619, 38409.15
2361.548, 38231.46
2363.476, 38082.01
2365.405, 37877.81
2367.333, 37640.84
2369.262, 37462.00
2371.190, 37347.63
2373.119, 37232.97
2375.047, 37089.64
2376.976, 36910.76
2378.904, 36681.22
2380.833, 36549.17
2382.761, 36422.73
2384.689, 36217.62
2386.618, 36025.91
2388.546, 35911.85
2390.475, 35778.84
2392.403, 35611.82
2394.332, 35447.38
2396.260, 35210.91
2398.189, 35034.66
2400.117, 34910.30
2402.046, 34789.17
2403.974, 34635.62
2405.903, 34393.75
2407.831, 34247.16
2409.760, 34112.64
2411.688, 33981.12
2413.616, 33761.04
2415.545, 33538.06
2417.473, 33404.48
2419.402, 33236.14
2421.330, 33097.33
2423.259, 32952.96
2425.187, 32772.82
2427.116, 32606.75
2429.044, 32424.66
2430.973, 32221.91
2432.901, 32095.46
2434.830, 31951.08
2436.758, 31761.42
2438.687, 31623.61
2440.615, 31498.27
2442.543, 31347.06
2444.472, 31170.54
2446.400, 31023.78
2448.329, 30886.57
2450.257, 30746.98
2452.186, 30566.55
2454.114, 30395.22
2456.043, 30196.35
2457.971, 29967.82
2459.900, 29802.56
2461.828, 29714.30
2463.757, 29598.73
2465.685, 29375.75
2467.614, 29231.37
2469.542, 29176.35
2471.470, 29009.96
2473.399, 28821.72
2475.327, 28652.98
2477.256, 28458.46
2479.184, 28332.58
2481.113, 28185.90
2483.041, 28042.19
2484.970, 27877.44
2486.898, 27737.48
2488.827, 27641.23
2490.755, 27503.15
2492.684, 27337.89
2494.612, 27238.73
2496.541, 27073.33
2498.469, 26825.05
2500.397, 26682.39
2502.326, 26551.15
2504.254, 26408.43
2506.183, 26256.97
2508.111, 26138.83
2510.040, 26031.71
2511.968, 25823.27
2513.897, 25657.13
2515.825, 25548.96
2517.754, 25396.90
2519.682, 25304.05
2521.611, 25214.10
2523.539, 25139.85
2525.468, 25028.60
2527.396, 24914.59
2529.324, 24830.95
2531.253, 24660.28
2533.181, 24459.35
2535.110, 24330.66
2537.038, 24271.61
2538.967, 24200.08
2540.895, 24092.77
2542.824, 23971.94
2544.752, 23873.76
2546.681, 23746.03
2548.609, 23641.76
2550.538, 23524.26
2552.466, 23335.22
2554.395, 23195.61
2556.323, 23078.34
2558.251, 22904.02
2560.180, 22783.38
2562.108, 22685.58
2564.037, 22542.05
2565.965, 22387.21
2567.894, 22260.79
2569.822, 22170.74
2571.751, 22017.51
2573.679, 21873.32
2575.608, 21753.57
2577.536, 21599.87
2579.465, 21461.45
2581.393, 21342.80
2583.322, 21214.91
2585.250, 21118.40
2587.178, 20964.86
2589.107, 20810.01
2591.035, 20707.96
2592.964, 20651.11
2594.892, 20543.14
2596.821, 20397.51
2598.749, 20239.11
2600.678, 20176.37
2602.606, 20087.41
2604.535, 19946.99
2606.463, 19828.54
2608.392, 19713.20
2610.320, 19587.50
2612.249, 19504.25
2614.177, 19345.60
2616.105, 19168.54
2618.034, 19093.48
2619.962, 18990.00
2621.891, 18854.29
2623.819, 18752.55
2625.748, 18624.64
2627.676, 18465.62
2629.605, 18359.07
2631.533, 18249.27
2633.462, 18122.37
2635.390, 18012.01
2637.319, 17930.31
2639.247, 17848.46
2641.176, 17730.70
2643.104, 17620.71
2645.032, 17496.85
2646.961, 17355.17
2648.889, 17282.64
2650.818, 17204.52
2652.746, 17084.97
2654.675, 16966.90
2656.603, 16837.13
2658.532, 16726.51
2660.460, 16632.54
2662.389, 16532.08
2664.317, 16432.44
2666.246, 16342.38
2668.174, 16230.68
2670.103, 16074.14
2672.031, 15958.66
2673.959, 15862.91
2675.888, 15801.54
2677.816, 15657.47
2679.745, 15519.81
2681.673, 15479.66
2683.602, 15347.34
2685.530, 15222.23
2687.459, 15189.18
2689.387, 15102.39
2691.316, 14977.78
2693.244, 14870.18
2695.173, 14753.32
2697.101, 14644.68
2699.030, 14542.06
2700.958, 14428.59
2702.886, 14288.93
2704.815, 14151.48
2706.743, 14124.84
2708.672, 14053.60
2710.600, 13935.23
2712.529, 13876.88
2714.457, 13775.52
2716.386, 13646.52
2718.314, 13562.68
2720.243, 13464.05
2722.171, 13358.47
2724.100, 13287.78
2726.028, 13202.65
2727.957, 13133.47
2729.885, 13064.07
2731.813, 12957.04
2733.742, 12856.93
2735.670, 12818.04
2737.599, 12714.16
2739.527, 12620.30
2741.456, 12579.80
2743.384, 12458.37
2745.313, 12340.52
2747.241, 12244.35
2749.170, 12160.55
2751.098, 12110.33
2753.027, 12078.33
2754.955, 11972.39
2756.884, 11866.13
2758.812, 11781.66
2760.740, 11746.82
2762.669, 11682.49
2764.597, 11581.91
2766.526, 11425.78
2768.454, 11349.56
2770.383, 11325.04
2772.311, 11289.56
2774.240, 11186.08
2776.168, 11076.91
2778.097, 10997.16
2780.025, 10948.09
2781.954, 10873.21
2783.882, 10765.17
2785.811, 10711.63
2787.739, 10650.08
2789.667, 10568.92
2791.596, 10473.45
2793.524, 10392.16
2795.453, 10319.97
2797.381, 10230.10
2799.310, 10176.61
2801.238, 10116.29
2803.167, 10023.50
2805.095, 9957.808
2807.024, 9903.506
2808.952, 9850.213
2810.881, 9763.642
2812.809, 9694.434
2814.738, 9646.035
2816.666, 9605.153
2818.594, 9529.386
2820.523, 9446.841
2822.451, 9401.064
2824.380, 9309.074
2826.308, 9208.418
2828.237, 9119.424
2830.165, 9068.884
2832.094, 8994.759
2834.022, 8894.091
2835.951, 8835.045
2837.879, 8754.083
2839.808, 8667.691
2841.736, 8617.390
2843.665, 8556.466
2845.593, 8493.690
2847.521, 8441.276
2849.450, 8350.155
2851.378, 8283.937
2853.307, 8253.120
2855.235, 8192.075
2857.164, 8119.775
2859.092, 8045.833
2861.021, 7983.938
2862.949, 7917.190
2864.877, 7859.805
2866.806, 7817.934
2868.734, 7680.591
2870.663, 7607.941
2872.591, 7618.305
2874.520, 7523.172
2876.448, 7473.084
2878.377, 7452.882
2880.305, 7408.926
2882.234, 7327.361
2884.162, 7257.261
2886.091, 7217.325
2888.019, 7206.985
2889.948, 7133.146
2891.876, 7009.508
2893.804, 6978.493
2895.733, 6936.993
2897.661, 6875.782
2899.590, 6818.928
2901.518, 6732.304
2903.447, 6673.908
2905.375, 6654.216
2907.304, 6597.376
2909.232, 6563.780
2911.161, 6529.601
2913.089, 6455.953
2915.018, 6452.949
2916.946, 6428.019
2918.875, 6308.190
2920.803, 6262.622
2922.731, 6222.463
2924.660, 6159.484
2926.588, 6118.687
2928.517, 6054.532
2930.445, 5994.570
2932.374, 5973.570
2934.302, 5891.201
2936.231, 5838.916
2938.159, 5822.250
2940.088, 5799.104
2942.016, 5772.022
2943.945, 5727.619
2945.873, 5670.415
2947.802, 5634.085
2949.730, 5592.021
2951.658, 5515.797
2953.587, 5469.961
2955.515, 5439.867
2957.444, 5391.708
2959.372, 5318.208
2961.301, 5312.474
2963.229, 5300.172
2965.158, 5247.144
2967.086, 5176.797
2969.015, 5124.172
2970.943, 5086.223
2972.872, 5050.212
2974.800, 5023.673
2976.729, 4980.451
2978.657, 4934.800
2980.585, 4900.468
2982.514, 4859.692
2984.442, 4811.666
2986.371, 4771.019
2988.299, 4711.157
2990.228, 4675.894
2992.156, 4660.160
2994.085, 4605.617
2996.013, 4546.214
2997.942, 4505.289
2999.870, 4492.844
3001.799, 4453.423
3003.727, 4421.170
3005.656, 4400.409
3007.584, 4378.595
3009.512, 4341.014
3011.441, 4307.847
3013.369, 4265.444
3015.298, 4273.666
3017.226, 4225.393
3019.155, 4155.572
3021.083, 4129.750
3023.012, 4097.330
3024.940, 4043.989
3026.869, 4002.122
3028.797, 3999.312
3030.726, 3997.833
3032.654, 3972.441
3034.583, 3937.917
3036.511, 3873.629
3038.439, 3828.149
3040.368, 3817.208
3042.296, 3783.035
3044.225, 3752.022
3046.153, 3699.849
3048.082, 3640.771
3050.010, 3627.262
3051.939, 3607.277
3053.867, 3571.759
3055.796, 3524.996
3057.724, 3486.212
3059.653, 3458.000
3061.581, 3437.802
3063.510, 3449.080
3065.438, 3435.894
3067.366, 3403.120
3069.295, 3385.296
3071.223, 3376.483
3073.152, 3331.271
3075.080, 3305.799
3077.009, 3316.854
3078.937, 3267.878
3080.866, 3231.288
3082.794, 3203.483
3084.723, 3183.557
3086.651, 3125.649
3088.580, 3080.669
3090.508, 3065.482
3092.437, 3098.165
3094.365, 3084.806
3096.293, 3055.144
3098.222, 3032.347
3100.150, 3014.155
3102.079, 2982.875
3104.007, 2946.758
3105.936, 2913.468
3107.864, 2877.670
3109.793, 2860.211
3111.721, 2853.563
3113.650, 2875.568
3115.578, 2846.978
3117.507, 2815.107
3119.435, 2779.521
3121.364, 2730.156
3123.292, 2697.371
3125.220, 2689.743
3127.149, 2688.626
3129.077, 2653.813
3131.006, 2648.084
3132.934, 2630.428
3134.863, 2600.845
3136.791, 2577.219
3138.720, 2565.669
3140.648, 2555.016
3142.577, 2542.777
3144.505, 2503.582
3146.434, 2466.741
3148.362, 2440.255
3150.291, 2431.513
3152.219, 2388.255
3154.147, 2368.188
3156.076, 2352.447
3158.004, 2313.602
3159.933, 2301.231
3161.861, 2272.905
3163.790, 2242.758
3165.718, 2227.418
3167.647, 2220.554
3169.575, 2199.090
3171.504, 2177.850
3173.432, 2175.341
3175.361, 2141.547
3177.289, 2096.001
3179.218, 2051.428
3181.146, 2032.550
3183.074, 2036.591
3185.003, 2038.215
3186.931, 2017.659
3188.860, 1978.919
3190.788, 1970.460
3192.717, 1925.747
3194.645, 1860.775
3196.574, 1869.123
3198.502, 1884.578
3200.431, 1856.036
3202.359, 1810.163
3204.288, 1817.012
3206.216, 1784.686
3208.145, 1757.947
3210.073, 1742.314
3212.001, 1709.436
3213.930, 1699.432
3215.858, 1689.270
3217.787, 1671.833
3219.715, 1661.692
3221.644, 1667.625
3223.572, 1656.785
3225.501, 1629.540
3227.429, 1595.124
3229.358, 1587.553
3231.286, 1571.526
3233.215, 1556.479
3235.143, 1555.206
3237.072, 1559.033
3239.000, 1532.526
3240.928, 1505.130
3242.857, 1516.868
3244.785, 1484.335
3246.714, 1468.350
3248.642, 1459.928
3250.571, 1439.570
3252.499, 1441.692
3254.428, 1439.723
3256.356, 1428.536
3258.285, 1413.028
3260.213, 1415.642
3262.142, 1407.786
3264.070, 1402.793
3265.999, 1406.721
3267.927, 1391.393
3269.855, 1386.323
3271.784, 1373.827
3273.712, 1358.838
3275.641, 1371.500
3277.569, 1372.443
3279.498, 1376.725
3281.426, 1378.490
3283.355, 1363.923
3285.283, 1355.794
3287.212, 1354.244
3289.140, 1356.567
3291.069, 1357.352
3292.997, 1334.277
3294.926, 1339.157
3296.854, 1368.123
3298.782, 1397.430
3300.711, 1373.296
3302.639, 1343.183
3304.568, 1336.699
3306.496, 1351.256
3308.425, 1351.716
3310.353, 1364.710
3312.282, 1366.362
3314.210, 1366.347
3316.139, 1390.971
3318.067, 1390.276
3319.996, 1406.326
3321.924, 1429.207
3323.853, 1444.816
3325.781, 1465.137
3327.709, 1480.867
3329.638, 1493.618
3331.566, 1513.786
3333.495, 1560.841
3335.423, 1587.215
3337.352, 1619.282
3339.280, 1673.405
3341.209, 1753.160
3343.137, 1839.936
3345.066, 1920.634
3346.994, 1980.237
3348.923, 2029.044
3350.851, 2143.970
3352.780, 2219.053
3354.708, 2267.484
3356.636, 2310.879
3358.565, 2366.199
3360.493, 2381.652
3362.422, 2364.106
3364.350, 2333.907
3366.279, 2301.523
3368.207, 2263.736
3370.136, 2197.349
3372.064, 2119.585
3373.993, 2049.639
3375.921, 2009.515
3377.850, 1918.029
3379.778, 1825.074
3381.707, 1758.341
3383.635, 1720.003
3385.563, 1661.386
3387.492, 1573.793
3389.420, 1531.071
3391.349, 1507.470
3393.277, 1416.621
3395.206, 1403.173
3397.134, 1356.559
3399.063, 1312.408
3400.991, 1299.154
3402.920, 1282.326
3404.848, 1232.346
3406.777, 1183.446
3408.705, 1159.519
3410.634, 1164.936
3412.562, 1152.600
3414.490, 1127.034
3416.419, 1095.158
3418.347, 1061.859
3420.276, 1027.967
3422.204, 1018.545
3424.133, 1019.917
3426.061, 1000.203
3427.990, 959.1710
3429.918, 972.9160
3431.847, 976.8029
3433.775, 973.3926
3435.704, 956.4717
3437.632, 924.3032
3439.561, 915.3663
3441.489, 900.1552
3443.417, 900.8497
3445.346, 906.5175
3447.274, 886.6708
3449.203, 889.6800
3451.131, 885.7307
3453.060, 885.3980
3454.988, 890.0977
3456.917, 881.3154
3458.845, 866.3499
3460.774, 859.5186
3462.702, 863.8306
3464.631, 870.9429
3466.559, 851.9039
3468.488, 862.8331
3470.416, 864.2859
3472.344, 849.3893
3474.273, 829.0972
3476.201, 830.8677
3478.130, 822.3160
3480.058, 831.1104
3481.987, 825.8140
3483.915, 781.8631
3485.844, 784.3271
3487.772, 800.8946
3489.701, 800.4730
3491.629, 792.7512
3493.558, 796.5345
3495.486, 801.0256
3497.415, 760.3654
3499.343, 757.5705
3501.271, 772.6055
3503.200, 758.4490
3505.128, 792.8238
3507.057, 778.8424
3508.985, 783.0450
3510.914, 799.7122
3512.842, 796.7740
3514.771, 813.6776
3516.699, 816.3768
3518.628, 835.8249
3520.556, 858.4564
3522.485, 861.8317
3524.413, 865.6373
3526.342, 867.2119
3528.270, 873.5602
3530.198, 876.2195
3532.127, 873.5746
3534.055, 909.6623
3535.984, 918.8132
3537.912, 922.8359
3539.841, 938.3990
3541.769, 958.0295
3543.698, 935.9749
3545.626, 937.2758
3547.555, 967.8885
3549.483, 984.2403
3551.412, 980.1465
3553.340, 1003.393
3555.269, 983.0528
3557.197, 996.3776
3559.125, 980.2664
3561.054, 947.5391
3562.982, 972.5575
3564.911, 964.9821
3566.839, 940.8151
3568.768, 921.8021
3570.696, 905.8965
3572.625, 888.2338
3574.553, 902.9139
3576.482, 880.9000
3578.410, 870.3868
3580.339, 859.8887
3582.267, 839.6799
3584.196, 842.8640
3586.124, 816.6730
3588.052, 815.7803
3589.981, 822.0206
3591.909, 814.5016
3593.838, 791.7143
3595.766, 780.6516
3597.695, 751.3775
3599.623, 737.6967
3601.552, 733.8535
3603.480, 725.5035
3605.409, 728.5856
3607.337, 716.4871
3609.266, 692.9143
3611.194, 688.1837
3613.123, 693.4705
3615.051, 668.3524
3616.979, 703.0469
3618.908, 656.6109
3620.836, 626.6147
3622.765, 622.6705
3624.693, 616.7794
3626.622, 618.5466
3628.550, 611.1838
3630.479, 602.6771
3632.407, 586.0827
3634.336, 578.2755
3636.264, 597.9612
3638.193, 592.6978
3640.121, 576.3289
3642.050, 567.7020
3643.978, 558.4448
3645.906, 553.6766
3647.835, 573.6559
3649.763, 556.2324
3651.692, 543.2752
3653.620, 545.2169
3655.549, 544.0246
3657.477, 531.1920
3659.406, 529.7853
3661.334, 529.5839
3663.263, 498.2038
3665.191, 488.1461
3667.120, 486.7691
3669.048, 467.1688
3670.977, 479.0658
3672.905, 481.0420
3674.833, 494.1843
3676.762, 487.5573
3678.690, 459.9751
3680.619, 436.7760
3682.547, 443.8885
3684.476, 430.9899
3686.404, 422.7314
3688.333, 409.5129
3690.261, 396.4572
3692.190, 398.9901
3694.118, 408.1478
3696.047, 378.6381
3697.975, 379.5374
3699.904, 394.3704
3701.832, 391.5486
3703.760, 370.0042
3705.689, 391.8920
3707.617, 375.5559
3709.546, 389.4008
3711.474, 391.3372
3713.403, 386.6880
3715.331, 399.9072
3717.260, 391.5000
3719.188, 368.2238
3721.117, 368.5952
3723.045, 372.0313
3724.974, 376.1163
3726.902, 381.4088
3728.831, 368.3180
3730.759, 367.3531
3732.688, 374.5057
3734.616, 366.3730
3736.544, 359.0308
3738.473, 357.6118
3740.401, 340.8561
3742.330, 342.9348
3744.258, 350.1003
3746.187, 353.1276
3748.115, 349.5318
3750.044, 344.7209
3751.972, 347.2529
3753.901, 363.1335
3755.829, 356.0825
3757.758, 312.4649
3759.686, 322.2371
3761.615, 345.3269
3763.543, 330.8312
3765.471, 316.7725
3767.400, 332.2425
3769.328, 325.7885
3771.257, 324.4838
3773.185, 335.4886
3775.114, 339.9677
3777.042, 325.3445
3778.971, 323.6108
3780.899, 353.0528
3782.828, 351.2823
3784.756, 346.8559
3786.685, 344.5327
3788.613, 342.0141
3790.542, 345.3528
3792.470, 342.8665
3794.398, 343.2459
3796.327, 325.2422
3798.255, 328.4442
3800.184, 334.4417
3802.112, 324.5957
3804.041, 326.2090
3805.969, 323.5345
3807.898, 311.6418
3809.826, 328.3878
3811.755, 314.9421
3813.683, 299.8382
3815.612, 314.8816
3817.540, 303.9081
3819.469, 304.3560
3821.397, 292.1679
3823.325, 273.0575
3825.254, 273.0777
3827.182, 276.7738
3829.111, 268.3720
3831.039, 267.4299
3832.968, 269.5555
3834.896, 247.5325
3836.825, 256.8617
3838.753, 266.3015
3840.682, 261.4514
3842.610, 254.8171
3844.539, 257.6164
3846.467, 261.6602
3848.396, 256.9277
3850.324, 268.3018
3852.252, 259.9171
3854.181, 252.0014
3856.109, 256.4872
3858.038, 254.7021
3859.966, 257.8071
3861.895, 285.1985
3863.823, 276.3275
3865.752, 272.1308
3867.680, 270.9696
3869.609, 273.8177
3871.537, 282.0853
3873.466, 272.8196
3875.394, 247.9661
3877.323, 262.4540
3879.251, 255.9204
3881.179, 271.4291
3883.108, 269.3547
3885.036, 254.0857
3886.965, 271.8047
3888.893, 248.3993
3890.822, 240.4556
3892.750, 229.8328
3894.679, 223.9731
3896.607, 208.8718
3898.536, 215.4403
3900.464, 236.0487
3902.393, 221.2580
3904.321, 224.2204
3906.250, 219.5897
3908.178, 203.0888
3910.106, 215.9059
3912.035, 232.2076
3913.963, 226.8444
3915.892, 212.7592
3917.820, 220.0031
3919.749, 248.2019
3921.677, 244.0559
3923.606, 241.2449
3925.534, 229.0886
3927.463, 222.1316
3929.391, 230.0555
3931.320, 240.3126
3933.248, 236.5742
3935.177, 228.2294
3937.105, 227.0421
3939.033, 244.3680
3940.962, 246.4503
3942.890, 234.0230
3944.819, 230.5893
3946.747, 230.3027
3948.676, 223.6233
3950.604, 236.9176
3952.533, 223.1147
3954.461, 229.9112
3956.390, 230.7432
3958.318, 226.5991
3960.247, 218.0311
3962.175, 206.4814
3964.104, 204.5943
3966.032, 201.0013
3967.960, 183.5647
3969.889, 183.6850
3971.817, 166.2822
3973.746, 175.8693
3975.674, 166.2059
3977.603, 142.9848
3979.531, 137.5289
3981.460, 140.7708
3983.388, 132.0470
3985.317, 132.2366
3987.245, 126.0242
3989.174, 109.2667
3991.102, 108.0634
3993.031, 88.85726
3994.959, 88.77755
3996.887, 78.90184
3998.816, 68.96509
4000.744, 61.88780
4002.673, 55.86007
4004.601, 48.43271
4006.530, 45.39599
4008.458, 46.53503
4010.387, 39.21313
4012.315, 43.14233
4014.244, 56.06638
4016.172, 54.06460
4018.101, 51.90814
4020.029, 52.89598
4021.958, 45.96781
4023.886, 35.81464
4025.814, 46.86764
4027.743, 63.15102
4029.671, 60.25978
4031.600, 52.66795
4033.528, 50.67350
4035.457, 47.55228
4037.385, 57.22264
4039.314, 70.66477
4041.242, 59.71418
4043.171, 33.20883
4045.099, 48.38222
4047.028, 47.59072
4048.956, 41.45130
4050.885, 42.85799
4052.813, 29.64420
4054.741, 39.32736
4056.670, 59.55653
4058.598, 64.42996
4060.527, 55.33815
4062.455, 50.27340
4064.384, 64.45441
4066.312, 66.11089
4068.241, 52.97721
4070.169, 65.72033
4072.098, 56.74966
4074.026, 48.53191
4075.955, 63.82929
4077.883, 60.96180
4079.812, 42.70650
4081.740, 45.78293
4083.668, 47.12859
4085.597, 53.08863
4087.525, 65.51872
4089.454, 50.88727
4091.382, 55.94178
4093.311, 61.58934
4095.239, 57.05532
4097.167, 61.62943
4099.096, 58.00277
4101.024, 42.29797
4102.953, 42.36432
4104.881, 56.36297
4106.810, 46.75174
4108.738, 53.17579
4110.667, 54.99776
4112.595, 42.98170
4114.524, 64.29115
4116.452, 61.21370
4118.381, 58.50375
4120.309, 60.49204
4122.238, 54.86637
4124.166, 52.16362
4126.095, 61.45307
4128.023, 66.16196
4129.952, 63.17389
4131.880, 48.71194
4133.809, 40.67546
4135.737, 39.77357
4137.666, 55.18061
4139.594, 63.14448
4141.522, 49.84761
4143.451, 53.67698
4145.379, 54.97042
4147.308, 51.29590
4149.236, 58.57761
4151.165, 36.05953
4153.093, 39.52123
4155.021, 49.98851
4156.950, 69.31689
4158.878, 60.37202
4160.807, 42.97697
4162.735, 48.55306
4164.664, 44.59772
4166.592, 36.70743
4168.521, 44.39283
4170.449, 56.43502
4172.378, 63.85770
4174.306, 69.59875
4176.235, 64.68627
4178.163, 51.18962
4180.092, 42.31889
4182.020, 42.30506
4183.949, 31.39271
4185.877, 41.42442
4187.806, 45.69320
4189.734, 35.46406
4191.663, 35.61580
4193.591, 42.12054
4195.520, 43.15777
4197.448, 40.71148
4199.376, 44.45738
4201.305, 52.49676
4203.233, 60.16135
4205.162, 66.41799
4207.090, 29.94610
4209.019, 45.80825
4210.947, 46.94935
4212.875, 52.30022
4214.804, 33.15973
4216.732, 55.04310
4218.661, 56.58312
4220.589, 55.57864
4222.518, 52.33570
4224.446, 51.02454
4226.375, 48.75050
4228.303, 53.87384
4230.232, 67.45923
4232.160, 65.78325
4234.089, 50.62693
4236.017, 50.05235
4237.946, 35.54503
4239.874, 57.08675
4241.803, 50.54483
4243.731, 37.21153
4245.660, 60.01167
4247.588, 71.05888
4249.517, 32.39967
4251.445, 34.87526
4253.374, 36.79526
4255.302, 50.50135
4257.230, 55.03128
4259.159, 43.19165
4261.087, 47.21331
4263.016, 50.76637
4264.944, 38.00662
4266.873, 39.58621
4268.801, 40.17958
4270.729, 30.48237
4272.658, 43.33969
4274.586, 39.19534
4276.515, 85.87564
4278.443, 53.98830
4280.372, 51.10223
4282.300, 44.57927
4284.229, 49.81652
4286.157, 45.89825
4288.086, 51.38744
4290.014, 51.16744
4291.943, 51.50524
4293.871, 33.68707
4295.800, 30.27817
4297.728, 49.71149
4299.657, 44.16250
4301.585, 39.30279
4303.514, 54.99458
4305.442, 51.75137
4307.371, 49.00845
4309.299, 41.17140
4311.228, 46.53081
4313.156, 34.78507
4315.084, 27.05722
4317.013, 61.90823
4318.941, 45.59443
4320.870, 52.54256
4322.798, 56.12993
4324.727, 73.22290
4326.655, 64.16438
4328.583, 60.23693
4330.512, 47.48674
4332.440, 58.60283
4334.369, 48.65123
4336.297, 45.99996
4338.226, 48.89056
4340.154, 24.23351
4342.083, 43.58562
4344.011, 41.77972
4345.940, 29.39111
4347.868, 43.59824
4349.797, 41.63229
4351.725, 35.73197
4353.654, 48.65961
4355.582, 56.53448
4357.511, 57.70319
4359.439, 59.72209
4361.368, 34.82164
4363.296, 54.83531
4365.225, 32.64617
4367.153, 48.64256
4369.082, 51.82133
4371.010, 35.10641
4372.938, 53.46735
4374.867, 49.61984
4376.795, 71.55579
4378.724, 57.79468
4380.652, 64.00040
##END=



