##NAMES=Walpurgite
##RRUFFID=R050573
##IDEAL CHEMISTRY=Bi_4_O_4_(UO_2_)(AsO_4_)_2_·2H_2_O
##LOCALITY=Joachimstal, Bohemia, Czech Republic
##OWNER=RRUFF
##SOURCE=University of Arizona Mineral Museum
##DESCRIPTION=Yellow thin tabular crystals associated with metazeunerite, R060301
##STATUS=The identification of this mineral has been confirmed by single-crystal X-ray diffraction
##URL=https://www.rruff.net/odr/rruff_sample/R050573
##DIFFRACTION SAMPLE DESCRIPTION=Single crystal, powder profile is calculated
##CELL PARAMETERS=a: 7.118 b: 10.409 c: 5.482 alpha: 101.72 beta: 110.88 gamma: 88.18 volume: 371.2 crystal system: triclinic
##FILETYPE=Raman Processed
##RAMAN WAVELENGTH=532

211.0906, 13544.67
213.0191, 13453.56
214.9475, 13382.24
216.8760, 13329.40
218.8045, 13275.27
220.7329, 13210.57
222.6614, 13139.76
224.5899, 13073.56
226.5183, 13009.36
228.4468, 12951.26
230.3753, 12898.31
232.3037, 12849.87
234.2322, 12815.32
236.1607, 12801.84
238.0891, 12800.73
240.0176, 12798.46
241.9461, 12790.37
243.8745, 12790.06
245.8030, 12800.55
247.7315, 12822.40
249.6599, 12852.45
251.5884, 12884.08
253.5169, 12926.02
255.4453, 12984.78
257.3738, 13061.84
259.3023, 13155.30
261.2307, 13266.81
263.1592, 13398.62
265.0877, 13535.32
267.0161, 13685.58
268.9446, 13835.90
270.8731, 13974.79
272.8015, 14095.53
274.7300, 14210.97
276.6585, 14315.31
278.5869, 14409.27
280.5154, 14505.33
282.4439, 14605.40
284.3723, 14704.64
286.3008, 14804.84
288.2293, 14916.49
290.1577, 15014.83
292.0862, 15101.79
294.0147, 15172.07
295.9431, 15206.69
297.8716, 15193.46
299.8001, 15148.65
301.7285, 15072.59
303.6570, 14962.74
305.5855, 14836.41
307.5139, 14683.13
309.4424, 14521.29
311.3709, 14381.19
313.2993, 14263.22
315.2278, 14170.12
317.1563, 14111.26
319.0847, 14079.76
321.0132, 14048.11
322.9417, 14008.32
324.8701, 13972.37
326.7986, 13943.45
328.7271, 13923.58
330.6555, 13902.43
332.5840, 13870.40
334.5125, 13830.60
336.4409, 13799.80
338.3694, 13781.90
340.2979, 13769.30
342.2263, 13760.33
344.1548, 13753.69
346.0833, 13761.23
348.0117, 13790.02
349.9402, 13831.12
351.8687, 13875.91
353.7971, 13935.23
355.7256, 13989.57
357.6541, 14033.77
359.5826, 14071.18
361.5110, 14098.43
363.4395, 14113.36
365.3680, 14117.48
367.2964, 14109.04
369.2249, 14086.40
371.1534, 14057.65
373.0818, 14022.67
375.0103, 13982.33
376.9388, 13942.16
378.8672, 13898.81
380.7957, 13855.89
382.7242, 13821.14
384.6526, 13795.60
386.5811, 13771.73
388.5096, 13742.53
390.4380, 13711.33
392.3665, 13680.77
394.2950, 13648.80
396.2234, 13625.13
398.1519, 13618.95
400.0804, 13623.66
402.0088, 13624.41
403.9373, 13602.76
405.8658, 13588.05
407.7942, 13593.32
409.7227, 13619.62
411.6512, 13646.90
413.5796, 13667.68
415.5081, 13689.54
417.4366, 13718.82
419.3650, 13765.58
421.2935, 13808.66
423.2220, 13848.47
425.1504, 13886.27
427.0789, 13920.35
429.0074, 13943.64
430.9358, 13956.36
432.8643, 13963.35
434.7928, 13965.41
436.7212, 13967.26
438.6497, 13968.60
440.5782, 13966.85
442.5066, 13961.75
444.4351, 13951.60
446.3636, 13952.41
448.2920, 13970.93
450.2205, 14002.34
452.1490, 14033.56
454.0774, 14065.92
456.0059, 14106.13
457.9344, 14150.90
459.8628, 14196.34
461.7913, 14264.06
463.7198, 14352.16
465.6482, 14455.86
467.5767, 14568.27
469.5052, 14683.83
471.4336, 14814.21
473.3621, 14955.34
475.2906, 15107.31
477.2190, 15275.38
479.1475, 15470.05
481.0760, 15663.87
483.0044, 15864.79
484.9329, 16075.86
486.8614, 16288.01
488.7898, 16499.95
490.7183, 16719.02
492.6468, 16941.74
494.5752, 17162.75
496.5037, 17430.32
498.4322, 17772.80
500.3606, 18159.94
502.2891, 18563.74
504.2176, 18997.83
506.1460, 19408.71
508.0745, 19797.07
510.0030, 20121.92
511.9314, 20348.16
513.8599, 20421.19
515.7883, 20332.57
517.7168, 20107.14
519.6453, 19765.40
521.5737, 19329.71
523.5022, 18828.63
525.4307, 18329.30
527.3591, 17864.67
529.2876, 17453.96
531.2161, 17100.99
533.1445, 16810.58
535.0730, 16555.40
537.0015, 16321.55
538.9299, 16102.91
540.8584, 15889.30
542.7869, 15657.70
544.7153, 15421.97
546.6438, 15215.98
548.5723, 15039.73
550.5007, 14887.31
552.4292, 14758.18
554.3577, 14657.19
556.2861, 14581.79
558.2146, 14535.21
560.1431, 14492.37
562.0715, 14442.23
564.0000, 14385.79
565.9285, 14341.06
567.8569, 14310.16
569.7854, 14286.59
571.7139, 14267.18
573.6423, 14255.11
575.5708, 14248.64
577.4993, 14246.98
579.4277, 14248.45
581.3562, 14252.98
583.2847, 14258.54
585.2131, 14264.21
587.1416, 14269.03
589.0701, 14277.71
590.9985, 14294.08
592.9270, 14315.30
594.8555, 14334.60
596.7839, 14351.14
598.7124, 14366.32
600.6409, 14378.22
602.5693, 14384.72
604.4978, 14399.20
606.4263, 14432.34
608.3547, 14473.95
610.2832, 14499.80
612.2117, 14506.35
614.1401, 14514.50
616.0686, 14537.81
617.9971, 14568.63
619.9255, 14589.96
621.8540, 14595.98
623.7825, 14599.44
625.7109, 14607.13
627.6394, 14621.22
629.5679, 14633.11
631.4963, 14640.33
633.4248, 14644.41
635.3533, 14648.85
637.2817, 14656.40
639.2102, 14664.97
641.1387, 14674.49
643.0671, 14685.41
644.9956, 14699.03
646.9241, 14713.40
648.8525, 14730.15
650.7810, 14748.36
652.7095, 14770.51
654.6379, 14798.03
656.5664, 14834.55
658.4949, 14873.12
660.4233, 14910.43
662.3518, 14942.77
664.2803, 14975.53
666.2087, 15009.43
668.1372, 15040.06
670.0657, 15062.92
671.9941, 15084.29
673.9226, 15106.00
675.8511, 15126.29
677.7795, 15145.28
679.7080, 15165.40
681.6365, 15189.04
683.5649, 15210.58
685.4934, 15226.81
687.4219, 15242.49
689.3503, 15259.68
691.2788, 15285.04
693.2073, 15315.17
695.1357, 15348.83
697.0642, 15381.71
698.9927, 15412.81
700.9211, 15443.19
702.8496, 15477.23
704.7781, 15518.49
706.7065, 15559.82
708.6350, 15594.86
710.5635, 15626.03
712.4919, 15665.35
714.4204, 15715.96
716.3489, 15766.86
718.2773, 15810.69
720.2058, 15849.54
722.1343, 15892.45
724.0627, 15941.53
725.9912, 15993.75
727.9197, 16049.07
729.8481, 16108.63
731.7766, 16171.63
733.7051, 16239.11
735.6335, 16312.66
737.5620, 16390.91
739.4905, 16472.45
741.4189, 16569.61
743.3474, 16687.84
745.2759, 16820.16
747.2043, 16964.01
749.1328, 17113.54
751.0613, 17262.16
752.9897, 17402.75
754.9182, 17545.12
756.8467, 17695.55
758.7751, 17855.99
760.7036, 18019.11
762.6321, 18184.74
764.5605, 18353.60
766.4890, 18522.09
768.4175, 18694.20
770.3459, 18857.61
772.2744, 18998.97
774.2029, 19138.85
776.1313, 19301.92
778.0598, 19489.37
779.9883, 19701.48
781.9167, 19950.09
783.8452, 20218.11
785.7737, 20481.24
787.7021, 20762.40
789.6306, 20984.19
791.5591, 21159.76
793.4875, 21242.85
795.4160, 21205.80
797.3445, 21023.68
799.2729, 20788.67
801.2014, 20468.38
803.1299, 20134.38
805.0583, 19864.34
806.9868, 19664.10
808.9153, 19521.91
810.8438, 19454.46
812.7722, 19441.82
814.7007, 19455.69
816.6292, 19495.28
818.5576, 19563.88
820.4861, 19649.54
822.4146, 19766.03
824.3430, 19932.76
826.2715, 20155.86
828.2000, 20407.97
830.1284, 20736.87
832.0569, 21060.45
833.9854, 21337.93
835.9138, 21599.17
837.8423, 21686.38
839.7708, 21535.46
841.6992, 21234.63
843.6277, 20841.42
845.5562, 20291.01
847.4846, 19786.77
849.4131, 19324.18
851.3416, 18923.93
853.2700, 18598.00
855.1985, 18346.72
857.1270, 18146.59
859.0554, 18024.32
860.9839, 17922.72
862.9124, 17814.53
864.8408, 17702.82
866.7693, 17575.10
868.6978, 17406.02
870.6262, 17246.72
872.5547, 17119.87
874.4832, 17021.95
876.4116, 16943.13
878.3401, 16894.17
880.2686, 16854.09
882.1970, 16816.88
884.1255, 16783.99
886.0540, 16753.23
887.9824, 16728.91
889.9109, 16703.00
891.8394, 16672.51
893.7678, 16640.03
895.6963, 16603.76
897.6248, 16560.44
899.5532, 16511.91
901.4817, 16455.73
903.4102, 16398.71
905.3386, 16356.43
907.2671, 16334.98
909.1956, 16312.67
911.1240, 16282.27
913.0525, 16248.20
914.9810, 16219.23
916.9094, 16198.81
918.8379, 16174.15
920.7664, 16138.88
922.6948, 16101.78
924.6233, 16069.23
926.5518, 16042.57
928.4802, 16019.40
930.4087, 16001.12
932.3372, 15988.09
934.2656, 15978.87
936.1941, 15970.63
938.1226, 15964.91
940.0510, 15964.93
941.9795, 15967.27
943.9080, 15963.29
945.8364, 15948.79
947.7649, 15933.67
949.6934, 15920.41
951.6218, 15908.64
953.5503, 15895.87
955.4788, 15880.30
957.4072, 15867.53
959.3357, 15858.52
961.2642, 15854.52
963.1926, 15857.11
965.1211, 15861.41
967.0496, 15862.93
968.9780, 15863.87
970.9065, 15860.75
972.8350, 15846.65
974.7634, 15821.39
976.6919, 15802.78
978.6204, 15795.84
980.5488, 15790.44
982.4773, 15777.94
984.4058, 15760.74
986.3342, 15756.17
988.2627, 15769.68
990.1912, 15775.99
992.1196, 15756.89
994.0481, 15734.26
995.9766, 15725.01
997.9050, 15727.80
999.8335, 15723.68
1001.762, 15707.65
1003.690, 15685.65
1005.619, 15666.98
1007.547, 15653.03
1009.476, 15641.90
1011.404, 15636.81
1013.333, 15634.25
1015.261, 15625.96
1017.190, 15614.14
1019.118, 15607.25
1021.047, 15601.85
1022.975, 15589.51
1024.904, 15569.91
1026.832, 15553.66
1028.760, 15537.87
1030.689, 15523.23
1032.617, 15510.82
1034.546, 15501.49
1036.474, 15492.04
1038.403, 15482.66
1040.331, 15473.04
1042.260, 15467.51
1044.188, 15468.43
1046.117, 15466.35
1048.045, 15452.31
1049.974, 15435.05
1051.902, 15419.19
1053.831, 15402.77
1055.759, 15384.47
1057.688, 15367.91
1059.616, 15350.89
1061.544, 15338.35
1063.473, 15335.42
1065.401, 15333.97
1067.330, 15326.08
1069.258, 15317.02
1071.187, 15310.81
1073.115, 15300.28
1075.044, 15285.53
1076.972, 15269.36
1078.901, 15254.56
1080.829, 15237.63
1082.758, 15216.82
1084.686, 15201.92
1086.615, 15196.43
1088.543, 15193.08
1090.471, 15181.45
1092.400, 15168.32
1094.328, 15161.57
1096.257, 15155.13
1098.185, 15146.84
1100.114, 15140.11
1102.042, 15138.77
1103.971, 15129.75
1105.899, 15104.66
1107.828, 15079.14
1109.756, 15059.82
1111.685, 15041.28
1113.613, 15012.45
1115.542, 14976.52
1117.470, 14951.47
1119.398, 14943.62
1121.327, 14940.54
1123.255, 14925.83
1125.184, 14903.09
1127.112, 14897.17
1129.041, 14909.33
1130.969, 14922.44
1132.898, 14929.35
1134.826, 14932.25
1136.755, 14933.52
1138.683, 14930.26
1140.612, 14920.36
1142.540, 14902.53
1144.469, 14880.69
1146.397, 14862.20
1148.325, 14853.74
1150.254, 14841.32
1152.182, 14817.86
1154.111, 14793.11
1156.039, 14776.07
1157.968, 14766.48
1159.896, 14758.10
1161.825, 14749.03
1163.753, 14734.14
1165.682, 14713.98
1167.610, 14690.51
1169.539, 14665.45
1171.467, 14634.62
1173.396, 14607.79
1175.324, 14595.02
1177.252, 14593.48
1179.181, 14594.44
1181.109, 14591.40
1183.038, 14586.58
1184.966, 14582.81
1186.895, 14575.41
1188.823, 14560.41
1190.752, 14543.54
1192.680, 14536.88
1194.609, 14543.28
1196.537, 14546.48
1198.466, 14539.39
1200.394, 14526.06
1202.323, 14516.23
1204.251, 14516.03
1206.179, 14527.78
1208.108, 14534.61
1210.036, 14534.89
1211.965, 14533.75
1213.893, 14530.05
1215.822, 14522.05
1217.750, 14516.91
1219.679, 14503.96
1221.607, 14471.58
1223.536, 14435.22
1225.464, 14408.62
1227.393, 14390.11
1229.321, 14367.13
1231.250, 14342.39
1233.178, 14331.58
1235.106, 14328.40
1237.035, 14324.75
1238.963, 14317.06
1240.892, 14308.00
1242.820, 14307.12
1244.749, 14313.23
1246.677, 14318.33
1248.606, 14317.66
1250.534, 14311.85
1252.463, 14310.89
1254.391, 14320.13
1256.320, 14326.87
1258.248, 14324.56
1260.177, 14317.06
1262.105, 14308.77
1264.033, 14299.15
1265.962, 14294.23
1267.890, 14298.28
1269.819, 14299.91
1271.747, 14297.64
1273.676, 14291.59
1275.604, 14281.94
1277.533, 14264.68
1279.461, 14256.21
1281.390, 14260.92
1283.318, 14268.98
1285.247, 14272.69
1287.175, 14270.51
1289.104, 14265.00
1291.032, 14258.31
1292.960, 14254.57
1294.889, 14247.71
1296.817, 14234.72
1298.746, 14224.57
1300.674, 14219.98
1302.603, 14222.67
1304.531, 14234.14
1306.460, 14243.79
1308.388, 14238.62
1310.317, 14219.92
1312.245, 14202.65
1314.174, 14190.97
1316.102, 14183.09
1318.031, 14179.98
1319.959, 14177.05
1321.887, 14173.87
1323.816, 14171.98
1325.744, 14173.94
1327.673, 14180.32
1329.601, 14187.69
1331.530, 14190.24
1333.458, 14193.13
1335.387, 14205.25
1337.315, 14228.77
1339.244, 14241.61
1341.172, 14236.68
1343.101, 14224.07
1345.029, 14208.38
1346.958, 14194.39
1348.886, 14185.98
1350.814, 14183.82
1352.743, 14182.95
1354.671, 14186.71
1356.600, 14192.31
1358.528, 14191.47
1360.457, 14187.36
1362.385, 14188.74
1364.314, 14194.62
1366.242, 14199.73
1368.171, 14205.79
1370.099, 14211.09
1372.028, 14209.51
1373.956, 14201.25
1375.885, 14194.77
1377.813, 14195.19
1379.741, 14191.86
1381.670, 14182.59
1383.598, 14172.15
1385.527, 14159.70
1387.455, 14147.15
1389.384, 14147.09
1391.312, 14169.03
1393.241, 14183.96
1395.169, 14178.50
1397.098, 14170.53
1399.026, 14173.68
1400.955, 14185.07
1402.883, 14193.66
1404.812, 14199.33
1406.740, 14198.28
1408.668, 14183.37
1410.597, 14166.46
1412.525, 14160.47
1414.454, 14166.49
1416.382, 14175.00
1418.311, 14187.38
1420.239, 14196.86
1422.168, 14195.39
1424.096, 14194.50
1426.025, 14203.32
1427.953, 14221.27
1429.882, 14232.52
1431.810, 14234.31
1433.739, 14231.50
1435.667, 14226.56
1437.595, 14219.28
1439.524, 14209.02
1441.452, 14197.53
1443.381, 14188.46
1445.309, 14181.21
1447.238, 14178.33
1449.166, 14183.28
1451.095, 14190.57
1453.023, 14194.25
1454.952, 14193.19
1456.880, 14188.31
1458.809, 14175.10
1460.737, 14167.93
1462.666, 14176.40
1464.594, 14189.19
1466.522, 14197.47
1468.451, 14202.59
1470.379, 14209.17
1472.308, 14217.65
1474.236, 14225.06
1476.165, 14229.52
1478.093, 14230.58
1480.022, 14227.49
1481.950, 14219.76
1483.879, 14207.97
1485.807, 14191.70
1487.736, 14175.38
1489.664, 14161.44
1491.593, 14150.06
1493.521, 14143.38
1495.449, 14141.07
1497.378, 14138.31
1499.306, 14133.39
1501.235, 14131.39
1503.163, 14134.79
1505.092, 14136.24
1507.020, 14128.11
1508.949, 14114.84
1510.877, 14109.16
1512.806, 14115.71
1514.734, 14120.34
1516.663, 14126.03
1518.591, 14126.50
1520.520, 14116.28
1522.448, 14101.39
1524.376, 14089.88
1526.305, 14081.65
1528.233, 14075.38
1530.162, 14074.48
1532.090, 14071.92
1534.019, 14061.33
1535.947, 14051.70
1537.876, 14056.32
1539.804, 14073.02
1541.733, 14077.90
1543.661, 14061.99
1545.590, 14051.72
1547.518, 14062.36
1549.447, 14072.80
1551.375, 14066.48
1553.303, 14049.43
1555.232, 14036.66
1557.160, 14030.43
1559.089, 14025.59
1561.017, 14020.49
1562.946, 14018.28
1564.874, 14021.78
1566.803, 14027.46
1568.731, 14028.62
1570.660, 14023.88
1572.588, 14025.42
1574.517, 14041.58
1576.445, 14049.89
1578.374, 14033.11
1580.302, 14010.31
1582.230, 14002.67
1584.159, 14008.70
1586.087, 14001.53
1588.016, 13973.76
1589.944, 13950.06
1591.873, 13937.01
1593.801, 13930.91
1595.730, 13936.69
1597.658, 13948.79
1599.587, 13945.45
1601.515, 13920.24
1603.444, 13900.86
1605.372, 13888.31
1607.301, 13881.02
1609.229, 13881.71
1611.157, 13883.83
1613.086, 13880.90
1615.014, 13873.00
1616.943, 13857.16
1618.871, 13831.97
1620.800, 13803.19
1622.728, 13768.35
1624.657, 13736.52
1626.585, 13713.73
1628.514, 13699.68
1630.442, 13691.56
1632.371, 13690.47
1634.299, 13693.51
1636.228, 13702.77
1638.156, 13710.25
1640.084, 13708.75
1642.013, 13704.84
1643.941, 13707.82
1645.870, 13716.46
1647.798, 13715.50
1649.727, 13696.39
1651.655, 13683.84
1653.584, 13682.68
1655.512, 13686.72
1657.441, 13696.50
1659.369, 13707.28
1661.298, 13708.49
1663.226, 13695.50
1665.155, 13688.94
1667.083, 13694.83
1669.011, 13693.54
1670.940, 13678.80
1672.868, 13659.57
1674.797, 13645.14
1676.725, 13634.20
1678.654, 13618.21
1680.582, 13596.65
1682.511, 13578.87
1684.439, 13562.89
1686.368, 13553.91
1688.296, 13557.22
1690.225, 13562.63
1692.153, 13557.29
1694.082, 13542.49
1696.010, 13535.43
1697.938, 13545.61
1699.867, 13539.25
1701.795, 13500.23
1703.724, 13464.37
1705.652, 13453.24
1707.581, 13448.82
1709.509, 13426.29
1711.438, 13388.63
1713.366, 13369.43
1715.295, 13381.40
1717.223, 13385.94
1719.152, 13373.40
1721.080, 13359.23
1723.009, 13347.79
1724.937, 13338.64
1726.865, 13333.71
1728.794, 13333.35
1730.722, 13327.34
1732.651, 13309.74
1734.579, 13300.61
1736.508, 13306.63
1738.436, 13315.00
1740.365, 13318.96
1742.293, 13318.93
1744.222, 13313.98
1746.150, 13302.30
1748.079, 13293.21
1750.007, 13299.05
1751.936, 13287.58
1753.864, 13249.13
1755.792, 13208.72
1757.721, 13178.51
1759.649, 13156.84
1761.578, 13141.28
1763.506, 13132.24
1765.435, 13125.94
1767.363, 13125.41
1769.292, 13117.47
1771.220, 13089.34
1773.149, 13063.39
1775.077, 13048.99
1777.006, 13039.93
1778.934, 13033.19
1780.863, 13028.55
1782.791, 13012.32
1784.719, 12976.39
1786.648, 12951.36
1788.576, 12948.24
1790.505, 12944.09
1792.433, 12934.14
1794.362, 12917.00
1796.290, 12887.47
1798.219, 12849.26
1800.147, 12819.33
1802.076, 12798.19
1804.004, 12788.22
1805.933, 12798.97
1807.861, 12806.28
1809.790, 12802.45
1811.718, 12792.66
1813.646, 12778.69
1815.575, 12760.25
1817.503, 12737.71
1819.432, 12711.01
1821.360, 12683.54
1823.289, 12653.65
1825.217, 12633.51
1827.146, 12635.25
1829.074, 12638.64
1831.003, 12631.14
1832.931, 12619.83
1834.860, 12613.42
1836.788, 12610.12
1838.717, 12604.63
1840.645, 12595.90
1842.573, 12584.17
1844.502, 12569.14
1846.430, 12552.09
1848.359, 12532.96
1850.287, 12514.02
1852.216, 12498.67
1854.144, 12484.93
1856.073, 12468.13
1858.001, 12448.03
1859.930, 12426.28
1861.858, 12402.09
1863.787, 12379.10
1865.715, 12359.95
1867.644, 12341.75
1869.572, 12321.85
1871.500, 12304.00
1873.429, 12292.38
1875.357, 12286.94
1877.286, 12287.31
1879.214, 12295.74
1881.143, 12297.37
1883.071, 12283.99
1885.000, 12269.76
1886.928, 12257.03
1888.857, 12243.65
1890.785, 12230.99
1892.714, 12216.44
1894.642, 12193.80
1896.571, 12164.17
1898.499, 12140.81
1900.427, 12126.30
1902.356, 12118.29
1904.284, 12125.57
1906.213, 12127.27
1908.141, 12108.34
1910.070, 12086.43
1911.998, 12074.55
1913.927, 12068.46
1915.855, 12062.82
1917.784, 12057.46
1919.712, 12038.08
1921.641, 11999.43
1923.569, 11968.19
1925.498, 11956.92
1927.426, 11944.92
1929.354, 11919.30
1931.283, 11893.93
1933.211, 11884.08
1935.140, 11880.78
1937.068, 11862.05
1938.997, 11829.48
1940.925, 11812.72
1942.854, 11819.63
1944.782, 11820.58
1946.711, 11803.86
1948.639, 11787.56
1950.568, 11779.12
1952.496, 11771.93
1954.425, 11759.39
1956.353, 11743.89
1958.281, 11731.50
1960.210, 11722.73
1962.138, 11714.20
1964.067, 11708.00
1965.995, 11700.33
1967.924, 11692.79
1969.852, 11681.26
1971.781, 11657.62
1973.709, 11635.34
1975.638, 11625.80
1977.566, 11621.72
1979.495, 11612.79
1981.423, 11599.75
1983.352, 11583.72
1985.280, 11564.98
1987.208, 11550.29
1989.137, 11541.83
1991.065, 11535.58
1992.994, 11530.38
1994.922, 11525.00
1996.851, 11518.26
1998.779, 11509.04
2000.708, 11493.61
2002.636, 11474.86
2004.565, 11463.23
2006.493, 11459.16
2008.422, 11449.47
2010.350, 11430.71
2012.279, 11417.18
2014.207, 11417.73
2016.135, 11415.90
2018.064, 11405.44
2019.992, 11391.72
2021.921, 11376.71
2023.849, 11361.40
2025.778, 11347.04
2027.706, 11333.56
2029.635, 11323.08
2031.563, 11317.12
2033.492, 11306.12
2035.420, 11287.14
2037.349, 11269.80
2039.277, 11256.76
2041.206, 11245.99
2043.134, 11239.92
2045.063, 11233.11
2046.991, 11218.87
2048.919, 11201.81
2050.848, 11188.86
2052.776, 11179.14
2054.705, 11171.53
2056.633, 11166.35
2058.562, 11155.69
2060.490, 11137.26
2062.419, 11117.42
2064.347, 11099.29
2066.276, 11080.25
2068.204, 11056.06
2070.133, 11035.77
2072.061, 11029.42
2073.990, 11030.92
2075.918, 11029.48
2077.846, 11024.36
2079.775, 11013.45
2081.703, 10993.61
2083.632, 10980.92
2085.560, 10979.35
2087.489, 10972.80
2089.417, 10956.61
2091.346, 10938.49
2093.274, 10925.77
2095.203, 10910.95
2097.131, 10885.36
2099.060, 10858.74
2100.988, 10844.27
2102.917, 10839.36
2104.845, 10833.79
2106.773, 10825.78
2108.702, 10819.05
2110.630, 10812.49
2112.559, 10804.77
2114.487, 10797.09
2116.416, 10785.93
2118.344, 10772.23
2120.273, 10756.12
2122.201, 10735.07
2124.130, 10717.02
2126.058, 10712.70
2127.987, 10714.89
2129.915, 10708.04
2131.844, 10693.50
2133.772, 10678.36
2135.700, 10661.31
2137.629, 10653.99
2139.557, 10662.01
2141.486, 10663.54
2143.414, 10653.02
2145.343, 10638.63
2147.271, 10622.11
2149.200, 10605.10
2151.128, 10585.78
2153.057, 10570.38
2154.985, 10568.68
2156.914, 10573.96
2158.842, 10570.32
2160.771, 10558.64
2162.699, 10550.26
2164.627, 10545.00
2166.556, 10538.23
2168.484, 10528.67
2170.413, 10521.41
2172.341, 10522.72
2174.270, 10517.14
2176.198, 10492.14
2178.127, 10469.57
2180.055, 10464.76
2181.984, 10463.64
2183.912, 10450.73
2185.841, 10434.37
2187.769, 10430.60
2189.698, 10435.84
2191.626, 10433.12
2193.554, 10421.87
2195.483, 10413.83
2197.411, 10409.79
2199.340, 10404.96
2201.268, 10399.77
2203.197, 10390.75
2205.125, 10374.76
2207.054, 10360.09
2208.982, 10350.08
2210.911, 10343.81
2212.839, 10341.41
2214.768, 10342.17
2216.696, 10347.52
2218.625, 10353.46
2220.553, 10350.31
2222.481, 10339.23
2224.410, 10333.80
2226.338, 10333.79
2228.267, 10325.24
2230.195, 10305.75
2232.124, 10294.88
2234.052, 10299.60
2235.981, 10303.10
2237.909, 10299.03
2239.838, 10297.41
2241.766, 10300.06
2243.695, 10307.17
2245.623, 10327.28
2247.552, 10342.42
2249.480, 10331.33
2251.408, 10307.28
2253.337, 10291.08
2255.265, 10280.59
2257.194, 10268.72
2259.122, 10255.16
2261.051, 10235.88
2262.979, 10209.91
2264.908, 10185.93
2266.836, 10164.10
2268.765, 10145.44
2270.693, 10134.46
2272.622, 10121.50
2274.550, 10101.67
2276.479, 10086.59
2278.407, 10086.78
2280.335, 10086.54
2282.264, 10073.80
2284.192, 10058.06
2286.121, 10043.42
2288.049, 10033.29
2289.978, 10037.26
2291.906, 10048.67
2293.835, 10050.15
2295.763, 10042.50
2297.692, 10036.23
2299.620, 10031.10
2301.549, 10029.06
2303.477, 10034.44
2305.406, 10033.87
2307.334, 10026.93
2309.262, 10016.16
2311.191, 10001.99
2313.119, 9985.985
2315.048, 9966.013
2316.976, 9949.583
2318.905, 9937.131
2320.833, 9932.705
2322.762, 9945.385
2324.690, 9960.397
2326.619, 9962.419
2328.547, 9954.827
2330.476, 9939.306
2332.404, 9919.887
2334.333, 9914.490
2336.261, 9920.563
2338.189, 9915.073
2340.118, 9898.500
2342.046, 9880.652
2343.975, 9863.298
2345.903, 9841.853
2347.832, 9811.872
2349.760, 9790.423
2351.689, 9785.091
2353.617, 9779.284
2355.546, 9768.150
2357.474, 9757.543
2359.403, 9748.376
2361.331, 9740.861
2363.260, 9737.395
2365.188, 9733.302
2367.116, 9724.104
2369.045, 9714.747
2370.973, 9711.896
2372.902, 9711.194
2374.830, 9702.406
2376.759, 9690.666
2378.687, 9692.750
2380.616, 9705.042
2382.544, 9704.854
2384.473, 9692.157
2386.401, 9683.147
2388.330, 9678.588
2390.258, 9662.286
2392.187, 9629.257
2394.115, 9614.176
2396.043, 9635.731
2397.972, 9645.858
2399.900, 9629.565
2401.829, 9616.525
2403.757, 9610.143
2405.686, 9608.700
2407.614, 9613.454
2409.543, 9617.875
2411.471, 9622.066
2413.400, 9619.604
2415.328, 9600.063
2417.257, 9578.785
2419.185, 9571.431
2421.114, 9568.786
2423.042, 9559.464
2424.970, 9548.283
2426.899, 9546.519
2428.827, 9548.574
2430.756, 9533.887
2432.684, 9509.533
2434.613, 9503.022
2436.541, 9511.577
2438.470, 9511.100
2440.398, 9499.404
2442.327, 9491.436
2444.255, 9490.076
2446.184, 9480.557
2448.112, 9460.220
2450.041, 9442.332
2451.969, 9428.119
2453.897, 9417.332
2455.826, 9411.755
2457.754, 9405.295
2459.683, 9395.054
2461.611, 9387.634
2463.540, 9389.604
2465.468, 9389.204
2467.397, 9379.513
2469.325, 9369.785
2471.254, 9359.900
2473.182, 9354.755
2475.111, 9359.670
2477.039, 9365.317
2478.968, 9367.583
2480.896, 9363.604
2482.824, 9347.613
2484.753, 9327.596
2486.681, 9314.025
2488.610, 9304.764
2490.538, 9295.406
2492.467, 9286.806
2494.395, 9279.568
2496.324, 9274.002
2498.252, 9274.756
2500.181, 9278.775
2502.109, 9267.714
2504.038, 9242.890
2505.966, 9236.057
2507.895, 9250.083
2509.823, 9255.463
2511.751, 9251.804
2513.680, 9243.269
2515.608, 9228.315
2517.537, 9220.541
2519.465, 9224.613
2521.394, 9217.626
2523.322, 9185.521
2525.251, 9164.464
2527.179, 9164.075
2529.108, 9157.956
2531.036, 9142.386
2532.965, 9126.561
2534.893, 9111.416
2536.822, 9102.268
2538.750, 9103.655
2540.678, 9106.487
2542.607, 9106.993
2544.535, 9107.725
2546.464, 9111.526
2548.392, 9110.703
2550.321, 9094.817
2552.249, 9082.339
2554.178, 9087.091
2556.106, 9093.774
2558.035, 9094.108
2559.963, 9090.422
2561.892, 9087.436
2563.820, 9079.636
2565.749, 9058.613
2567.677, 9036.230
2569.605, 9024.696
2571.534, 9018.991
2573.462, 9011.268
2575.391, 9006.131
2577.319, 9011.724
2579.248, 9020.524
2581.176, 9021.837
2583.105, 9015.829
2585.033, 9002.795
2586.962, 8986.151
2588.890, 8975.697
2590.819, 8969.035
2592.747, 8955.079
2594.676, 8938.499
2596.604, 8932.640
2598.532, 8935.080
2600.461, 8935.606
2602.389, 8932.865
2604.318, 8924.214
2606.246, 8910.972
2608.175, 8910.623
2610.103, 8921.861
2612.032, 8910.988
2613.960, 8878.291
2615.889, 8863.144
2617.817, 8866.265
2619.746, 8855.551
2621.674, 8831.159
2623.603, 8827.650
2625.531, 8848.802
2627.459, 8847.710
2629.388, 8816.123
2631.316, 8797.278
2633.245, 8793.360
2635.173, 8791.947
2637.102, 8793.033
2639.030, 8793.997
2640.959, 8794.859
2642.887, 8791.659
2644.816, 8780.772
2646.744, 8774.157
2648.673, 8772.343
2650.601, 8773.950
2652.530, 8780.399
2654.458, 8780.724
2656.386, 8772.175
2658.315, 8765.176
2660.243, 8762.782
2662.172, 8756.522
2664.100, 8740.870
2666.029, 8734.017
2667.957, 8741.601
2669.886, 8740.210
2671.814, 8724.833
2673.743, 8710.938
2675.671, 8702.066
2677.600, 8694.052
2679.528, 8683.635
2681.457, 8679.020
2683.385, 8681.759
2685.313, 8684.530
2687.242, 8687.162
2689.170, 8685.615
2691.099, 8680.420
2693.027, 8669.528
2694.956, 8644.160
2696.884, 8631.929
2698.813, 8640.210
2700.741, 8643.454
2702.670, 8634.314
2704.598, 8629.585
2706.527, 8637.007
2708.455, 8638.298
2710.384, 8627.931
2712.312, 8616.743
2714.240, 8604.337
2716.169, 8597.581
2718.097, 8600.514
2720.026, 8597.828
2721.954, 8580.291
2723.883, 8569.650
2725.811, 8571.207
2727.740, 8572.488
2729.668, 8573.980
2731.597, 8570.966
2733.525, 8563.560
2735.454, 8551.792
2737.382, 8529.551
2739.311, 8519.919
2741.239, 8529.446
2743.167, 8535.861
2745.096, 8536.360
2747.024, 8535.067
2748.953, 8532.058
2750.881, 8526.963
2752.810, 8518.400
2754.738, 8512.669
2756.667, 8512.462
2758.595, 8506.050
2760.524, 8491.902
2762.452, 8480.738
2764.381, 8473.460
2766.309, 8469.671
2768.238, 8468.674
2770.166, 8473.181
2772.094, 8484.971
2774.023, 8483.473
2775.951, 8467.577
2777.880, 8453.681
2779.808, 8443.753
2781.737, 8435.716
2783.665, 8429.506
2785.594, 8430.968
2787.522, 8439.380
2789.451, 8437.933
2791.379, 8426.677
2793.308, 8423.769
2795.236, 8428.772
2797.165, 8439.900
2799.093, 8455.806
2801.021, 8451.870
2802.950, 8432.806
2804.878, 8415.864
2806.807, 8402.604
2808.735, 8399.278
2810.664, 8401.300
2812.592, 8387.300
2814.521, 8365.550
2816.449, 8367.576
2818.378, 8381.128
2820.306, 8381.543
2822.235, 8372.655
2824.163, 8357.011
2826.092, 8341.013
2828.020, 8339.524
2829.948, 8341.808
2831.877, 8331.893
2833.805, 8317.966
2835.734, 8307.407
2837.662, 8300.899
2839.591, 8300.055
2841.519, 8302.478
2843.448, 8311.225
2845.376, 8315.063
2847.305, 8297.951
2849.233, 8282.793
2851.162, 8291.887
2853.090, 8301.401
2855.019, 8296.205
2856.947, 8291.552
2858.875, 8294.732
2860.804, 8299.499
2862.732, 8300.342
2864.661, 8304.818
2866.589, 8318.555
2868.518, 8325.732
2870.446, 8319.911
2872.375, 8312.363
2874.303, 8306.241
2876.232, 8300.237
2878.160, 8297.499
2880.089, 8290.454
2882.017, 8278.849
2883.946, 8270.493
2885.874, 8267.587
2887.802, 8263.823
2889.731, 8255.054
2891.659, 8258.410
2893.588, 8273.017
2895.516, 8282.101
2897.445, 8284.636
2899.373, 8286.276
2901.302, 8287.403
2903.230, 8283.670
2905.159, 8277.872
2907.087, 8282.457
2909.016, 8294.545
2910.944, 8307.687
2912.873, 8319.100
2914.801, 8319.861
2916.729, 8317.191
2918.658, 8326.504
2920.586, 8337.250
2922.515, 8338.727
2924.443, 8335.656
2926.372, 8327.631
2928.300, 8325.194
2930.229, 8346.695
2932.157, 8363.577
2934.086, 8351.104
2936.014, 8344.335
2937.943, 8361.698
2939.871, 8384.139
2941.800, 8410.140
2943.728, 8426.806
2945.656, 8430.189
2947.585, 8424.530
2949.513, 8406.098
2951.442, 8389.793
2953.370, 8376.776
2955.299, 8371.409
2957.227, 8375.536
2959.156, 8365.947
2961.084, 8339.001
2963.013, 8327.152
2964.941, 8329.196
2966.870, 8325.893
2968.798, 8317.761
2970.727, 8310.144
2972.655, 8300.353
2974.583, 8277.747
2976.512, 8250.998
2978.440, 8235.588
2980.369, 8228.225
2982.297, 8225.877
2984.226, 8226.906
2986.154, 8235.325
2988.083, 8237.702
2990.011, 8214.428
2991.940, 8197.123
2993.868, 8208.696
2995.797, 8215.421
2997.725, 8200.421
2999.654, 8187.041
3001.582, 8182.488
3003.510, 8170.238
3005.439, 8144.425
3007.367, 8126.599
3009.296, 8122.661
3011.224, 8114.966
3013.153, 8103.212
3015.081, 8103.003
3017.010, 8111.552
3018.938, 8104.803
3020.867, 8086.866
3022.795, 8079.568
3024.724, 8075.545
3026.652, 8052.889
3028.581, 8028.549
3030.509, 8027.389
3032.438, 8034.353
3034.366, 8036.095
3036.294, 8035.571
3038.223, 8029.404
3040.151, 8028.089
3042.080, 8045.303
3044.008, 8050.222
3045.937, 8026.702
3047.865, 8011.892
3049.794, 8015.179
3051.722, 8019.445
3053.651, 8026.878
3055.579, 8019.292
3057.508, 7997.203
3059.436, 7986.335
3061.365, 7986.697
3063.293, 7986.994
3065.221, 7987.541
3067.150, 7990.774
3069.078, 7994.021
3071.007, 7990.482
3072.935, 7985.814
3074.864, 7988.549
3076.792, 7990.739
3078.721, 7983.824
3080.649, 7978.890
3082.578, 7984.618
3084.506, 7989.144
3086.435, 7990.717
3088.363, 7985.239
3090.292, 7967.892
3092.220, 7966.983
3094.148, 7989.721
3096.077, 7993.718
3098.005, 7975.743
3099.934, 7966.186
3101.862, 7963.544
3103.791, 7961.003
3105.719, 7960.674
3107.648, 7971.365
3109.576, 7983.804
3111.505, 7983.318
3113.433, 7978.370
3115.362, 7974.777
3117.290, 7969.795
3119.219, 7958.273
3121.147, 7951.967
3123.075, 7956.606
3125.004, 7960.248
3126.932, 7959.588
3128.861, 7959.272
3130.789, 7958.806
3132.718, 7962.650
3134.646, 7969.617
3136.575, 7972.759
3138.503, 7971.456
3140.432, 7959.553
3142.360, 7946.099
3144.289, 7949.515
3146.217, 7958.459
3148.146, 7963.974
3150.074, 7965.836
3152.002, 7959.741
3153.931, 7955.504
3155.859, 7955.858
3157.788, 7958.401
3159.716, 7963.190
3161.645, 7968.413
3163.573, 7974.520
3165.502, 7976.374
3167.430, 7974.147
3169.359, 7965.518
3171.287, 7954.488
3173.216, 7955.800
3175.144, 7963.483
3177.073, 7969.845
3179.001, 7975.120
3180.929, 7978.519
3182.858, 7980.866
3184.786, 7983.179
3186.715, 7981.643
3188.643, 7970.197
3190.572, 7965.438
3192.500, 7970.627
3194.429, 7971.631
3196.357, 7967.702
3198.286, 7957.189
3200.214, 7943.687
3202.143, 7947.326
3204.071, 7960.283
3206.000, 7970.627
3207.928, 7978.853
3209.856, 7987.091
3211.785, 7990.373
3213.713, 7981.593
3215.642, 7976.490
3217.570, 7983.010
3219.499, 7987.731
3221.427, 7988.373
3223.356, 7994.510
3225.284, 8006.865
3227.213, 8002.852
3229.141, 7987.009
3231.070, 7975.437
3232.998, 7968.717
3234.927, 7968.771
3236.855, 7971.230
3238.783, 7969.362
3240.712, 7971.820
3242.640, 7984.890
3244.569, 7994.298
3246.497, 7987.858
3248.426, 7994.142
3250.354, 8015.025
3252.283, 8022.111
3254.211, 8015.805
3256.140, 8006.413
3258.068, 7998.473
3259.997, 8003.286
3261.925, 8014.483
3263.854, 8027.593
3265.782, 8038.404
3267.710, 8039.917
3269.639, 8044.542
3271.567, 8059.073
3273.496, 8063.868
3275.424, 8054.198
3277.353, 8049.278
3279.281, 8050.559
3281.210, 8062.106
3283.138, 8078.627
3285.067, 8087.029
3286.995, 8089.283
3288.924, 8080.784
3290.852, 8076.702
3292.781, 8089.971
3294.709, 8102.151
3296.637, 8107.464
3298.566, 8117.948
3300.494, 8139.080
3302.423, 8149.557
3304.351, 8150.439
3306.280, 8142.343
3308.208, 8133.493
3310.137, 8140.703
3312.065, 8154.806
3313.994, 8169.984
3315.922, 8181.070
3317.851, 8181.431
3319.779, 8184.964
3321.708, 8196.463
3323.636, 8202.225
3325.564, 8201.413
3327.493, 8202.933
3329.421, 8205.423
3331.350, 8201.167
3333.278, 8193.646
3335.207, 8185.216
3337.135, 8180.346
3339.064, 8184.640
3340.992, 8190.360
3342.921, 8194.783
3344.849, 8203.835
3346.778, 8221.764
3348.706, 8223.241
3350.635, 8212.534
3352.563, 8216.000
3354.491, 8226.578
3356.420, 8233.482
3358.348, 8235.381
3360.277, 8229.312
3362.205, 8222.290
3364.134, 8213.873
3366.062, 8216.116
3367.991, 8232.965
3369.919, 8225.988
3371.848, 8196.505
3373.776, 8182.500
3375.705, 8179.021
3377.633, 8175.588
3379.562, 8175.295
3381.490, 8184.938
3383.418, 8191.440
3385.347, 8188.372
3387.275, 8184.229
3389.204, 8177.589
3391.132, 8181.450
3393.061, 8192.968
3394.989, 8194.850
3396.918, 8188.592
3398.846, 8170.972
3400.775, 8155.314
3402.703, 8152.836
3404.632, 8153.089
3406.560, 8150.204
3408.489, 8153.221
3410.417, 8163.305
3412.345, 8154.569
3414.274, 8131.188
3416.202, 8117.953
3418.131, 8113.128
3420.059, 8114.609
3421.988, 8120.392
3423.916, 8132.286
3425.845, 8139.055
3427.773, 8135.500
3429.702, 8133.027
3431.630, 8132.234
3433.559, 8133.503
3435.487, 8133.172
3437.416, 8118.927
3439.344, 8103.071
3441.272, 8101.864
3443.201, 8101.815
3445.129, 8097.868
3447.058, 8091.481
3448.986, 8080.659
3450.915, 8079.116
3452.843, 8084.188
3454.772, 8081.581
3456.700, 8075.622
3458.629, 8074.197
3460.557, 8073.994
3462.486, 8073.808
3464.414, 8073.913
3466.343, 8074.961
3468.271, 8071.346
3470.199, 8062.738
3472.128, 8070.489
3474.056, 8082.912
3475.985, 8066.664
3477.913, 8046.710
3479.842, 8046.787
3481.770, 8045.616
3483.699, 8036.496
3485.627, 8030.131
3487.556, 8028.058
3489.484, 8034.495
3491.413, 8045.072
3493.341, 8049.147
3495.270, 8047.143
3497.198, 8036.891
3499.126, 8025.274
3501.055, 8014.633
3502.983, 8008.070
3504.912, 8008.114
3506.840, 7994.258
3508.769, 7976.765
3510.697, 7989.978
3512.626, 8012.073
3514.554, 8020.822
3516.483, 8022.058
3518.411, 8011.434
3520.340, 8009.683
3522.268, 8019.139
3524.197, 8016.155
3526.125, 8004.857
3528.053, 7999.125
3529.982, 7995.689
3531.910, 7988.713
3533.839, 7985.528
3535.767, 7993.740
3537.696, 7991.957
3539.624, 7978.743
3541.553, 7973.546
3543.481, 7973.792
3545.410, 7970.463
3547.338, 7964.008
3549.267, 7949.690
3551.195, 7940.729
3553.124, 7941.377
3555.052, 7941.356
3556.980, 7939.190
3558.909, 7927.656
3560.837, 7910.380
3562.766, 7892.639
3564.694, 7877.813
3566.623, 7867.624
3568.551, 7864.471
3570.480, 7870.867
3572.408, 7864.509
3574.337, 7845.317
3576.265, 7826.670
3578.194, 7814.269
3580.122, 7822.966
3582.051, 7831.683
3583.979, 7830.846
3585.907, 7826.941
3587.836, 7821.144
3589.764, 7807.970
3591.693, 7792.606
3593.621, 7796.493
3595.550, 7802.840
3597.478, 7792.508
3599.407, 7782.866
3601.335, 7781.704
3603.264, 7774.698
3605.192, 7761.923
3607.121, 7763.453
3609.049, 7771.108
3610.978, 7777.394
3612.906, 7771.826
3614.834, 7741.354
3616.763, 7725.884
3618.691, 7737.061
3620.620, 7742.313
3622.548, 7740.088
3624.477, 7746.912
3626.405, 7750.152
3628.334, 7749.998
3630.262, 7736.292
3632.191, 7740.086
3634.119, 7736.867
3636.048, 7733.360
3637.976, 7739.619
3639.905, 7727.883
3641.833, 7733.986
3643.761, 7732.969
3645.690, 7735.210
3647.618, 7730.395
3649.547, 7727.758
3651.475, 7732.182
3653.404, 7732.696
3655.332, 7727.068
3657.261, 7729.517
3659.189, 7717.535
3661.118, 7718.216
3663.046, 7724.361
3664.975, 7719.087
3666.903, 7721.665
3668.832, 7721.003
3670.760, 7732.906
3672.688, 7733.654
3674.617, 7727.938
3676.545, 7713.279
3678.474, 7716.055
3680.402, 7732.894
3682.331, 7736.539
3684.259, 7735.780
3686.188, 7740.065
3688.116, 7745.481
3690.045, 7752.993
3691.973, 7752.682
3693.902, 7744.165
3695.830, 7726.088
3697.759, 7709.998
3699.687, 7711.982
3701.615, 7721.890
3703.544, 7746.323
3705.472, 7742.713
3707.401, 7714.134
3709.329, 7716.024
3711.258, 7730.436
3713.186, 7728.948
3715.115, 7725.453
3717.043, 7724.144
3718.972, 7729.685
3720.900, 7740.863
3722.829, 7746.850
3724.757, 7746.028
3726.686, 7730.797
3728.614, 7717.971
3730.542, 7718.232
3732.471, 7718.590
3734.399, 7718.621
3736.328, 7720.102
3738.256, 7723.807
3740.185, 7734.698
3742.113, 7741.169
3744.042, 7735.399
3745.970, 7728.914
3747.899, 7723.677
3749.827, 7726.259
3751.756, 7732.751
3753.684, 7735.174
3755.613, 7741.937
3757.541, 7759.310
3759.469, 7772.121
3761.398, 7779.085
3763.326, 7783.105
3765.255, 7779.500
3767.183, 7754.465
3769.112, 7739.247
3771.040, 7752.904
3772.969, 7764.539
3774.897, 7772.135
3776.826, 7765.781
3778.754, 7757.846
3780.683, 7762.360
3782.611, 7763.465
3784.540, 7754.065
3786.468, 7755.262
3788.396, 7760.097
3790.325, 7740.103
3792.253, 7725.990
3794.182, 7744.004
3796.110, 7755.114
3798.039, 7747.892
3799.967, 7759.967
3801.896, 7779.779
3803.824, 7786.848
3805.753, 7787.690
3807.681, 7785.796
3809.610, 7781.615
3811.538, 7775.904
3813.467, 7769.908
3815.395, 7767.950
3817.323, 7781.056
3819.252, 7787.787
3821.180, 7779.122
3823.109, 7778.979
3825.037, 7786.579
3826.966, 7794.959
3828.894, 7800.149
3830.823, 7795.833
3832.751, 7793.266
3834.680, 7794.808
3836.608, 7797.510
3838.537, 7799.168
3840.465, 7793.101
3842.394, 7788.015
3844.322, 7789.903
3846.250, 7787.880
3848.179, 7782.724
3850.107, 7796.061
3852.036, 7810.995
3853.964, 7802.965
3855.893, 7803.293
3857.821, 7820.967
3859.750, 7826.991
3861.678, 7823.236
3863.607, 7817.097
3865.535, 7810.499
3867.464, 7803.383
3869.392, 7800.441
3871.321, 7801.553
3873.249, 7801.169
3875.177, 7804.633
3877.106, 7821.936
3879.034, 7836.937
3880.963, 7845.188
3882.891, 7845.948
3884.820, 7841.488
3886.748, 7839.819
3888.677, 7838.649
3890.605, 7837.167
3892.534, 7839.091
3894.462, 7844.432
3896.391, 7841.411
3898.319, 7838.839
3900.248, 7843.795
3902.176, 7851.237
3904.104, 7863.729
3906.033, 7869.728
3907.961, 7867.691
3909.890, 7860.644
3911.818, 7856.404
3913.747, 7861.525
3915.675, 7864.882
3917.604, 7862.778
3919.532, 7868.255
3921.461, 7876.979
3923.389, 7867.077
3925.318, 7864.402
3927.246, 7879.341
3929.175, 7879.681
3931.103, 7870.090
3933.031, 7878.202
3934.960, 7888.001
3936.888, 7886.931
3938.817, 7886.582
3940.745, 7883.699
3942.674, 7885.350
3944.602, 7890.771
3946.531, 7893.688
3948.459, 7894.128
3950.388, 7889.286
3952.316, 7897.664
3954.245, 7910.950
3956.173, 7910.293
3958.102, 7904.276
3960.030, 7904.790
3961.958, 7895.028
3963.887, 7885.033
3965.815, 7894.524
3967.744, 7906.912
3969.672, 7919.318
3971.601, 7912.578
3973.529, 7898.251
3975.458, 7900.803
3977.386, 7900.166
3979.315, 7891.242
3981.243, 7901.831
3983.172, 7921.058
3985.100, 7926.678
3987.029, 7925.558
3988.957, 7918.809
3990.885, 7926.180
3992.814, 7941.100
3994.742, 7937.226
3996.671, 7932.567
3998.599, 7931.021
4000.528, 7931.954
4002.456, 7940.826
4004.385, 7936.880
4006.313, 7931.175
4008.242, 7938.305
4010.170, 7945.771
4012.099, 7954.524
4014.027, 7960.996
4015.956, 7965.250
4017.884, 7973.148
4019.813, 7970.871
4021.741, 7962.039
4023.669, 7963.444
4025.598, 7970.274
4027.526, 7985.587
4029.455, 7991.947
4031.383, 7987.083
4033.312, 7989.907
4035.240, 7994.976
4037.169, 8011.114
4039.097, 8018.352
4041.026, 8004.733
4042.954, 8007.336
4044.883, 8014.956
4046.811, 8010.451
4048.740, 8013.039
4050.668, 8025.724
4052.596, 8027.484
4054.525, 8026.425
4056.453, 8030.917
4058.382, 8032.703
4060.310, 8030.471
4062.239, 8029.297
4064.167, 8026.233
4066.096, 8015.391
4068.024, 8008.336
4069.953, 8008.019
4071.881, 8018.955
4073.810, 8033.200
4075.738, 8025.894
4077.667, 8020.212
4079.595, 8027.599
4081.523, 8023.877
4083.452, 8012.391
4085.380, 8011.812
4087.309, 8014.674
4089.237, 8017.850
4091.166, 8023.664
4093.094, 8030.442
4095.023, 8026.298
4096.951, 8021.803
4098.880, 8024.245
4100.808, 8024.109
4102.737, 8021.817
4104.665, 8019.363
4106.594, 8015.635
4108.522, 8009.187
4110.451, 8019.708
4112.379, 8040.729
4114.308, 8037.606
4116.236, 8030.518
4118.165, 8034.805
4120.093, 8038.890
4122.021, 8036.195
4123.950, 8038.241
4125.878, 8037.311
4127.807, 8016.129
4129.735, 8012.360
4131.664, 8029.710
4133.592, 8042.412
4135.521, 8050.858
4137.449, 8049.130
4139.377, 8055.850
4141.306, 8075.341
4143.234, 8078.341
4145.163, 8070.746
4147.091, 8058.780
4149.020, 8052.873
4150.948, 8053.471
4152.877, 8055.894
4154.805, 8058.400
4156.734, 8064.594
4158.662, 8072.409
4160.591, 8080.792
4162.519, 8079.776
4164.448, 8075.804
4166.376, 8077.707
4168.305, 8083.226
4170.233, 8086.705
4172.162, 8093.765
4174.090, 8105.501
4176.019, 8118.299
4177.947, 8112.405
4179.875, 8087.961
4181.804, 8102.509
4183.732, 8118.421
4185.661, 8096.330
4187.589, 8090.833
4189.518, 8104.512
4191.446, 8094.416
4193.375, 8088.047
4195.303, 8102.915
4197.231, 8103.525
4199.160, 8092.011
4201.088, 8091.229
4203.017, 8092.196
4204.945, 8096.796
4206.874, 8098.259
4208.802, 8095.352
4210.731, 8097.349
4212.659, 8101.490
4214.588, 8107.307
4216.516, 8114.572
4218.445, 8121.502
4220.373, 8118.327
4222.302, 8111.523
4224.230, 8106.919
4226.159, 8095.400
4228.087, 8083.968
4230.016, 8087.368
4231.944, 8091.423
4233.873, 8091.295
4235.801, 8104.073
4237.729, 8114.362
4239.658, 8092.245
4241.586, 8080.263
4243.515, 8089.542
4245.443, 8094.026
4247.372, 8093.953
4249.300, 8086.931
4251.229, 8083.878
4253.157, 8085.331
4255.085, 8086.268
4257.014, 8086.519
4258.942, 8086.650
4260.871, 8085.355
4262.799, 8083.692
4264.728, 8084.103
4266.656, 8086.357
4268.585, 8089.053
4270.513, 8103.354
4272.442, 8122.341
4274.370, 8133.028
4276.299, 8134.148
4278.227, 8124.260
4280.156, 8108.339
4282.084, 8094.740
4284.013, 8098.836
4285.941, 8097.373
4287.870, 8088.015
4289.798, 8086.107
4291.727, 8088.306
4293.655, 8094.093
4295.583, 8096.242
4297.512, 8094.092
4299.440, 8084.269
4301.369, 8079.297
4303.297, 8085.501
4305.226, 8101.018
4307.154, 8114.490
4309.083, 8102.468
4311.011, 8087.256
4312.939, 8074.878
4314.868, 8090.723
4316.796, 8112.990
4318.725, 8119.387
4320.653, 8118.228
4322.582, 8111.828
4324.510, 8102.979
4326.439, 8101.557
4328.367, 8121.813
4330.296, 8120.146
4332.224, 8109.256
4334.153, 8125.599
4336.081, 8131.909
4338.010, 8114.844
4339.938, 8118.597
4341.867, 8133.663
4343.795, 8158.252
4345.724, 8160.890
4347.652, 8143.047
4349.581, 8129.980
4351.509, 8126.861
4353.438, 8139.303
4355.366, 8144.654
4357.294, 8146.414
4359.223, 8154.982
4361.151, 8154.107
4363.080, 8140.739
4365.008, 8133.182
4366.937, 8132.321
4368.865, 8141.961
4370.793, 8145.071
4372.722, 8143.885
4374.650, 8150.942
4376.579, 8151.203
4378.507, 8139.118
4380.436, 8129.917
4382.364, 8128.936
4384.293, 8149.011
4386.221, 8157.104
4388.150, 8149.541
4390.078, 8122.063
4392.007, 8102.360
4393.935, 8107.043
4395.864, 8117.422
4397.792, 8121.869
4399.721, 8095.189
4401.649, 8079.075
4403.578, 8080.958
4405.506, 8090.569
4407.435, 8102.883
4409.363, 8114.916
4411.292, 8123.632
4413.220, 8127.704
4415.148, 8122.759
4417.077, 8120.537
4419.005, 8124.173
4420.934, 8135.391
4422.862, 8136.947
4424.791, 8113.704
4426.719, 8104.553
4428.647, 8108.181
4430.576, 8120.112
4432.504, 8125.054
4434.433, 8119.827
4436.361, 8105.133
4438.290, 8095.337
4440.218, 8104.326
4442.147, 8112.953
4444.075, 8117.292
4446.004, 8106.665
4447.932, 8102.287
4449.861, 8108.604
4451.789, 8107.178
4453.718, 8104.757
4455.646, 8106.615
4457.575, 8111.452
4459.503, 8116.385
4461.432, 8115.617
4463.360, 8111.621
4465.289, 8107.001
4467.217, 8123.902
4469.146, 8138.767
4471.074, 8137.143
4473.002, 8139.959
4474.931, 8143.438
4476.859, 8141.783
4478.788, 8126.917
4480.716, 8103.923
4482.645, 8114.031
4484.573, 8124.118
4486.501, 8113.901
4488.430, 8114.221
4490.358, 8115.171
4492.287, 8100.541
4494.215, 8098.495
4496.144, 8107.261
4498.072, 8113.221
4500.001, 8100.765
4501.929, 8068.362
4503.858, 8069.743
4505.786, 8083.656
4507.715, 8093.239
4509.643, 8092.293
4511.572, 8088.860
4513.500, 8104.201
4515.429, 8112.002
4517.357, 8107.313
4519.286, 8098.071
4521.214, 8097.619
4523.143, 8115.186
4525.071, 8122.178
4527.000, 8118.900
4528.928, 8101.694
4530.856, 8102.115
4532.785, 8113.210
4534.713, 8100.112
4536.642, 8088.391
4538.570, 8086.356
4540.499, 8097.865
4542.427, 8110.967
4544.355, 8119.353
4546.284, 8108.139
4548.212, 8095.860
4550.141, 8116.651
4552.069, 8122.716
4553.998, 8113.033
4555.926, 8115.686
4557.855, 8115.214
4559.783, 8107.593
4561.712, 8107.699
4563.640, 8105.048
4565.569, 8085.491
4567.497, 8080.170
4569.426, 8084.561
4571.354, 8094.375
4573.283, 8095.536
4575.211, 8088.703
4577.140, 8080.503
4579.068, 8078.536
4580.997, 8084.096
4582.925, 8100.436
4584.854, 8109.368
4586.782, 8096.658
4588.710, 8084.950
4590.639, 8077.495
4592.567, 8079.445
4594.496, 8079.076
4596.424, 8074.546
4598.353, 8055.328
4600.281, 8060.313
4602.209, 8088.885
4604.138, 8085.751
4606.066, 8072.876
4607.995, 8062.488
4609.923, 8049.684
4611.852, 8044.646
4613.780, 8062.016
4615.709, 8069.774
4617.637, 8069.665
4619.566, 8068.699
4621.494, 8057.831
4623.423, 8042.094
4625.351, 8045.662
4627.280, 8050.984
4629.208, 8052.490
4631.137, 8060.474
4633.065, 8067.491
4634.994, 8069.385
4636.922, 8077.748
4638.851, 8077.772
4640.779, 8049.587
4642.708, 8048.537
4644.636, 8060.103
4646.564, 8046.383
4648.493, 8045.408
4650.421, 8055.593
4652.350, 8044.861
4654.278, 8038.444
4656.207, 8041.261
4658.135, 8035.400
4660.063, 8036.823
4661.992, 8053.078
4663.920, 8044.339
4665.849, 8033.076
4667.777, 8044.393
4669.706, 8034.835
4671.634, 8017.369
4673.563, 8007.993
4675.491, 8018.801
4677.420, 8034.195
4679.348, 8007.576
4681.277, 8008.970
4683.205, 8038.405
4685.134, 8036.259
4687.062, 8030.822
4688.991, 8029.526
4690.919, 8019.489
4692.848, 8015.960
4694.776, 8025.830
4696.705, 8017.488
4698.633, 8004.162
4700.562, 7996.130
4702.490, 7989.509
4704.418, 7989.253
4706.347, 8002.022
4708.275, 8018.551
4710.204, 8026.737
4712.132, 7999.562
4714.061, 7995.222
4715.989, 8006.406
4717.917, 7987.211
4719.846, 7976.479
4721.774, 7979.264
4723.703, 7981.753
4725.631, 7978.269
4727.560, 7967.911
4729.488, 7955.626
4731.417, 7953.280
4733.345, 7967.398
4735.274, 7965.714
4737.202, 7959.886
4739.131, 7956.651
4741.059, 7964.426
4742.988, 7973.182
4744.916, 7973.980
4746.845, 7962.954
4748.773, 7949.993
4750.702, 7947.386
4752.630, 7947.515
4754.559, 7947.475
4756.487, 7941.209
4758.416, 7943.715
4760.344, 7949.463
4762.272, 7939.331
4764.201, 7940.882
4766.129, 7951.644
4768.058, 7952.830
4769.986, 7942.189
4771.915, 7923.783
4773.843, 7914.092
4775.771, 7916.248
4777.700, 7928.667
4779.628, 7934.725
4781.557, 7934.237
4783.485, 7928.526
4785.414, 7935.103
4787.342, 7933.179
4789.271, 7912.560
4791.199, 7923.454
4793.128, 7930.568
4795.056, 7915.637
4796.985, 7915.857
4798.913, 7913.413
4800.842, 7892.487
4802.770, 7885.265
4804.699, 7893.798
4806.627, 7921.514
4808.556, 7915.143
4810.484, 7897.860
4812.413, 7897.854
4814.341, 7885.069
4816.270, 7877.406
4818.198, 7898.479
4820.126, 7909.289
4822.055, 7908.044
4823.983, 7893.111
4825.912, 7883.126
4827.840, 7879.500
4829.769, 7884.548
4831.697, 7876.533
4833.625, 7869.764
4835.554, 7898.306
4837.482, 7911.638
4839.411, 7907.883
4841.339, 7890.924
4843.268, 7876.599
4845.196, 7869.164
4847.125, 7875.820
4849.053, 7874.772
4850.982, 7868.797
4852.910, 7868.294
4854.839, 7874.595
4856.767, 7884.343
4858.696, 7894.221
4860.624, 7888.611
4862.553, 7873.893
4864.481, 7873.219
4866.410, 7872.070
4868.338, 7867.163
4870.267, 7854.394
4872.195, 7845.685
4874.124, 7842.526
4876.052, 7842.965
4877.980, 7848.021
4879.909, 7854.710
4881.837, 7861.211
4883.766, 7841.144
4885.694, 7809.133
4887.623, 7818.277
4889.551, 7822.660
4891.479, 7820.197
4893.408, 7831.051
4895.336, 7823.904
4897.265, 7804.200
4899.193, 7791.569
4901.122, 7800.300
4903.050, 7813.433
4904.979, 7781.483
4906.907, 7766.303
4908.836, 7768.292
4910.764, 7776.879
4912.693, 7764.437
4914.621, 7746.373
4916.550, 7758.933
4918.478, 7774.466
4920.407, 7782.852
4922.335, 7769.995
4924.264, 7768.274
4926.192, 7770.915
4928.121, 7763.205
4930.049, 7762.524
4931.978, 7763.596
4933.906, 7755.143
4935.834, 7743.761
4937.763, 7738.976
4939.691, 7753.083
4941.620, 7749.849
4943.548, 7745.209
4945.477, 7760.297
4947.405, 7767.791
4949.333, 7760.211
4951.262, 7729.697
4953.190, 7719.833
4955.119, 7715.208
4957.047, 7704.102
4958.976, 7711.296
4960.904, 7721.783
4962.833, 7725.325
4964.761, 7731.593
4966.690, 7722.852
4968.618, 7696.159
4970.547, 7715.082
4972.475, 7728.376
4974.404, 7716.928
4976.332, 7717.663
4978.261, 7705.667
4980.189, 7682.008
4982.118, 7697.436
4984.046, 7706.166
4985.975, 7700.704
4987.903, 7698.214
4989.832, 7693.547
4991.760, 7686.952
4993.688, 7682.212
4995.617, 7674.614
4997.545, 7662.328
4999.474, 7635.293
5001.402, 7642.567
5003.331, 7656.737
5005.259, 7632.390
5007.188, 7638.572
5009.116, 7648.692
5011.044, 7629.659
5012.973, 7615.818
5014.901, 7615.370
5016.830, 7635.332
5018.758, 7638.557
5020.687, 7633.275
5022.615, 7624.332
5024.544, 7618.391
5026.472, 7612.438
5028.401, 7604.886
5030.329, 7589.242
5032.258, 7587.560
5034.186, 7598.550
5036.115, 7595.709
5038.043, 7594.610
5039.972, 7593.453
5041.900, 7578.497
5043.829, 7579.187
5045.757, 7584.972
5047.686, 7575.183
5049.614, 7573.798
5051.542, 7574.578
5053.471, 7570.154
5055.399, 7552.743
5057.328, 7533.953
5059.256, 7521.108
5061.185, 7531.941
5063.113, 7532.391
5065.042, 7514.808
5066.970, 7520.567
5068.898, 7514.392
5070.827, 7493.775
5072.755, 7484.950
5074.684, 7489.274
5076.612, 7499.143
5078.541, 7502.322
5080.469, 7496.072
5082.398, 7484.726
5084.326, 7473.153
5086.255, 7456.690
5088.183, 7451.674
5090.112, 7468.112
5092.040, 7469.284
5093.969, 7463.375
5095.897, 7455.584
5097.826, 7454.151
5099.754, 7445.212
5101.683, 7435.807
5103.611, 7470.933
5105.540, 7473.416
5107.468, 7457.388
5109.396, 7470.422
5111.325, 7472.705
5113.253, 7467.461
5115.182, 7460.960
5117.110, 7446.817
5119.039, 7434.565
5120.967, 7429.079
5122.896, 7424.838
5124.824, 7430.612
5126.752, 7442.271
5128.681, 7419.054
5130.609, 7420.255
5132.538, 7434.668
5134.466, 7417.858
5136.395, 7415.854
5138.323, 7419.044
5140.252, 7412.411
5142.180, 7415.601
5144.109, 7419.810
5146.037, 7420.702
5147.966, 7427.917
5149.894, 7424.352
5151.823, 7409.700
5153.751, 7395.692
5155.680, 7390.242
5157.608, 7390.396
5159.537, 7390.276
5161.465, 7393.458
5163.394, 7394.948
5165.322, 7390.925
5167.250, 7386.583
5169.179, 7377.867
5171.107, 7365.412
5173.036, 7364.525
5174.964, 7360.990
5176.893, 7353.220
5178.821, 7342.155
5180.750, 7347.553
5182.678, 7361.156
5184.606, 7373.645
5186.535, 7355.245
5188.463, 7341.013
5190.392, 7346.708
5192.320, 7338.787
5194.249, 7329.957
5196.177, 7322.185
5198.106, 7312.796
5200.034, 7297.733
5201.963, 7287.945
5203.891, 7298.873
5205.820, 7296.405
5207.748, 7293.208
5209.677, 7295.690
5211.605, 7304.560
5213.534, 7306.607
5215.462, 7299.773
5217.391, 7281.286
5219.319, 7285.938
5221.248, 7293.783
5223.176, 7278.328
5225.104, 7284.498
5227.033, 7292.398
5228.961, 7292.003
5230.890, 7278.435
5232.818, 7267.721
5234.747, 7261.241
5236.675, 7255.915
5238.604, 7241.343
5240.532, 7233.476
5242.460, 7244.517
5244.389, 7246.624
5246.317, 7250.181
5248.246, 7253.248
5250.174, 7230.193
5252.103, 7222.839
5254.031, 7220.394
5255.960, 7194.412
5257.888, 7197.238
5259.817, 7203.797
5261.745, 7202.091
5263.674, 7214.554
5265.602, 7211.755
5267.531, 7197.607
5269.459, 7194.443
5271.388, 7187.666
5273.316, 7180.818
5275.245, 7178.194
5277.173, 7168.698
5279.102, 7168.331
5281.030, 7174.123
5282.958, 7156.993
5284.887, 7150.567
5286.815, 7147.539
5288.744, 7133.247
5290.672, 7131.474
5292.601, 7137.305
5294.529, 7142.075
5296.458, 7106.830
5298.386, 7106.805
5300.314, 7119.936
5302.243, 7097.300
5304.171, 7094.990
5306.100, 7098.742
5308.028, 7098.341
5309.957, 7082.843
5311.885, 7087.054
5313.814, 7091.358
5315.742, 7052.415
5317.671, 7038.182
5319.599, 7044.197
5321.528, 7060.478
5323.456, 7052.313
5325.385, 7045.912
5327.313, 7047.135
5329.242, 7057.518
5331.170, 7039.471
5333.099, 7021.007
5335.027, 7017.577
5336.956, 7003.061
5338.884, 6999.182
5340.813, 7003.254
5342.741, 7001.045
5344.669, 7004.838
5346.598, 6999.474
5348.526, 6978.880
5350.455, 6970.295
5352.383, 6980.747
5354.312, 6989.745
5356.240, 6961.970
5358.168, 6952.418
5360.097, 6941.797
5362.025, 6922.401
5363.954, 6940.506
5365.882, 6941.651
5367.811, 6929.143
5369.739, 6921.844
5371.668, 6907.331
5373.596, 6890.743
5375.525, 6877.637
5377.453, 6879.486
5379.382, 6883.333
5381.310, 6885.471
5383.239, 6884.570
5385.167, 6871.578
5387.096, 6856.876
5389.024, 6850.505
5390.953, 6874.409
5392.881, 6871.061
5394.810, 6853.642
5396.738, 6837.993
5398.667, 6830.135
5400.595, 6821.056
5402.523, 6812.792
5404.452, 6816.381
5406.380, 6804.337
5408.309, 6795.092
5410.237, 6794.787
5412.166, 6771.389
5414.094, 6768.972
5416.022, 6771.651
5417.951, 6753.164
5419.879, 6718.558
5421.808, 6715.417
5423.736, 6740.950
5425.665, 6740.460
5427.593, 6725.141
5429.522, 6712.062
5431.450, 6710.054
5433.379, 6702.528
5435.307, 6690.595
5437.236, 6682.104
5439.164, 6688.696
5441.093, 6696.587
5443.021, 6695.386
5444.950, 6684.362
5446.878, 6675.646
5448.807, 6658.789
5450.735, 6648.664
5452.664, 6654.572
5454.592, 6649.870
5456.521, 6643.417
5458.449, 6639.169
5460.377, 6641.155
5462.306, 6637.694
5464.234, 6624.624
5466.163, 6604.642
5468.091, 6586.255
5470.020, 6590.803
5471.948, 6597.151
5473.876, 6590.009
5475.805, 6580.161
5477.733, 6574.979
5479.662, 6570.711
5481.590, 6560.454
5483.519, 6558.845
5485.447, 6555.711
5487.376, 6550.376
5489.304, 6552.689
5491.233, 6541.566
5493.161, 6520.572
5495.090, 6498.463
5497.018, 6501.476
5498.947, 6497.352
5500.875, 6488.312
5502.804, 6480.845
5504.732, 6484.584
5506.661, 6492.476
5508.589, 6488.396
5510.518, 6446.932
5512.446, 6456.787
5514.375, 6453.444
5516.303, 6429.975
5518.231, 6422.617
5520.160, 6429.866
5522.088, 6427.958
5524.017, 6409.613
5525.945, 6393.614
5527.874, 6393.268
5529.802, 6390.554
5531.730, 6372.928
5533.659, 6362.528
5535.587, 6368.506
5537.516, 6371.453
5539.444, 6350.976
5541.373, 6356.244
5543.301, 6363.700
5545.230, 6358.663
5547.158, 6329.445
5549.087, 6318.584
5551.015, 6316.680
5552.944, 6317.272
5554.872, 6319.831
5556.801, 6309.396
5558.729, 6293.374
5560.658, 6277.063
5562.586, 6262.630
5564.515, 6255.921
5566.443, 6254.791
5568.372, 6255.057
5570.300, 6245.342
5572.229, 6240.772
5574.157, 6238.212
5576.085, 6234.070
5578.014, 6235.561
5579.942, 6227.805
5581.871, 6215.711
5583.799, 6206.586
5585.728, 6184.028
5587.656, 6182.273
5589.584, 6186.846
5591.513, 6172.774
5593.441, 6156.524
5595.370, 6147.707
5597.298, 6147.178
5599.227, 6152.562
5601.155, 6147.464
5603.084, 6145.362
5605.012, 6141.273
5606.941, 6113.330
5608.869, 6112.476
5610.798, 6104.134
5612.726, 6087.970
5614.655, 6089.748
5616.583, 6066.347
5618.512, 6057.681
5620.440, 6064.714
5622.369, 6053.845
5624.297, 6058.919
5626.226, 6053.620
5628.154, 6037.318
5630.083, 6044.519
5632.011, 6030.350
5633.939, 6019.805
5635.868, 6017.375
5637.796, 5995.229
5639.725, 6007.320
5641.653, 6008.500
5643.582, 5988.072
5645.510, 5974.352
5647.438, 5967.800
5649.367, 5959.687
5651.295, 5948.899
5653.224, 5942.467
5655.152, 5941.606
5657.081, 5934.401
5659.009, 5919.877
5660.938, 5908.140
5662.866, 5904.481
5664.795, 5910.250
5666.723, 5915.076
5668.652, 5889.674
5670.580, 5878.647
5672.509, 5876.685
5674.437, 5871.800
5676.366, 5847.279
5678.294, 5824.309
5680.223, 5823.528
5682.151, 5834.404
5684.080, 5827.009
5686.008, 5801.549
5687.937, 5800.751
5689.865, 5814.580
5691.793, 5803.033
5693.722, 5789.842
5695.650, 5763.592
5697.579, 5744.766
5699.507, 5769.009
5701.436, 5764.833
5703.364, 5772.256
5705.292, 5773.729
5707.221, 5741.259
5709.149, 5731.108
5711.078, 5728.824
5713.006, 5721.405
5714.935, 5702.963
5716.863, 5687.502
5718.792, 5691.914
5720.720, 5696.656
5722.649, 5687.280
5724.577, 5678.370
5726.506, 5669.787
5728.434, 5659.135
5730.363, 5648.442
5732.291, 5649.892
5734.220, 5656.453
5736.148, 5647.973
5738.077, 5622.362
5740.005, 5594.388
5741.934, 5596.678
5743.862, 5592.729
5745.791, 5580.996
5747.719, 5580.433
5749.647, 5551.289
5751.576, 5548.181
5753.504, 5554.031
5755.433, 5535.007
5757.361, 5524.340
5759.290, 5527.522
5761.218, 5524.089
5763.146, 5502.211
5765.075, 5505.081
5767.003, 5491.890
5768.932, 5481.017
5770.860, 5483.507
5772.789, 5493.510
5774.717, 5479.862
5776.646, 5470.256
5778.574, 5462.948
5780.503, 5433.514
5782.431, 5428.600
5784.360, 5429.636
5786.288, 5422.861
5788.217, 5402.533
5790.145, 5390.733
5792.074, 5394.683
5794.002, 5396.673
5795.931, 5386.238
5797.859, 5377.291
5799.788, 5367.546
5801.716, 5363.060
5803.645, 5361.708
5805.573, 5349.922
5807.501, 5343.641
5809.430, 5327.864
5811.358, 5309.715
5813.287, 5304.424
5815.215, 5305.162
5817.144, 5302.142
5819.072, 5291.884
5821.000, 5278.477
5822.929, 5285.623
5824.857, 5265.380
5826.786, 5255.403
5828.714, 5254.143
5830.643, 5223.099
5832.571, 5229.228
5834.500, 5219.443
5836.428, 5206.484
5838.357, 5214.582
5840.285, 5207.244
5842.214, 5189.499
5844.142, 5183.937
5846.071, 5191.914
5847.999, 5178.175
5849.928, 5176.179
5851.856, 5149.071
5853.785, 5121.835
5855.713, 5145.295
5857.642, 5140.499
5859.570, 5142.938
5861.499, 5137.834
5863.427, 5118.260
5865.355, 5110.866
5867.284, 5104.958
5869.212, 5099.526
5871.141, 5090.322
5873.069, 5072.999
5874.998, 5070.226
5876.926, 5065.162
5878.854, 5061.950
5880.783, 5063.075
5882.711, 5059.922
5884.640, 5035.687
5886.568, 5037.284
5888.497, 5050.894
5890.425, 5037.101
5892.354, 5026.360
5894.282, 5024.507
5896.211, 5015.482
5898.139, 4996.808
5900.068, 4996.366
5901.996, 4991.298
5903.925, 4985.670
5905.853, 4978.360
5907.782, 4966.408
5909.710, 4963.666
5911.639, 4961.599
5913.567, 4961.333
5915.496, 4957.146
5917.424, 4932.087
5919.353, 4919.627
5921.281, 4919.080
5923.209, 4920.485
5925.138, 4913.133
5927.066, 4884.649
5928.995, 4890.838
5930.923, 4884.344
5932.852, 4867.628
5934.780, 4871.945
5936.708, 4869.328
5938.637, 4862.173
5940.565, 4852.170
5942.494, 4837.898
5944.422, 4815.152
5946.351, 4817.342
5948.279, 4806.437
5950.208, 4799.895
5952.136, 4812.440
5954.065, 4795.006
5955.993, 4791.548
5957.922, 4776.464
5959.850, 4754.990
5961.779, 4746.858
5963.707, 4736.924
5965.636, 4726.158
5967.564, 4727.233
5969.493, 4731.516
5971.421, 4707.843
5973.350, 4692.357
5975.278, 4690.404
5977.207, 4692.308
5979.135, 4692.750
5981.063, 4700.495
5982.992, 4693.923
5984.920, 4679.244
5986.849, 4665.021
5988.777, 4653.514
5990.706, 4625.342
5992.634, 4607.590
5994.563, 4594.337
5996.491, 4588.225
5998.419, 4593.004
6000.348, 4581.359
6002.276, 4585.365
6004.205, 4589.743
6006.133, 4588.181
6008.062, 4581.535
6009.990, 4549.459
6011.919, 4549.986
6013.847, 4555.725
6015.776, 4546.010
6017.704, 4519.469
6019.633, 4504.397
6021.561, 4497.053
6023.490, 4492.504
6025.418, 4488.093
6027.347, 4483.454
6029.275, 4480.353
6031.204, 4482.048
6033.132, 4471.089
6035.061, 4452.735
6036.989, 4454.761
6038.917, 4450.518
6040.846, 4434.400
6042.774, 4424.990
6044.703, 4422.935
6046.631, 4407.342
6048.560, 4412.847
6050.488, 4408.637
6052.417, 4393.900
6054.345, 4377.481
6056.273, 4368.916
6058.202, 4379.869
6060.130, 4364.671
6062.059, 4340.323
6063.987, 4329.820
6065.916, 4342.903
6067.844, 4315.717
6069.773, 4321.825
6071.701, 4317.519
6073.630, 4296.088
6075.558, 4300.486
6077.487, 4291.500
6079.415, 4272.418
6081.344, 4254.194
6083.272, 4245.893
6085.201, 4251.070
6087.129, 4251.859
6089.058, 4245.521
6090.986, 4233.556
6092.915, 4220.108
6094.843, 4210.550
6096.771, 4220.857
6098.700, 4193.419
6100.628, 4184.906
6102.557, 4187.707
6104.485, 4171.689
6106.414, 4164.630
6108.342, 4159.604
6110.271, 4143.237
6112.199, 4132.476
6114.127, 4135.769
6116.056, 4114.363
6117.984, 4110.093
6119.913, 4101.826
6121.841, 4101.808
6123.770, 4106.881
6125.698, 4079.198
6127.627, 4083.033
6129.555, 4066.675
6131.484, 4057.718
6133.412, 4057.255
6135.341, 4039.554
6137.269, 4061.913
6139.198, 4050.709
6141.126, 4035.046
6143.055, 4025.271
6144.983, 4015.864
6146.912, 4011.605
6148.840, 4005.699
6150.769, 3996.804
6152.697, 3992.142
6154.625, 3989.493
6156.554, 3968.768
6158.482, 3959.113
6160.411, 3953.948
6162.339, 3947.833
6164.268, 3937.116
6166.196, 3921.427
6168.125, 3915.360
6170.053, 3914.234
6171.981, 3902.207
6173.910, 3891.317
6175.838, 3892.045
6177.767, 3889.380
6179.695, 3875.961
6181.624, 3873.518
6183.552, 3866.925
6185.481, 3857.688
6187.409, 3862.952
6189.338, 3860.849
6191.266, 3837.115
6193.195, 3827.596
6195.123, 3822.501
6197.052, 3809.581
6198.980, 3815.498
6200.909, 3812.810
6202.837, 3806.720
6204.766, 3794.073
6206.694, 3781.879
6208.623, 3780.834
6210.551, 3779.046
6212.479, 3753.695
6214.408, 3744.286
6216.336, 3743.483
6218.265, 3735.435
6220.193, 3722.786
6222.122, 3728.166
6224.050, 3720.220
6225.979, 3710.261
6227.907, 3708.796
6229.835, 3709.671
6231.764, 3682.688
6233.692, 3675.718
6235.621, 3683.203
6237.549, 3680.993
6239.478, 3666.226
6241.406, 3652.654
6243.335, 3637.792
6245.263, 3636.745
6247.192, 3631.543
6249.120, 3634.256
6251.049, 3639.394
6252.977, 3614.184
6254.906, 3610.723
6256.834, 3606.436
6258.763, 3587.693
6260.691, 3579.641
6262.620, 3590.531
6264.548, 3576.749
6266.477, 3572.062
6268.405, 3569.097
6270.333, 3557.712
6272.262, 3542.402
6274.190, 3533.786
6276.119, 3542.132
6278.047, 3533.378
6279.976, 3519.429
6281.904, 3509.433
6283.833, 3504.657
6285.761, 3502.175
6287.689, 3497.789
6289.618, 3494.444
6291.546, 3473.944
6293.475, 3462.557
6295.403, 3463.618
6297.332, 3462.246
6299.260, 3447.664
6301.189, 3448.677
6303.117, 3424.962
6305.046, 3413.958
6306.974, 3413.604
6308.903, 3400.728
6310.831, 3386.359
6312.760, 3392.049
6314.688, 3374.528
6316.617, 3361.085
6318.545, 3365.638
6320.474, 3377.731
6322.402, 3377.171
6324.331, 3363.781
6326.259, 3346.750
6328.188, 3338.094
6330.116, 3338.475
6332.044, 3334.742
6333.973, 3306.675
6335.901, 3303.463
6337.830, 3302.483
6339.758, 3296.614
6341.687, 3289.288
6343.615, 3282.118
6345.543, 3271.706
6347.472, 3275.358
6349.400, 3281.625
6351.329, 3257.655
6353.257, 3235.246
6355.186, 3229.108
6357.114, 3223.326
6359.043, 3228.227
6360.971, 3229.407
6362.900, 3223.397
6364.828, 3219.440
6366.757, 3209.125
6368.685, 3189.962
6370.614, 3193.718
6372.542, 3182.910
6374.471, 3173.545
6376.399, 3158.430
6378.328, 3150.811
6380.256, 3154.373
6382.185, 3151.488
6384.113, 3140.964
6386.042, 3130.766
6387.970, 3117.798
6389.898, 3120.273
6391.827, 3126.210
6393.755, 3114.218
6395.684, 3102.721
6397.612, 3102.699
6399.541, 3089.390
6401.469, 3080.152
6403.397, 3078.544
6405.326, 3075.892
6407.254, 3064.690
6409.183, 3066.926
6411.111, 3048.948
6413.040, 3042.676
6414.968, 3042.262
6416.897, 3038.977
6418.825, 3035.582
6420.754, 3041.543
6422.682, 3028.532
6424.611, 3025.478
6426.539, 3005.407
6428.468, 2984.128
6430.396, 2987.645
6432.325, 3007.328
6434.253, 2977.932
6436.182, 2988.017
6438.110, 2986.505
6440.039, 2961.883
6441.967, 2958.458
6443.896, 2966.113
6445.824, 2935.130
6447.752, 2935.427
6449.681, 2925.451
6451.609, 2917.658
6453.538, 2908.994
6455.466, 2906.158
6457.395, 2909.197
6459.323, 2907.781
6461.251, 2903.574
6463.180, 2902.495
6465.108, 2893.672
6467.037, 2887.953
6468.965, 2879.120
6470.894, 2865.398
6472.822, 2858.637
6474.751, 2860.305
6476.679, 2841.593
6478.608, 2844.813
6480.536, 2842.477
6482.465, 2834.663
6484.393, 2829.031
6486.322, 2823.043
6488.250, 2826.555
6490.179, 2814.343
6492.107, 2822.894
6494.036, 2807.516
6495.964, 2793.042
6497.893, 2794.950
6499.821, 2793.131
6501.750, 2777.535
6503.678, 2774.855
6505.606, 2767.392
6507.535, 2762.429
6509.463, 2756.394
6511.392, 2749.195
6513.320, 2742.282
6515.249, 2731.208
6517.177, 2720.161
6519.105, 2711.966
6521.034, 2706.969
6522.962, 2701.533
6524.891, 2696.603
6526.819, 2696.489
6528.748, 2700.918
6530.676, 2679.529
6532.605, 2705.468
6534.533, 2682.170
6536.462, 2664.284
6538.390, 2664.519
6540.319, 2660.376
6542.247, 2649.763
6544.176, 2663.231
6546.104, 2644.294
6548.033, 2639.425
6549.961, 2627.891
6551.890, 2631.247
6553.818, 2634.270
6555.747, 2623.732
6557.675, 2611.280
6559.604, 2611.973
6561.532, 2603.954
6563.460, 2586.666
6565.389, 2587.268
6567.317, 2585.181
6569.246, 2584.502
6571.174, 2587.298
6573.103, 2578.322
6575.031, 2577.990
6576.959, 2571.992
6578.888, 2570.382
6580.816, 2555.615
6582.745, 2549.096
6584.673, 2538.618
6586.602, 2523.697
6588.530, 2536.989
6590.459, 2526.646
6592.387, 2522.623
6594.316, 2517.537
6596.244, 2504.813
6598.173, 2499.190
6600.101, 2496.988
6602.030, 2490.923
6603.958, 2488.359
6605.887, 2495.824
6607.815, 2476.417
6609.744, 2470.468
6611.672, 2470.958
6613.601, 2466.387
6615.529, 2455.037
6617.458, 2443.814
6619.386, 2436.097
6621.314, 2422.539
6623.243, 2434.464
6625.171, 2431.097
6627.100, 2425.938
6629.028, 2420.055
6630.957, 2414.420
##END=



