##NAMES=Zeophyllite
##RRUFFID=R060150
##IDEAL CHEMISTRY=Ca_13_Si_10_O_28_(OH)_2_F_8_·6H_2_O
##LOCALITY=Radzein, near Teplitz, Bohemia, Czech Republic
##OWNER=RRUFF
##SOURCE=University of Arizona Mineral Museum
##DESCRIPTION=Spherical aggregates of white platy crystals
##STATUS=The identification of this mineral has been confirmed by X-ray diffraction and chemical analysis
##URL=https://www.rruff.net/odr/rruff_sample/R060150
##MEASURED CHEMISTRY=(Ca_12.67_Al_0.33_)(Si_9.67_Al_0.33_)_10_O_28_F_10_·6H_2_O
##DIFFRACTION SAMPLE DESCRIPTION=Powder
##CELL PARAMETERS=a: 9.3699 b: 9.3699 c: 36.515 alpha: 90 beta: 90 gamma: 120 volume: 2776.3 crystal system: hexagonal
##FILETYPE=Raman Processed
##RAMAN WAVELENGTH=532

204.7773, 40814.07
206.7058, 41329.98
208.6342, 41801.50
210.5627, 42173.85
212.4912, 42439.09
214.4196, 42713.14
216.3481, 43018.41
218.2766, 43341.93
220.2050, 43667.22
222.1335, 44018.59
224.0620, 44346.80
225.9904, 44630.96
227.9189, 44835.60
229.8474, 45057.76
231.7758, 45320.48
233.7043, 45599.70
235.6328, 45855.31
237.5612, 46079.76
239.4897, 46283.38
241.4182, 46465.72
243.3466, 46619.39
245.2751, 46795.23
247.2036, 47008.40
249.1320, 47238.07
251.0605, 47464.59
252.9890, 47708.26
254.9174, 47925.59
256.8459, 48095.68
258.7744, 48217.95
260.7029, 48345.97
262.6313, 48484.84
264.5598, 48632.60
266.4883, 48785.00
268.4167, 48945.39
270.3452, 49107.92
272.2737, 49279.71
274.2021, 49454.38
276.1306, 49613.22
278.0591, 49732.37
279.9875, 49848.38
281.9160, 49984.63
283.8445, 50149.34
285.7729, 50312.04
287.7014, 50459.89
289.6299, 50599.27
291.5583, 50755.51
293.4868, 50962.18
295.4153, 51159.01
297.3437, 51307.45
299.2722, 51406.65
301.2007, 51508.28
303.1291, 51621.13
305.0576, 51743.66
306.9861, 51875.37
308.9145, 52035.69
310.8430, 52184.98
312.7715, 52301.39
314.6999, 52386.02
316.6284, 52489.14
318.5569, 52645.88
320.4853, 52810.87
322.4138, 52926.66
324.3423, 52969.69
326.2707, 53027.33
328.1992, 53134.07
330.1277, 53286.70
332.0561, 53426.49
333.9846, 53526.90
335.9131, 53633.41
337.8415, 53791.39
339.7700, 54014.60
341.6985, 54200.58
343.6269, 54305.49
345.5554, 54357.16
347.4839, 54421.13
349.4123, 54483.01
351.3408, 54567.78
353.2693, 54710.71
355.1977, 54915.33
357.1262, 55058.97
359.0547, 55053.54
360.9831, 55016.07
362.9116, 55089.34
364.8401, 55307.11
366.7685, 55516.70
368.6970, 55677.01
370.6255, 55794.79
372.5539, 55894.83
374.4824, 55940.71
376.4109, 56003.20
378.3393, 56123.76
380.2678, 56299.84
382.1963, 56463.14
384.1247, 56607.36
386.0532, 56733.01
387.9817, 56832.16
389.9101, 56890.23
391.8386, 56939.23
393.7671, 56972.72
395.6955, 57001.68
397.6240, 57075.35
399.5525, 57253.01
401.4809, 57435.38
403.4094, 57561.77
405.3379, 57625.67
407.2663, 57678.55
409.1948, 57694.61
411.1233, 57700.09
413.0517, 57767.19
414.9802, 57979.94
416.9087, 58185.99
418.8371, 58322.62
420.7656, 58395.05
422.6941, 58476.16
424.6225, 58589.34
426.5510, 58705.20
428.4795, 58814.54
430.4079, 58911.41
432.3364, 59023.47
434.2649, 59146.27
436.1933, 59264.34
438.1218, 59371.34
440.0503, 59464.74
441.9787, 59556.77
443.9072, 59647.92
445.8357, 59736.37
447.7641, 59829.96
449.6926, 59946.45
451.6211, 60062.62
453.5495, 60155.26
455.4780, 60209.64
457.4065, 60274.62
459.3349, 60349.58
461.2634, 60449.79
463.1919, 60578.17
465.1203, 60742.91
467.0488, 60867.51
468.9773, 60964.41
470.9057, 61045.66
472.8342, 61143.40
474.7627, 61253.25
476.6911, 61344.88
478.6196, 61411.57
480.5481, 61460.32
482.4765, 61532.33
484.4050, 61631.80
486.3335, 61727.99
488.2619, 61806.59
490.1904, 61870.98
492.1189, 61940.55
494.0473, 62001.55
495.9758, 62053.97
497.9043, 62110.42
499.8327, 62184.13
501.7612, 62277.19
503.6897, 62377.98
505.6181, 62488.61
507.5466, 62630.51
509.4751, 62849.21
511.4035, 63029.17
513.3320, 63114.94
515.2604, 63065.63
517.1889, 63068.73
519.1174, 63130.05
521.0458, 63222.36
522.9743, 63321.79
524.9028, 63439.23
526.8312, 63542.46
528.7597, 63630.07
530.6882, 63716.01
532.6166, 63829.36
534.5451, 63937.10
536.4736, 64022.21
538.4020, 64104.20
540.3305, 64200.43
542.2590, 64311.52
544.1874, 64410.23
546.1159, 64489.32
548.0444, 64555.92
549.9728, 64632.74
551.9013, 64695.91
553.8298, 64718.54
555.7582, 64752.22
557.6867, 64839.17
559.6152, 64990.30
561.5436, 65096.12
563.4721, 65142.02
565.4006, 65161.84
567.3290, 65208.66
569.2575, 65258.32
571.1860, 65326.82
573.1144, 65431.50
575.0429, 65571.11
576.9714, 65722.08
578.8998, 65896.23
580.8283, 66025.50
582.7568, 66065.47
584.6852, 66053.52
586.6137, 66100.04
588.5422, 66226.20
590.4706, 66366.86
592.3991, 66488.15
594.3276, 66580.95
596.2560, 66667.28
598.1845, 66767.00
600.1130, 66860.98
602.0414, 66916.98
603.9699, 66910.38
605.8984, 66941.80
607.8268, 67055.09
609.7553, 67204.34
611.6838, 67313.00
613.6122, 67409.33
615.5407, 67515.58
617.4692, 67630.41
619.3976, 67719.80
621.3261, 67781.27
623.2546, 67817.73
625.1830, 67876.84
627.1115, 67982.16
629.0400, 68124.30
630.9684, 68239.57
632.8969, 68287.52
634.8254, 68347.16
636.7538, 68469.53
638.6823, 68651.45
640.6108, 68797.36
642.5392, 68869.88
644.4677, 68936.43
646.3962, 69032.79
648.3246, 69167.66
650.2531, 69301.95
652.1816, 69428.65
654.1100, 69543.68
656.0385, 69642.45
657.9670, 69733.47
659.8954, 69850.13
661.8239, 70004.69
663.7524, 70162.63
665.6808, 70303.56
667.6093, 70432.89
669.5378, 70532.96
671.4662, 70584.30
673.3947, 70599.34
675.3232, 70598.99
677.2516, 70629.22
679.1801, 70658.08
681.1086, 70665.33
683.0370, 70656.35
684.9655, 70678.64
686.8940, 70753.98
688.8224, 70828.83
690.7509, 70886.45
692.6794, 70920.88
694.6078, 70947.60
696.5363, 70941.78
698.4648, 70972.18
700.3932, 71085.23
702.3217, 71245.69
704.2502, 71361.47
706.1786, 71391.52
708.1071, 71420.50
710.0356, 71486.44
711.9641, 71609.98
713.8925, 71711.13
715.8210, 71753.37
717.7495, 71798.20
719.6779, 71884.21
721.6064, 71999.98
723.5349, 72088.10
725.4633, 72109.55
727.3918, 72145.30
729.3203, 72227.05
731.2487, 72350.24
733.1772, 72477.95
735.1057, 72619.02
737.0341, 72744.89
738.9626, 72834.31
740.8911, 72903.38
742.8195, 72981.13
744.7480, 73088.63
746.6765, 73182.98
748.6049, 73246.97
750.5334, 73275.59
752.4619, 73309.09
754.3903, 73327.41
756.3188, 73366.68
758.2473, 73458.58
760.1757, 73598.36
762.1042, 73722.40
764.0327, 73813.71
765.9611, 73894.14
767.8896, 73972.13
769.8181, 74048.37
771.7465, 74115.63
773.6750, 74167.11
775.6035, 74215.59
777.5319, 74257.54
779.4604, 74293.55
781.3889, 74366.27
783.3173, 74528.87
785.2458, 74687.52
787.1743, 74795.04
789.1027, 74839.68
791.0312, 74892.96
792.9597, 74948.52
794.8881, 75020.97
796.8166, 75118.23
798.7451, 75238.55
800.6735, 75362.53
802.6020, 75518.01
804.5305, 75647.08
806.4589, 75706.22
808.3874, 75692.22
810.3159, 75742.97
812.2443, 75920.67
814.1728, 76097.13
816.1013, 76191.49
818.0297, 76212.13
819.9582, 76259.69
821.8867, 76374.34
823.8151, 76499.83
825.7436, 76611.61
827.6721, 76683.14
829.6005, 76749.00
831.5290, 76804.09
833.4575, 76893.34
835.3859, 77013.36
837.3144, 77125.40
839.2429, 77217.42
841.1713, 77284.75
843.0998, 77370.42
845.0283, 77477.23
846.9567, 77595.66
848.8852, 77672.81
850.8137, 77663.51
852.7421, 77672.63
854.6706, 77788.49
856.5991, 77983.16
858.5275, 78132.65
860.4560, 78191.07
862.3845, 78260.80
864.3129, 78389.33
866.2414, 78557.00
868.1699, 78680.85
870.0983, 78726.10
872.0268, 78746.47
873.9553, 78786.14
875.8837, 78900.36
877.8122, 79018.54
879.7407, 79138.56
881.6691, 79243.34
883.5976, 79326.79
885.5261, 79381.08
887.4545, 79465.02
889.3830, 79624.61
891.3115, 79787.45
893.2399, 79882.97
895.1684, 79924.98
897.0969, 80001.47
899.0253, 80125.22
900.9538, 80238.71
902.8823, 80289.96
904.8107, 80324.47
906.7392, 80400.16
908.6677, 80524.86
910.5961, 80630.14
912.5246, 80664.00
914.4531, 80733.77
916.3815, 80893.99
918.3100, 81106.45
920.2385, 81279.59
922.1669, 81399.79
924.0954, 81499.16
926.0239, 81577.02
927.9523, 81629.96
929.8808, 81676.68
931.8093, 81707.29
933.7377, 81766.79
935.6662, 81886.99
937.5947, 82042.48
939.5231, 82167.44
941.4516, 82246.11
943.3801, 82321.41
945.3085, 82383.70
947.2370, 82421.28
949.1655, 82495.47
951.0939, 82656.64
953.0224, 82823.58
954.9509, 82935.33
956.8793, 82982.18
958.8078, 83021.57
960.7363, 83108.86
962.6647, 83276.12
964.5932, 83446.20
966.5217, 83549.56
968.4501, 83630.66
970.3786, 83702.62
972.3071, 83779.05
974.2355, 83895.66
976.1640, 83999.49
978.0925, 84061.02
980.0209, 84124.67
981.9494, 84243.88
983.8779, 84412.19
985.8063, 84557.62
987.7348, 84661.83
989.6633, 84777.78
991.5917, 84915.55
993.5202, 85050.66
995.4487, 85109.98
997.3771, 85182.80
999.3056, 85296.55
1001.234, 85410.40
1003.163, 85499.42
1005.091, 85618.58
1007.019, 85824.09
1008.948, 86031.36
1010.876, 86174.58
1012.805, 86274.71
1014.733, 86377.30
1016.662, 86474.16
1018.590, 86559.10
1020.519, 86670.02
1022.447, 86789.15
1024.376, 86894.27
1026.304, 87002.38
1028.233, 87141.31
1030.161, 87261.51
1032.090, 87385.47
1034.018, 87532.20
1035.947, 87670.88
1037.875, 87738.69
1039.803, 87752.20
1041.732, 87798.77
1043.660, 87898.98
1045.589, 88019.52
1047.517, 88117.80
1049.446, 88191.63
1051.374, 88308.36
1053.303, 88453.63
1055.231, 88552.42
1057.160, 88549.00
1059.088, 88573.48
1061.017, 88693.40
1062.945, 88817.17
1064.874, 88916.41
1066.802, 89012.78
1068.730, 89126.52
1070.659, 89215.65
1072.587, 89290.13
1074.516, 89392.90
1076.444, 89521.70
1078.373, 89642.18
1080.301, 89735.10
1082.230, 89851.32
1084.158, 89991.75
1086.087, 90106.32
1088.015, 90187.16
1089.944, 90250.18
1091.872, 90352.06
1093.801, 90455.40
1095.729, 90561.74
1097.657, 90705.61
1099.586, 90890.88
1101.514, 91049.95
1103.443, 91134.03
1105.371, 91231.18
1107.300, 91397.76
1109.228, 91629.92
1111.157, 91794.66
1113.085, 91833.66
1115.014, 91855.09
1116.942, 91893.91
1118.871, 91999.87
1120.799, 92162.65
1122.728, 92380.58
1124.656, 92555.77
1126.584, 92691.16
1128.513, 92791.88
1130.441, 92890.31
1132.370, 93004.95
1134.298, 93142.79
1136.227, 93317.98
1138.155, 93460.48
1140.084, 93527.35
1142.012, 93524.91
1143.941, 93570.84
1145.869, 93714.77
1147.798, 93848.49
1149.726, 93944.01
1151.655, 94058.12
1153.583, 94232.84
1155.511, 94477.98
1157.440, 94683.04
1159.368, 94812.36
1161.297, 94932.16
1163.225, 95060.99
1165.154, 95193.77
1167.082, 95323.45
1169.011, 95448.65
1170.939, 95564.88
1172.868, 95685.84
1174.796, 95821.80
1176.725, 95930.23
1178.653, 95974.71
1180.582, 96023.91
1182.510, 96094.00
1184.438, 96186.16
1186.367, 96310.59
1188.295, 96465.66
1190.224, 96622.23
1192.152, 96800.41
1194.081, 96965.88
1196.009, 97061.70
1197.938, 97110.00
1199.866, 97196.87
1201.795, 97337.91
1203.723, 97484.36
1205.652, 97621.62
1207.580, 97759.17
1209.509, 97907.03
1211.437, 98073.11
1213.365, 98220.41
1215.294, 98334.38
1217.222, 98437.09
1219.151, 98541.05
1221.079, 98650.44
1223.008, 98763.69
1224.936, 98875.36
1226.865, 98999.81
1228.793, 99144.26
1230.722, 99297.44
1232.650, 99450.99
1234.579, 99605.62
1236.507, 99763.33
1238.436, 99934.45
1240.364, 100094.8
1242.292, 100230.5
1244.221, 100343.7
1246.149, 100446.9
1248.078, 100529.9
1250.006, 100641.0
1251.935, 100812.3
1253.863, 100984.1
1255.792, 101111.4
1257.720, 101192.3
1259.649, 101320.0
1261.577, 101536.5
1263.506, 101740.6
1265.434, 101901.4
1267.363, 102023.9
1269.291, 102135.9
1271.219, 102256.8
1273.148, 102383.3
1275.076, 102498.8
1277.005, 102603.7
1278.933, 102714.6
1280.862, 102844.8
1282.790, 102971.0
1284.719, 103081.8
1286.647, 103203.6
1288.576, 103351.9
1290.504, 103519.3
1292.433, 103697.6
1294.361, 103872.8
1296.290, 104014.5
1298.218, 104119.8
1300.146, 104223.3
1302.075, 104309.7
1304.003, 104379.2
1305.932, 104502.4
1307.860, 104731.3
1309.789, 104896.1
1311.717, 104922.5
1313.646, 104972.2
1315.574, 105190.2
1317.503, 105547.3
1319.431, 105784.9
1321.360, 105805.6
1323.288, 105824.5
1325.217, 105921.5
1327.145, 106081.1
1329.073, 106254.2
1331.002, 106446.7
1332.930, 106608.0
1334.859, 106679.9
1336.787, 106742.5
1338.716, 106847.4
1340.644, 107003.1
1342.573, 107146.4
1344.501, 107246.9
1346.430, 107375.5
1348.358, 107547.2
1350.287, 107726.4
1352.215, 107908.8
1354.144, 108102.1
1356.072, 108271.8
1358.000, 108406.1
1359.929, 108545.2
1361.857, 108687.9
1363.786, 108819.9
1365.714, 108931.1
1367.643, 109043.9
1369.571, 109189.8
1371.500, 109343.7
1373.428, 109497.0
1375.357, 109675.4
1377.285, 109865.2
1379.214, 110036.3
1381.142, 110174.1
1383.071, 110287.7
1384.999, 110385.9
1386.927, 110482.9
1388.856, 110558.6
1390.784, 110634.0
1392.713, 110762.3
1394.641, 110959.1
1396.570, 111111.5
1398.498, 111134.1
1400.427, 111192.4
1402.355, 111399.0
1404.284, 111677.1
1406.212, 111853.2
1408.141, 111879.4
1410.069, 111932.3
1411.998, 112034.2
1413.926, 112184.3
1415.854, 112388.9
1417.783, 112620.7
1419.711, 112838.1
1421.640, 113082.4
1423.568, 113242.9
1425.497, 113256.1
1427.425, 113281.4
1429.354, 113422.7
1431.282, 113632.2
1433.211, 113760.1
1435.139, 113779.7
1437.068, 113815.5
1438.996, 113880.4
1440.925, 113993.1
1442.853, 114188.5
1444.781, 114429.4
1446.710, 114621.9
1448.638, 114767.5
1450.567, 114879.2
1452.495, 114882.3
1454.424, 114888.2
1456.352, 115013.0
1458.281, 115233.4
1460.209, 115437.8
1462.138, 115591.4
1464.066, 115701.3
1465.995, 115803.1
1467.923, 115930.7
1469.852, 116066.3
1471.780, 116202.7
1473.708, 116354.6
1475.637, 116528.4
1477.565, 116696.9
1479.494, 116844.2
1481.422, 116975.6
1483.351, 117143.6
1485.279, 117349.8
1487.208, 117517.5
1489.136, 117587.3
1491.065, 117677.1
1492.993, 117853.0
1494.922, 118009.3
1496.850, 118064.2
1498.779, 118087.6
1500.707, 118220.3
1502.635, 118528.3
1504.564, 118733.2
1506.492, 118822.2
1508.421, 118931.4
1510.349, 119095.5
1512.278, 119290.0
1514.206, 119463.8
1516.135, 119619.0
1518.063, 119691.6
1519.992, 119580.1
1521.920, 119554.8
1523.849, 119761.1
1525.777, 120056.9
1527.706, 120245.0
1529.634, 120325.5
1531.563, 120431.5
1533.491, 120563.2
1535.419, 120706.6
1537.348, 120910.3
1539.276, 121106.6
1541.205, 121198.4
1543.133, 121209.8
1545.062, 121274.7
1546.990, 121403.5
1548.919, 121552.9
1550.847, 121737.4
1552.776, 121933.8
1554.704, 122133.5
1556.633, 122328.2
1558.561, 122492.3
1560.490, 122626.2
1562.418, 122724.7
1564.346, 122738.1
1566.275, 122766.8
1568.203, 122888.4
1570.132, 123072.8
1572.060, 123259.9
1573.989, 123450.3
1575.917, 123596.1
1577.846, 123670.0
1579.774, 123734.8
1581.703, 123806.0
1583.631, 123892.3
1585.560, 124009.7
1587.488, 124157.1
1589.417, 124302.8
1591.345, 124444.9
1593.273, 124582.9
1595.202, 124689.1
1597.130, 124816.9
1599.059, 125027.8
1600.987, 125295.3
1602.916, 125496.7
1604.844, 125618.4
1606.773, 125718.2
1608.701, 125793.2
1610.630, 125864.1
1612.558, 125940.7
1614.487, 126017.1
1616.415, 126073.6
1618.344, 126101.6
1620.272, 126192.2
1622.200, 126372.7
1624.129, 126583.6
1626.057, 126852.6
1627.986, 127106.2
1629.914, 127279.3
1631.843, 127376.6
1633.771, 127435.6
1635.700, 127417.3
1637.628, 127467.4
1639.557, 127685.7
1641.485, 127893.7
1643.414, 127997.6
1645.342, 128061.2
1647.271, 128248.2
1649.199, 128587.1
1651.127, 128839.6
1653.056, 128956.5
1654.984, 129049.4
1656.913, 129123.6
1658.841, 129204.2
1660.770, 129313.6
1662.698, 129447.3
1664.627, 129577.7
1666.555, 129694.0
1668.484, 129840.8
1670.412, 130058.8
1672.341, 130263.5
1674.269, 130415.0
1676.198, 130543.2
1678.126, 130684.0
1680.054, 130837.6
1681.983, 130996.8
1683.911, 131161.6
1685.840, 131331.6
1687.768, 131502.5
1689.697, 131683.1
1691.625, 131897.9
1693.554, 132119.1
1695.482, 132281.1
1697.411, 132376.3
1699.339, 132471.0
1701.268, 132571.0
1703.196, 132667.9
1705.125, 132729.9
1707.053, 132816.8
1708.981, 132998.7
1710.910, 133240.8
1712.838, 133401.5
1714.767, 133451.4
1716.695, 133578.2
1718.624, 133862.3
1720.552, 134128.3
1722.481, 134336.2
1724.409, 134486.9
1726.338, 134543.2
1728.266, 134533.5
1730.195, 134624.0
1732.123, 134848.6
1734.052, 135015.9
1735.980, 135033.6
1737.908, 135088.6
1739.837, 135308.2
1741.765, 135560.3
1743.694, 135675.5
1745.622, 135697.8
1747.551, 135895.9
1749.479, 136341.7
1751.408, 136639.3
1753.336, 136614.1
1755.265, 136589.5
1757.193, 136709.1
1759.122, 136909.4
1761.050, 137155.6
1762.979, 137431.0
1764.907, 137662.2
1766.835, 137850.1
1768.764, 137960.4
1770.692, 137906.3
1772.621, 137903.3
1774.549, 138078.4
1776.478, 138335.8
1778.406, 138629.0
1780.335, 138925.3
1782.263, 139059.8
1784.192, 138983.5
1786.120, 139012.1
1788.049, 139290.1
1789.977, 139537.7
1791.906, 139604.2
1793.834, 139615.3
1795.762, 139677.9
1797.691, 139788.5
1799.619, 139937.1
1801.548, 140133.6
1803.476, 140313.6
1805.405, 140474.3
1807.333, 140611.4
1809.262, 140685.8
1811.190, 140771.2
1813.119, 140941.9
1815.047, 141169.7
1816.976, 141379.8
1818.904, 141580.8
1820.833, 141724.8
1822.761, 141742.5
1824.689, 141805.2
1826.618, 142000.8
1828.546, 142184.7
1830.475, 142238.6
1832.403, 142233.1
1834.332, 142299.6
1836.260, 142443.6
1838.189, 142581.5
1840.117, 142671.4
1842.046, 142833.8
1843.974, 143140.9
1845.903, 143443.2
1847.831, 143702.6
1849.760, 143910.7
1851.688, 144046.4
1853.616, 144117.9
1855.545, 144182.0
1857.473, 144238.9
1859.402, 144280.8
1861.330, 144260.2
1863.259, 144314.7
1865.187, 144526.6
1867.116, 144792.1
1869.044, 145094.0
1870.973, 145379.1
1872.901, 145518.9
1874.830, 145523.8
1876.758, 145579.0
1878.687, 145699.8
1880.615, 145874.4
1882.543, 146167.3
1884.472, 146413.8
1886.400, 146473.6
1888.329, 146491.0
1890.257, 146636.1
1892.186, 146868.5
1894.114, 147027.7
1896.043, 147098.6
1897.971, 147195.0
1899.900, 147357.6
1901.828, 147493.7
1903.757, 147555.7
1905.685, 147619.3
1907.614, 147716.5
1909.542, 147850.2
1911.470, 148054.3
1913.399, 148318.4
1915.327, 148473.8
1917.256, 148446.2
1919.184, 148487.8
1921.113, 148608.2
1923.041, 148798.3
1924.970, 149165.8
1926.898, 149486.0
1928.827, 149550.0
1930.755, 149499.6
1932.684, 149589.9
1934.612, 149807.6
1936.541, 150008.6
1938.469, 150192.3
1940.397, 150327.3
1942.326, 150393.3
1944.254, 150440.9
1946.183, 150451.1
1948.111, 150491.7
1950.040, 150607.0
1951.968, 150787.9
1953.897, 151070.1
1955.825, 151428.9
1957.754, 151601.2
1959.682, 151507.5
1961.611, 151489.7
1963.539, 151590.7
1965.468, 151768.1
1967.396, 152137.1
1969.324, 152443.3
1971.253, 152430.8
1973.181, 152288.5
1975.110, 152343.1
1977.038, 152579.6
1978.967, 152730.6
1980.895, 152754.9
1982.824, 152838.3
1984.752, 153018.0
1986.681, 153210.0
1988.609, 153421.9
1990.538, 153605.1
1992.466, 153705.2
1994.395, 153785.1
1996.323, 153932.5
1998.251, 154119.4
2000.180, 154245.5
2002.108, 154306.2
2004.037, 154418.9
2005.965, 154638.1
2007.894, 154783.9
2009.822, 154708.5
2011.751, 154688.6
2013.679, 154871.5
2015.608, 155126.8
2017.536, 155352.3
2019.465, 155558.8
2021.393, 155784.9
2023.322, 156032.0
2025.250, 156190.9
2027.178, 156218.9
2029.107, 156269.4
2031.035, 156349.9
2032.964, 156455.1
2034.892, 156628.1
2036.821, 156773.7
2038.749, 156815.7
2040.678, 156826.6
2042.606, 156852.8
2044.535, 156919.5
2046.463, 157131.8
2048.392, 157484.4
2050.320, 157747.7
2052.249, 157891.8
2054.177, 157991.3
2056.105, 158013.1
2058.034, 158060.5
2059.962, 158164.6
2061.891, 158304.4
2063.819, 158495.0
2065.748, 158693.2
2067.676, 158858.6
2069.605, 158982.0
2071.533, 158989.8
2073.462, 158849.7
2075.390, 158856.5
2077.319, 159074.1
2079.247, 159248.8
2081.176, 159288.1
2083.104, 159377.8
2085.032, 159619.5
2086.961, 159893.0
2088.889, 160174.2
2090.818, 160402.3
2092.746, 160465.5
2094.675, 160418.3
2096.603, 160427.6
2098.532, 160493.6
2100.460, 160618.2
2102.389, 160877.0
2104.317, 161044.8
2106.246, 161043.8
2108.174, 161059.0
2110.103, 161124.2
2112.031, 161221.1
2113.959, 161370.3
2115.888, 161520.0
2117.816, 161587.1
2119.745, 161631.0
2121.673, 161818.2
2123.602, 162112.1
2125.530, 162265.6
2127.459, 162251.6
2129.387, 162282.9
2131.316, 162412.8
2133.244, 162518.8
2135.173, 162523.5
2137.101, 162573.1
2139.030, 162740.7
2140.958, 162948.2
2142.886, 163165.7
2144.815, 163372.5
2146.743, 163550.9
2148.672, 163692.8
2150.600, 163743.9
2152.529, 163712.4
2154.457, 163792.2
2156.386, 164016.6
2158.314, 164133.0
2160.243, 164031.7
2162.171, 164032.9
2164.100, 164327.6
2166.028, 164599.8
2167.957, 164702.5
2169.885, 164761.0
2171.813, 164843.8
2173.742, 164953.2
2175.670, 165100.3
2177.599, 165275.1
2179.527, 165468.1
2181.456, 165677.8
2183.384, 165754.6
2185.313, 165671.4
2187.241, 165669.2
2189.170, 165795.1
2191.098, 165933.8
2193.027, 166073.6
2194.955, 166191.5
2196.884, 166230.7
2198.812, 166303.2
2200.740, 166534.9
2202.669, 166781.5
2204.597, 166861.4
2206.526, 166857.7
2208.454, 166964.3
2210.383, 167157.6
2212.311, 167208.5
2214.240, 167107.7
2216.168, 167186.9
2218.097, 167520.6
2220.025, 167686.1
2221.954, 167519.8
2223.882, 167434.9
2225.811, 167621.6
2227.739, 167818.7
2229.667, 167927.0
2231.596, 168006.4
2233.524, 168077.5
2235.453, 168158.8
2237.381, 168286.7
2239.310, 168433.7
2241.238, 168552.0
2243.167, 168636.5
2245.095, 168625.1
2247.024, 168521.9
2248.952, 168529.5
2250.881, 168677.9
2252.809, 168843.3
2254.738, 169012.9
2256.666, 169186.4
2258.594, 169407.7
2260.523, 169568.3
2262.451, 169582.5
2264.380, 169589.2
2266.308, 169640.3
2268.237, 169744.2
2270.165, 170006.4
2272.094, 170259.8
2274.022, 170157.5
2275.951, 169874.5
2277.879, 169902.2
2279.808, 170205.0
2281.736, 170418.8
2283.665, 170528.0
2285.593, 170590.8
2287.521, 170552.2
2289.450, 170572.5
2291.378, 170663.4
2293.307, 170795.2
2295.235, 170998.5
2297.164, 171182.7
2299.092, 171348.0
2301.021, 171439.2
2302.949, 171341.8
2304.878, 171242.5
2306.806, 171300.9
2308.735, 171451.0
2310.663, 171640.3
2312.592, 171837.2
2314.520, 171972.4
2316.448, 172043.5
2318.377, 171983.4
2320.305, 171787.3
2322.234, 171821.6
2324.162, 172131.8
2326.091, 172300.7
2328.019, 172217.1
2329.948, 172246.5
2331.876, 172563.0
2333.805, 172813.2
2335.733, 172854.4
2337.662, 172899.1
2339.590, 173107.6
2341.519, 173236.4
2343.447, 173000.9
2345.375, 172787.6
2347.304, 172972.6
2349.232, 173305.5
2351.161, 173564.3
2353.089, 173720.6
2355.018, 173649.9
2356.946, 173432.6
2358.875, 173398.2
2360.803, 173544.4
2362.732, 173682.4
2364.660, 173814.4
2366.589, 173920.1
2368.517, 173991.3
2370.446, 174086.1
2372.374, 174223.2
2374.302, 174338.4
2376.231, 174422.7
2378.159, 174474.5
2380.088, 174417.3
2382.016, 174439.8
2383.945, 174706.0
2385.873, 174944.0
2387.802, 174979.2
2389.730, 174966.2
2391.659, 175028.7
2393.587, 175088.9
2395.516, 175027.4
2397.444, 174946.9
2399.373, 175013.0
2401.301, 175168.3
2403.229, 175282.4
2405.158, 175362.0
2407.086, 175456.2
2409.015, 175565.5
2410.943, 175556.3
2412.872, 175423.1
2414.800, 175377.8
2416.729, 175436.0
2418.657, 175576.8
2420.586, 175842.0
2422.514, 176034.0
2424.443, 176050.8
2426.371, 176112.3
2428.300, 176333.3
2430.228, 176466.3
2432.156, 176438.9
2434.085, 176346.3
2436.013, 176123.5
2437.942, 175997.8
2439.870, 176165.4
2441.799, 176394.5
2443.727, 176568.6
2445.656, 176674.7
2447.584, 176630.6
2449.513, 176570.3
2451.441, 176735.2
2453.370, 176964.5
2455.298, 176890.8
2457.227, 176684.9
2459.155, 176792.6
2461.083, 177125.7
2463.012, 177296.0
2464.940, 177320.1
2466.869, 177474.7
2468.797, 177793.8
2470.726, 177834.6
2472.654, 177558.8
2474.583, 177416.4
2476.511, 177446.6
2478.440, 177513.2
2480.368, 177608.4
2482.297, 177701.3
2484.225, 177787.8
2486.154, 177870.8
2488.082, 177940.5
2490.010, 178025.8
2491.939, 178159.6
2493.867, 178251.0
2495.796, 178226.6
2497.724, 178239.9
2499.653, 178417.7
2501.581, 178571.7
2503.510, 178589.8
2505.438, 178571.8
2507.367, 178560.9
2509.295, 178563.9
2511.224, 178609.7
2513.152, 178648.0
2515.081, 178579.4
2517.009, 178528.8
2518.938, 178686.7
2520.866, 178917.4
2522.794, 178991.7
2524.723, 178999.6
2526.651, 179149.0
2528.580, 179373.2
2530.508, 179479.6
2532.437, 179496.6
2534.365, 179497.1
2536.294, 179492.3
2538.222, 179529.5
2540.151, 179608.1
2542.079, 179730.7
2544.008, 179907.8
2545.936, 179930.3
2547.865, 179790.1
2549.793, 179775.0
2551.721, 179903.9
2553.650, 180068.5
2555.578, 180285.0
2557.507, 180395.8
2559.435, 180292.0
2561.364, 180298.8
2563.292, 180507.2
2565.221, 180520.0
2567.149, 180210.6
2569.078, 180040.6
2571.006, 180147.0
2572.935, 180269.0
2574.863, 180337.4
2576.792, 180424.5
2578.720, 180575.9
2580.648, 180691.2
2582.577, 180702.3
2584.505, 180776.9
2586.434, 181041.0
2588.362, 181239.0
2590.291, 181181.0
2592.219, 181153.7
2594.148, 181369.7
2596.076, 181521.1
2598.005, 181424.8
2599.933, 181267.4
2601.862, 181013.1
2603.790, 180909.3
2605.719, 181261.9
2607.647, 181627.9
2609.575, 181669.5
2611.504, 181633.3
2613.432, 181717.4
2615.361, 181804.3
2617.289, 181728.5
2619.218, 181681.5
2621.146, 181921.9
2623.075, 182175.4
2625.003, 182085.9
2626.932, 181929.4
2628.860, 182055.3
2630.789, 182277.1
2632.717, 182334.3
2634.646, 182361.3
2636.574, 182604.1
2638.502, 182865.3
2640.431, 182800.3
2642.359, 182613.5
2644.288, 182654.7
2646.216, 182808.1
2648.145, 182846.2
2650.073, 182848.8
2652.002, 183031.6
2653.930, 183255.8
2655.859, 183206.9
2657.787, 183020.0
2659.716, 182989.8
2661.644, 183079.3
2663.573, 183259.0
2665.501, 183452.0
2667.429, 183378.4
2669.358, 183183.0
2671.286, 183288.8
2673.215, 183576.4
2675.143, 183664.1
2677.072, 183613.8
2679.000, 183602.5
2680.929, 183659.3
2682.857, 183992.7
2684.786, 184449.1
2686.714, 184442.4
2688.643, 184122.8
2690.571, 184119.3
2692.500, 184343.9
2694.428, 184379.3
2696.356, 184279.3
2698.285, 184219.2
2700.213, 184206.1
2702.142, 184285.0
2704.070, 184417.2
2705.999, 184405.1
2707.927, 184284.3
2709.856, 184198.8
2711.784, 184173.1
2713.713, 184383.5
2715.641, 184722.7
2717.570, 184726.9
2719.498, 184480.8
2721.427, 184347.2
2723.355, 184311.7
2725.283, 184278.1
2727.212, 184288.2
2729.140, 184557.7
2731.069, 184979.1
2732.997, 185197.6
2734.926, 185241.3
2736.854, 185167.2
2738.783, 185024.9
2740.711, 184999.9
2742.640, 185059.6
2744.568, 185091.1
2746.497, 185134.5
2748.425, 185369.3
2750.354, 185689.8
2752.282, 185763.3
2754.210, 185680.2
2756.139, 185612.9
2758.067, 185598.5
2759.996, 185764.9
2761.924, 186011.7
2763.853, 186134.2
2765.781, 186161.6
2767.710, 186081.7
2769.638, 186005.9
2771.567, 186141.1
2773.495, 186392.4
2775.424, 186752.4
2777.352, 187004.4
2779.281, 186607.1
2781.209, 186042.3
2783.137, 186033.8
2785.066, 186246.9
2786.994, 186314.1
2788.923, 186355.7
2790.851, 186567.5
2792.780, 186780.5
2794.708, 186774.9
2796.637, 186712.1
2798.565, 186706.0
2800.494, 186751.3
2802.422, 186890.3
2804.351, 187021.7
2806.279, 187064.0
2808.208, 187060.6
2810.136, 187009.6
2812.064, 186971.9
2813.993, 186950.8
2815.921, 187007.5
2817.850, 187272.8
2819.778, 187487.4
2821.707, 187498.9
2823.635, 187483.3
2825.564, 187496.9
2827.492, 187537.2
2829.421, 187706.9
2831.349, 187725.1
2833.278, 187317.2
2835.206, 187137.2
2837.135, 187460.4
2839.063, 187732.6
2840.991, 187724.8
2842.920, 187754.6
2844.848, 187909.4
2846.777, 188028.1
2848.705, 188100.1
2850.634, 188102.2
2852.562, 188010.0
2854.491, 187922.9
2856.419, 187787.0
2858.348, 187878.5
2860.276, 188252.2
2862.205, 188328.5
2864.133, 188046.5
2866.062, 188028.9
2867.990, 188352.8
2869.918, 188400.2
2871.847, 188174.7
2873.775, 188237.6
2875.704, 188518.9
2877.632, 188468.3
2879.561, 188176.5
2881.489, 188154.1
2883.418, 188328.3
2885.346, 188478.7
2887.275, 188570.6
2889.203, 188445.6
2891.132, 188258.8
2893.060, 188296.0
2894.989, 188451.3
2896.917, 188640.2
2898.845, 188764.7
2900.774, 188631.7
2902.702, 188483.0
2904.631, 188561.4
2906.559, 188702.5
2908.488, 188797.4
2910.416, 188874.9
2912.345, 188997.4
2914.273, 189030.8
2916.202, 188774.6
2918.130, 188620.8
2920.059, 188860.8
2921.987, 188985.8
2923.916, 188819.8
2925.844, 188699.9
2927.772, 188669.5
2929.701, 188826.4
2931.629, 189327.0
2933.558, 189621.3
2935.486, 189666.2
2937.415, 189550.6
2939.343, 189251.9
2941.272, 189093.5
2943.200, 189100.0
2945.129, 189078.7
2947.057, 189036.7
2948.986, 189026.6
2950.914, 189061.7
2952.843, 189203.8
2954.771, 189420.7
2956.699, 189678.7
2958.628, 189887.5
2960.556, 189799.2
2962.485, 189598.2
2964.413, 189506.0
2966.342, 189463.2
2968.270, 189406.5
2970.199, 189366.9
2972.127, 189344.2
2974.056, 189379.2
2975.984, 189539.0
2977.913, 189698.4
2979.841, 189860.4
2981.770, 189887.9
2983.698, 189658.2
2985.626, 189527.6
2987.555, 189581.9
2989.483, 189814.3
2991.412, 190323.0
2993.340, 190518.7
2995.269, 190332.4
2997.197, 190133.4
2999.126, 189943.6
3001.054, 189910.1
3002.983, 190020.3
3004.911, 190146.8
3006.840, 190259.0
3008.768, 190245.7
3010.697, 190154.2
3012.625, 190074.3
3014.553, 190005.7
3016.482, 189886.8
3018.410, 189853.3
3020.339, 190142.5
3022.267, 190438.0
3024.196, 190489.6
3026.124, 190472.5
3028.053, 190433.1
3029.981, 190419.5
3031.910, 190486.0
3033.838, 190519.0
3035.767, 190513.2
3037.695, 190411.3
3039.624, 190180.4
3041.552, 190019.3
3043.480, 189924.4
3045.409, 190177.3
3047.337, 190748.9
3049.266, 190754.4
3051.194, 190336.8
3053.123, 190131.3
3055.051, 190124.7
3056.980, 190417.3
3058.908, 190746.6
3060.837, 190662.5
3062.765, 190460.2
3064.694, 190322.8
3066.622, 190319.6
3068.551, 190637.2
3070.479, 190883.6
3072.407, 190889.4
3074.336, 190829.8
3076.264, 190693.2
3078.193, 190644.7
3080.121, 190719.0
3082.050, 190779.0
3083.978, 190812.5
3085.907, 190765.1
3087.835, 190636.5
3089.764, 190609.0
3091.692, 190674.4
3093.621, 190868.1
3095.549, 191077.4
3097.478, 190989.8
3099.406, 190851.6
3101.334, 191061.9
3103.263, 191308.7
3105.191, 191363.9
3107.120, 191347.7
3109.048, 191314.2
3110.977, 191239.2
3112.905, 191085.7
3114.834, 190990.3
3116.762, 190993.7
3118.691, 191066.5
3120.619, 191228.3
3122.548, 191201.3
3124.476, 191002.6
3126.405, 190958.6
3128.333, 191028.8
3130.261, 191038.5
3132.190, 191005.7
3134.118, 190909.0
3136.047, 190858.1
3137.975, 191085.5
3139.904, 191249.4
3141.832, 190990.8
3143.761, 190827.3
3145.689, 191081.6
3147.618, 191245.9
3149.546, 191146.7
3151.475, 191098.3
3153.403, 191131.8
3155.332, 191072.8
3157.260, 190908.5
3159.188, 190876.4
3161.117, 190957.6
3163.045, 191145.9
3164.974, 191301.1
3166.902, 191086.4
3168.831, 190805.4
3170.759, 190797.4
3172.688, 190873.9
3174.616, 190980.4
3176.545, 191032.5
3178.473, 190953.7
3180.402, 190894.5
3182.330, 190866.8
3184.259, 190918.0
3186.187, 191072.2
3188.115, 191157.6
3190.044, 191174.2
3191.972, 191114.1
3193.901, 191012.0
3195.829, 190932.1
3197.758, 190885.8
3199.686, 190912.2
3201.615, 190947.2
3203.543, 190909.8
3205.472, 190925.6
3207.400, 191152.4
3209.329, 191220.1
3211.257, 191017.6
3213.186, 190977.4
3215.114, 191208.6
3217.042, 191216.9
3218.971, 191026.2
3220.899, 190911.4
3222.828, 190874.8
3224.756, 190963.2
3226.685, 191065.9
3228.613, 191019.6
3230.542, 190951.0
3232.470, 190913.3
3234.399, 190926.9
3236.327, 191123.1
3238.256, 191088.1
3240.184, 190733.2
3242.113, 190478.0
3244.041, 190368.8
3245.969, 190367.0
3247.898, 190447.7
3249.826, 190533.9
3251.755, 190577.4
3253.683, 190471.7
3255.612, 190316.9
3257.540, 190124.9
3259.469, 190058.2
3261.397, 190268.7
3263.326, 190494.0
3265.254, 190735.3
3267.183, 190753.4
3269.111, 190523.2
3271.040, 190264.6
3272.968, 190015.1
3274.896, 189966.4
3276.825, 190041.1
3278.753, 190150.7
3280.682, 190217.9
3282.610, 190128.9
3284.539, 190027.9
3286.467, 189963.6
3288.396, 189941.8
3290.324, 190015.9
3292.253, 189998.9
3294.181, 189886.8
3296.110, 189836.7
3298.038, 189855.8
3299.967, 189981.0
3301.895, 190131.1
3303.823, 190188.7
3305.752, 190153.8
3307.680, 189969.9
3309.609, 189774.8
3311.537, 189570.7
3313.466, 189542.0
3315.394, 189802.0
3317.323, 189864.4
3319.251, 189712.9
3321.180, 189763.2
3323.108, 189892.5
3325.037, 189721.4
3326.965, 189454.4
3328.894, 189311.0
3330.822, 189265.5
3332.750, 189367.7
3334.679, 189444.7
3336.607, 189456.2
3338.536, 189429.2
3340.464, 189366.1
3342.393, 189146.3
3344.321, 188836.9
3346.250, 188847.9
3348.178, 188990.6
3350.107, 188991.6
3352.035, 188953.5
3353.964, 188929.2
3355.892, 188955.1
3357.821, 189109.0
3359.749, 189068.3
3361.677, 188724.2
3363.606, 188538.0
3365.534, 188492.5
3367.463, 188463.6
3369.391, 188460.5
3371.320, 188589.8
3373.248, 188637.6
3375.177, 188290.7
3377.105, 188091.9
3379.034, 188402.7
3380.962, 188478.8
3382.891, 188222.5
3384.819, 188161.0
3386.748, 188275.5
3388.676, 188275.4
3390.604, 188208.3
3392.533, 188160.1
3394.461, 188086.7
3396.390, 187958.0
3398.318, 187770.1
3400.247, 187474.7
3402.175, 187289.6
3404.104, 187240.5
3406.032, 187339.5
3407.961, 187516.5
3409.889, 187472.8
3411.818, 187363.5
3413.746, 187464.6
3415.675, 187534.9
3417.603, 187353.3
3419.531, 187275.1
3421.460, 187446.8
3423.388, 187370.6
3425.317, 187030.1
3427.245, 186928.4
3429.174, 186980.3
3431.102, 186924.2
3433.031, 186865.6
3434.959, 186981.3
3436.888, 186979.9
3438.816, 186665.6
3440.745, 186530.2
3442.673, 186719.0
3444.602, 186697.2
3446.530, 186512.6
3448.458, 186593.8
3450.387, 186695.6
3452.315, 186335.5
3454.244, 186045.1
3456.172, 186188.5
3458.101, 186301.0
3460.029, 186231.5
3461.958, 186106.8
3463.886, 185934.7
3465.815, 185791.5
3467.743, 185664.0
3469.672, 185496.9
3471.600, 185365.6
3473.529, 185297.5
3475.457, 185347.9
3477.385, 185680.8
3479.314, 185589.5
3481.242, 185043.1
3483.171, 184789.8
3485.099, 184779.8
3487.028, 184912.6
3488.956, 185045.6
3490.885, 185109.1
3492.813, 184988.1
3494.742, 184567.2
3496.670, 184331.1
3498.599, 184387.2
3500.527, 184260.4
3502.456, 184020.3
3504.384, 183890.6
3506.313, 183828.3
3508.241, 183821.5
3510.169, 183822.6
3512.098, 183836.8
3514.026, 183758.8
3515.955, 183559.2
3517.883, 183332.5
3519.812, 183174.9
3521.740, 183501.8
3523.669, 183815.6
3525.597, 183425.9
3527.526, 183127.7
3529.454, 183331.5
3531.383, 183451.0
3533.311, 183443.8
3535.240, 182912.5
3537.168, 182215.4
3539.096, 182449.3
3541.025, 182843.2
3542.953, 182729.5
3544.882, 182560.3
3546.810, 182504.8
3548.739, 182370.4
3550.667, 182157.7
3552.596, 182031.5
3554.524, 181951.6
3556.453, 181855.5
3558.381, 181703.8
3560.310, 181388.6
3562.238, 181177.9
3564.167, 181133.0
3566.095, 181078.6
3568.023, 181013.5
3569.952, 181097.3
3571.880, 181176.3
3573.809, 180959.3
3575.737, 180802.4
3577.666, 181021.6
3579.594, 180953.2
3581.523, 180463.0
3583.451, 180336.9
3585.380, 180464.6
3587.308, 180405.5
3589.237, 180266.5
3591.165, 180114.7
3593.094, 179961.3
3595.022, 179794.3
3596.950, 179750.8
3598.879, 179826.8
3600.807, 179577.8
3602.736, 179237.6
3604.664, 179267.1
3606.593, 179240.8
3608.521, 178851.7
3610.450, 178597.8
3612.378, 178620.5
3614.307, 178637.4
3616.235, 178639.0
3618.164, 178659.2
3620.092, 178565.6
3622.021, 178076.5
3623.949, 177714.5
3625.877, 177654.5
3627.806, 177687.0
3629.734, 177779.7
3631.663, 177809.1
3633.591, 177766.2
3635.520, 177579.9
3637.448, 177410.4
3639.377, 177348.1
3641.305, 177240.8
3643.234, 177068.8
3645.162, 177007.3
3647.091, 176965.3
3649.019, 176665.0
3650.948, 176431.0
3652.876, 176510.5
3654.804, 176542.3
3656.733, 176456.7
3658.661, 176177.9
3660.590, 175813.5
3662.518, 175667.6
3664.447, 175670.1
3666.375, 175836.8
3668.304, 175918.4
3670.232, 175824.6
3672.161, 175606.1
3674.089, 175326.2
3676.018, 175301.7
3677.946, 175309.4
3679.875, 175086.9
3681.803, 174830.2
3683.731, 174542.9
3685.660, 174472.7
3687.588, 174558.8
3689.517, 174379.4
3691.445, 174132.1
3693.374, 174129.1
3695.302, 174084.5
3697.231, 173829.5
3699.159, 173638.3
3701.088, 173527.2
3703.016, 173584.3
3704.945, 173675.1
3706.873, 173627.6
3708.802, 173490.6
3710.730, 173236.6
3712.658, 173009.9
3714.587, 172822.5
3716.515, 172723.0
3718.444, 172657.2
3720.372, 172536.1
3722.301, 172437.8
3724.229, 172407.9
3726.158, 172383.8
3728.086, 172350.2
3730.015, 172191.8
3731.943, 171981.4
3733.872, 171757.5
3735.800, 171651.0
3737.729, 171809.1
3739.657, 171751.1
3741.585, 171497.9
3743.514, 171408.4
3745.442, 171371.0
3747.371, 171285.3
3749.299, 171091.4
3751.228, 170678.6
3753.156, 170538.8
3755.085, 170614.0
3757.013, 170481.6
3758.942, 170264.0
3760.870, 170073.6
3762.799, 169890.3
3764.727, 169694.6
3766.656, 169605.0
3768.584, 169583.7
3770.512, 169493.2
3772.441, 169355.3
3774.369, 169141.8
3776.298, 169001.7
3778.226, 168979.6
3780.155, 169070.7
3782.083, 169159.5
3784.012, 168931.8
3785.940, 168619.8
3787.869, 168306.4
3789.797, 168210.3
3791.726, 168386.3
3793.654, 168311.2
3795.583, 168104.6
3797.511, 167967.2
3799.439, 167806.7
3801.368, 167584.9
3803.296, 167306.3
3805.225, 167003.9
3807.153, 167018.5
3809.082, 167107.1
3811.010, 167020.9
3812.939, 166850.4
3814.867, 166614.5
3816.796, 166411.2
3818.724, 166258.2
3820.653, 166260.4
3822.581, 166245.1
3824.510, 166070.1
3826.438, 165857.2
3828.366, 165629.1
3830.295, 165543.7
3832.223, 165519.9
3834.152, 165438.3
3836.080, 165301.8
3838.009, 165094.7
3839.937, 164846.4
3841.866, 164594.4
3843.794, 164589.3
3845.723, 164555.5
3847.651, 164177.1
3849.580, 163689.0
3851.508, 163356.0
3853.437, 163210.0
3855.365, 163129.5
3857.293, 162870.1
3859.222, 162553.2
3861.150, 162222.6
3863.079, 161912.3
3865.007, 161604.8
3866.936, 161116.5
3868.864, 160668.8
3870.793, 160545.1
3872.721, 160402.3
3874.650, 160167.3
3876.578, 159846.4
3878.507, 159496.7
3880.435, 159314.9
3882.364, 158973.3
3884.292, 158252.6
3886.220, 157920.9
3888.149, 157928.3
3890.077, 157342.2
3892.006, 156715.4
3893.934, 156622.1
3895.863, 156494.6
3897.791, 156237.6
3899.720, 155890.1
3901.648, 155525.1
3903.577, 155291.7
3905.505, 155048.5
3907.434, 154761.5
3909.362, 154362.1
3911.291, 153889.6
3913.219, 153590.4
3915.147, 153308.0
3917.076, 152880.9
3919.004, 152556.0
3920.933, 152341.1
3922.861, 152085.5
3924.790, 151827.1
3926.718, 151594.0
3928.647, 151339.2
3930.575, 151067.4
3932.504, 150783.2
3934.432, 150429.3
3936.361, 150072.9
3938.289, 149727.9
3940.218, 149343.3
3942.146, 148948.4
3944.074, 148581.8
3946.003, 148457.8
3947.931, 148365.9
3949.860, 148252.4
3951.788, 148029.3
3953.717, 147639.6
3955.645, 147099.2
3957.574, 146624.7
3959.502, 146426.2
3961.431, 146278.2
3963.359, 146095.3
3965.288, 145743.0
3967.216, 145350.4
3969.145, 145021.2
3971.073, 144730.8
3973.001, 144396.6
3974.930, 144094.8
3976.858, 143859.2
3978.787, 143528.9
3980.715, 143252.3
3982.644, 143059.7
3984.572, 142794.9
3986.501, 142534.7
3988.429, 142367.2
3990.358, 142045.1
3992.286, 141631.5
3994.215, 141318.2
3996.143, 141061.4
3998.072, 140715.9
4000.000, 140318.3
4001.928, 139988.3
4003.857, 139795.6
4005.785, 139758.0
4007.714, 139552.4
4009.642, 139171.3
4011.571, 138731.0
4013.499, 138450.5
4015.428, 138269.3
4017.356, 138023.2
4019.285, 137809.4
4021.213, 137611.0
4023.142, 137343.5
4025.070, 136905.6
4026.999, 136673.0
4028.927, 136529.6
4030.855, 136040.0
4032.784, 135650.2
4034.712, 135558.6
4036.641, 135321.1
4038.569, 134934.7
4040.498, 134705.9
4042.426, 134465.3
4044.355, 134106.4
4046.283, 133957.1
4048.212, 133855.4
4050.140, 133560.4
4052.069, 133296.9
4053.997, 133024.9
4055.926, 132738.5
4057.854, 132514.3
4059.782, 132262.6
4061.711, 131923.8
4063.639, 131540.0
4065.568, 131373.6
4067.496, 131266.0
4069.425, 131000.3
4071.353, 130621.7
4073.282, 130242.1
4075.210, 130102.7
4077.139, 129997.3
4079.067, 129671.1
4080.996, 129388.9
4082.924, 129259.8
4084.853, 129011.6
4086.781, 128771.5
4088.709, 128797.1
4090.638, 128494.8
4092.566, 127871.4
4094.495, 127599.0
4096.423, 127459.8
4098.352, 127226.0
4100.280, 126961.5
4102.208, 126732.1
4104.137, 126440.1
4106.065, 126153.9
4107.994, 125917.4
4109.922, 125680.6
4111.851, 125457.7
4113.779, 125265.3
4115.708, 125020.5
4117.636, 124595.2
4119.565, 124361.1
4121.493, 124362.0
4123.422, 124096.0
4125.350, 123735.6
4127.279, 123423.9
4129.207, 123175.0
4131.136, 122972.4
4133.064, 122881.2
4134.993, 122775.2
4136.921, 122430.0
4138.850, 122150.7
4140.778, 121963.9
4142.707, 121651.3
4144.635, 121311.8
4146.563, 120987.8
4148.492, 120695.5
4150.420, 120463.0
4152.349, 120277.4
4154.277, 120118.1
4156.206, 120023.3
4158.134, 119823.2
4160.063, 119447.7
4161.991, 119184.2
4163.919, 118997.5
4165.848, 118742.9
4167.776, 118474.9
4169.705, 118211.2
4171.633, 118146.5
4173.562, 118095.8
4175.490, 117679.8
4177.419, 117356.9
4179.347, 117238.3
4181.276, 117010.7
4183.204, 116780.1
4185.133, 116745.0
4187.061, 116638.9
4188.990, 116317.6
4190.918, 115945.9
4192.847, 115644.9
4194.775, 115490.4
4196.704, 115283.5
4198.632, 115036.1
4200.561, 114741.5
4202.489, 114444.3
4204.417, 114278.5
4206.346, 114153.1
4208.274, 114048.4
4210.203, 113914.3
4212.131, 113723.4
4214.060, 113342.0
4215.988, 113053.2
4217.917, 112944.6
4219.845, 112762.8
4221.773, 112518.0
4223.702, 112262.8
4225.630, 112054.3
4227.559, 111893.9
4229.487, 111826.3
4231.416, 111730.6
4233.344, 111441.2
4235.273, 111221.5
4237.201, 111076.2
4239.130, 110904.3
4241.058, 110664.0
4242.987, 110286.8
4244.915, 110149.7
4246.844, 110124.4
4248.772, 110115.9
4250.701, 110123.6
4252.629, 110217.5
4254.558, 109943.9
4256.486, 109567.9
4258.415, 109676.8
4260.343, 109796.3
4262.271, 109772.6
4264.200, 109671.6
4266.128, 109553.1
4268.057, 109503.6
4269.985, 109473.9
4271.914, 109451.4
4273.842, 109294.5
4275.771, 109111.4
4277.699, 108997.9
4279.627, 108943.6
4281.556, 108934.1
4283.484, 108875.0
4285.413, 108806.9
4287.341, 108773.9
4289.270, 108686.2
4291.198, 108551.4
4293.127, 108307.9
4295.055, 108261.6
4296.984, 108689.1
4298.912, 108658.0
4300.841, 108369.5
4302.769, 108116.2
4304.698, 107954.3
4306.626, 107899.3
4308.555, 108082.1
4310.483, 108224.6
4312.412, 107979.0
4314.340, 107778.1
4316.269, 107668.1
4318.197, 107518.6
4320.125, 107470.1
4322.054, 107663.6
4323.982, 107588.9
4325.911, 107362.8
4327.839, 107396.1
4329.768, 107413.3
4331.696, 107329.0
4333.625, 107112.9
4335.553, 106892.0
4337.481, 106809.6
4339.410, 106834.8
4341.338, 106931.3
4343.267, 106924.5
4345.195, 106847.5
4347.124, 106705.7
4349.052, 106643.4
4350.981, 106630.4
4352.909, 106547.5
4354.838, 106480.3
4356.766, 106459.7
4358.695, 106243.2
4360.623, 106046.0
4362.552, 106224.6
4364.480, 106271.1
4366.409, 106128.9
4368.337, 106042.0
4370.266, 105902.2
4372.194, 105515.4
4374.123, 105547.1
4376.051, 105750.2
4377.979, 105389.3
4379.908, 105177.7
4381.836, 105352.1
4383.765, 105514.0
4385.693, 105588.1
4387.622, 105478.6
4389.550, 105305.4
4391.479, 105093.6
4393.407, 104840.9
4395.335, 104657.7
4397.264, 104593.3
4399.192, 104542.0
4401.121, 104507.7
4403.049, 104540.0
4404.978, 104471.3
4406.906, 104317.1
4408.835, 104318.0
4410.763, 104395.8
4412.692, 104542.2
4414.620, 104445.1
4416.549, 104209.0
4418.477, 104032.2
4420.406, 103927.4
4422.334, 103894.5
4424.263, 103763.4
4426.191, 103673.3
4428.120, 103766.3
4430.048, 103848.1
4431.977, 103879.0
4433.905, 103780.6
4435.833, 103610.3
4437.762, 103389.0
4439.690, 103407.0
4441.619, 103430.2
4443.547, 103247.8
4445.476, 103149.2
4447.404, 103108.1
4449.333, 102967.4
4451.261, 102823.3
4453.189, 102709.3
4455.118, 102804.2
4457.046, 102845.0
4458.975, 102463.5
4460.903, 102401.6
4462.832, 102522.2
4464.760, 102196.3
4466.689, 102050.0
4468.617, 102281.0
4470.546, 102251.6
4472.474, 102142.1
4474.403, 102097.8
4476.331, 101928.1
4478.260, 101724.5
4480.188, 101790.7
4482.117, 101765.5
4484.045, 101582.4
4485.974, 101557.1
4487.902, 101529.5
4489.831, 101334.0
4491.759, 101234.5
4493.688, 101191.5
4495.616, 101068.9
4497.544, 101104.4
4499.473, 101301.7
4501.401, 101079.4
4503.330, 100806.5
4505.258, 100658.7
4507.187, 100761.9
4509.115, 100939.4
4511.043, 101005.8
4512.972, 100858.9
4514.900, 100558.8
4516.829, 100355.2
4518.757, 100269.9
4520.686, 100346.9
4522.614, 100223.9
4524.543, 100059.9
4526.471, 100015.3
4528.400, 99868.48
4530.328, 99707.29
4532.257, 99911.38
4534.185, 99847.16
4536.114, 99460.45
4538.042, 99417.36
4539.971, 99514.73
4541.899, 99672.22
4543.828, 99636.64
4545.756, 99472.19
4547.685, 99202.12
4549.613, 99118.85
4551.542, 99173.97
4553.470, 99000.24
4555.398, 98891.91
4557.327, 98923.13
4559.255, 98838.37
4561.184, 98725.16
4563.112, 98607.09
4565.041, 98829.91
4566.969, 99068.13
4568.897, 98606.38
4570.826, 98334.30
4572.754, 98317.34
4574.683, 98156.88
4576.611, 98172.63
4578.540, 98442.38
4580.468, 98296.30
4582.397, 98058.58
4584.325, 98005.73
4586.254, 97965.52
4588.182, 97914.32
4590.111, 97834.82
4592.039, 97716.09
4593.968, 97560.48
4595.896, 97306.26
4597.825, 97255.25
4599.753, 97459.21
4601.682, 97336.85
4603.610, 97152.78
4605.539, 97121.63
4607.467, 97048.80
4609.396, 96961.31
4611.324, 96912.68
4613.252, 96845.99
4615.181, 96757.77
4617.109, 96661.55
4619.038, 96518.36
4620.966, 96353.45
4622.895, 96472.27
4624.823, 96525.25
4626.751, 96257.95
4628.680, 96188.16
4630.608, 96176.31
4632.537, 96099.40
4634.465, 95950.66
4636.394, 95824.16
4638.322, 95978.05
4640.251, 95858.59
4642.179, 95533.66
4644.108, 95659.63
4646.036, 95683.73
4647.965, 95433.25
4649.893, 95431.98
4651.822, 95425.16
4653.750, 95279.62
4655.679, 95346.90
4657.607, 95375.07
4659.536, 95028.04
4661.464, 94787.58
4663.393, 94685.51
4665.321, 94790.78
4667.250, 94771.71
4669.178, 94625.07
4671.106, 94487.26
4673.035, 94390.81
4674.963, 94348.20
4676.892, 94458.44
4678.820, 94427.48
4680.749, 94071.40
4682.677, 93987.92
4684.605, 93992.50
4686.534, 93956.93
4688.462, 93965.16
4690.391, 93931.52
4692.319, 93724.31
4694.248, 93485.23
4696.176, 93288.86
4698.105, 93275.78
4700.033, 93326.36
4701.962, 93379.57
4703.890, 93292.77
4705.819, 93181.16
4707.747, 93071.53
4709.676, 92840.97
4711.604, 92702.64
4713.533, 92750.90
4715.461, 92810.14
4717.390, 92788.29
4719.318, 92634.59
4721.247, 92273.81
4723.175, 91989.44
4725.104, 92172.99
4727.032, 92131.63
4728.960, 91928.18
4730.889, 91630.52
4732.817, 91725.49
4734.746, 91989.02
4736.674, 91773.57
4738.603, 91574.52
4740.531, 91477.13
4742.459, 91488.10
4744.388, 91384.79
4746.316, 91147.77
4748.245, 90918.84
4750.173, 90842.58
4752.102, 90976.95
4754.030, 90858.86
4755.959, 90758.62
4757.887, 90807.15
4759.816, 90594.35
4761.744, 90408.06
4763.673, 90526.99
4765.601, 90595.05
4767.530, 90449.75
4769.458, 89851.30
4771.387, 89824.44
4773.315, 90029.50
4775.244, 89915.45
4777.172, 89854.20
4779.101, 89815.75
4781.029, 89666.05
4782.958, 89580.16
4784.886, 89515.71
4786.814, 89282.34
4788.743, 89097.91
4790.671, 89008.27
4792.600, 89076.74
4794.528, 89073.44
4796.457, 88970.68
4798.385, 88861.12
4800.313, 88813.11
4802.242, 88817.05
4804.170, 88600.91
4806.099, 88391.62
4808.027, 88272.12
4809.956, 88285.75
4811.884, 88284.46
4813.813, 88200.72
4815.741, 87966.88
4817.670, 87824.14
4819.598, 87893.30
4821.527, 87799.10
4823.455, 87636.72
4825.384, 87469.09
4827.312, 87319.55
4829.241, 87213.59
4831.169, 87174.48
4833.098, 87036.77
4835.026, 86938.79
4836.955, 87063.37
4838.883, 86940.38
4840.812, 86757.45
4842.740, 86706.55
4844.668, 86617.19
4846.597, 86500.98
4848.525, 86391.62
4850.454, 86243.48
4852.382, 86070.16
4854.311, 85865.29
4856.239, 85913.95
4858.167, 85999.07
4860.096, 85782.07
4862.024, 85578.40
4863.953, 85437.34
4865.881, 85401.93
4867.810, 85386.12
4869.738, 85355.48
4871.667, 85296.80
4873.595, 85105.76
4875.524, 84876.28
4877.452, 84769.85
4879.381, 84643.55
4881.309, 84546.86
4883.238, 84678.48
4885.166, 84491.76
4887.095, 84191.03
4889.023, 84184.52
4890.952, 84371.52
4892.880, 84486.88
4894.809, 84005.02
4896.737, 83836.38
4898.666, 83898.40
4900.594, 83960.44
4902.522, 83861.12
4904.451, 83683.45
4906.379, 83578.68
4908.308, 83512.77
4910.236, 83417.61
4912.165, 83152.68
4914.093, 83036.17
4916.021, 82996.60
4917.950, 82876.48
4919.878, 82947.48
4921.807, 82985.19
4923.735, 82529.51
4925.664, 82339.79
4927.592, 82306.56
4929.521, 82244.63
4931.449, 82204.16
4933.378, 82124.41
4935.306, 81904.56
4937.235, 81864.68
4939.163, 81839.32
4941.092, 81588.84
4943.020, 81553.85
4944.949, 81585.63
4946.877, 81540.27
4948.806, 81400.53
4950.734, 81222.36
4952.663, 81013.66
4954.591, 81081.95
4956.520, 81118.59
4958.448, 80922.60
4960.376, 80845.94
4962.305, 80721.06
4964.233, 80438.30
4966.162, 80121.68
4968.090, 80021.73
4970.019, 80255.63
4971.947, 79990.13
4973.875, 79779.30
4975.804, 79822.68
4977.732, 79962.05
4979.661, 79905.59
4981.589, 79600.40
4983.518, 79476.48
4985.446, 79184.94
4987.375, 78791.82
4989.303, 79075.52
4991.232, 79105.90
4993.160, 78834.87
4995.089, 78777.27
4997.017, 78667.20
4998.946, 78532.19
5000.874, 78595.58
5002.803, 78388.24
5004.731, 78074.75
5006.660, 78064.60
5008.588, 77916.30
5010.517, 77763.38
5012.445, 77842.66
5014.374, 77749.48
5016.302, 77644.83
5018.230, 77715.29
5020.159, 77510.22
5022.087, 77288.42
5024.016, 77281.32
5025.944, 77103.70
5027.873, 76910.81
5029.801, 76780.88
5031.729, 76774.55
5033.658, 76701.58
5035.586, 76520.45
5037.515, 76464.09
5039.443, 76376.08
5041.372, 76246.62
5043.300, 76243.78
5045.229, 76068.80
5047.157, 75829.76
5049.086, 75928.41
5051.014, 75891.18
5052.943, 75756.83
5054.871, 75678.59
5056.800, 75454.90
5058.728, 75280.91
5060.657, 75366.68
5062.585, 75154.95
5064.514, 74895.39
5066.442, 74781.64
5068.371, 74776.08
5070.299, 74703.36
5072.228, 74502.54
5074.156, 74337.14
5076.084, 74225.09
5078.013, 74156.25
5079.941, 74102.35
5081.870, 73989.16
5083.798, 73815.20
5085.727, 73549.07
5087.655, 73526.71
5089.583, 73596.19
5091.512, 73519.09
5093.440, 73392.06
5095.369, 73251.05
5097.297, 73123.81
5099.226, 72905.25
5101.154, 72721.02
5103.083, 72621.24
5105.011, 72472.84
5106.940, 72266.49
5108.868, 72064.93
5110.797, 72153.78
5112.725, 72162.10
5114.654, 72012.98
5116.582, 71588.05
5118.511, 71611.79
5120.439, 71759.15
5122.368, 71578.54
5124.296, 71437.86
5126.225, 71327.90
5128.153, 71225.13
5130.082, 70973.09
5132.010, 70884.85
5133.938, 71001.88
5135.867, 70768.15
5137.795, 70565.73
5139.724, 70468.09
5141.652, 70456.98
5143.581, 70468.02
5145.509, 70438.32
5147.438, 70276.82
5149.366, 70218.17
5151.294, 70041.13
5153.223, 69636.22
5155.151, 69848.95
5157.080, 69907.41
5159.008, 69614.98
5160.937, 69672.38
5162.865, 69640.44
5164.794, 69495.95
5166.722, 69396.09
5168.651, 69325.89
5170.579, 69218.05
5172.508, 69003.32
5174.436, 68851.26
5176.365, 68760.95
5178.293, 68720.84
5180.222, 68551.50
5182.150, 68534.45
5184.079, 68606.67
5186.007, 68260.58
5187.936, 68113.05
5189.864, 68076.80
5191.792, 67852.08
5193.721, 68072.88
5195.649, 68194.97
5197.578, 67816.01
5199.506, 67793.49
5201.435, 67757.72
5203.363, 67601.58
5205.292, 67376.58
5207.220, 67211.20
5209.148, 67086.63
5211.077, 66892.69
5213.005, 67057.76
5214.934, 67107.03
5216.862, 66701.89
5218.791, 66452.31
5220.719, 66415.92
5222.648, 66504.43
5224.576, 66345.35
5226.505, 66226.84
5228.433, 66184.46
5230.362, 66270.10
5232.290, 65975.32
5234.219, 65718.23
5236.147, 65761.25
5238.076, 65755.12
5240.004, 65592.63
5241.933, 65343.66
5243.861, 65307.71
5245.790, 65270.49
5247.718, 65178.32
5249.646, 64976.67
5251.575, 64927.08
5253.503, 64815.70
5255.432, 64575.53
5257.360, 64583.99
5259.289, 64510.50
5261.217, 64350.38
5263.146, 64295.04
5265.074, 64011.12
5267.002, 63788.50
5268.931, 63902.29
5270.859, 63894.56
5272.788, 63866.84
5274.716, 63811.02
5276.645, 63481.04
5278.573, 63410.91
5280.502, 63440.29
5282.430, 63258.78
5284.359, 63187.02
5286.287, 63088.37
5288.216, 62901.86
5290.144, 62730.56
5292.073, 62687.99
5294.001, 62664.40
5295.930, 62408.40
5297.858, 62356.69
5299.787, 62275.04
5301.715, 61985.27
5303.644, 61923.19
5305.572, 61873.77
5307.500, 61815.66
5309.429, 61905.73
5311.357, 61608.44
5313.286, 61308.14
5315.214, 61350.39
5317.143, 61354.19
5319.071, 61341.80
5321.000, 61275.41
5322.928, 60911.51
5324.856, 60827.29
5326.785, 60833.93
5328.713, 60686.68
5330.642, 60554.56
5332.570, 60517.96
5334.499, 60527.64
5336.427, 60347.01
5338.356, 60064.49
5340.284, 59863.49
5342.213, 59943.54
5344.141, 59937.02
5346.070, 59853.94
5347.998, 59710.12
5349.927, 59508.46
5351.855, 59489.95
5353.784, 59468.43
5355.712, 59235.84
5357.641, 59116.43
5359.569, 59030.82
5361.498, 58927.02
5363.426, 58740.54
5365.354, 58610.25
5367.283, 58515.26
5369.211, 58420.52
5371.140, 58304.61
5373.068, 58271.63
5374.997, 58262.43
5376.925, 58035.85
5378.854, 57758.45
5380.782, 57620.98
5382.710, 57755.77
5384.639, 57688.78
5386.567, 57481.62
5388.496, 57275.90
5390.424, 57325.41
5392.353, 57335.45
5394.281, 57155.00
5396.210, 56810.73
5398.138, 56988.77
5400.067, 57030.64
5401.995, 56891.07
5403.924, 56668.68
5405.852, 56700.79
5407.781, 56688.89
5409.709, 56485.96
5411.638, 55987.94
5413.566, 55835.23
5415.495, 55852.70
5417.423, 55772.45
5419.352, 55719.89
5421.280, 55594.41
5423.208, 55404.09
5425.137, 55230.17
5427.065, 55183.50
5428.994, 55138.00
5430.922, 55025.44
5432.851, 55073.86
5434.779, 55084.14
5436.708, 54990.18
5438.636, 54765.82
5440.564, 54582.63
5442.493, 54455.80
5444.421, 54361.49
5446.350, 54197.79
5448.278, 54193.46
5450.207, 54198.16
5452.135, 54083.04
5454.064, 53915.50
5455.992, 53781.88
5457.921, 53665.04
5459.849, 53506.78
5461.778, 53369.22
5463.706, 53303.25
5465.635, 53266.81
5467.563, 53002.36
5469.492, 53025.37
5471.420, 53041.40
5473.349, 52793.10
5475.277, 52575.36
5477.206, 52487.89
5479.134, 52449.97
5481.063, 52315.10
5482.991, 52304.28
5484.919, 52262.32
5486.848, 52155.98
5488.776, 52077.88
5490.705, 51921.32
5492.633, 51806.30
5494.562, 51785.27
5496.490, 51610.14
5498.418, 51451.76
5500.347, 51338.04
5502.275, 51262.37
5504.204, 51265.21
5506.132, 51125.43
5508.061, 50893.11
5509.989, 50766.55
5511.918, 50673.35
5513.846, 50551.66
5515.775, 50421.91
5517.703, 50480.75
5519.632, 50306.44
5521.560, 50130.01
5523.489, 50118.98
5525.417, 50061.90
5527.346, 50016.14
5529.274, 49845.25
5531.203, 49407.86
5533.131, 49487.21
5535.060, 49548.04
5536.988, 49459.69
5538.917, 49252.89
5540.845, 49400.77
5542.773, 49425.25
5544.702, 49213.35
5546.630, 48956.13
5548.559, 48818.51
5550.487, 48795.47
5552.416, 48825.29
5554.344, 48679.48
5556.272, 48451.96
5558.201, 48243.41
5560.129, 48129.89
5562.058, 48264.36
5563.986, 48239.60
5565.915, 48039.04
5567.843, 47757.39
5569.772, 47853.56
5571.700, 47724.02
5573.629, 47472.03
5575.557, 47415.81
5577.486, 47251.88
5579.414, 47117.59
5581.343, 47035.95
5583.271, 46966.13
5585.200, 46915.48
5587.128, 46876.30
5589.057, 46827.44
5590.985, 46729.13
5592.914, 46674.73
5594.842, 46539.59
5596.771, 46315.23
5598.699, 46130.88
5600.627, 46035.46
5602.556, 46056.43
5604.484, 46126.68
5606.413, 45878.72
5608.341, 45838.72
5610.270, 45764.68
5612.198, 45527.47
5614.126, 45417.98
5616.055, 45361.84
5617.983, 45341.96
5619.912, 45320.80
5621.840, 45083.27
5623.769, 44874.69
5625.697, 44790.32
5627.626, 44828.76
5629.554, 44722.04
5631.483, 44758.11
5633.411, 44746.16
5635.340, 44519.45
5637.268, 44380.99
5639.197, 44120.55
5641.125, 43883.22
5643.054, 43816.20
5644.982, 43628.27
5646.911, 43624.68
5648.839, 43700.66
5650.768, 43695.10
5652.696, 43504.47
5654.625, 43369.39
5656.553, 43336.28
5658.481, 43368.26
5660.410, 43180.25
5662.338, 43061.34
5664.267, 43037.90
5666.195, 43059.08
5668.124, 42900.05
5670.052, 42824.82
5671.980, 42718.77
5673.909, 42462.43
5675.837, 42442.67
5677.766, 42239.67
5679.694, 42037.12
5681.623, 42024.27
5683.551, 41986.92
5685.480, 41826.39
5687.408, 41651.26
5689.337, 41569.59
5691.265, 41685.82
5693.194, 41599.90
5695.122, 41439.46
5697.051, 41331.79
5698.979, 41255.62
5700.908, 41234.27
5702.836, 41135.34
5704.765, 40939.89
5706.693, 40893.95
5708.622, 40835.35
5710.550, 40706.97
5712.479, 40568.55
5714.407, 40729.26
5716.335, 40554.75
5718.264, 40379.05
5720.192, 40262.97
5722.121, 39955.20
5724.049, 40029.40
5725.978, 39969.97
5727.906, 39734.79
5729.834, 39573.70
5731.763, 39623.21
5733.691, 39607.41
5735.620, 39492.61
5737.548, 39351.04
5739.477, 39439.09
5741.405, 39299.81
5743.334, 39099.53
5745.262, 39080.31
5747.191, 39215.18
5749.119, 38902.12
5751.048, 38723.09
5752.976, 38990.96
5754.905, 38660.35
5756.833, 38424.67
5758.762, 38375.91
5760.690, 38414.64
5762.619, 38235.89
5764.547, 38345.24
5766.476, 38268.50
5768.404, 37981.79
5770.333, 37804.06
5772.261, 37821.71
5774.189, 37829.20
5776.118, 37794.23
5778.046, 37739.77
5779.975, 37468.02
5781.903, 37275.95
5783.832, 37226.00
5785.760, 37283.34
5787.688, 37319.94
5789.617, 37053.20
5791.545, 36890.19
5793.474, 36948.86
5795.402, 36849.36
5797.331, 36566.36
5799.259, 36437.80
5801.188, 36476.57
5803.116, 36500.05
5805.045, 36415.04
5806.973, 36423.23
5808.902, 36311.46
5810.830, 35894.46
5812.759, 36046.73
5814.687, 35871.50
5816.616, 35647.05
5818.544, 35594.93
5820.473, 35581.27
5822.401, 35476.02
5824.330, 35479.13
5826.258, 35500.63
5828.187, 35298.79
5830.115, 35000.54
5832.043, 34910.86
5833.972, 35012.79
5835.900, 35158.65
5837.829, 34908.19
5839.757, 34739.62
5841.686, 34741.16
5843.614, 34785.11
5845.542, 34493.76
5847.471, 34375.22
5849.399, 34273.59
5851.328, 34225.12
5853.256, 34332.98
5855.185, 34076.11
5857.113, 33865.11
5859.042, 33819.48
5860.970, 33878.34
5862.899, 33748.30
5864.827, 33662.12
5866.756, 33626.89
5868.684, 33555.18
5870.613, 33342.55
5872.541, 33379.82
5874.470, 33313.71
5876.398, 33199.51
5878.327, 33135.34
5880.255, 33131.96
5882.184, 33065.52
5884.112, 32904.32
5886.041, 32740.43
5887.969, 32699.04
5889.897, 32782.06
5891.826, 32614.68
5893.754, 32397.41
5895.683, 32295.07
5897.611, 32205.57
5899.540, 32265.07
5901.468, 32205.73
5903.396, 32036.71
5905.325, 31910.82
5907.253, 32025.51
5909.182, 31949.96
5911.110, 31849.44
5913.039, 31823.76
5914.967, 31742.73
5916.896, 31645.94
5918.824, 31459.23
5920.753, 31280.98
5922.681, 31219.57
5924.610, 31194.35
5926.538, 31187.63
5928.467, 31110.15
5930.395, 30982.80
5932.324, 30924.66
5934.252, 30941.61
5936.181, 30734.80
5938.109, 30596.87
5940.038, 30680.35
5941.966, 30587.53
5943.895, 30444.16
5945.823, 30321.87
5947.751, 30284.35
5949.680, 30348.57
5951.608, 30036.16
5953.537, 30063.25
5955.465, 30076.34
5957.394, 29917.93
5959.322, 29715.46
5961.250, 29707.01
5963.179, 29684.18
5965.107, 29625.85
5967.036, 29528.82
5968.964, 29329.34
5970.893, 29188.78
5972.821, 29262.15
5974.750, 29320.06
5976.678, 29146.70
5978.607, 28923.36
5980.535, 28884.73
5982.464, 28886.93
5984.392, 28837.88
5986.321, 28712.72
5988.249, 28467.33
5990.178, 28545.69
5992.106, 28626.23
5994.035, 28567.37
5995.963, 28468.76
5997.892, 28268.72
5999.820, 28193.90
6001.749, 28179.41
6003.677, 28111.11
6005.605, 27907.88
6007.534, 27860.89
6009.462, 27784.93
6011.391, 27699.88
6013.319, 27644.53
6015.248, 27586.87
6017.176, 27552.56
6019.104, 27574.83
6021.033, 27477.94
6022.961, 27211.63
6024.890, 27095.18
6026.818, 27238.44
6028.747, 27203.99
6030.675, 27088.55
6032.604, 27044.01
6034.532, 26735.89
6036.461, 26807.65
6038.389, 26754.89
6040.318, 26621.24
6042.246, 26600.16
6044.175, 26505.75
6046.103, 26466.82
6048.032, 26358.43
6049.960, 26302.23
6051.889, 26383.49
6053.817, 26124.41
6055.746, 26079.37
6057.674, 26086.44
6059.603, 25997.27
6061.531, 25797.23
6063.459, 25738.48
6065.388, 25760.66
6067.316, 25768.72
6069.245, 25663.49
6071.173, 25445.61
6073.102, 25407.38
6075.030, 25405.46
6076.958, 25297.99
6078.887, 25164.83
6080.815, 25100.78
6082.744, 25052.26
6084.672, 24971.41
6086.601, 24919.02
6088.529, 24880.29
6090.458, 24826.78
6092.386, 24754.82
6094.315, 24674.72
6096.243, 24666.06
6098.172, 24595.07
6100.100, 24427.96
6102.029, 24350.07
6103.957, 24417.66
6105.886, 24351.05
6107.814, 24228.87
6109.743, 24158.89
6111.671, 24174.07
6113.600, 24008.77
6115.528, 23873.14
6117.457, 23842.46
6119.385, 23865.97
6121.313, 23841.73
6123.242, 23705.86
6125.170, 23502.07
6127.099, 23485.55
6129.027, 23506.74
6130.956, 23365.06
6132.884, 23351.82
6134.813, 23257.46
6136.741, 23232.19
6138.669, 23180.15
6140.598, 23034.97
6142.526, 22930.09
6144.455, 22918.33
6146.383, 22891.79
6148.312, 22839.21
6150.240, 22748.53
6152.169, 22607.48
6154.097, 22604.67
6156.026, 22578.56
6157.954, 22487.03
6159.883, 22421.22
6161.811, 22419.54
6163.740, 22182.36
6165.668, 22165.01
6167.597, 22191.40
6169.525, 22143.70
6171.454, 22034.25
6173.382, 21976.56
6175.311, 21944.58
6177.239, 21846.82
6179.167, 21722.42
6181.096, 21674.30
6183.024, 21737.68
6184.953, 21563.24
6186.881, 21565.61
6188.810, 21425.02
6190.738, 21362.55
6192.667, 21476.06
6194.595, 21302.83
6196.523, 21094.74
6198.452, 21137.76
6200.380, 21082.71
6202.309, 20964.84
6204.237, 21036.98
6206.166, 20814.13
6208.094, 20826.79
6210.023, 20697.59
6211.951, 20642.65
6213.880, 20702.92
6215.808, 20368.19
6217.737, 20459.77
6219.665, 20489.64
6221.594, 20343.02
6223.522, 20246.71
6225.451, 20363.62
6227.379, 20231.26
6229.308, 20204.66
6231.236, 20146.26
6233.165, 20030.39
6235.093, 19922.09
6237.021, 19896.75
6238.950, 19778.83
6240.878, 19788.78
6242.807, 19692.84
6244.735, 19579.32
6246.664, 19543.77
6248.592, 19502.88
6250.521, 19437.55
6252.449, 19349.03
6254.377, 19280.17
6256.306, 19272.57
6258.234, 19290.05
6260.163, 19179.64
6262.091, 19117.54
6264.020, 19089.96
6265.948, 19036.96
6267.877, 18953.74
6269.805, 18875.93
6271.734, 18841.09
6273.662, 18788.42
6275.591, 18663.74
6277.519, 18673.47
6279.448, 18742.34
6281.376, 18655.87
6283.305, 18559.75
6285.233, 18537.02
6287.162, 18423.54
6289.090, 18309.74
6291.019, 18235.82
6292.947, 18161.54
6294.875, 18147.51
6296.804, 18204.60
6298.732, 18060.69
6300.661, 17969.82
6302.589, 18011.18
6304.518, 18004.13
6306.446, 17688.02
6308.375, 17629.33
6310.303, 17700.59
6312.231, 17711.75
6314.160, 17646.87
6316.088, 17583.67
6318.017, 17431.91
6319.945, 17461.41
6321.874, 17358.28
6323.802, 17320.05
6325.731, 17329.11
6327.659, 17229.88
6329.588, 17184.24
6331.516, 17160.88
6333.445, 17110.28
6335.373, 17083.02
6337.302, 17006.50
6339.230, 16854.98
6341.159, 16874.71
6343.087, 16798.66
6345.016, 16788.84
6346.944, 16736.78
6348.873, 16682.18
6350.801, 16652.87
6352.729, 16505.63
6354.658, 16513.27
6356.586, 16497.90
6358.515, 16361.04
6360.443, 16251.85
6362.372, 16217.11
6364.300, 16151.08
6366.229, 16221.58
6368.157, 16096.82
6370.085, 16031.08
6372.014, 16009.32
6373.942, 15981.64
6375.871, 15940.57
6377.799, 15876.91
6379.728, 15794.65
6381.656, 15749.86
6383.585, 15713.02
6385.513, 15642.03
6387.442, 15580.28
6389.370, 15633.96
6391.299, 15602.30
6393.227, 15561.09
6395.156, 15488.57
6397.084, 15398.59
6399.013, 15326.77
6400.941, 15285.54
6402.870, 15207.90
6404.798, 15152.35
6406.727, 15137.14
6408.655, 15158.97
6410.583, 15142.56
6412.512, 15077.29
6414.440, 15033.08
6416.369, 14944.73
6418.297, 14921.41
6420.226, 14768.51
6422.154, 14773.34
6424.083, 14804.40
6426.011, 14667.09
6427.939, 14607.70
6429.868, 14614.85
6431.796, 14448.55
6433.725, 14454.61
6435.653, 14451.13
6437.582, 14384.66
6439.510, 14365.73
6441.439, 14259.34
6443.367, 14254.63
6445.296, 14306.26
6447.224, 14207.45
6449.153, 14149.88
6451.081, 14149.56
6453.010, 14041.13
6454.938, 13971.12
6456.867, 14031.17
6458.795, 13966.99
6460.724, 13870.84
6462.652, 13845.85
6464.581, 13852.61
6466.509, 13779.75
6468.438, 13640.15
6470.366, 13706.63
6472.294, 13645.67
6474.223, 13531.94
6476.151, 13498.88
6478.080, 13527.26
6480.008, 13501.56
6481.937, 13368.75
6483.865, 13321.83
6485.793, 13418.94
6487.722, 13275.40
6489.650, 13250.03
6491.579, 13295.45
6493.507, 13126.49
6495.436, 13231.43
6497.364, 13131.57
6499.293, 13002.02
6501.221, 12977.21
6503.150, 12987.96
6505.078, 12952.55
6507.007, 12879.04
6508.935, 12856.81
6510.864, 12843.01
6512.792, 12806.97
6514.721, 12690.75
6516.649, 12696.50
6518.578, 12732.52
6520.506, 12682.03
6522.435, 12626.13
6524.363, 12544.69
6526.292, 12532.67
6528.220, 12540.51
6530.148, 12421.58
6532.077, 12354.56
6534.005, 12386.42
6535.934, 12374.98
6537.862, 12213.82
6539.791, 12294.62
6541.719, 12237.40
6543.647, 12151.90
6545.576, 12123.07
##END=



